03903937;41209200000
03881526;44578800000
03915203;63241200000
03877494;71708400000
03872659;72918000000
03946768;80866800000
03954547;91753200000
03866847;93135600000
03858310;94258800000
03916045;95900400000
03875977;101689200000
03859724;102726000000
03901293;103330800000
03865152;105231600000
03879981;106959600000
03909583;107564400000
04035577;107996400000
03865025;108169200000
03908713;108601200000
03882907;109206000000
03867968;109551600000
03872897;109810800000
03882906;109897200000
03858624;110070000000
03874425;110502000000
03874423;111279600000
03867829;112402800000
03875976;112489200000
03874424;112834800000
03903935;113785200000
03891013;114649200000
03871070;116809200000
03865155;116809200000
04030653;117068400000
03865156;117068400000
03858625;117327600000
03908256;117673200000
03911970;118623600000
03891012;120178800000
03913628;120697200000
03900053;121042800000
03861430;121302000000
03875638;122079600000
03863684;122857200000
03865154;123116400000
03908715;123462000000
03865153;123721200000
03875658;123980400000
03875639;123980400000
03880205;124326000000
03949944;124326000000
03871072;124498800000
03871423;128041200000
03907007;128127600000
03886653;129510000000
03913629;129769200000
03880204;130460400000
03872896;131151600000
03864804;131151600000
03872898;131583600000
03877495;131583600000
03869900;131756400000
03871424;131756400000
03946769;132274800000
03896860;132361200000
03938748;132361200000
03885605;133138800000
03875978;133138800000
03885604;134348400000
03893490;134607600000
03911566;134953200000
03916959;136681200000
03895659;138927600000
03903936;138927600000
03884276;139014000000
03945408;139446000000
03879829;139446000000
03929172;139618800000
03918473;140050800000
03892376;140742000000
03901292;140828400000
03921275;140914800000
03913630;140914800000
03947943;141865200000
03921680;142470000000
03918472;142470000000
03888003;142815600000
03945092;143074800000
04003121;143074800000
03921269;143074800000
03897617;143247600000
03952929;143247600000
03882905;144284400000
03960309;144457200000
03961703;144457200000
03894566;144630000000
03940228;145148400000
03908714;145234800000
03899818;146271600000
03915204;146358000000
03914845;146790000000
03907008;146962800000
03893491;147654000000
03910321;147913200000
03892263;148258800000
03972356;149122800000
03916958;149122800000
03877135;149295600000
03919760;149727600000
03903933;149900400000
03916665;150332400000
03978957;150591600000
03924921;151023600000
03938235;151196400000
03930524;151196400000
03927455;151282800000
03920170;151801200000
03993106;151887600000
04004743;152233200000
03949790;152233200000
03905403;152233200000
03941166;152838000000
03893316;153010800000
03920055;153961200000
03940961;153961200000
03931838;154566000000
03941703;155170800000
03949156;155948400000
03995785;156034800000
03976108;156553200000
03949450;156639600000
03968566;156639600000
03951183;157330800000
03908712;157590000000
03962786;157590000000
04014371;157590000000
03903934;157676400000
04082120;157935600000
03973600;158194800000
03977444;158281200000
03965711;158367600000
03940967;158540400000
03939879;159404400000
03964285;159404400000
04024745;160009200000
03945100;160614000000
03941164;161478000000
03941165;161478000000
03958610;162428400000
04019543;162514800000
03924664;162601200000
03931839;163119600000
03973601;163206000000
03967658;163206000000
04041993;163378800000
03924665;163810800000
03993107;164415600000
03978899;164847600000
03948298;165020400000
04000764;165106800000
03936933;165625200000
04028230;165625200000
04000763;166057200000
04017337;166230000000
03954125;166230000000
04028756;166230000000
03987386;167007600000
03989549;167266800000
03980108;168217200000
03964525;168649200000
03985162;168822000000
03974761;169340400000
04064916;169686000000
04031592;169772400000
03970118;170550000000
03945409;170636400000
03995364;170636400000
03937256;171500400000
03977224;171500400000
04048713;171500400000
03956950;171500400000
03983732;171759600000
03985163;172882800000
03985164;172882800000
03957092;173314800000
04018251;174092400000
03994188;174178800000
03996653;174178800000
03970117;174524400000
03958611;174610800000
03990485;175129200000
03962901;175302000000
03983912;175474800000
03971419;175993200000
04046176;175993200000
04003413;176079600000
03972109;176684400000
03983910;176943600000
03994662;177116400000
04049224;178326000000
04026333;179708400000
04002191;179967600000
04054276;180140400000
04033387;180140400000
03967661;180140400000
04009514;181263600000
04019544;181436400000
04008594;181436400000
04023600;181782000000
04026334;182127600000
04009738;182559600000
03983911;182732400000
04023989;182991600000
04020878;183250800000
04077440;184201200000
04079500;185670000000
03990486;186015600000
03981333;186015600000
03986533;186188400000
04020516;186188400000
03987823;186361200000
03995870;186361200000
04182382;186620400000
04020996;186793200000
03993108;186793200000
04028920;187225200000
03988092;187830000000
04090697;187830000000
04033386;188089200000
03991796;188434800000
04056238;188521200000
04004618;189039600000
04074731;189039600000
04015073;189385200000
04005737;189385200000
03993109;190594800000
04023392;190854000000
03987528;190940400000
04015643;191026800000
04043362;192668400000
04031585;192668400000
03994320;192668400000
04003414;193618800000
04080082;193878000000
04049025;193964400000
04011780;195260400000
04046175;195692400000
04036268;196984800000
04061289;197503200000
04056128;198194400000
04049026;198367200000
04064581;199058400000
04033388;199922400000
04044938;200095200000
04076056;200181600000
04026332;200527200000
04083090;200613600000
04043032;200700000000
04044583;201996000000
04046177;202082400000
04020879;202082400000
04049024;202687200000
04073475;203205600000
04122874;203551200000
04030527;204156000000
04051594;204328800000
04069845;204415200000
04045990;205711200000
04051874;205711200000
04069528;205970400000
04081159;206920800000
04107453;207784800000
04084625;207871200000
04109361;209167200000
04020880;209253600000
04041992;209685600000
04029131;210376800000
04033385;210463200000
04057221;211759200000
04064610;212277600000
04035886;212364000000
04043174;212626800000
04076055;212713200000
04090390;212886000000
04063347;212972400000
04094410;213922800000
04066202;214095600000
04064917;214441200000
04077439;215218800000
04131988;215391600000
04075880;216601200000
04043364;217638000000
04070756;217638000000
04043363;218674800000
04037629;218674800000
04054160;218934000000
04081003;219538800000
04078305;219625200000
04072177;219884400000
04077451;220143600000
04047544;220489200000
04074732;221266800000
04072036;221439600000
04163307;222044400000
04087951;222303600000
04072176;222908400000
04194700;222908400000
04051875;223513200000
04062383;224377200000
04090537;224895600000
04094342;225414000000
04045985;225414000000
04089352;225414000000
04121629;225500400000
04081002;225500400000
04116244;225500400000
04083738;225673200000
04093005;225932400000
04096892;225932400000
04084797;225932400000
04064918;226796400000
04139915;227746800000
04047545;228006000000
04134197;228092400000
04090425;228697200000
04085778;229039200000
04085779;229125600000
04091845;229212000000
04149641;230508000000
04084624;230508000000
04121628;230767200000
04117873;230767200000
04161110;231026400000
04111022;231372000000
04119124;231544800000
04120330;231717600000
04132106;231976800000
04162732;231976800000
04088160;232063200000
04117872;233186400000
04111242;233272800000
04117585;233877600000
04106532;234396000000
04121627;234482400000
04129158;234482400000
04096891;234568800000
04108217;235000800000
04184259;235000800000
04109553;235605600000
04132250;236210400000
04116037;236296800000
04111241;236383200000
04124041;236469600000
04100670;236988000000
04125136;238024800000
04167202;238629600000
04095623;239320800000
04129156;240098400000
04129913;240098400000
04103719;240098400000
04214025;241048800000
04156443;241048800000
04154269;241826400000
04114527;242604000000
04112726;242863200000
04192061;242863200000
04166312;243208800000
04145904;243208800000
04157260;243468000000
04112573;243640800000
04132251;244681200000
04125137;244681200000
04153990;244854000000
04103718;244940400000
04135557;247100400000
04123928;247100400000
04129157;247186800000
04124183;247359600000
04138785;247705200000
04173312;248655600000
04132252;248914800000
04142289;248914800000
04166492;249087600000
04161196;249260400000
04165766;249260400000
04155382;249519600000
04159725;249519600000
04156442;249865200000
04151636;250124400000
04184520;250297200000
04136718;250729200000
04165557;250815600000
04149104;250988400000
04147188;251334000000
04265687;252025200000
04151964;252284400000
04155125;253494000000
04157102;253494000000
04141389;253839600000
04160469;254012400000
04139932;254444400000
04177842;254530800000
04395022;255222000000
04151637;255654000000
04143686;256172400000
04169307;256950000000
04184242;257641200000
04135558;257727600000
04169310;257986800000
04178680;258591600000
04157411;258678000000
04181046;258850800000
04206539;259196400000
04195469;260748000000
04172374;261352800000
04169346;261352800000
04180245;261698400000
04153082;261784800000
04153081;261871200000
04172375;262562400000
04177843;263426400000
04165767;264117600000
04173235;264376800000
04188840;264636000000
04172317;265845600000
04165768;265845600000
04207927;265932000000
04189900;266191200000
04185668;266796000000
04194541;267055200000
04147048;268264800000
04177555;268264800000
04176420;268264800000
04195401;269647200000
04205543;270684000000
04187889;271893600000
04178972;271893600000
04192358;272498400000
04178973;272671200000
04291444;273103200000
04236397;273880800000
04228335;273967200000
04203477;273967200000
04261396;274399200000
04204417;275522400000
04194281;275522400000
04183383;275522400000
04207928;275608800000
04236551;275868000000
04216806;276476400000
04221951;276822000000
04177841;276908400000
04225990;277340400000
04237942;277945200000
04219375;278204400000
04257159;278204400000
04219053;278550000000
04249581;280710000000
04220026;281314800000
04223704;281746800000
04249841;281833200000
04195400;282783600000
04252157;284684400000
04202384;285462000000
04237568;286066800000
04241487;286412400000
04548242;287622000000
04314129;287622000000
04256268;287881200000
04238948;288486000000
04265012;288572400000
04269235;288572400000
04217937;288572400000
04221243;288572400000
04291732;288831600000
04256427;288831600000
04270804;288831600000
04279278;289695600000
04221244;289695600000
04229964;289782000000
04223705;289782000000
04219052;290041200000
04217938;290041200000
04403406;290300400000
04253499;290732400000
04235362;290818800000
04285084;290991600000
04270581;291250800000
04228830;291510000000
04248274;291852000000
04320649;292024800000
04261395;292802400000
04242892;293925600000
04244638;294530400000
04295497;294616800000
04270582;295740000000
04275619;295740000000
04287919;295826400000
04243077;296344800000
04245678;296344800000
04289004;296776800000
04329777;297640800000
04348805;298072800000
04232814;298159200000
04248273;298504800000
04241628;299109600000
04288901;299282400000
04236303;299714400000
04252158;300060000000
04310032;300319200000
04295501;300492000000
04270583;300492000000
04249278;300664800000
04276805;301788000000
04310031;301874400000
04274450;302738400000
04274451;303429600000
04267865;304293600000
04275584;304725600000
04282908;305244000000
04279277;306021600000
04283119;306021600000
04279075;306108000000
04377026;306108000000
04340802;306367200000
04249582;306453600000
04304117;306540000000
04313634;306540000000
04289174;306972000000
04295639;307839600000
04282907;308358000000
04305436;308790000000
04320876;308790000000
04284109;309135600000
04296784;309740400000
04281690;310604400000
04299523;310863600000
04328409;310863600000
04289175;311295600000
04343466;311468400000
04340186;311986800000
04412566;312159600000
04253227;312418800000
04305435;312678000000
04296621;313110000000
04280350;313628400000
04288041;313628400000
04309820;313801200000
04287666;314406000000
04313474;314492400000
04344219;315010800000
04309808;316047600000
04321952;317257200000
04319112;317343600000
04345370;318034800000
04313333;318034800000
04266455;318121200000
04308080;318639600000
04291561;318726000000
04331183;319071600000
04360043;319417200000
04305769;319762800000
04361173;319762800000
04292727;320281200000
04327781;320281200000
04340094;320367600000
04340092;320367600000
04340093;320367600000
04306592;320540400000
04328955;321490800000
04387746;321836400000
04287840;322095600000
04355526;322700400000
04356846;322786800000
04343335;322959600000
04328613;322959600000
04292834;323046000000
04378823;323650800000
04357965;324165600000
04375229;324511200000
04335856;324770400000
04338976;324856800000
04354535;325116000000
04308660;325461600000
04357967;325720800000
04388791;325720800000
04312387;325720800000
04331182;326066400000
04356619;326930400000
04662408;328485600000
04358063;328744800000
04327780;328831200000
04337542;329090400000
04315125;329349600000
04397069;329695200000
04355478;330213600000
04393904;330645600000
04361941;330732000000
04365492;330732000000
04321448;330818400000
04347873;331768800000
04353295;332028000000
04338977;332373600000
04334418;332719200000
04365656;332719200000
04372350;333669600000
04367774;334274400000
04330093;334533600000
04320646;334792800000
04369819;335397600000
04383559;336002400000
04371013;336348000000
04380111;337212000000
04390047;337471200000
04382322;337557600000
04378033;337557600000
04351578;337557600000
04367584;337816800000
04343237;337903200000
04387500;337989600000
04361174;338076000000
04368761;338508000000
04373558;338594400000
04365657;341103600000
04367776;341103600000
04356845;341190000000
04387745;341449200000
04586667;341449200000
04288914;341708400000
04372044;341794800000
04357969;342054000000
04357970;342054000000
04371011;342054000000
04371010;342054000000
04359070;342054000000
04368762;342054000000
04371012;342313200000
04367775;342313200000
04361025;343004400000
04387504;343609200000
04399949;346374000000
04408639;346374000000
04380256;346978800000
04388953;347497200000
04357968;347583600000
04388952;348361200000
04335758;348361200000
04396041;349052400000
04418463;349311600000
04391307;349657200000
04396042;351730800000
04412564;351730800000
04428406;351730800000
04391306;351730800000
04362192;352594800000
04429444;353804400000
04442588;354322800000
04408726;354837600000
04392494;355010400000
04417698;356738400000
04357966;357516000000
04351371;357775200000
04394924;358466400000
04392518;358725600000
04345626;359157600000
04389023;359157600000
04393641;359157600000
04459733;360280800000
04450619;360885600000
04375230;361144800000
04411181;361490400000
04491003;362095200000
04457347;362268000000
04384467;362613600000
04488347;363391200000
04432400;364428000000
04440199;364514400000
04400874;365292000000
04398572;365637600000
04372351;365637600000
04380192;366588000000
04387509;366847200000
04380255;367020000000
04398856;368834400000
04492298;368920800000
04445547;368920800000
04393905;369266400000
04513493;369266400000
04442872;369612000000
04413660;369871200000
04397341;370216800000
04418875;370479600000
04382456;370738800000
04396043;371084400000
04428114;371084400000
04414697;371084400000
04437034;372898800000
04425947;373590000000
04457655;373676400000
04449291;373676400000
04471527;373762800000
04444227;374194800000
04425773;374713200000
04434819;375663600000
04470552;375922800000
04425948;376527600000
04464919;376700400000
04416059;377478000000
04413659;378342000000
04391038;378946800000
04472849;378946800000
04449293;379292400000
04399843;380761200000
04484712;381970800000
04434945;382057200000
04495972;383353200000
04399842;385081200000
04481984;386200800000
04520549;386373600000
04410019;386978400000
04412565;387669600000
04406391;387756000000
04454895;388274400000
04399844;388360800000
04421145;388620000000
04423757;388620000000
04470289;388879200000
04381852;389484000000
04446894;389570400000
04420020;389570400000
04483516;389829600000
04453392;389916000000
04448225;391039200000
04500031;391730400000
04497449;392594400000
04440053;393199200000
04378822;393631200000
04449429;394408800000
04558835;394840800000
04460024;395013600000
04444228;395618400000
04745951;395877600000
04564996;396050400000
04602418;397692000000
04407337;397778400000
04549583;397951200000
04603457;397951200000
04470436;398037600000
04447945;399160800000
04434818;399247200000
04469285;399679200000
04398573;399765600000
04494580;401493600000
04513794;401666400000
04452660;401929200000
04499648;402102000000
04489764;402188400000
04502905;402188400000
04471819;402188400000
04515004;402793200000
04495973;404607600000
04508030;405126000000
04477959;405558000000
04456036;406422000000
04498506;406940400000
04418891;408668400000
04502215;409186800000
04462435;410655600000
04450763;411951600000
04485852;413074800000
04551185;414111600000
04500032;414198000000
04469756;414889200000
04464829;414975600000
04516310;414975600000
04476702;415234800000
04483373;415234800000
04745675;417394800000
04504428;418255200000
04522579;418255200000
04532966;418514400000
04534817;418600800000
04510686;418860000000
04509564;419464800000
04598740;420069600000
04513793;420328800000
04467842;420674400000
04477301;421452000000
04537545;421884000000
04525117;421970400000
04488581;422143200000
04448054;422575200000
04535824;423439200000
04763848;424044000000
04549335;424648800000
04498505;424994400000
04498507;425599200000
04546910;426204000000
04494576;426376800000
04509416;426376800000
04512376;426463200000
04545195;426722400000
04529083;427327200000
04485851;427413600000
04478260;427586400000
04510977;427586400000
04574848;428709600000
04508278;429746400000
04501304;429832800000
04526025;430005600000
04476905;430610400000
04590660;432165600000
04634045;432770400000
04569324;433029600000
04586237;433551600000
04553420;433724400000
04542883;433983600000
04581809;436057200000
04559977;436057200000
04517735;436143600000
04539878;436402800000
04653160;437094000000
04621515;437266800000
04610280;438217200000
04614023;439081200000
04484518;439426800000
04611399;439513200000
04572249;439599600000
04602661;439686000000
04580606;439772400000
04566503;440118000000
04555924;440377200000
04546543;440636400000
04498379;440982000000
04496612;441327600000
04512828;441327600000
04515001;441414000000
04572248;441586800000
04527599;442018800000
04612963;445129200000
04586358;445215600000
04547238;445474800000
04563812;445561200000
04614013;446166000000
04580545;446857200000
04597157;447375600000
04603476;447548400000
04581917;448239600000
04573247;448239600000
04559978;448844400000
04607803;449100000000
04496411;449100000000
04540030;449186400000
04499928;449186400000
04561475;449445600000
04544002;450914400000
04599881;451260000000
04604882;451692000000
04605046;451778400000
04567653;451864800000
04562870;452124000000
04621418;452728800000
04566305;453074400000
04593809;453592800000
04593726;453592800000
04686753;453592800000
04553572;453592800000
04557046;453592800000
04548241;453592800000
04638558;454802400000
04554475;455234400000
04542773;455839200000
04550494;456703200000
04713956;457308000000
04566502;457308000000
04558981;457567200000
04544003;457567200000
04619411;457912800000
04586544;458172000000
04633920;458863200000
04620571;459468000000
04607669;459640800000
04574462;459986400000
04644634;459986400000
04641689;461196000000
04573501;462664800000
04584758;463096800000
04640320;464306400000
04612792;464997600000
04617725;465433200000
04592223;465778800000
04633919;466729200000
04665952;466815600000
04558894;466902000000
04610279;467247600000
04610281;467420400000
04647515;467852400000
04642159;467938800000
04607513;468111600000
04683636;469148400000
04609576;469234800000
04540029;470444400000
04637084;471135600000
04584917;471135600000
04616682;471740400000
04817682;472086000000
04542635;472172400000
04633918;472345200000
04573254;472690800000
04569127;473641200000
04916811;474159600000
04753379;474246000000
04620574;474764400000
04625772;475196400000
04640319;475714800000
04597453;476665200000
04586357;477183600000
04655907;477270000000
04646591;478134000000
04593452;478220400000
04557044;478220400000
04611640;478306800000
04635687;478738800000
04671007;478911600000
04665954;479343600000
04577554;480294000000
04656860;480812400000
04614161;480898800000
04620573;481154400000
04658867;481154400000
04667707;482968800000
04630354;482968800000
04607544;484178400000
04625773;484437600000
04670979;484437600000
04650131;484524000000
04566501;485042400000
04572250;485647200000
04689867;486597600000
04750263;486684000000
04594218;486856800000
04633921;487375200000
04620572;487548000000
04617972;488066400000
04630652;489016800000
04655069;489103200000
04610067;489621600000
04682637;489621600000
04688607;491004000000
04653548;491004000000
04726403;491090400000
04624160;491436000000
04651507;491436000000
04597419;492732000000
04640321;492991200000
04644633;493596000000
04610278;493855200000
04644773;494632800000
04681287;494805600000
04643234;495410400000
04590752;496447200000
04691746;496882800000
04635457;497746800000
04711015;497833200000
04625774;497833200000
04722486;498783600000
04624289;498956400000
04691419;500598000000
04632156;501116400000
04845833;501375600000
04610187;501462000000
04694868;502585200000
04683918;502930800000
04655264;503103600000
04683920;503190000000
04665953;503535600000
04667438;503881200000
04622839;504745200000
04719683;504745200000
04685493;504831600000
04650060;507164400000
04705081;509324400000
04732338;510188400000
04688412;510361200000
04709130;511743600000
04691747;512262000000
04680950;512348400000
04674545;512949600000
04774108;512949600000
04680996;514159200000
04777711;515282400000
04694869;516232800000
04699184;516492000000
04683919;516492000000
04726572;516578400000
04705079;518392800000
04719948;518738400000
04696327;519429600000
04784373;519602400000
04732180;519861600000
04653159;520466400000
04940074;520466400000
04721136;520466400000
04776159;520552800000
04689881;521157600000
04847534;521416800000
04751364;521848800000
04724873;521848800000
04741432;522453600000
04709733;522540000000
04733701;523058400000
04709627;523058400000
04730876;523144800000
04719695;523663200000
04696178;524095200000
04700753;525045600000
04716757;525304800000
04705080;525304800000
04726106;526687200000
04743730;527119200000
04765044;527464800000
04718461;530146800000
04790225;530233200000
04827991;530838000000
04842025;531529200000
04718641;531615600000
04972572;532220400000
04790063;532306800000
04727912;532566000000
04787426;532652400000
04739807;532911600000
04747432;533343600000
04766661;535071600000
04724590;535590000000
04750253;535590000000
04726114;535676400000
04870742;536540400000
05303748;536540400000
04751946;538700400000
04699362;538700400000
04711064;538700400000
04730378;539478000000
04756345;540169200000
04747433;540514800000
04762154;540514800000
04819699;541119600000
04766668;541119600000
04802512;541119600000
04750247;541206000000
04830065;541638000000
04765053;541983600000
04838322;541983600000
04751840;542242800000
04789011;542588400000
04759813;542934000000
04753098;543711600000
04718460;544312800000
04791271;544658400000
04757845;545868000000
04779328;546213600000
04763701;546472800000
04765376;546559200000
04788844;546818400000
04834148;547164000000
04789010;547336800000
04848135;547768800000
04782578;548028000000
04798231;548632800000
04781227;551916000000
04774824;552866400000
04817266;554335200000
04763700;556236000000
04780950;556754400000
04807488;557618400000
04799518;558655200000
04821636;559173600000
04823576;560473200000
04809532;561596400000
04815648;562201200000
04815182;563756400000
04787425;564620400000
04841119;564706800000
04818972;564793200000
04823460;565225200000
04791969;566434800000
04791968;566434800000
04852249;566694000000
04827941;567212400000
04821547;567730800000
04824632;567903600000
04836514;568854000000
04864715;569199600000
04880038;569718000000
04848685;570841200000
04922741;570927600000
04829643;572482800000
04840204;572742000000
04806196;573087600000
04862929;573087600000
04860801;574383600000
04793385;574642800000
04895540;575676000000
04869298;577922400000
04889110;578181600000
04829669;578181600000
04872618;578613600000
04865087;578613600000
04914602;578700000000
04944086;579132000000
04873858;579996000000
04875355;579996000000
04829871;579996000000
04972582;580082400000
04936358;582156000000
04908911;582156000000
04827602;582760800000
04903384;583624800000
04858659;584143200000
04867207;584316000000
04862928;585352800000
04928738;585784800000
04880217;585784800000
04879808;587167200000
04865086;587253600000
04862927;588463200000
04907336;589759200000
04920776;590018400000
04896703;590277600000
04979544;591577200000
04980531;591836400000
04895189;592786800000
04925118;593305200000
04941516;593305200000
04901773;593650800000
05042343;593823600000
04907628;593996400000
04917317;594255600000
04876781;594860400000
04926533;594946800000
04941248;595119600000
04911210;595551600000
04886249;596242800000
04934416;596761200000
04920624;597452400000
04920638;597452400000
04892122;598489200000
04914935;599266800000
04903385;601513200000
04901775;602118000000
04947901;602722800000
04898215;602982000000
04917154;603068400000
04941515;603673200000
04977442;604278000000
04957146;605142000000
04911209;605919600000
04924918;606092400000
04910859;606351600000
04964800;606697200000
04884759;607039200000
04947672;607557600000
04947900;607903200000
04976572;608421600000
04953598;608421600000
04881577;608767200000
04901774;609976800000
04945953;610063200000
04951369;610840800000
05029779;611186400000
04947902;611791200000
04907327;612655200000
04976294;613346400000
04929810;613778400000
05000232;614556000000
04953599;616629600000
05130508;619221600000
04920775;620431200000
04991631;621122400000
04930548;621727200000
04928510;621813600000
04974313;622332000000
04945954;622940400000
04947543;623286000000
04981029;625359600000
05005611;626310000000
05004020;627001200000
05020575;627692400000
04991277;627692400000
05020355;628383600000
05007465;628902000000
05029433;628902000000
05010642;629679600000
04937931;631753200000
04970371;631926000000
04997011;632012400000
04955217;632530800000
05076508;632703600000
05016682;632962800000
05088395;633049200000
05012664;633654000000
05000233;633654000000
04982935;633740400000
05163634;634172400000
04977934;636073200000
05044070;637801200000
05042535;637887600000
05029619;638060400000
05042124;638146800000
05024256;639007200000
05105641;639180000000
04995251;639266400000
05042280;639784800000
05020576;639871200000
05052450;639871200000
05027866;641426400000
05063975;641772000000
05027867;642031200000
04986103;642117600000
05052449;643586400000
05109690;643932000000
05165165;644191200000
05121682;644191200000
05070916;645055200000
05036578;645055200000
05195042;646437600000
05063770;646610400000
05075941;648165600000
05105642;649288800000
05113916;650152800000
05146956;650152800000
05048575;650498400000
05088394;651103200000
05172736;651448800000
05099674;652572000000
05140217;652658400000
05040573;653695200000
05078186;654300000000
05125436;654735600000
05123456;655081200000
05127446;655081200000
05050650;655426800000
05072761;655513200000
05141033;655599600000
05063974;655599600000
05133532;655599600000
05190080;657327600000
05105857;657327600000
05065504;657759600000
05050649;658537200000
05133390;659142000000
05212928;659919600000
05099893;660524400000
05099892;660524400000
05027498;660524400000
05079937;660783600000
05080145;660783600000
05078185;663375600000
05113915;663462000000
05141032;663894000000
05181545;663894000000
05150600;664498800000
05070720;664585200000
05084935;664671600000
05113685;665017200000
05065798;665017200000
05137060;665967600000
05035040;666399600000
05193592;667177200000
05135034;667609200000
05074139;668041200000
05109597;668732400000
05170654;670716000000
05111853;670802400000
05097874;670975200000
05203541;672357600000
05127447;672444000000
05102362;673048800000
05125259;673653600000
05144989;673740000000
05158121;673826400000
05219404;674690400000
05141034;675036000000
05207857;675036000000
05110291;676245600000
05123154;677196000000
05140730;677196000000
05125437;677973600000
05139054;678060000000
05127448;678060000000
05167265;678664800000
05123457;679183200000
05154210;679528800000
05155902;680738400000
05172737;680738400000
05224257;681084000000
05161583;681688800000
05205329;681688800000
05226460;682293600000
05181546;683157600000
05316227;683244000000
05199469;683416800000
05129350;684108000000
05156033;684712800000
05233704;685836000000
05163482;685922400000
05183085;685922400000
05178195;686271600000
05161404;688172400000
05168904;688172400000
05161584;688604400000
05193260;688863600000
05201210;689900400000
05208948;689900400000
05161399;690159600000
05226461;690418800000
05211208;690418800000
05211209;691628400000
05273081;692406000000
05178194;693010800000
05155901;694047600000
05345804;694479600000
05210936;694652400000
05203382;694911600000
05222528;695257200000
05251678;695257200000
05213139;696639600000
05230129;697244400000
05203061;697935600000
05226913;699490800000
05205328;700873200000
05568744;700959600000
05271261;703202400000
05277231;703807200000
05271436;705276000000
05339869;705535200000
05226226;705880800000
05184651;706312800000
05301720;706831200000
05228483;706917600000
05251679;707954400000
05335702;708818400000
05322091;710373600000
05232026;710460000000
05217049;710978400000
05253507;710978400000
05319833;712274400000
05287721;713570400000
05240044;714348000000
05241740;714607200000
05482092;715212000000
05373615;715298400000
05309954;715298400000
05361475;715644000000
05358016;716076000000
05245749;716421600000
05271146;716767200000
05289853;717199200000
05243746;717721200000
05339870;718585200000
05417698;718585200000
05355913;718585200000
05526665;718585200000
05280812;722214000000
05327757;722473200000
05279336;726274800000
05403985;727657200000
05297593;729126000000
05326460;729298800000
05307555;729471600000
05305804;729471600000
05333800;730335600000
05316052;730940400000
05375404;731718000000
05363525;732927600000
05323816;733356000000
05305511;733356000000
05295940;733615200000
05351611;734824800000
05431197;734911200000
05358017;735256800000
05449361;735343200000
05361809;736034400000
05283946;737589600000
05435296;739749600000
05490318;740008800000
05375630;740095200000
05357776;740181600000
05372165;740268000000
05285669;740872800000
05460333;741304800000
05319847;742773600000
05406692;743119200000
05392822;743205600000
05372166;743637600000
05327628;743810400000
05340958;743896800000
05386856;744588000000
05351386;745192800000
05400835;745452000000
05431659;745538400000
05373274;746056800000
05388619;746143200000
05390710;746229600000
05472129;747007200000
05423200;747957600000
05415209;748130400000
05345978;749257200000
05395236;749775600000
05446254;749862000000
05351518;750034800000
05392821;750034800000
05335701;750380400000
05379809;750466800000
05471712;751762800000
05417252;751849200000
05417253;751849200000
05417254;751849200000
05429158;752108400000
05430996;752194800000
05462098;752281200000
05477894;753318000000
05406987;753404400000
05487416;754873200000
05483998;755132400000
05443101;755132400000
05517813;755132400000
05415208;755391600000
05433255;755737200000
05507322;755823600000
05458159;756082800000
05479683;757119600000
05586584;757465200000
05431196;757551600000
05386620;758502000000
05492154;758502000000
05467520;759106800000
05467804;759538800000
05494081;759538800000
05419036;760316400000
05467803;760748400000
05435029;761180400000
05473923;761439600000
05501688;761439600000
05511733;761958000000
05499664;762994800000
05492156;763254000000
05545168;763340400000
05634385;763426800000
05444905;763599600000
05368278;763686000000
05547532;764377200000
05442848;764463600000
05526562;764550000000
05396933;765151200000
05492155;766015200000
05515887;766620000000
05501252;766965600000
05533327;767484000000
05485137;767570400000
05477718;768434400000
05551149;768607200000
05497811;768693600000
05560402;769125600000
05522436;769384800000
05495741;769644000000
05566726;770508000000
05564299;771458400000
05526852;771458400000
05511589;771717600000
05547118;772149600000
05605301;772149600000
05665119;773013600000
05477724;773964000000
05444903;774136800000
05777886;774136800000
05520227;774568800000
05542456;775173600000
05471920;776988000000
05570727;777247200000
05535789;778456800000
05477893;778888800000
05518044;778975200000
05458158;779493600000
05527590;780534000000
05412362;782348400000
05628108;782348400000
05483459;783212400000
05535788;783644400000
05490409;784162800000
05558134;784162800000
05582216;784767600000
05518045;784767600000
05584438;784854000000
05477715;784940400000
05505504;785372400000
05454249;785372400000
05595219;786236400000
05501251;787878000000
05605180;788482800000
05657942;788569200000
05597018;788655600000
05675884;789174000000
05518043;789606000000
05542457;789692400000
05604947;789778800000
05595220;790383600000
05582215;790815600000
05501410;791161200000
05613531;792198000000
05649352;792370800000
05605181;792630000000
05657658;792975600000
05647406;793580400000
05546621;793839600000
05579810;794185200000
05890390;795049200000
05542843;795826800000
05558012;795913200000
05634607;795913200000
05647405;795999600000
05592978;796428000000
05628348;796773600000
05647407;796773600000
05590432;796860000000
05597017;797292000000
05665254;797637600000
05601123;797983200000
05611138;798328800000
05590848;798847200000
05609187;799020000000
05562515;802389600000
05720747;802476000000
05632311;803685600000
05657799;804463200000
05613530;805500000000
05601122;806796000000
05533254;807919200000
05636664;808092000000
05632086;809820000000
05620029;809820000000
05694680;809992800000
05715872;810424800000
05672283;810770400000
05713400;812156400000
05823456;812329200000
05570728;814402800000
05590694;815180400000
05626169;815612400000
05864940;817772400000
05945635;818118000000
05640657;818204400000
05600416;818204400000
05857499;818377200000
05768773;818895600000
05615571;820191600000
05613529;822092400000
05676008;822351600000
05673730;822438000000
05688412;822524400000
05644978;825548400000
05701936;826153200000
05679467;827103600000
05848621;827449200000
05630450;827535600000
05850773;827967600000
05779174;828396000000
05632312;828568800000
05732750;829260000000
05730191;830383200000
05724851;830815200000
05713115;831679200000
05799375;832284000000
05743310;832716000000
05649572;832802400000
05758420;833839200000
05871036;835912800000
05778944;835912800000
05694983;836085600000
05727602;836776800000
05729081;836949600000
05709251;837122400000
05647110;838504800000
05669425;838764000000
05682927;840146400000
05792309;841183200000
05715873;842220000000
05778946;842392800000
05743309;844120800000
05950687;846543600000
05785096;846630000000
05742125;846716400000
05678302;846802800000
05775617;846802800000
05913341;847062000000
05694984;847234800000
05715882;847321200000
05924458;847753200000
05788051;848012400000
05694678;848098800000
05832963;849481200000
05678613;850518000000
05752551;850777200000
05699572;851036400000
05671878;851209200000
05798595;851900400000
05867893;852246000000
05722466;853110000000
05826629;853455600000
05848620;853974000000
05787939;855615600000
05738152;856220400000
05741260;856393200000
05947166;857948400000
05778945;858294000000
05782273;858898800000
05758537;858898800000
05771945;859330800000
05819621;859503600000
05904059;859759200000
05824984;859759200000
05785097;859845600000
05769133;860450400000
05921290;860450400000
05983494;862437600000
05778947;863128800000
05829490;863388000000
05740689;864856800000
06016852;864856800000
05921160;865375200000
05809824;865461600000
05826628;865548000000
05829110;865807200000
05921289;865893600000
05921288;866584800000
06149091;867189600000
05873303;867621600000
05862838;867708000000
05927059;867794400000
05823233;868312800000
05887632;868485600000
05853033;868917600000
05918337;869090400000
05933943;869436000000
06353996;870127200000
05941289;870213600000
05874816;870645600000
05831404;870645600000
05931404;870904800000
05988253;871336800000
05806571;871336800000
05944064;871423200000
05960581;871423200000
05934339;872200800000
05878789;872460000000
05915425;872719200000
05842506;874015200000
06009618;874360800000
05908110;874620000000
05836137;874879200000
05934342;874879200000
06050306;875052000000
05826630;875052000000
05860455;875570400000
05816095;875570400000
05931405;876088800000
05962150;876175200000
05944063;876348000000
05934341;876348000000
05845681;876348000000
05911731;876434400000
05983473;876866400000
05832964;877644000000
05909751;877906800000
05931203;878252400000
05946796;879462000000
05881778;879462000000
05915424;880326000000
06035529;880412400000
05908052;880498800000
06065462;880671600000
06255756;880930800000
05934340;881794800000
05944065;881881200000
05957165;882140400000
05897071;882399600000
05926935;883436400000
05816140;883436400000
05870950;883954800000
05957685;884127600000
05950473;884300400000
06045031;885164400000
05937916;886633200000
06105228;886978800000
06554173;887238000000
05979510;887756400000
06014927;888015600000
05979213;889570800000
06047741;889570800000
06039089;889570800000
05852859;890866800000
06014993;890953200000
06024136;891295200000
06161598;891295200000
05887631;892332000000
05819580;892418400000
06024316;893282400000
05878788;894405600000
06000897;895010400000
06092565;896133600000
06041833;896133600000
06340805;896306400000
05975150;896824800000
05946897;896911200000
06009646;896997600000
06065703;901490400000
06041832;902095200000
06019142;903304800000
06519832;903304800000
05996387;904773600000
06141865;904860000000
06122949;905205600000
06158113;905378400000
06155310;905464800000
05969468;905810400000
06135164;905810400000
06000443;907624800000
06085374;907797600000
06044872;907884000000
06202706;909093600000
06006581;909356400000
05967316;909615600000
05983697;909702000000
06047675;910652400000
06397457;910652400000
06019143;911516400000
06019141;912639600000
06079097;913244400000
06155311;914886000000
06085804;914972400000
06047458;915058800000
06089490;915404400000
06310302;915490800000
06112499;916700400000
06128882;917218800000
06131620;918082800000
06073664;918860400000
06047742;919983600000
06199475;919983600000
06295720;919983600000
06305436;920242800000
06299110;920329200000
06085498;921020400000
06124548;921452400000
05966811;922057200000
06173747;922230000000
06328250;922402800000
06148873;922744800000
06067835;923004000000
06079456;923349600000
06129124;923436000000
06119734;923522400000
06152188;923608800000
06079457;923608800000
06196100;924040800000
06220434;925423200000
06116294;927496800000
06283169;928274400000
06249956;929397600000
06206052;931298400000
06116295;931903200000
06270598;933026400000
06223784;933890400000
06189443;933890400000
06432134;934754400000
06250342;936223200000
06227260;936655200000
06301944;937951200000
06167919;940888800000
06405776;941148000000
06206053;941410800000
06240978;941497200000
06228443;942706800000
06196273;942966000000
06343764;944694000000
06223785;944780400000
06286563;945039600000
06312204;945126000000
06302156;946854000000
06532783;947458800000
06269845;948150000000
06299825;948236400000
06363976;949446000000
06279564;949618800000
06434883;950137200000
06267152;950828400000
06289944;951174000000
06363653;952297200000
06557238;952556400000
06293791;952556400000
06283017;952642800000
06213162;953074800000
06401764;954108000000
06386243;955317600000
06200318;955922400000
06241142;956527200000
06302157;958082400000
06279620;958687200000
06321797;958687200000
06397900;959119200000
06408514;959724000000
06308744;960415200000
06374866;961365600000
06295712;961452000000
06308745;961538400000
06769947;962056800000
06318416;963180000000
06412522;963784800000
06785958;964044000000
06401766;964130400000
06560834;965772000000
06401765;966895200000
06536103;967068000000
06253798;970092000000
06247501;970178400000
06547502;970437600000
06422271;970610400000
06619097;970696800000
06450386;970696800000
06354336;971128800000
06378569;971388000000
06460235;971647200000
06345648;971647200000
06505654;971992800000
06250341;973638000000
06435222;975279600000
06640836;975366000000
06305432;975970800000
06654658;977180400000
06488055;978044400000
06430982;978476400000
06640606;979254000000
06845581;980463600000
06550123;980809200000
06425180;981327600000
06371293;981327600000
06527017;982278000000
06527016;983314800000
06481467;984610800000
06523226;984610800000
06554030;984956400000
06479798;985730400000
06422272;986335200000
06499514;990136800000
06536483;990482400000
06904670;990482400000
06619332;990482400000
06772798;990741600000
06546853;991346400000
06497258;991778400000
06607416;991951200000
06513555;992556000000
06758079;992988000000
06484759;992988000000
06516715;994716000000
06539984;994888800000
06560854;995320800000
06668871;995839200000
06457492;996098400000
06568432;996444000000
06922435;996530400000
06546968;998431200000
06446678;998863200000
06718624;1001973600000
07096891;1002146400000
06601616;1003269600000
06910360;1003788000000
06851907;1004655600000
06735995;1005087600000
06604554;1006297200000
06842977;1006297200000
06662987;1007593200000
06564832;1008025200000
06634392;1008111600000
06584823;1008284400000
07024766;1009494000000
06748990;1010530800000
07162906;1012258800000
06790113;1012258800000
07278188;1012950000000
06991102;1012950000000
07124785;1013122800000
06615879;1013382000000
06640839;1013382000000
06758247;1013468400000
06655417;1013468400000
06658719;1013468400000
06701579;1013641200000
06502606;1014073200000
06615482;1014678000000
06601615;1014764400000
06776196;1014764400000
06659140;1014764400000
07013614;1015196400000
06944932;1015369200000
06640837;1015887600000
06820657;1015974000000
06659141;1016492400000
06668869;1016578800000
06658712;1017183600000
06698459;1017871200000
06694585;1021500000000
06668870;1021845600000
06640838;1021932000000
06698460;1021932000000
06729357;1021932000000
06681809;1022018400000
06715512;1022623200000
06941628;1022709600000
06715513;1023141600000
06823901;1023400800000
07343851;1023746400000
06792635;1024264800000
06800011;1025647200000
06739626;1026079200000
06777860;1026165600000
06668872;1026684000000
07143792;1026943200000
06679299;1027375200000
07255135;1027461600000
07185413;1027980000000
06726426;1028930400000
06925849;1031608800000
06792979;1032127200000
07048014;1032127200000
06942441;1032472800000
06837710;1033336800000
06805169;1033336800000
07204276;1033336800000
07469724;1033336800000
06705355;1033423200000
06773216;1033941600000
07051650;1035410400000
07131467;1035410400000
06729358;1035496800000
06840289;1035846000000
06912773;1036623600000
06848479;1037055600000
06729004;1037142000000
06913822;1037574000000
06928707;1037660400000
06740015;1039388400000
06823902;1040166000000
06779564;1040166000000
06857817;1040338800000
06926045;1041289200000
06766833;1042412400000
06860471;1043794800000
07275567;1046991600000
06871673;1047250800000
06895663;1047337200000
07080450;1047596400000
06868872;1048633200000
07077394;1048719600000
06962173;1049666400000
07169157;1050530400000
07137184;1051135200000
07276073;1052172000000
07089969;1053295200000
07128099;1053468000000
06851293;1053986400000
07143501;1054159200000
06908065;1054245600000
07246982;1054504800000
06837156;1054677600000
07032291;1055800800000
07100642;1055800800000
07290570;1055973600000
06774547;1056578400000
07086425;1056924000000
07117703;1057096800000
07086426;1057528800000
07077170;1057615200000
07131637;1058133600000
07089971;1058997600000
07275299;1059516000000
07048015;1059516000000
06926262;1059688800000
07185414;1060207200000
07198068;1062021600000
06952982;1062021600000
07798180;1062453600000
07032627;1063749600000
07140400;1063922400000
07252118;1064872800000
06981528;1065477600000
07059362;1066255200000
06966811;1066946400000
07204461;1067814000000
07043951;1069369200000
07594523;1071010800000
07296333;1071097200000
07198069;1071788400000
07299829;1072134000000
06997604;1073430000000
06976512;1073516400000
07241240;1074207600000
06938453;1074812400000
07055555;1076626800000
06971415;1078182000000
07073541;1078354800000
07412993;1078786800000
07455081;1078959600000
07134311;1079305200000
06948298;1079996400000
07373877;1081893600000
07316758;1081980000000
07108021;1082325600000
07467648;1082412000000
07464451;1082498400000
07121307;1084744800000
07082802;1085090400000
07143791;1086645600000
07275318;1087164000000
07063110;1087941600000
06962108;1087941600000
07093622;1089928800000
07243688;1091052000000
07108233;1091484000000
06928788;1091656800000
07353846;1091743200000
06966255;1091743200000
07124787;1092780000000
07121195;1093384800000
07069962;1093557600000
07018260;1094076000000
07051770;1094594400000
07311124;1094594400000
07218096;1095026400000
07343662;1095112800000
07380335;1095717600000
07165319;1096322400000
07267142;1097100000000
07477965;1098568800000
07819143;1099868400000
07100499;1101250800000
07089970;1101682800000
07510523;1103151600000
07124784;1104361200000
07299541;1104879600000
07210506;1108076400000
07216679;1108076400000
07231944;1108076400000
07124786;1108508400000
07346968;1109026800000
07247520;1110841200000
07185680;1111014000000
07334445;1111100400000
07152634;1111532400000
07325764;1114034400000
06981432;1114466400000
07766595;1115157600000
07493924;1116280800000
07299830;1117663200000
07650687;1118872800000
07640952;1119477600000
07261128;1120514400000
07448417;1120600800000
07104287;1122328800000
07385339;1123020000000
07228795;1123797600000
07357012;1124229600000
07073367;1124229600000
07207357;1124748000000
07458242;1125957600000
07493735;1125957600000
07316247;1126562400000
07082968;1126735200000
07334610;1129068000000
07283891;1130364000000
07195041;1133218800000
07343940;1133823600000
07370409;1134428400000
07428916;1134687600000
07398800;1135638000000
07552748;1137538800000
07360562;1137970800000
07455080;1138230000000
07562550;1140044400000
07377029;1140994800000
07204275;1144360800000
07343939;1145484000000
07350543;1147125600000
07373695;1148508000000
07624768;1148940000000
07743470;1149112800000
07650914;1150927200000
07168457;1152828000000
07188643;1154296800000
07631420;1157925600000
07703482;1158876000000
07499254;1160431200000
07438094;1161208800000
07331165;1162335600000
07690402;1162940400000
07581949;1164582000000
07296452;1164754800000
07458398;1170284400000
07380574;1171580400000
07412992;1171580400000
07653987;1174518000000
07806895;1178488800000
07493925;1178575200000
07731669;1178748000000
07716817;1185487200000
07428867;1189116000000
07422037;1193090400000
07578318;1193612400000
07591451;1194908400000
07617847;1196290800000
07748415;1198191600000
07490502;1198191600000
07814817;1199401200000
07600721;1200006000000
07836534;1201561200000
07818872;1203030000000
07779536;1207605600000
07832250;1208469600000
07673488;1211320800000
07562620;1231714800000
07624608;1233788400000
07765657;1242338400000
