03886986;88729200000
03943645;89938800000
03866647;93135600000
03858790;95641200000
03964529;96159600000
03894898;96591600000
03862654;100738800000
03870875;102553200000
03862876;102553200000
03867971;111884400000
03886988;111884400000
03874435;115599600000
03861434;116204400000
03877501;117846000000
03882915;121302000000
03866649;121302000000
03945491;122511600000
03858632;124326000000
03893096;125103600000
03870223;126745200000
03958616;127436400000
03884523;127954800000
03910330;129164400000
03882916;129423600000
03906129;131756400000
04055010;132274800000
03912141;132879600000
03881534;134348400000
03938569;135212400000
03918503;136681200000
03964780;137977200000
03929178;138322800000
03903945;138409200000
03955728;138927600000
03946529;139186800000
03913648;139791600000
03963102;140655600000
03938570;141606000000
03892267;145234800000
03949527;145234800000
03992053;149382000000
03891174;149727600000
03949915;149900400000
03941159;152406000000
03958690;152492400000
03995674;153356400000
03977452;153702000000
03977451;154134000000
03942693;154134000000
03954128;155516400000
03922476;163292400000
03970129;164415600000
03916967;165020400000
03967776;165106800000
03962554;165625200000
04247350;166316400000
03946781;167612400000
03929177;167871600000
03968913;168476400000
03950795;168822000000
03965955;169858800000
03957099;169945200000
03981339;170550000000
03947925;172450800000
03979051;172710000000
03968824;172710000000
04004325;176511600000
04004690;177721200000
03985171;178844400000
03999701;179362800000
03994328;179362800000
03970130;179967600000
03955609;180054000000
03980116;180572400000
04012050;181177200000
04009744;181350000000
03999317;182732400000
04010787;184201200000
04002194;184374000000
03981340;186361200000
03978902;188175600000
04050493;189644400000
04039098;189644400000
04201817;189730800000
04050123;194050800000
04056139;194655600000
04075702;195433200000
04008742;196470000000
04000678;197071200000
04026339;198367200000
04016664;198972000000
04140164;199058400000
04014374;201132000000
04011898;201477600000
04153093;203637600000
04037634;203724000000
04042171;205624800000
04027710;206229600000
04046296;207871200000
04049036;207871200000
04086945;208562400000
04068786;208994400000
04136471;209253600000
04022261;209685600000
04083321;211068000000
04055287;211672800000
04088167;213231600000
04041999;215737200000
04114633;216860400000
04037633;217810800000
04084085;218070000000
04134437;218156400000
04216620;218242800000
04049035;222994800000
04069853;223513200000
04067290;224377200000
04090543;224722800000
04119128;225068400000
04074740;226882800000
04077823;228006000000
04118692;228438000000
04181350;229125600000
04122637;230508000000
04078595;232581600000
04142565;235605600000
04103701;238975200000
04116253;239234400000
04126166;240012000000
04119129;243468000000
04105057;243813600000
04098312;244162800000
04181163;245026800000
04219218;245372400000
04121323;245890800000
04177909;245890800000
04158407;245890800000
04140191;245977200000
04126168;247100400000
04159395;249087600000
04112991;249692400000
04209197;249865200000
04161975;251679600000
04154254;252630000000
04168694;255567600000
04209048;255826800000
04154275;259542000000
04194271;262562400000
04153092;262994400000
04165659;263685600000
04178977;263772000000
04250938;264031200000
04141400;264376800000
04171717;264981600000
04182505;264981600000
04171145;265327200000
04179950;265413600000
04161201;267832800000
04162695;270424800000
04164969;270424800000
04153275;270684000000
04171011;270856800000
04194655;273967200000
04221085;274312800000
04156447;275608800000
04181765;275695200000
04220880;276130800000
04216989;276822000000
04192365;276822000000
04164308;277686000000
04260004;278290800000
04190150;279327600000
04201259;279414000000
04221251;280105200000
04173242;282524400000
04213314;283561200000
04237583;286671600000
04236560;286758000000
04177847;287017200000
04193507;287362800000
04195677;288831600000
04213614;289695600000
04262718;290646000000
04202389;291250800000
04216979;292111200000
04207918;293148000000
04240543;293666400000
04223783;293925600000
04200133;294012000000
04273274;297554400000
04263951;298504800000
04257463;298764000000
04241476;298850400000
04257464;301528800000
04234025;302479200000
04237947;303602400000
04268567;304552800000
04248343;305848800000
04244411;305935200000
04282279;308876400000
04301849;309394800000
04296945;313196400000
04261401;315010800000
04287971;315615600000
04307765;316393200000
04300610;318121200000
04294299;319158000000
04306600;320626800000
04308905;322700400000
04325229;323906400000
04296787;324597600000
04300609;325720800000
04286639;325893600000
04335812;327103200000
04293015;329436000000
04319781;332373600000
04332284;332373600000
04315535;333842400000
04312458;335397600000
04342350;336348000000
04301898;337212000000
04374534;338421600000
04355440;338680800000
04316492;339030000000
04378831;341190000000
04356831;342831600000
04339061;342918000000
04332338;343868400000
04355839;345164400000
04378883;346892400000
04396209;347670000000
04358488;347842800000
04368767;347842800000
04354542;349052400000
04327830;349657200000
04383565;349916400000
04350195;351385200000
04378832;353890800000
04376546;355096800000
04420112;357948000000
04368768;365032800000
04492390;367106400000
04372364;374108400000
04450955;376268400000
04440207;390175200000
04461332;396741600000
04458738;410396400000
04416315;411692400000
04566130;418514400000
04538385;422488800000
04514995;426463200000
04473907;429314400000
04556082;429832800000
04570688;431215200000
04474388;431647200000
04497404;433724400000
04453632;436057200000
04515493;438822000000
04540611;440118000000
04512504;440636400000
04531560;440895600000
04520855;441327600000
04515841;441586800000
04516616;443833200000
04555018;444006000000
04598883;445215600000
04545414;446166000000
04540034;452901600000
04606516;452988000000
04498579;456962400000
04592091;460159200000
04605050;460850400000
04526280;461196000000
04583577;462405600000
04670853;463096800000
04532972;464479200000
04805749;465433200000
04570302;466642800000
04593408;467593200000
04590714;468198000000
04596418;470444400000
04607674;470876400000
04569082;471740400000
04593736;474073200000
04580667;474159600000
04621729;474505200000
04600233;475196400000
04589459;475369200000
04598834;476492400000
04612967;477183600000
04679671;482364000000
04682310;484869600000
04693919;486338400000
04625784;487375200000
04659144;488498400000
04824703;488757600000
04649974;489621600000
04660610;490831200000
04651990;491436000000
04632329;492386400000
04905881;492904800000
04693289;493596000000
04768648;495410400000
04646804;497142000000
04674787;497574000000
04699164;497746800000
04626457;498956400000
04687036;500166000000
04671332;502930800000
04641751;505004400000
04716947;505350000000
04667716;506732400000
04638412;507164400000
04673070;508546800000
04711347;508719600000
04681195;511138800000
04662415;512776800000
04717024;512863200000
04685499;514159200000
04682692;514504800000
04708243;515714400000
04722376;516232800000
04726406;517701600000
04696077;517701600000
04741372;518133600000
04739809;518220000000
04660307;518306400000
04734312;518652000000
04716948;521330400000
04700761;522540000000
04685546;523231200000
04746043;523576800000
04707889;523576800000
04805680;524440800000
04732285;525996000000
04699192;527724000000
04732421;531010800000
04721237;531356400000
04760920;531615600000
04720012;531961200000
04756394;532566000000
04717908;532911600000
04744497;534553200000
04705086;535590000000
04729417;537145200000
04738342;537577200000
04778179;538700400000
04739877;538700400000
04721140;541206000000
04884839;541638000000
04715646;541638000000
04941603;542847600000
04848828;543538800000
04754790;544053600000
04718524;544399200000
04745661;544658400000
04844248;545436000000
04762210;545954400000
04796735;547077600000
04779655;548287200000
04782873;548978400000
04783978;549756000000
04821853;550274400000
04784199;550447200000
04783177;550965600000
04752004;551311200000
04782556;551916000000
04773536;551916000000
04781277;553298400000
04889171;553903200000
04795207;553989600000
04792026;554335200000
04796750;554680800000
04763783;556322400000
04832359;556495200000
04781379;556754400000
04784248;557359200000
04745769;557359200000
04782874;558741600000
04903745;559260000000
04792040;560127600000
05009319;560127600000
04854732;561337200000
04817253;561682800000
04930557;561769200000
04744446;561855600000
04804084;562201200000
04810102;562806000000
04842032;563410800000
04823943;563410800000
04763763;563410800000
04799521;563670000000
04891918;564015600000
04801059;564015600000
04811767;564102000000
04804122;564620400000
04865368;566694000000
04862519;568422000000
04838416;568854000000
04856436;570063600000
04811769;570063600000
04785934;570668400000
04918299;570841200000
04856842;571964400000
04872538;572828400000
04838724;573174000000
04825922;573692400000
04836343;573865200000
04810015;574902000000
04815510;574902000000
04786104;575161200000
04884360;575503200000
04832372;575762400000
04844005;576453600000
04811768;576453600000
04915215;577317600000
04851610;577317600000
04903376;577317600000
04922914;578181600000
04907634;578268000000
04821785;578527200000
04827997;578527200000
04856912;578613600000
04846340;578700000000
04805748;579132000000
04930635;579218400000
04852783;579823200000
04871046;580341600000
04838709;580341600000
04911178;581205600000
04856140;581810400000
04843681;584229600000
04884824;584229600000
04834157;584575200000
04825506;584834400000
04938522;585266400000
04895198;586389600000
04921028;586994400000
04976616;586994400000
04863210;586994400000
04856570;587253600000
04860563;587599200000
04867215;588290400000
04842324;588376800000
04907633;588463200000
04844286;589500000000
04899414;590623200000
05028472;591404400000
04858361;591577200000
04896911;591836400000
04955968;593046000000
04880315;595465200000
04885570;596847600000
04848562;596934000000
04953567;597279600000
05107073;598057200000
04869305;598057200000
04865097;598575600000
04867216;599439600000
04991338;599958000000
04898222;600562800000
04930832;601081200000
04971126;601858800000
05057169;602722800000
04921027;602895600000
04907694;602982000000
04932506;603068400000
04958855;603327600000
04869363;604191600000
04953768;604623600000
04961497;604882800000
04917160;605487600000
04961981;605746800000
05005624;605833200000
04966260;605919600000
04938326;606351600000
04930321;606351600000
04944971;606438000000
04974983;607039200000
04947794;607644000000
04976389;607903200000
04890728;608162400000
04978055;609631200000
04932524;609631200000
04967453;609976800000
04934833;610927200000
04940068;611791200000
04934520;611877600000
04978044;611964000000
04948154;611964000000
04919240;612050400000
04997227;612741600000
04942913;613000800000
05037156;613260000000
04995436;613951200000
04973100;613951200000
05012760;614210400000
04976299;614901600000
04945961;615160800000
05025843;615679200000
04955472;615679200000
04998496;616284000000
04981247;616629600000
04974709;616888800000
05023125;617234400000
04970821;617407200000
04922980;617493600000
04907380;617580000000
04993551;619394400000
04963693;620604000000
04962800;620949600000
04953603;621208800000
05114204;621554400000
04953697;621813600000
04997229;622332000000
04944340;622332000000
05061086;622767600000
04953729;622854000000
04951811;623026800000
05062560;624063600000
05084321;625100400000
04997226;625100400000
04964508;625273200000
05055334;625359600000
05038926;625446000000
05038842;625446000000
04960302;625705200000
05176421;625878000000
04974652;626310000000
04953674;626482800000
04993092;626914800000
05029933;628124400000
04960233;628902000000
04972524;628988400000
05024259;629074800000
05050655;629593200000
04966210;630716400000
04951993;631494000000
05048734;631494000000
04954384;631926000000
05048710;632962800000
04979619;632962800000
05026001;633222000000
05103884;633913200000
05005623;634258800000
05005679;634258800000
04976340;634258800000
05060767;634258800000
05014758;634518000000
05050713;634777200000
05000238;634777200000
04979548;634950000000
04972892;635554800000
04975688;635986800000
05031281;635986800000
05027874;636246000000
05031566;636591600000
05002401;636591600000
05024258;636678000000
05022572;637282800000
04979339;637369200000
05020673;637455600000
04957246;637455600000
05042656;637542000000
04977941;637801200000
05035938;637801200000
05025970;637887600000
05273748;637974000000
04989656;638146800000
05018564;638402400000
04968048;638402400000
05056817;638488800000
05078330;639612000000
05022528;639871200000
05004091;640216800000
05143405;640216800000
05005111;640476000000
05010987;640562400000
05273316;640821600000
05007470;641167200000
04973098;642031200000
05114098;642376800000
05127974;642636000000
04985952;643413600000
05085320;644018400000
05080223;644018400000
05071126;644104800000
05031807;644450400000
05129677;645400800000
04991242;645660000000
05104085;645746400000
05042836;646005600000
05042649;646437600000
05037122;647820000000
05022678;648079200000
05050654;648079200000
05050998;648079200000
05016774;648338400000
05046860;649548000000
05025921;650844000000
05031641;651103200000
05172795;651189600000
05056839;651708000000
05109961;652399200000
05014846;652917600000
05105919;653090400000
05046620;653522400000
05121864;655081200000
05058642;656204400000
05702791;656722800000
05094283;657154800000
05356046;657414000000
05099898;657500400000
05215136;658018800000
05129564;658105200000
05127265;658623600000
05097678;658969200000
05103975;659142000000
05184657;659574000000
05058914;659919600000
05099897;660265200000
05159964;661129200000
05050884;661561200000
05161319;661647600000
05048582;662166000000
05080155;662338800000
05054777;663548400000
05113781;663807600000
05065879;663807600000
05165567;663894000000
05146968;664066800000
05199572;664585200000
05178198;665190000000
05127536;665276400000
05154166;665276400000
05140089;665362800000
05161656;666313200000
05118137;667090800000
05184658;667436400000
05197525;667436400000
05069261;667609200000
05083644;667695600000
05052328;667695600000
05069333;667695600000
05088600;668127600000
05188877;668300400000
05119910;668386800000
05147713;668646000000
05227218;668646000000
05179987;669250800000
05192092;669510000000
05088788;669596400000
05168909;671061600000
05117884;672876000000
05143243;672962400000
05115848;673135200000
05131442;673135200000
05133395;673567200000
05137481;674085600000
05123468;674690400000
05052738;674776800000
05140833;674863200000
05170826;675381600000
05146940;675468000000
05115909;675900000000
05195778;677714400000
05215237;677887200000
05274901;678924000000
05174658;679269600000
05288942;680306400000
05105863;680392800000
05217056;680479200000
05251506;680652000000
05129678;681084000000
05203390;681602400000
05220950;681688800000
05244025;682812000000
05222764;683157600000
05244023;684540000000
05117883;684712800000
05314102;685231200000
05207323;685317600000
05219075;685576800000
05107971;685576800000
05188417;685836000000
05193724;685922400000
05394913;687049200000
05244024;687135600000
05161849;689209200000
05143188;689382000000
05209280;689900400000
05159999;689900400000
05219219;690073200000
05266772;690073200000
05135222;690418800000
05207254;691023600000
05255835;691110000000
05209279;691369200000
05123467;691974000000
05190089;692233200000
05179600;692319600000
05396219;692492400000
05244086;692838000000
05226544;693097200000
05255727;693183600000
05146967;693442800000
05257656;693702000000
05193677;693788400000
05167267;694825200000
05183953;694825200000
05146966;695602800000
05143133;695948400000
05195568;696207600000
05193925;696466800000
05299611;696553200000
05161683;698022000000
05217275;698367600000
05211716;698972400000
05193877;699231600000
05156456;699231600000
05275217;699490800000
05687421;699663600000
05255833;700786800000
05209545;700873200000
05280798;700959600000
05215319;702079200000
05431207;703720800000
05379332;704412000000
05190377;704930400000
05261701;705016800000
05242205;706140000000
05255765;706226400000
05274988;707004000000
05246108;707349600000
05275460;707349600000
05226521;707349600000
05297603;709509600000
05644785;709509600000
05263523;709855200000
05294029;709941600000
05287903;709941600000
05224600;709941600000
05307849;710546400000
05230627;712274400000
05265720;712274400000
05226464;712533600000
05265784;713052000000
05292167;713743200000
05325986;714175200000
05257509;714607200000
05506020;714866400000
05242206;715212000000
05350045;715989600000
05327844;717372000000
05398424;717372000000
05211438;717980400000
05343915;717980400000
05358114;718326000000
05510167;718412400000
05316141;718585200000
05355292;719449200000
05277306;719535600000
05325970;720054000000
05275278;720054000000
05332087;720226800000
05290618;720399600000
05282502;720658800000
05337813;720745200000
05293975;722646000000
05372414;722646000000
05318084;723078000000
05282587;723250800000
05259656;724287600000
05307909;726188400000
05288150;726706800000
05338127;728694000000
05474185;728780400000
05541277;729126000000
05324090;730335600000
05383091;730335600000
05294278;730422000000
05265894;731113200000
05287614;731718000000
05294127;731804400000
05354131;732409200000
05302124;733014000000
05285833;733356000000
05318821;733615200000
05351733;734306400000
05436053;734565600000
05427392;734824800000
05383505;736120800000
05573110;736380000000
05351793;736552800000
05462103;737935200000
05383727;738367200000
05445200;740008800000
05284194;740095200000
05515897;740268000000
05287904;740354400000
05291848;742168800000
05318251;742773600000
05388702;743032800000
05387037;743292000000
05356191;743637600000
05345987;743983200000
05322105;745020000000
05341860;745020000000
05423363;745192800000
05360215;745538400000
05628443;746661600000
05305907;746748000000
05407723;747352800000
05356004;747612000000
05454644;749430000000
05439153;749862000000
05340055;749862000000
05413199;749948400000
05375928;750380400000
05358019;750553200000
05435362;750898800000
05511822;751244400000
05419477;751676400000
05401548;752108400000
05370419;752194800000
05409153;753318000000
05358083;753490800000
05388883;753577200000
05464108;753663600000
05361951;754009200000
05614280;754786800000
05378035;755132400000
05408220;755132400000
05409286;755823600000
05429377;756428400000
05452777;756946800000
05394914;757033200000
05403009;757119600000
05415213;757119600000
05368912;757551600000
05379703;759366000000
05350000;760143600000
05415214;760316400000
05443086;760316400000
05547051;761266800000
05488981;761439600000
05439727;761871600000
05415332;762044400000
05599093;762390000000
05402869;762735600000
05420775;762822000000
05417328;763340400000
05390717;763340400000
05472280;763945200000
05490619;764290800000
05454492;764290800000
05377733;764377200000
05477965;764463600000
05372169;764892000000
05530986;765669600000
05547193;765756000000
05437320;765756000000
05439154;767829600000
05445199;768088800000
05570495;768520800000
05443156;769212000000
05472281;771112800000
05513621;771112800000
05429373;771544800000
05413396;771717600000
05506395;772236000000
05601681;772408800000
05490549;772840800000
05566980;772840800000
05491958;772927200000
05759644;773359200000
05551497;773359200000
05638642;776642400000
05520230;776988000000
05456515;777074400000
05553733;777765600000
05503204;777765600000
05597197;778111200000
05511655;778284000000
05476127;778370400000
05429406;778802400000
05582115;780098400000
05691056;780271200000
05577918;780620400000
05664975;780706800000
05506019;780793200000
05533743;781138800000
05573241;782089200000
05542590;782089200000
05997071;782434800000
05522592;783903600000
05632223;784854000000
05520584;785026800000
05649679;785113200000
05520003;786236400000
05524749;786322800000
05456277;786841200000
05507332;787791600000
05620034;787964400000
05573441;788050800000
05747132;789087600000
05458945;789260400000
05516181;789260400000
05449539;789346800000
05551496;789778800000
05481999;789951600000
05490594;790297200000
05497818;790556400000
05579916;790556400000
05697416;791852400000
05518289;792198000000
05454567;793839600000
05507492;793839600000
05517177;793839600000
05535797;794012400000
05742944;794185200000
05577607;794703600000
05611501;795999600000
05868425;796255200000
05497819;796514400000
05600090;796514400000
05592946;796600800000
05533558;796860000000
05472257;797032800000
05501329;797032800000
05632068;797119200000
05560485;797464800000
05609265;797551200000
05620069;797637600000
05509515;797724000000
05615720;798674400000
05685401;799020000000
05544750;799365600000
05820142;799452000000
05611379;799538400000
05660136;800143200000
05490707;800661600000
05653332;800834400000
05588529;801180000000
05562229;801266400000
05605232;801266400000
05570829;802389600000
05593743;802389600000
05762169;802476000000
05562139;803772000000
05715881;804117600000
05579817;804117600000
05661920;804204000000
05611595;805068000000
05623980;805068000000
05775398;805068000000
05533601;805586400000
05687819;806623200000
05598923;806882400000
05657886;806882400000
05690155;808351200000
05575720;808351200000
05564770;808351200000
05678878;808869600000
05595069;809301600000
05636742;809388000000
05662219;809560800000
05662978;809906400000
05564358;810252000000
05746265;811375200000
05735327;811461600000
05593075;811461600000
06044879;811983600000
05609933;812415600000
05526836;812847600000
05771951;812934000000
05642095;813970800000
05575721;814143600000
05605369;814143600000
05884380;814402800000
05642585;814748400000
05542699;815094000000
05624048;815180400000
05761853;815266800000
05713406;815698800000
05586345;815871600000
05788604;815871600000
05671830;816303600000
06149001;816562800000
05820196;816994800000
05653276;818290800000
05678620;818636400000
05722672;818636400000
05950893;819327600000
05816305;819500400000
05725246;819932400000
05649581;821314800000
05676288;821574000000
05720382;822006000000
05720388;822265200000
05598946;822870000000
05688018;822956400000
05630524;823734000000
05713439;824079600000
05706935;824770800000
05692835;825289200000
05797528;825634800000
05664825;825894000000
05680944;825894000000
05845873;825980400000
05709307;827967600000
05653492;828568800000
05702038;829087200000
05894914;830124000000
05704475;830210400000
05725094;830210400000
05791677;830296800000
05794676;830728800000
05676247;830901600000
05873504;830988000000
05862910;831506400000
05655810;832111200000
05881850;832543200000
05831811;832543200000
05772014;833407200000
05636883;833752800000
05788317;833752800000
05647248;833925600000
06059105;833925600000
05855766;834357600000
05664808;834530400000
05725039;835048800000
05865314;835308000000
05904191;835567200000
05815843;835653600000
05738208;835826400000
05718329;836776800000
05860462;837122400000
05799975;837381600000
05725933;837727200000
06196287;839800800000
05803391;839800800000
05901764;839973600000
05718104;840146400000
05775722;840578400000
05820200;841356000000
05875876;842220000000
05762019;842220000000
05778954;842220000000
05588571;842565600000
06120083;842824800000
05685977;843084000000
05694866;843256800000
05800006;844380000000
05881788;844380000000
05704528;844639200000
05682960;845589600000
05673961;845589600000
05738157;845848800000
05743458;846021600000
05820201;846716400000
05806873;846716400000
05662372;847234800000
05820001;847234800000
05794769;847753200000
05772330;847839600000
05718333;847926000000
05762188;848358000000
05954170;848617200000
05799815;848876400000
05737880;848962800000
05726726;849222000000
05722125;850777200000
06009995;850863600000
06035809;850950000000
06189700;851036400000
05813445;851295600000
05788032;851382000000
05741041;851900400000
05890525;852505200000
05868248;852678000000
05800061;852764400000
05797439;853455600000
05782280;853974000000
05819829;854060400000
05927793;854578800000
05810064;855874800000
05878874;856393200000
05813930;856911600000
05795009;856998000000
05769213;857084400000
05765618;857516400000
05949058;857602800000
05782360;857689200000
05868227;857689200000
05845958;857689200000
05813360;857948400000
05829502;858207600000
05839237;858553200000
05755366;859417200000
05816464;859417200000
05857597;859417200000
05904196;860364000000
05919541;860968800000
05921387;860968800000
05862970;861141600000
05855406;861832800000
05860855;861919200000
05772087;862178400000
05849390;862351200000
05769141;862524000000
05904247;862783200000
05697302;862869600000
05868189;863128800000
06164821;863128800000
05816395;863647200000
05965182;864252000000
06296138;864338400000
05823213;864684000000
05947241;864684000000
05799335;865288800000
06070629;865548000000
05915399;865807200000
06242064;865980000000
05829657;866152800000
05873730;866412000000
05813558;866498400000
05944347;866584800000
05955948;866671200000
05894975;867016800000
05779042;867103200000
05862989;867189600000
05868181;867621600000
05865233;867708000000
06039339;868226400000
05922437;868572000000
05904195;869176800000
06250005;869436000000
06012411;869781600000
05898968;870127200000
06089289;870300000000
05816641;870818400000
05815845;870904800000
05898976;871596000000
05941594;871941600000
05881787;871941600000
05961140;872200800000
05957344;872460000000
05826714;872460000000
05944081;872460000000
05850706;872805600000
06026515;873756000000
05809867;874360800000
05887530;874533600000
05931270;874620000000
06112961;875570400000
05930956;875570400000
05823684;875743200000
05988378;875829600000
06640944;876952800000
05997670;877039200000
06003573;877298400000
05799774;877384800000
05927361;877644000000
05989656;878511600000
06026833;878857200000
05904243;879894000000
05954014;879980400000
05855276;880412400000
06000509;880498800000
05881932;880930800000
05945194;881017200000
05857231;881535600000
06193118;881622000000
05967324;882226800000
05921449;882486000000
05941375;882745200000
06116167;882745200000
05944155;883350000000
06050252;883954800000
06121544;884818800000
06148381;885250800000
06112936;885942000000
05908344;886114800000
06167353;886374000000
06026873;887151600000
06164443;887238000000
06086082;887324400000
05887770;887670000000
05941293;887929200000
06029724;888188400000
05911262;888447600000
06176450;888447600000
05899371;888447600000
05951167;889052400000
05944213;889484400000
05897209;889743600000
06266653;890002800000
05913349;890262000000
05908681;890262000000
05927856;890607600000
05979744;890780400000
05984172;890953200000
06158301;891640800000
06102424;891986400000
06017072;892504800000
05921389;893023200000
06047752;893109600000
05897039;893196000000
05967314;893282400000
05996180;893973600000
06224107;894232800000
06079528;894405600000
05944080;895615200000
06155715;896133600000
06095214;896306400000
05975170;896392800000
06253977;896392800000
06082422;896479200000
06192950;896738400000
06119742;896738400000
06007899;897429600000
05983969;897602400000
06082290;898207200000
06044880;898466400000
06405862;898552800000
06273158;898552800000
06209598;898725600000
06053381;898725600000
05947604;899071200000
06053071;899157600000
06003929;899244000000
06240989;900367200000
06044878;900540000000
05988879;900885600000
06202723;900885600000
06234312;901144800000
06092661;901231200000
06062412;901749600000
06050311;903304800000
06056174;903391200000
06161698;903477600000
06065764;904255200000
05907877;904514400000
06183580;904773600000
06065515;905983200000
06029409;906674400000
06032709;906674400000
06030026;906933600000
06039175;907624800000
06241303;907624800000
06029723;907711200000
06202840;908488800000
06113268;909007200000
06092929;909356400000
06044881;909529200000
05987645;909702000000
06129408;910306800000
06343694;910911600000
06065516;911170800000
06036047;911257200000
06142192;911862000000
06109402;911862000000
06116307;911948400000
05996863;912121200000
06068401;913590000000
06178979;913762800000
06599015;914194800000
06102810;914367600000
06263891;914972400000
06076668;915058800000
06161692;915490800000
06027249;916009200000
06095213;916095600000
06076245;916354800000
06082535;916786800000
06085814;916786800000
06109442;916873200000
06003451;916959600000
06179025;917305200000
06070628;917305200000
06405890;917564400000
06076577;917823600000
06145696;917823600000
06105298;917996400000
06068095;918428400000
06200243;918601200000
06186640;919119600000
06257472;919378800000
06141891;919983600000
06196587;920329200000
06286964;920415600000
06015180;920588400000
06113457;920847600000
06079316;921452400000
06183133;922143600000
06148999;922316400000
06099067;922316400000
06285299;922658400000
06123127;923004000000
06210772;923263200000
06126012;923436000000
06092574;923608800000
06182826;923954400000
06138727;924732000000
06202722;925682400000
06113142;925768800000
06100514;926028000000
06099934;927237600000
06129126;927496800000
06283290;927842400000
06405771;928188000000
06367842;929397600000
06311336;929484000000
06003328;929484000000
06179102;929570400000
06135179;929656800000
06213266;930693600000
06276551;931730400000
06161738;931730400000
06062601;931816800000
06174082;932421600000
06152202;933112800000
06186201;933112800000
06209599;933199200000
06230886;933285600000
06398025;933631200000
06318528;933804000000
06227269;933804000000
06237533;934236000000
06296165;934236000000
06161489;934408800000
06328083;934495200000
06109443;936050400000
06179026;936223200000
06361210;936309600000
06149003;936828000000
06357640;937519200000
06257381;937519200000
06234287;938124000000
06325120;938383200000
06231233;938556000000
06193063;938556000000
06155410;939247200000
06199737;939420000000
06213268;939765600000
06230952;939938400000
06210446;940456800000
06231225;940975200000
06202850;941061600000
06595358;941670000000
06237660;942015600000
06394328;942102000000
06263648;942188400000
06270424;942361200000
06328191;944434800000
06349824;944434800000
06340235;945039600000
06131822;945212400000
06321805;945730800000
06289896;945903600000
06283260;946940400000
06247588;947199600000
06244400;947458800000
06508484;947804400000
06427836;948150000000
06202846;949446000000
06220318;949964400000
06227424;950050800000
06266240;950223600000
06283183;950569200000
06283182;950742000000
06273245;951087600000
06318613;951174000000
06295920;951174000000
06279707;951433200000
06308474;951778800000
06811025;951951600000
06230771;952383600000
06254170;952383600000
06328146;952556400000
06308447;952642800000
06318393;952988400000
06736263;953161200000
06332853;953161200000
06371144;954712800000
07548266;954972000000
06427837;954972000000
06279796;955058400000
06427839;955922400000
06397560;956181600000
06273251;956527200000
06412806;956527200000
06471105;957132000000
06237776;957909600000
06276414;957996000000
06260729;958341600000
06457863;959637600000
06371547;959724000000
06443341;959896800000
06540085;960328800000
06450400;960501600000
06418881;960760800000
06273493;961106400000
06481577;961538400000
06318426;961538400000
06357497;961711200000
06264361;961711200000
06431944;962143200000
06431333;962316000000
06547283;962920800000
06457334;963525600000
06220473;963525600000
06349845;963871200000
06213046;964389600000
06629628;964648800000
06447142;965253600000
06298993;965340000000
06341713;965599200000
06374882;965685600000
06367625;966549600000
06309744;966981600000
06415832;967759200000
06491280;967759200000
06419591;968364000000
06681821;969228000000
06497351;969314400000
06493891;969487200000
06375057;969487200000
06491074;969487200000
06450336;970178400000
06315115;970610400000
06325121;970783200000
07086437;971128800000
06626601;971388000000
06460866;971992800000
06378581;972860400000
06382280;973033200000
06609942;973119600000
06401889;973810800000
06492017;973810800000
06499519;974329200000
06431233;975366000000
06497044;975538800000
06422278;975970800000
06446688;976057200000
06478061;976489200000
06506471;977094000000
06327738;977266800000
06654235;977439600000
06883566;978476400000
06412627;978649200000
06543499;978649200000
06371642;979081200000
06499591;980118000000
06425649;980118000000
06547313;980982000000
06502676;981068400000
06485086;981414000000
06484771;982105200000
06394157;982105200000
06468612;982191600000
06364185;982278000000
06435236;982796400000
06443851;983746800000
06554152;983746800000
06516927;984351600000
06439644;984438000000
06981085;984610800000
06571842;984610800000
06668883;984956400000
06543864;985129200000
06578303;985816800000
06481478;986248800000
06871682;986421600000
06494241;987026400000
06382376;987026400000
06491996;987026400000
07003022;988668000000
06523584;988840800000
06467594;989186400000
06491162;989272800000
06986928;989791200000
06607235;990568800000
06513661;991087200000
06679405;991605600000
06401890;991692000000
06508282;992383200000
06854747;993074400000
06626339;993592800000
06733038;994024800000
06471056;994370400000
06546981;994716000000
06463971;994802400000
06394528;994888800000
06619349;995320800000
06453520;995925600000
06619920;996444000000
06520327;997048800000
06561240;997653600000
06796344;997912800000
06499575;997999200000
06516844;998344800000
06554033;998949600000
06609626;999208800000
06443476;999554400000
06564498;1000764000000
06737304;1002664800000
06817470;1002751200000
06449881;1002837600000
06527118;1003096800000
06425589;1003096800000
06659489;1004047200000
06557702;1004482800000
06637484;1004482800000
06536489;1005260400000
06599649;1005606000000
07078085;1005778800000
06652387;1006297200000
06869085;1006729200000
06637632;1007074800000
06601622;1008630000000
06612412;1008716400000
06637562;1009321200000
06748877;1009753200000
06711752;1010703600000
06763941;1011049200000
06725893;1011308400000
06745805;1012345200000
06517141;1012431600000
06588827;1013468400000
06526607;1013468400000
06684673;1013641200000
06604563;1014159600000
06488433;1014332400000
06491335;1014332400000
06648372;1014591600000
06708745;1015196400000
06669080;1016146800000
06607122;1016146800000
06669068;1016406000000
06681972;1016492400000
06564838;1016751600000
07219616;1017010800000
06907712;1017270000000
06880221;1017784800000
06879250;1017871200000
06686026;1018216800000
06752305;1018821600000
07370588;1019167200000
06609938;1019512800000
06766932;1019772000000
06820665;1020117600000
07360820;1020376800000
06619447;1020722400000
06786256;1021327200000
06820664;1021845600000
06708835;1022536800000
06739989;1022623200000
06716111;1022709600000
06863100;1022796000000
06513858;1023055200000
06722317;1023141600000
06725871;1023314400000
06581545;1023314400000
06808071;1023400800000
06823910;1024005600000
06668882;1024005600000
06789495;1024956000000
06659275;1025042400000
06571947;1025128800000
06612350;1025647200000
06659035;1026079200000
06648038;1026338400000
06637563;1026338400000
06749922;1026424800000
07086511;1026856800000
06640856;1027029600000
06823909;1027375200000
06578900;1027375200000
06772881;1027893600000
06641203;1027893600000
06662839;1027980000000
06715594;1029448800000
06794317;1030399200000
06742792;1030399200000
06837006;1031522400000
06807992;1032127200000
06810933;1032472800000
06581736;1032472800000
06869219;1032732000000
06802348;1032818400000
06863202;1033336800000
07040642;1033336800000
06808066;1033423200000
06746187;1033596000000
07083512;1033941600000
06982643;1034028000000
06695022;1034200800000
06945293;1034287200000
06769807;1034287200000
06691693;1034719200000
07051895;1035496800000
06874627;1035496800000
06793072;1035759600000
06923229;1038265200000
07152733;1038265200000
06837346;1038351600000
07011228;1038351600000
06793090;1038351600000
06827185;1039647600000
06772811;1040857200000
06612771;1040943600000
06779638;1040943600000
06637485;1041807600000
06832766;1042153200000
06678901;1042153200000
06866159;1042412400000
06880685;1042758000000
07090076;1043622000000
06974007;1043708400000
06672647;1044313200000
06953111;1044399600000
06732863;1044572400000
06926135;1044831600000
06932254;1045090800000
06997503;1045177200000
06925691;1045695600000
07000660;1046300400000
07308771;1047510000000
07198083;1047596400000
06772883;1047942000000
06789944;1047942000000
06817066;1048114800000
06862827;1048201200000
07108425;1048633200000
06948600;1048806000000
07160028;1050530400000
06845863;1050962400000
06892773;1052085600000
06886283;1052344800000
06919805;1052776800000
06874541;1052863200000
06910560;1053036000000
06705337;1053468000000
07056042;1054159200000
06994131;1054677600000
07028731;1054850400000
07073548;1054850400000
07263790;1055109600000
06767152;1055282400000
06783411;1056405600000
06971424;1057615200000
07044067;1058220000000
07117908;1058824800000
06948739;1058824800000
07055564;1058911200000
06874806;1059343200000
07438964;1060034400000
06968880;1061503200000
06857652;1061848800000
07159631;1062021600000
07225896;1062712800000
06981509;1063231200000
06901793;1063576800000
07044532;1064872800000
06901979;1065045600000
07171999;1066600800000
07464812;1066860000000
07487871;1067468400000
06945396;1067468400000
07013904;1067554800000
06857384;1067814000000
07347235;1067900400000
06948614;1068159600000
07556073;1070233200000
07159630;1071183600000
06887002;1071183600000
07108032;1071442800000
RE039945;1072047600000
07048103;1072220400000
07434343;1072393200000
06964447;1072825200000
07204398;1073516400000
07011499;1073948400000
07111731;1074121200000
07264030;1074639600000
07424950;1075417200000
06994132;1076108400000
07137752;1076367600000
07377692;1077058800000
07172167;1077836400000
07124450;1078095600000
06916217;1079046000000
06893074;1079478000000
07178568;1079564400000
07246643;1080082800000
06964446;1080255600000
06981707;1080511200000
07204280;1080684000000
07451861;1081288800000
07267147;1081375200000
06923458;1082325600000
07644743;1082498400000
07137398;1083016800000
07296665;1083016800000
06918626;1083794400000
07014205;1085004000000
07077251;1085349600000
07614434;1086818400000
06964448;1087164000000
07028730;1087250400000
07137422;1087423200000
07527081;1087509600000
07322487;1089324000000
07150346;1089669600000
07063114;1089928800000
07261133;1089928800000
07188647;1090447200000
07743713;1090447200000
07375631;1090792800000
07370903;1091138400000
07063045;1092175200000
07021235;1092261600000
07308922;1092693600000
07610944;1092866400000
07204262;1093557600000
07255145;1093816800000
07059371;1094162400000
07090282;1094508000000
07303074;1095804000000
07418987;1095890400000
07207737;1095976800000
07210728;1096408800000
07077252;1096581600000
07334616;1097532000000
07300206;1097704800000
07163211;1097877600000
07334698;1098136800000
07053012;1098309600000
07093699;1098396000000
07134627;1098396000000
07222580;1098828000000
07086661;1098914400000
07222649;1099868400000
07277013;1100473200000
07160588;1100559600000
07185687;1101078000000
07318392;1101078000000
07198835;1101769200000
06997481;1102633200000
07178567;1102633200000
07073840;1102719600000
07377299;1106521200000
07175497;1107126000000
07213360;1107903600000
07337793;1109113200000
07281718;1110754800000
07244153;1111532400000
07441740;1112047200000
07481255;1112306400000
07753202;1113170400000
07452493;1113516000000
07124888;1113861600000
07748086;1114725600000
07373962;1114984800000
07293589;1116280800000
07331366;1117490400000
07628187;1118613600000
07730917;1118872800000
07438299;1119823200000
07267369;1119909600000
07207154;1120168800000
07204507;1121032800000
07361097;1121119200000
07401836;1121292000000
07036867;1121378400000
07240778;1121810400000
07219928;1121810400000
07481256;1122242400000
07597126;1122588000000
07509985;1122847200000
07621305;1122933600000
07431375;1123106400000
07031148;1123106400000
07338100;1123192800000
07125066;1124402400000
07290826;1125007200000
07322477;1125352800000
07546860;1125612000000
07850036;1127340000000
07624777;1127685600000
07341011;1129500000000
RE040723;1129672800000
07661452;1130972400000
07686047;1131058800000
07448155;1131577200000
07604103;1133737200000
07721777;1136934000000
07571752;1137106800000
07607461;1137193200000
07686048;1137625200000
07412940;1138748400000
07441641;1140130800000
07686049;1140562800000
07559168;1140735600000
07556292;1141599600000
07699083;1142377200000
07520425;1142463600000
07621306;1143068400000
07628188;1144274400000
07721778;1144620000000
07699524;1144879200000
07416001;1145570400000
07422111;1146693600000
07461676;1147212000000
07479068;1150668000000
07779766;1151013600000
07614531;1152568800000
07600620;1152828000000
07458405;1153346400000
07458333;1153864800000
07780002;1153864800000
07604028;1153951200000
07810440;1155852000000
07753589;1156716000000
07194958;1158530400000
07721884;1158703200000
07536753;1161036000000
07458452;1161208800000
07600637;1161295200000
07793691;1162422000000
07412995;1162940400000
07857022;1163113200000
07825944;1164841200000
07458630;1165532400000
07624776;1165791600000
07789114;1165878000000
07320287;1165878000000
07640698;1168470000000
07704577;1168988400000
07699380;1169420400000
07759265;1170198000000
07549451;1170198000000
07793979;1170370800000
07490618;1170370800000
07689481;1171407600000
07628189;1171580400000
07735615;1172444400000
07455313;1173222000000
07316435;1175032800000
07699165;1175119200000
07775354;1176328800000
07628317;1178056800000
07584844;1180562400000
07841466;1181167200000
07607463;1181512800000
07607462;1183672800000
07762294;1185487200000
07581510;1186956000000
07837032;1188338400000
07690503;1188856800000
07708298;1190239200000
07594695;1190671200000
07789115;1191448800000
07677193;1192140000000
07795769;1192140000000
07772973;1193263200000
07537032;1193349600000
07841374;1194562800000
07617853;1196377200000
07857023;1198191600000
07750807;1198796400000
07520549;1203894000000
07832438;1205190000000
07743916;1207260000000
07819151;1207605600000
07814948;1208642400000
07770721;1212703200000
07640632;1216245600000
07757734;1216936800000
07814950;1217973600000
07828027;1220392800000
07712496;1222207200000
07814949;1223330400000
07845377;1228172400000
07841658;1233097200000
07854317;1234911600000
07823519;1238364000000
07621160;1241560800000
D0629204;1252533600000
