03964390;69289200000
03884304;80780400000
03874456;85100400000
03878898;89852400000
03871458;92617200000
03858618;95468400000
04089378;97369200000
03862718;99270000000
03865193;101516400000
03864883;103244400000
03866687;103935600000
03871459;105750000000
03915235;105922800000
03897829;107650800000
03902559;110070000000
03877990;110415600000
03900043;111625200000
03888641;111711600000
03865192;111884400000
03877525;112230000000
03918526;112230000000
03882943;114649200000
03858659;114994800000
03904070;116463600000
03877526;117154800000
03911940;117673200000
03877527;117673200000
03889754;117759600000
03878897;117759600000
03876009;118969200000
03904126;119142000000
03884305;119228400000
03926990;119487600000
03926665;120265200000
03876142;120697200000
03901322;120956400000
03865194;120956400000
03888314;121647600000
03884307;121906800000
03884306;121906800000
03874458;121906800000
03876147;122079600000
03889752;122511600000
03889758;122511600000
03889755;122511600000
03889757;122511600000
03889756;122511600000
03893514;122857200000
03870105;122857200000
03877524;123375600000
03946175;123721200000
03912647;123980400000
03889738;124930800000
03932696;125708400000
03876010;125708400000
03918647;127350000000
03880239;127695600000
03878896;127954800000
03860073;128300400000
03995102;128300400000
03874457;128559600000
03905424;128559600000
03896880;129769200000
03876011;130460400000
03924687;130546800000
03896881;130978800000
03984334;131238000000
03871457;131583600000
03884308;132188400000
03980140;132274800000
03903968;132361200000
03863720;132361200000
03861474;132447600000
03912223;132534000000
03876008;132793200000
03915236;133138800000
03921722;133570800000
03909954;134175600000
03924688;134348400000
03979326;134866800000
03860176;134953200000
04055844;135558000000
03885631;135558000000
03939914;136162800000
03872928;137113200000
03918782;138495600000
03893095;139186800000
03897828;139186800000
03889991;139446000000
03887011;139532400000
03861473;139791600000
03866686;140050800000
03912015;140655600000
03874455;140914800000
03926101;141519600000
03967255;141606000000
03892277;142038000000
03953961;142210800000
03918645;142642800000
03915237;142729200000
03872927;143334000000
03907037;144889200000
03895759;145580400000
03884133;146271600000
03913964;146703600000
03917001;146790000000
03933206;146962800000
03934604;147049200000
03893513;147913200000
03918525;148863600000
03986560;149382000000
03937284;149727600000
04037814;150332400000
04100970;150332400000
03888313;150418800000
03961669;150505200000
03930541;151628400000
03901467;152924400000
03964549;153097200000
03949812;153442800000
03958643;155948400000
03965988;156121200000
03980272;158972400000
03952808;159490800000
04013127;159577200000
03977474;160009200000
03960216;160095600000
03973631;160354800000
03974879;161564400000
03981618;161564400000
04055829;163033200000
03931930;163292400000
04005754;163292400000
04060132;163810800000
03952809;163983600000
04058253;164415600000
04121665;164502000000
03972289;165798000000
03990464;166143600000
03990517;166143600000
04047571;166662000000
03942669;166662000000
03985658;166834800000
03993138;167526000000
03927719;167612400000
03990518;169167600000
03998274;169340400000
04002229;169686000000
03993137;170377200000
03968841;171068400000
03971443;171673200000
03981232;172450800000
03945440;172710000000
03976825;172796400000
03976141;172796400000
03958644;173487600000
04011911;174265200000
03989109;175129200000
04003395;175734000000
03986559;176598000000
04015665;176598000000
04076862;176598000000
03972373;178153200000
04007793;178153200000
04015250;178844400000
03980139;179967600000
03993139;180140400000
04043397;180572400000
04034813;181522800000
03990516;181954800000
03960217;182473200000
03991829;182473200000
04009622;183682800000
03977312;183942000000
03976580;184546800000
04019582;184546800000
04037664;184806000000
04054084;185497200000
04018242;186620400000
04019584;186620400000
04020904;186793200000
04046156;186879600000
03999612;187225200000
04020905;187225200000
04019581;188089200000
04023164;189039600000
04376465;190854000000
04006948;191199600000
04085735;191458800000
04046439;191804400000
04044836;192063600000
04088193;192063600000
03993245;192150000000
04034697;192236400000
04051467;192322800000
04171020;192409200000
04077474;192668400000
04017133;193878000000
04033740;193878000000
04019583;194137200000
04036577;194137200000
04043128;194223600000
04029150;194828400000
04032091;194828400000
03998273;194828400000
04047570;195087600000
04020903;195692400000
04056017;196297200000
04091874;196297200000
04060201;196642800000
04068568;196898400000
04061192;196898400000
04078614;196898400000
04070302;197157600000
04069873;197589600000
04066064;197762400000
04064944;197848800000
04040304;198194400000
04013128;198712800000
04094361;198799200000
04113019;198972000000
04023201;199317600000
04085765;199922400000
04194572;200008800000
04099572;200268000000
04051226;200700000000
04050857;200872800000
04047572;201132000000
04087624;201132000000
04007877;201218400000
04006780;201736800000
04067392;201736800000
04079786;202428000000
04027302;202600800000
04062493;203551200000
04026465;203724000000
04023621;204156000000
04014388;204156000000
04037665;204242400000
04060096;204501600000
04031961;204933600000
04081964;205020000000
04091876;205970400000
04058167;206056800000
04088192;206316000000
04091875;206834400000
04251699;207180000000
04082148;207180000000
04099675;207180000000
04062407;207180000000
04106566;207784800000
04093818;208735200000
04083410;209253600000
04007878;209253600000
04073464;209685600000
04109727;210204000000
04440234;211413600000
04110812;211672800000
04066129;211759200000
04101887;212364000000
04025101;212799600000
04135055;213577200000
04139062;214441200000
04090567;215132400000
04058328;215391600000
04119153;215650800000
04276064;216255600000
04088194;216428400000
04105076;217465200000
04126184;217810800000
04099020;218070000000
04113020;219279600000
04143670;219279600000
04099573;219884400000
04134457;221353200000
04098343;222476400000
04108247;222994800000
04119152;223081200000
04078343;223167600000
04103272;224118000000
04091872;224118000000
04113021;224982000000
04069872;225932400000
04063595;226710000000
04177863;228006000000
04091231;228438000000
04201178;228952800000
04099574;228952800000
04121666;229557600000
04117887;229730400000
04195693;230162400000
04147216;232063200000
04170189;232236000000
04124077;232581600000
04148361;232927200000
04111362;233532000000
04149599;235692000000
04121790;235778400000
04108195;235864800000
04136740;235864800000
04134458;235951200000
04128128;236210400000
04132271;237420000000
04129185;237765600000
04151882;238197600000
04149649;238629600000
04170264;238802400000
04157733;239234400000
04140146;239407200000
04133387;239839200000
04175677;240098400000
04124076;240703200000
04167974;240789600000
04125084;242344800000
04143717;243468000000
04109726;244076400000
04091873;245372400000
04213501;246582000000
04169508;246582000000
04234432;246668400000
04189005;247705200000
04183409;247878000000
04154304;248310000000
04177152;248569200000
04194569;248914800000
04220208;248914800000
04172499;250124400000
04175703;250470000000
04159744;250470000000
04132655;250815600000
04183371;252025200000
04143545;252630000000
04143715;252889200000
04154189;253494000000
04183721;253494000000
04188856;253753200000
04176718;254962800000
04193416;254962800000
04195692;254962800000
04181469;254962800000
04183410;254962800000
04164960;256172400000
04178994;256431600000
04177716;256863600000
04197213;257468400000
04163477;257641200000
04169278;257986800000
04181179;258591600000
04162714;258764400000
04209407;259801200000
04488603;259801200000
04217961;259887600000
04177862;259974000000
04180224;260661600000
04199029;261007200000
04227577;261180000000
04168748;261266400000
04219084;261784800000
04187913;262216800000
04228858;262821600000
04237982;262821600000
04270613;262994400000
04209282;262994400000
04263971;262994400000
04223740;263599200000
04285629;264290400000
04251579;265327200000
04232742;265500000000
04187683;266450400000
04262286;266450400000
04176071;267660000000
04197914;268524000000
04197913;268869600000
04226727;269820000000
04195694;271893600000
04332368;272498400000
04256181;272844000000
04254833;273362400000
04215751;273794400000
04202646;274312800000
04224538;274658400000
04215752;274917600000
04192385;275522400000
04274491;275608800000
04234044;275695200000
04197915;275868000000
04275860;276130800000
04217959;277513200000
04231430;277945200000
04191257;278550000000
04224989;278550000000
04237182;278809200000
04224956;279154800000
04276938;279759600000
04223175;279932400000
04228859;280537200000
04214631;281314800000
04214630;281574000000
04217960;281574000000
04194570;281574000000
04255120;281660400000
04213567;282178800000
04176719;282524400000
04298068;282524400000
04271909;282783600000
04289207;287017200000
04246969;287190000000
04194571;288572400000
04286667;288918000000
04258795;289695600000
04223739;289782000000
04270612;291250800000
04286668;291510000000
04265317;292716000000
04278552;292716000000
04244426;292716000000
04253527;293061600000
04267889;293925600000
04273195;294271200000
04265194;294616800000
04250714;294616800000
04326589;295480800000
04240507;295567200000
04281718;295653600000
04276939;295653600000
04278132;296085600000
04301006;297295200000
04303395;297900000000
04336416;298245600000
04243835;298245600000
04262749;298677600000
04224994;298764000000
04279309;299455200000
04343364;300060000000
04299289;300492000000
04248309;300492000000
04248733;302392800000
04309698;302824800000
04269901;302824800000
04245478;303688800000
04328867;304034400000
04250967;305416800000
04263839;307580400000
04284144;307753200000
04532997;307839600000
04260023;308530800000
04265316;308790000000
04303534;308790000000
04336843;309135600000
04257485;309135600000
04291769;309394800000
04281717;309654000000
04316506;310258800000
04361189;310345200000
04296817;310604400000
04245660;310604400000
04285403;310950000000
04346554;311295600000
04280562;311382000000
04291195;311468400000
04315456;313196400000
04319640;313282800000
04311198;315010800000
04351394;315183600000
04341945;315442800000
04311199;316047600000
04282931;317430000000
04323118;318466800000
04337830;319071600000
04332049;319762800000
04368782;320367600000
04328868;320626800000
04337831;321231600000
04296816;321490800000
04296815;321490800000
04324078;322268400000
04324294;325116000000
04622209;325461600000
04359096;325720800000
04330086;325893600000
04323724;325980000000
04330040;326930400000
04267890;326930400000
04313501;326930400000
04346012;327103200000
04346558;327189600000
04319662;328485600000
04359097;328744800000
04305469;331768800000
04341267;331941600000
04269794;332114400000
04378920;332460000000
04570720;332719200000
04356868;333756000000
04341078;334274400000
04358045;334965600000
04492514;335397600000
04318443;336175200000
04353292;336780000000
04361190;336952800000
04378851;337212000000
04367861;337471200000
04344489;338421600000
04345654;339634800000
04359098;340412400000
04413683;340844400000
04373588;341449200000
04392412;341708400000
04356870;343350000000
04351393;343868400000
04377163;344473200000
04394868;344473200000
04393990;344559600000
04387032;345078000000
04418757;345078000000
04390315;345078000000
04356869;346028400000
04372394;346287600000
04384617;348706800000
04377209;349398000000
04367799;349916400000
04347901;350521200000
04377210;351471600000
04360802;352422000000
04393941;352508400000
04388616;352594800000
04392618;353286000000
04366866;353545200000
04424867;354837600000
04376466;354924000000
04366865;355442400000
04403661;355615200000
04401165;356565600000
04436159;357516000000
04423784;357948000000
04427074;359330400000
04499952;359935200000
04446923;360885600000
04428434;361749600000
04405018;362181600000
04390069;363218400000
04404923;363909600000
04458239;363996000000
04418336;364168800000
04451178;364514400000
04411318;364600800000
04419535;365378400000
04424133;369957600000
04398605;370044000000
04350206;370566000000
04410045;371084400000
04465141;371775600000
04449589;372034800000
04406797;373590000000
04380269;373849200000
04372395;374108400000
04482018;375490800000
04433733;376786800000
04402364;377391600000
04433985;377737200000
04453155;377910000000
04439329;378342000000
04420047;378342000000
04449588;380156400000
04436160;380415600000
04448256;381020400000
04464267;381366000000
04487266;381366000000
04477694;381970800000
04463346;382662000000
04482123;382921200000
04503675;383526000000
04466489;383958000000
04482017;384476400000
04410882;384994800000
04453672;385686000000
04434855;386287200000
04433732;386892000000
04469198;387756000000
04474245;389311200000
04383579;390520800000
04485877;393458400000
04378611;393544800000
04460128;394063200000
04436487;394149600000
04417626;395272800000
04497373;397173600000
04437611;398901600000
04787459;398901600000
04586570;402102000000
04610310;402188400000
04476937;402879600000
04462319;404521200000
04520871;405298800000
04527635;405730800000
04505335;405903600000
04474350;407631600000
04553602;410569200000
04491182;410569200000
04469183;411001200000
04484634;411001200000
04487137;411951600000
04508175;412210800000
04512412;412988400000
04527634;414198000000
04492525;414370800000
04505336;415234800000
04524835;415234800000
04481119;416185200000
04474680;416444400000
04509601;417823200000
04536298;417823200000
04506738;419464800000
04497374;422488800000
04434784;422488800000
04506737;422661600000
04483314;423957600000
04465288;424562400000
04519458;425167200000
04821805;425599200000
04481933;425685600000
04520348;426895200000
04552221;428104800000
04511003;428277600000
04520717;429141600000
04539898;429141600000
04563287;429832800000
04520872;430956000000
04532996;431128800000
04535846;431647200000
04489647;431906400000
04779683;432943200000
04601344;433638000000
04620598;434329200000
04540013;434847600000
04611290;435538800000
04526234;435538800000
04606832;436748400000
04548274;437007600000
04607702;441500400000
04593855;443746800000
04580638;443833200000
04531588;444870000000
04560007;444870000000
04541947;445215600000
04588510;447462000000
04557289;449100000000
04503915;449877600000
04609048;451087200000
04589496;452124000000
04612239;452988000000
04624320;453333600000
04577544;453333600000
04793557;453420000000
04592301;453592800000
04594167;454024800000
04589614;454197600000
04597450;454284000000
04588523;454629600000
04568025;454888800000
04570719;454888800000
04633967;455148000000
04645487;455234400000
04630684;456357600000
04651832;456530400000
04627498;457912800000
04596483;458258400000
04684037;458258400000
04569399;458344800000
04576237;458776800000
04650002;459381600000
04648460;459640800000
04609047;459986400000
04566542;460332000000
04616711;462405600000
04552222;462578400000
04597451;463183200000
04585070;464220000000
04561459;464220000000
04646846;464479200000
04611665;464479200000
04591000;464997600000
04674686;465170400000
04585069;466902000000
04616694;467247600000
04646848;467593200000
04650004;467852400000
04646847;468111600000
04625808;469839600000
04537528;470358000000
04619328;470444400000
04553603;472690800000
04616710;472950000000
04694119;473295600000
04619327;473900400000
04567948;475196400000
04580729;475196400000
04610311;475196400000
04897207;475714800000
04676319;475887600000
04655294;476924400000
04556341;477615600000
04630682;477788400000
04646486;478134000000
04586687;478134000000
04678041;479602800000
04618001;479948400000
04617174;480121200000
04650003;481932000000
04658716;482104800000
04619553;483141600000
04653396;484264800000
04596289;484524000000
04645009;484783200000
04657086;484956000000
04641711;486684000000
04632314;486770400000
04660648;486770400000
04637472;486856800000
04662455;487202400000
04601345;487202400000
04665993;487375200000
04583597;487548000000
04648461;489016800000
04591462;489189600000
04662454;490917600000
04671472;491176800000
04736801;491436000000
04590999;491436000000
04640461;491695200000
04620500;492645600000
04763731;493336800000
04669548;494114400000
04602611;495669600000
04623023;495842400000
04643260;496533600000
04598893;497228400000
04791414;498178800000
04614237;498178800000
04653591;498438000000
04648459;499474800000
04634833;500252400000
04658906;500598000000
04630683;501462000000
04697740;502585200000
04706760;503794800000
04668407;504140400000
04755687;504226800000
04664199;504399600000
04658907;504745200000
04676025;505004400000
04671362;505522800000
04648462;505522800000
04637473;506214000000
04618002;506214000000
04664197;506732400000
04726426;506905200000
04750142;507164400000
04638866;507510000000
04664198;507769200000
04675541;508114800000
04696347;509065200000
04732181;509324400000
04785725;509842800000
04676320;509929200000
04627497;509929200000
04680937;510188400000
04715448;510447600000
04691783;510447600000
04722358;510966000000
04819733;511657200000
04675203;513295200000
04688643;513554400000
04688644;513813600000
04755422;514072800000
04732216;514418400000
04697643;514418400000
04729434;515023200000
04703808;515023200000
04699597;515109600000
04671315;515109600000
04706758;516492000000
04725370;517096800000
04715447;517701600000
04635729;518133600000
04657085;518220000000
04765413;518738400000
04739835;519861600000
04760886;520034400000
04700894;520725600000
04770794;521071200000
04706759;521416800000
04699217;521676000000
04845629;521935200000
04738189;522280800000
04776403;522540000000
04702322;522626400000
04722401;523490400000
04693320;523749600000
04741403;523836000000
04705064;524181600000
04723691;524440800000
04718498;524700000000
04796710;526255200000
04923621;526514400000
04836290;527292000000
04801090;529023600000
04830115;530838000000
04798917;531097200000
04816186;531356400000
04738314;531529200000
04832265;532652400000
04779801;532738800000
04757865;532738800000
04770251;533170800000
04718497;533257200000
04719973;533257200000
04791994;534121200000
04811804;534380400000
04763732;536886000000
04826610;537663600000
04813487;538095600000
04836472;538700400000
04802535;538700400000
04839065;538959600000
04711307;539478000000
04756839;539823600000
04709763;540169200000
04800961;540601200000
04766961;541638000000
04785888;541638000000
04785887;541724400000
04834187;542415600000
05083617;542588400000
04773485;543106800000
04836292;544140000000
04815694;544140000000
04838356;544312800000
04811793;544399200000
04805701;544744800000
04872511;545263200000
04880063;545263200000
04787460;545608800000
04771270;546127200000
04854389;546645600000
05038867;547250400000
04836291;548546400000
04854388;549151200000
04805700;549237600000
04822003;549496800000
04849117;550879200000
04775012;551311200000
04804046;551916000000
04815541;551916000000
05193622;552175200000
04830116;552520800000
04858695;553125600000
04856834;553298400000
04830114;553471200000
04934629;553816800000
04782564;554335200000
04807706;554680800000
04822498;555112800000
04818970;555804000000
04811796;556149600000
04909329;556754400000
04830762;557532000000
04819732;558050400000
04801404;558309600000
04791993;559954800000
04859349;560732400000
04828038;560732400000
04834186;561596400000
04830421;561855600000
04852656;562806000000
04830790;562978800000
04804482;563151600000
04856596;564102000000
04860832;564966000000
04814766;565830000000
04805702;566521200000
04830118;567298800000
04830117;567298800000
04909328;567730800000
04886233;567817200000
04781252;568508400000
04862968;568854000000
04856762;572223600000
04893679;573174000000
04903573;573433200000
04904398;574297200000
04887674;574988400000
04834188;575161200000
04899826;575247600000
04930578;575762400000
04822524;575848800000
04913835;577922400000
04836939;578095200000
05031701;578181600000
04865761;578786400000
05092407;578786400000
04978460;579391200000
04889189;579736800000
04881601;579909600000
04899825;580428000000
04949794;581032800000
04872512;581032800000
04898246;582156000000
04930826;582415200000
04917193;582760800000
04901799;583106400000
04849739;583624800000
04893730;583711200000
05099925;584056800000
04936389;585180000000
04886122;585525600000
04986363;585871200000
04905765;588204000000
04890677;588376800000
04968441;589586400000
05174383;589672800000
04944460;589759200000
04895273;589759200000
04907654;590018400000
04895208;590882400000
04896728;591231600000
04893681;591490800000
04879050;592009200000
04954271;592095600000
04938294;592700400000
04893680;593046000000
05014790;593132400000
04979638;593650800000
04936388;594946800000
04926946;594946800000
04964470;595119600000
04905766;595638000000
04970936;596070000000
05263543;596415600000
05031834;597020400000
05021219;597538800000
04875526;597625200000
04979571;597884400000
04983326;598748400000
04971728;598748400000
04991658;599180400000
04915853;599266800000
04950410;599439600000
04872513;601081200000
04899962;601772400000
05013214;602722800000
04938292;604623600000
04961865;605142000000
04976319;605142000000
05109534;605919600000
04953623;606006000000
04979572;606351600000
04899827;606438000000
04986365;606952800000
04977963;608162400000
04991655;608162400000
04982915;608162400000
05072792;608421600000
04892087;610236000000
05115947;611272800000
04991657;611272800000
04981179;611272800000
04925057;611877600000
05249631;611964000000
04976320;612050400000
04915127;612136800000
05224550;612136800000
05211246;612482400000
04973405;612655200000
04973403;613087200000
04947736;613346400000
04958554;613605600000
04984637;614556000000
04992310;614815200000
04982798;616197600000
04953624;616629600000
04986366;616802400000
04928773;616975200000
05030085;617407200000
05027905;617407200000
05018585;618012000000
04938293;618444000000
04987958;618444000000
04923013;619048800000
04951754;619048800000
05009244;619308000000
04956218;619308000000
04993495;619394400000
04930579;619394400000
05103846;620431200000
04951755;620517600000
04964471;620604000000
04964574;621813600000
04997046;622245600000
05002318;622940400000
05040609;623458800000
05001017;623545200000
05022468;624236400000
05018584;624841200000
04947886;625273200000
05020689;625446000000
04987957;625446000000
04958687;625791600000
05016715;625964400000
05089190;626914800000
05124053;627606000000
04986364;628729200000
05062486;628988400000
05010959;628988400000
05093013;629334000000
05094298;629420400000
04998587;629679600000
05056602;630025200000
05054688;630111600000
05053967;630111600000
04993496;631753200000
05055825;631753200000
05018586;633308400000
05132030;633308400000
04957169;634258800000
04964469;635554800000
05031702;635986800000
05046564;636246000000
05113947;636332400000
05056603;636591600000
04989675;636937200000
04981178;637542000000
05040610;637801200000
05082575;638060400000
04972910;638060400000
05020601;638402400000
04991656;638748000000
05052494;639180000000
04993497;639352800000
05009890;639784800000
05053147;640562400000
05053146;640908000000
05154161;641426400000
05086846;641599200000
05050683;642636000000
05061383;643240800000
05052493;643586400000
05062996;644623200000
05044445;644709600000
05062487;644709600000
05097906;645055200000
05083616;645055200000
05120152;646264800000
05119877;648338400000
05036924;648856800000
05117917;648943200000
05080177;648943200000
05061382;649288800000
05036923;649288800000
05040611;650757600000
05232053;651448800000
05038866;651708000000
05040612;652399200000
05058809;652658400000
05109929;652658400000
05123490;653608800000
05083618;654127200000
05064392;654127200000
05249632;654300000000
05174384;654822000000
05102557;655081200000
05135054;655081200000
05305957;655686000000
05085278;655945200000
05099976;656290800000
05115867;657241200000
05069291;657241200000
05088560;657414000000
05188186;658710000000
05063998;658969200000
05154233;660265200000
05080176;660783600000
05113944;661734000000
05090482;662166000000
05145014;662338800000
05127479;662598000000
05160774;662598000000
05113946;662770800000
05055208;662770800000
05069290;663202800000
05153722;663807600000
05146996;663980400000
05125548;664498800000
05070945;664498800000
05085786;664671600000
05125458;665017200000
05150822;665190000000
05199582;665190000000
05161621;665881200000
05113945;665881200000
05096679;665881200000
05154237;666399600000
05485884;667004400000
05119878;668646000000
05123491;668991600000
05135055;669250800000
05097907;669337200000
05115868;669423600000
05167285;669510000000
05105893;669510000000
05152344;669855600000
05129386;670802400000
05117916;671148000000
05146987;671148000000
05158144;671407200000
05220131;671666400000
05152346;671839200000
05211118;671925600000
05115869;672444000000
05186260;672530400000
05165483;673048800000
05159984;673221600000
05146995;673480800000
05076311;673740000000
05156212;674776800000
05211336;674949600000
05365980;675381600000
05508922;675468000000
05180018;675468000000
05161614;675640800000
05091097;676072800000
05195593;676245600000
05165482;676504800000
05250200;676504800000
05215222;676591200000
05207779;677109600000
05131474;677196000000
05119887;677196000000
05188185;677282400000
05113948;677455200000
05184683;677455200000
05172767;677455200000
05183117;678060000000
05153567;678319200000
05211245;678319200000
05121797;678924000000
05183116;679183200000
05257827;679528800000
05261494;679701600000
05154232;679874400000
05154238;679874400000
05096389;679874400000
05163516;680392800000
05184684;680738400000
05152345;681602400000
05195594;681948000000
05191940;682812000000
05203416;683503200000
05205784;683503200000
05240078;684712800000
05159983;684972000000
05165484;685058400000
05188184;685144800000
05103916;685576800000
05198611;685576800000
05247999;685749600000
05325927;686185200000
05199499;686271600000
05154234;686358000000
05195596;686444400000
05154236;686530800000
05195592;686530800000
05238071;687049200000
05163517;688690800000
05188257;688863600000
05154235;689900400000
05183102;690159600000
05190110;690418800000
05137094;690678000000
05253716;691196400000
05368105;692406000000
05402852;692492400000
05244021;692578800000
05228520;693010800000
05297635;693183600000
05236049;693529200000
05232308;695516400000
05197548;695948400000
05368265;696812400000
05207276;697158000000
05205711;699231600000
05303778;700700400000
05275243;700959600000
05158138;701391600000
05234059;701564400000
05199500;701906400000
05297636;701992800000
05368106;702511200000
05276433;703116000000
05259454;703202400000
05348100;703375200000
05355962;704066400000
05275244;704412000000
05327732;704412000000
05366022;704498400000
05215221;705189600000
05331956;707004000000
05282737;707522400000
05320185;708559200000
05393438;708645600000
05415239;710632800000
05344193;711237600000
05257643;713138400000
05195595;713570400000
05402967;714002400000
05351760;714088800000
05409066;714088800000
05279481;714693600000
05291952;714693600000
05277256;715903200000
05242023;716421600000
05330009;716594400000
05304313;717372000000
05269378;717807600000
05255747;717894000000
05295503;717980400000
05273119;718239600000
05464544;718498800000
05282932;719449200000
05275763;720054000000
05337830;720226800000
05513708;720313200000
05713417;720658800000
05384125;722127600000
05312041;724978800000
05351891;725151600000
05291951;725497200000
05299645;726274800000
05315292;726706800000
05247998;728002800000
05391721;728780400000
05301756;729126000000
05232052;729212400000
05314027;729471600000
05355026;729471600000
05377765;730335600000
05348099;730422000000
05320138;731113200000
05323861;731890800000
05354029;731890800000
05361847;732927600000
05330105;733100400000
05326053;733442400000
05287702;733615200000
05396960;733701600000
05385208;734652000000
05370189;734652000000
05447203;735170400000
05390744;735256800000
05458201;735516000000
05366021;735516000000
05372203;736120800000
05488995;736120800000
05335734;736466400000
05445226;736466400000
05373932;737676000000
05398467;737676000000
05273060;737935200000
05350019;738540000000
05395087;738885600000
05329785;739490400000
05427181;740008800000
05299646;740700000000
05425886;740786400000
05449041;740872800000
05493820;741909600000
05411100;742082400000
05340490;742600800000
05590719;742860000000
05460228;743119200000
05390580;743896800000
05490566;744847200000
05398765;746143200000
05353879;746229600000
05379610;746316000000
05390729;746316000000
05397080;746834400000
05353880;747007200000
05458202;747525600000
05425426;747957600000
05423385;747957600000
05437332;748130400000
05467827;748476000000
05396959;748476000000
05495894;749084400000
05451016;749862000000
05425505;750466800000
05404957;750898800000
05327976;751158000000
05382389;751503600000
05381900;751676400000
05494112;751849200000
05469920;752713200000
05377872;752799600000
05423150;752799600000
05373989;752886000000
05548276;754614000000
05461874;755218800000
05476146;756342000000
05464064;756601200000
05439028;757206000000
05374133;757206000000
05421127;757206000000
05584345;757897200000
05509437;758329200000
05494114;758847600000
05518075;759106800000
05392993;759106800000
05607020;759366000000
05494113;760057200000
05377912;760575600000
05503231;760575600000
05486811;760748400000
05511535;761180400000
05415233;761266800000
05549259;761439600000
05464065;761871600000
05409067;762390000000
05509485;762735600000
05441113;763167600000
05419497;763686000000
05562162;764204400000
05553673;764290800000
05450906;765410400000
05386917;765583200000
05651417;765583200000
05588492;765669600000
05481834;765756000000
05497833;765756000000
05511621;765756000000
05447338;766965600000
05501284;766965600000
05622225;767052000000
05518696;767484000000
05497834;767570400000
05687796;767570400000
05505266;767916000000
05555940;767916000000
05495893;768520800000
05531275;769384800000
05560429;769384800000
05423384;769816800000
05501282;770421600000
05548933;771544800000
05573068;771544800000
05490567;772322400000
07083742;772927200000
05654684;773013600000
05540285;773359200000
05535829;773618400000
05575341;773877600000
05505265;774482400000
05575340;775260000000
05507350;775432800000
05533576;775692000000
05511622;775692000000
05750927;776642400000
05562163;778111200000
05518074;778975200000
05610359;779493600000
05588493;779493600000
05497855;779580000000
05626194;780012000000
05664630;780879600000
05579846;780879600000
05573067;781225200000
05588987;782089200000
05632337;782607600000
05746396;782694000000
05492180;783039600000
05492179;783039600000
05441114;783039600000
05505383;783730800000
05628367;784249200000
05534164;785113200000
05609787;785113200000
05573065;785545200000
05562235;785545200000
05617922;786495600000
05555938;787186800000
05634304;787446000000
05573300;787791600000
05575338;788742000000
05573066;789951600000
05628368;790642800000
05503526;790815600000
05540284;791593200000
05632339;792370800000
05653291;792802800000
05628459;793321200000
05669449;793926000000
05615743;794012400000
05582776;796341600000
05676210;796428000000
05575339;796600800000
05641024;796600800000
05515691;796600800000
05465795;796860000000
05564505;797637600000
05640058;797724000000
05626786;798069600000
05582254;798328800000
05566766;798674400000
05816328;798674400000
05697450;799020000000
05615742;799452000000
05609212;799452000000
05613773;799538400000
05616057;799624800000
05657824;799624800000
05632340;799624800000
05702299;800143200000
05676712;800575200000
05982274;800575200000
05623995;801266400000
05570745;801871200000
05759430;801957600000
05645128;802303200000
05794889;802389600000
05816332;802389600000
05797421;802476000000
05607021;802562400000
05528984;803685600000
05609210;803944800000
05628066;804031200000
05664631;804204000000
05626787;804808800000
05617923;804981600000
05732778;805586400000
05826663;806277600000
05660236;806277600000
05794706;806709600000
05727634;806882400000
05613564;807141600000
05636755;807746400000
05585047;808437600000
05613563;808437600000
05577561;808437600000
05632338;809820000000
05551517;810252000000
05849210;810770400000
05562164;811116000000
05667017;811288800000
05842526;812070000000
05584344;812415600000
05609211;812415600000
05785127;812847600000
05560430;813970800000
05590718;814057200000
05857627;814143600000
05555939;814748400000
05585028;815180400000
05655608;815266800000
05638906;816390000000
05649599;816994800000
05632341;817426800000
05833874;818118000000
05810090;818377200000
05590717;818636400000
05593092;818809200000
05727635;818809200000
05718293;818982000000
05713524;819500400000
05673755;819586800000
05667018;820537200000
05845714;821746800000
05726637;821746800000
05775430;822351600000
05833007;822870000000
05645129;823474800000
05775432;823474800000
05638907;824770800000
05642784;824857200000
05722599;824857200000
05738174;825548400000
05803180;825894000000
05687914;825980400000
05664688;827017200000
05797457;828054000000
05740867;828482400000
05749420;828568800000
05787989;828568800000
05779158;829605600000
05775596;829778400000
06113004;829864800000
05810089;829864800000
06129154;830124000000
05806603;830124000000
05785126;830210400000
05647438;830383200000
05857525;830383200000
05732779;831420000000
05794704;831506400000
05810091;831506400000
05597044;831679200000
05820027;832024800000
05803596;832284000000
05676190;832456800000
05699862;834012000000
05775434;834703200000
05649598;835221600000
05613562;835567200000
05862994;835653600000
05779537;836517600000
05829533;838072800000
05678638;838332000000
05839664;838764000000
05788158;838764000000
05836398;839196000000
05727737;839196000000
05655675;839368800000
05810263;839800800000
05808541;839973600000
05651416;840664800000
05778984;841096800000
05913367;841960800000
05765644;841960800000
05806601;842306400000
05775431;842392800000
05799735;842997600000
05845713;842997600000
05984015;843084000000
05718294;843170400000
05871055;843602400000
05865256;843602400000
05894891;843775200000
05934379;844293600000
05704428;844639200000
05850876;844639200000
05732511;845589600000
05685376;845676000000
05913366;845848800000
05842524;846108000000
05720351;846630000000
05967237;846716400000
05743337;847062000000
05762144;847234800000
05816333;847753200000
05836397;848271600000
05692571;848530800000
05816331;849049200000
05762145;849567600000
05771977;850690800000
05806602;850777200000
05826664;851036400000
05894893;851036400000
05678637;851209200000
05890549;851295600000
06003782;851986800000
05857526;852159600000
05764716;852505200000
05921322;853110000000
05864287;853974000000
06267183;854060400000
05794707;854319600000
05979566;854319600000
05890657;854406000000
05899278;855097200000
05871056;855183600000
05753257;855702000000
05934380;856306800000
05909983;856479600000
06009953;856825200000
05918680;856911600000
05868205;856998000000
05927406;857084400000
05887662;857430000000
05856587;857516400000
05829532;857689200000
05839667;858121200000
05793280;859244400000
05860479;859244400000
05947207;859759200000
05884709;859759200000
05945026;859932000000
06029750;860536800000
05909776;861141600000
05992528;861228000000
05833006;861314400000
05899277;861314400000
05848649;861660000000
05957211;861660000000
05979564;861746400000
05865257;861832800000
05845715;861919200000
06076545;862264800000
05738175;862351200000
05957212;862956000000
05853050;862956000000
05826665;863128800000
05881819;863560800000
06074176;863733600000
06116347;863733600000
06065547;864338400000
05829809;864684000000
06019176;865288800000
05899275;865288800000
05957210;865375200000
05848650;866066400000
05915479;866066400000
05944113;866412000000
05904190;866498400000
05848651;866757600000
05921323;867103200000
05894892;867189600000
05924492;867794400000
05884710;868226400000
06077081;868572000000
05881817;869176800000
05990789;869695200000
05899414;869781600000
05878819;870300000000
05883568;870732000000
05833005;871509600000
05794705;872632800000
05848652;872632800000
06076610;872805600000
05992531;873151200000
05842525;873669600000
05993682;873756000000
05909775;873842400000
05899276;873842400000
05915480;874533600000
05947208;875397600000
05967238;875743200000
06105583;876088800000
05881818;876088800000
05845716;876261600000
05918679;876780000000
05862867;876952800000
06065545;877557600000
06036118;877644000000
05848752;877644000000
05871057;878166000000
05909777;878252400000
05816330;878684400000
05890543;879116400000
06125941;879289200000
05941315;879721200000
05906176;880326000000
05919393;880412400000
05971080;880498800000
06142238;880671600000
06003608;881535600000
06024174;881881200000
05893418;882140400000
05992529;882226800000
05960887;882226800000
06131667;882399600000
05931233;882486000000
05996700;884818800000
05934568;884905200000
05967239;885250800000
05984016;885423600000
05944114;885769200000
05890544;885942000000
06086052;885942000000
06024889;886028400000
06319573;886633200000
06029751;886719600000
05868477;886719600000
05988264;887151600000
05908074;887583600000
05979563;887670000000
06003610;887670000000
06637518;887670000000
05902028;887842800000
06104301;887842800000
06009954;888188400000
05934381;888188400000
06158522;888274800000
06039123;888534000000
06082464;888966000000
06059046;889052400000
06489256;889138800000
05936531;889138800000
06146544;889398000000
05944112;889570800000
06102128;889657200000
05941314;890348400000
06102308;891468000000
05958117;891554400000
05996699;891554400000
05992530;891986400000
05918681;892072800000
06089325;892504800000
06000474;892677600000
06024175;892764000000
06065546;892764000000
05967240;893023200000
06012531;893023200000
06021852;893282400000
05960888;893282400000
05887584;893628000000
06076608;894837600000
06012532;894924000000
05989446;894924000000
06004890;894924000000
05975475;895096800000
06029749;895442400000
06000473;895442400000
06068205;895528800000
06062316;895788000000
06050343;896652000000
06138767;897602400000
06119785;897861600000
06044911;897861600000
05944091;897948000000
06024177;899848800000
05971081;900280800000
06095251;900367200000
06073700;900453600000
06053256;900626400000
06138768;900626400000
06155351;900885600000
06059045;900972000000
06032745;901144800000
06102127;901231200000
06006842;901749600000
06003609;901836000000
05975213;902354400000
05992532;902786400000
06105676;902959200000
06059044;903045600000
06006840;904168800000
06079501;904687200000
06189624;905205600000
06533041;905292000000
06024176;905464800000
06962207;905464800000
05954138;905724000000
06039124;905983200000
06044910;905983200000
06016874;906415200000
06085586;906588000000
06173790;907106400000
06082465;907192800000
06152236;907538400000
06092911;907538400000
06048805;907624800000
06378617;907624800000
06167971;907624800000
06047777;908488800000
06343615;909615600000
06502643;909961200000
06079502;910306800000
06095252;910911600000
06105678;911257200000
06019177;911343600000
06125940;911430000000
06116520;911948400000
06098718;912553200000
06026907;913071600000
06302218;913676400000
06262128;913762800000
06075447;913849200000
06082463;913935600000
06173739;914886000000
06112824;914972400000
06123153;914972400000
06035940;915058800000
06119784;915750000000
06488097;915750000000
06123154;915750000000
06221263;916527600000
06195002;916959600000
06302146;916959600000
06318475;917218800000
06158520;917564400000
06109360;917996400000
06044913;918687600000
06044912;920329200000
05979565;920415600000
06112822;920415600000
06129153;920415600000
06161623;920588400000
06051154;921020400000
06132309;921020400000
06125942;921106800000
06089324;921452400000
06364026;921625200000
06237694;921711600000
06068057;921711600000
06209655;922057200000
06112820;922143600000
06076609;922143600000
06109359;922143600000
05992544;922402800000
06230751;922744800000
06158476;922744800000
06296808;922744800000
06456903;923436000000
06105677;923868000000
06182714;923868000000
06089326;924127200000
06749027;924127200000
06012533;924127200000
07165624;924127200000
06102066;925077600000
06182768;925336800000
06216963;925336800000
06164382;925423200000
06056063;925855200000
06189625;925941600000
06158521;926028000000
06189622;926373600000
06145599;927324000000
06047694;927496800000
06068058;927669600000
06199770;927756000000
06202755;928360800000
06125928;929311200000
06245252;930607200000
06006841;930607200000
06138766;931212000000
06116348;931384800000
06112819;931989600000
06527058;934236000000
06398136;934754400000
06164383;934840800000
06109361;935359200000
06158670;935618400000
06536534;936655200000
06138994;936828000000
06317053;936914400000
06298922;937260000000
06164381;937432800000
06357532;937519200000
06112821;938642400000
06960321;938728800000
06561281;939420000000
06182868;939679200000
06227232;940370400000
06155921;941670000000
06112823;942102000000
06367559;942188400000
06131666;942620400000
06173791;942706800000
06192990;943311600000
06161624;943830000000
06333689;943916400000
06289995;944002800000
06214253;944089200000
06216790;944694000000
06283220;944780400000
06123508;945039600000
06131822;945212400000
06182767;945644400000
06189623;945644400000
06415870;946422000000
06231778;946422000000
06223827;946422000000
06230815;947458800000
06279663;947458800000
06390203;947545200000
06158519;948150000000
06257341;948409200000
06349774;948754800000
06230816;948841200000
06276459;949359600000
06318564;949618800000
06318474;949618800000
06186241;949964400000
06225914;950050800000
06241024;950137200000
06371213;950569200000
06346203;950569200000
06340060;951174000000
06354320;951865200000
06342004;951865200000
06305621;951865200000
06974785;951951600000
06308784;952383600000
06551951;952902000000
06336509;953161200000
06341655;953247600000
06263974;953852400000
06345670;953852400000
06347669;953852400000
06216793;953852400000
06293348;954108000000
06216792;954108000000
06296062;954280800000
06454540;954453600000
06311781;954712800000
06279664;954712800000
06981659;954885600000
06884160;955058400000
06314754;955922400000
06886640;955922400000
06431465;956008800000
06374919;956008800000
06298945;956268000000
06367560;956786400000
06929674;956872800000
06336594;957477600000
06334315;957736800000
06244523;957823200000
06286604;957823200000
06484809;957823200000
06394188;957823200000
06340059;957823200000
06386293;957823200000
06725940;957909600000
06217009;958341600000
06371384;958428000000
07007761;958600800000
06276460;959032800000
06585054;959292000000
06340058;959637600000
06334490;960328800000
06305620;960760800000
06557645;960847200000
07140552;960933600000
06374920;961020000000
06425537;961106400000
06601604;961365600000
06488098;961452000000
06454017;961970400000
06257340;961970400000
06216791;961970400000
07079113;962834400000
06276461;963266400000
06336510;963784800000
06964307;963784800000
06209654;963957600000
06478979;963957600000
06450265;964044000000
06352648;964389600000
06404629;964994400000
06189620;964994400000
06406618;965167200000
06357531;965253600000
06474420;965426400000
06360825;965685600000
06209593;965772000000
06360968;965772000000
06318473;966549600000
06902009;966808800000
06443233;967068000000
06659187;967154400000
06241164;967672800000
06615927;967759200000
06578639;967759200000
06340177;968623200000
06513602;968796000000
06352121;968968800000
06419027;969228000000
06942040;969314400000
06402975;969487200000
06401829;970092000000
06396404;970092000000
06425283;970178400000
07032681;970264800000
06422320;970437600000
06645390;970610400000
06311780;971301600000
06446732;971301600000
06341616;971647200000
06514137;971647200000
06267788;971647200000
06321768;971647200000
06626375;971906400000
06315219;971992800000
06450264;972511200000
06572948;972946800000
06702032;972946800000
07140449;973810800000
06651900;974674800000
06549827;974674800000
06401830;974761200000
06540261;975366000000
06371212;975366000000
06244353;975625200000
06564877;975625200000
07172031;977180400000
06311779;977266800000
06446731;977266800000
06283221;977958000000
06418752;977958000000
06581694;978044400000
06405805;978562800000
06605254;978908400000
06641059;979081200000
06651751;979858800000
06450266;980290800000
06571882;980377200000
06394534;980809200000
06988558;980982000000
06537346;981673200000
06983805;981673200000
06427779;982105200000
06540029;982882800000
06481644;983142000000
07458427;983314800000
06443173;983746800000
06382582;983746800000
06776920;984006000000
06644595;984092400000
06805203;984610800000
06378616;984697200000
06536533;984697200000
06415871;985644000000
06517009;985903200000
06868915;985989600000
06412567;986248800000
06619404;986421600000
06607038;986421600000
06540028;986853600000
06585055;986940000000
06510901;987026400000
06554077;987026400000
06598802;987544800000
06470805;988581600000
06830109;988668000000
06439315;988840800000
06591861;989186400000
06401487;989532000000
06491109;989532000000
06962208;989791200000
06528544;989877600000
06422319;989877600000
06725941;990136800000
06521362;990396000000
06575252;991087200000
06622801;991605600000
06516893;991692000000
06655613;992556000000
06719065;992901600000
06715561;993765600000
06796382;994024800000
06666277;994024800000
06866103;994888800000
06648077;994888800000
06740250;994975200000
06722216;995320800000
06681863;995493600000
06695068;995839200000
06488094;996012000000
06899184;996444000000
06763894;996616800000
06889776;997048800000
06578602;997394400000
06808025;997912800000
06624096;998258400000
07228916;998949600000
06581878;999554400000
06732810;999640800000
06637519;1000072800000
06758282;1000764000000
06378618;1000764000000
06601653;1000764000000
06641286;1001368800000
06810910;1002578400000
06502421;1002664800000
06543547;1002664800000
06896066;1003701600000
06520265;1003788000000
06851482;1004569200000
06564973;1004655600000
07156184;1005519600000
06860331;1005692400000
06488099;1006124400000
07080694;1006210800000
06745957;1006988400000
06702033;1006988400000
06772845;1007074800000
06644415;1007074800000
06635172;1008111600000
06560991;1008543600000
06810964;1008543600000
06491110;1008889200000
RE039081;1009926000000
06691790;1009926000000
06474086;1010012400000
06889912;1010098800000
06761225;1010444400000
07100701;1010962800000
06675110;1011049200000
06612373;1011222000000
06666278;1011654000000
07210537;1011740400000
06622800;1011913200000
06708771;1012345200000
06733004;1012777200000
06746325;1012950000000
07608208;1013122800000
06981555;1013382000000
07381696;1013554800000
06557374;1014073200000
06523616;1014332400000
06889774;1014764400000
06824076;1014764400000
06997267;1014937200000
06669111;1016060400000
06978845;1016146800000
06634432;1016751600000
06868916;1017010800000
06915965;1017183600000
07153446;1017270000000
06543393;1017356400000
06739400;1017698400000
07066273;1017957600000
07004261;1017957600000
06786286;1018216800000
06732808;1018562400000
06810966;1018821600000
06644414;1019426400000
06732951;1019858400000
06854668;1020031200000
07048207;1021327200000
06645391;1021845600000
06985081;1022191200000
06920937;1022536800000
06668939;1023141600000
06959736;1023314400000
06860332;1023919200000
06772562;1024264800000
06976544;1024351200000
06698522;1024610400000
06851483;1026338400000
06634433;1026424800000
06685104;1026856800000
06899189;1027029600000
06663017;1027461600000
06672397;1027893600000
06588286;1027980000000
06732807;1027980000000
06739174;1027980000000
06797508;1028066400000
06935433;1028066400000
06684959;1028239200000
06866512;1028584800000
06907938;1028671200000
06808128;1028844000000
06786426;1029189600000
07080695;1029535200000
06889775;1029794400000
06814150;1030312800000
07185829;1031176800000
06755379;1031176800000
06948566;1031608800000
07070002;1031608800000
06752217;1031781600000
06915861;1032300000000
07090028;1032386400000
06766863;1032472800000
06896067;1032732000000
06622966;1032732000000
06742599;1033336800000
06745847;1034028000000
06840457;1034028000000
06679337;1034287200000
06810965;1034632800000
06708772;1034632800000
06766864;1034632800000
07191845;1034632800000
07231808;1034805600000
06953160;1034805600000
06742305;1034892000000
07188679;1035151200000
06952169;1035237600000
06769492;1035324000000
06699563;1035410400000
06629569;1035496800000
06676081;1035759600000
06688664;1036018800000
07028782;1036105200000
06588512;1037055600000
07108074;1037228400000
06752218;1037228400000
07562716;1037746800000
06845823;1037833200000
06688402;1037919600000
06816072;1039042800000
06868917;1039129200000
06889773;1039388400000
06799639;1039647600000
07213872;1039734000000
06769493;1040166000000
06915860;1040598000000
06761226;1040598000000
06834728;1040598000000
06732809;1041548400000
06840331;1041548400000
06739399;1041980400000
06841125;1042585200000
07143775;1042671600000
07070704;1042671600000
07140381;1042671600000
06755259;1042758000000
06832604;1043190000000
07114575;1043190000000
06755258;1043622000000
06945509;1043708400000
06836217;1043794800000
06857478;1043794800000
06918447;1043967600000
07184862;1044918000000
07162332;1044918000000
06922615;1044918000000
07127331;1044918000000
07325622;1045090800000
06945468;1045695600000
07093666;1045695600000
06871802;1046300400000
06991041;1046386800000
06840329;1046905200000
06819237;1047250800000
07819201;1047337200000
06929073;1047855600000
06810963;1048114800000
06860333;1048806000000
07104337;1049148000000
06994282;1049234400000
06964379;1049666400000
06977596;1049839200000
06719214;1049925600000
07143776;1049925600000
07223351;1050530400000
06866102;1051480800000
06849194;1052690400000
07036603;1052690400000
07055612;1052949600000
06848513;1052949600000
06960074;1055109600000
07124834;1056405600000
07207501;1056492000000
07540118;1057269600000
06971451;1057615200000
07096965;1058306400000
07516800;1058738400000
07237619;1058911200000
07048068;1058911200000
07055615;1059516000000
07070122;1059948000000
06843433;1060034400000
07182881;1060812000000
07273189;1060898400000
06824073;1061330400000
07182144;1061416800000
06973975;1061762400000
06886639;1062108000000
07011164;1062540000000
07708082;1062626400000
07441565;1062626400000
06907940;1063231200000
07028783;1063317600000
06981554;1063404000000
06811188;1064181600000
07107129;1064268000000
07081815;1064268000000
06948567;1064268000000
07017868;1064354400000
06783102;1064527200000
07455120;1064527200000
07464766;1065045600000
06814031;1065650400000
07017673;1065736800000
06845784;1066168800000
06955226;1066255200000
07644775;1066341600000
07025285;1066687200000
RE040441;1066860000000
07147002;1067295600000
06896204;1067382000000
07247263;1067382000000
06874734;1068418800000
07171736;1069110000000
06929072;1069196400000
07104333;1069196400000
07000630;1069369200000
06908377;1069369200000
07160185;1070319600000
07337856;1070319600000
07303024;1071442800000
07445052;1071702000000
07231988;1071702000000
07195181;1072134000000
07104335;1072134000000
07059539;1072134000000
07137578;1072393200000
06923265;1073430000000
07398793;1073602800000
07089862;1073602800000
07165627;1073689200000
07225882;1074034800000
07240740;1074207600000
06976543;1074812400000
07070003;1075676400000
07174769;1077145200000
07152690;1077490800000
07066274;1077663600000
07222678;1078873200000
07055613;1078959600000
07082999;1079046000000
07044404;1079305200000
07021166;1079305200000
07169318;1079391600000
07182143;1079996400000
07032680;1080082800000
06840330;1080856800000
07451028;1080856800000
07331586;1081461600000
07395868;1082498400000
07017832;1082498400000
07331401;1082584800000
06907939;1082671200000
07083000;1082671200000
07021392;1082671200000
07337857;1083103200000
07407598;1083276000000
07021391;1083276000000
07189337;1084312800000
07165625;1084744800000
07028496;1085349600000
07143833;1086127200000
07117950;1086559200000
07343981;1087509600000
07712543;1088028000000
07385480;1088028000000
07090029;1088546400000
RE040651;1089928800000
07604065;1090533600000
07775292;1090792800000
07318483;1090879200000
07216721;1092607200000
07300004;1092866400000
07234534;1092952800000
07182145;1093471200000
07033526;1094076000000
07383892;1094508000000
07168500;1094767200000
07104336;1095199200000
07121353;1096236000000
07254468;1096236000000
07137455;1096236000000
07389826;1096322400000
07644777;1097186400000
07195180;1097532000000
07331399;1097791200000
07249617;1098223200000
07287735;1098655200000
07275603;1098741600000
07165626;1098741600000
07784555;1098741600000
07104334;1098914400000
07444893;1099000800000
07578454;1099263600000
07207391;1099522800000
07191964;1099954800000
07350591;1099954800000
07134507;1100473200000
07121354;1100732400000
07854270;1101164400000
07213319;1101682800000
07201234;1101855600000
07559376;1101855600000
07111895;1101942000000
07124833;1103497200000
07434628;1103756400000
07143834;1105398000000
07836965;1105570800000
07389884;1106262000000
07478680;1106521200000
07762786;1107126000000
07337156;1107471600000
07314093;1108076400000
07802629;1108594800000
07096964;1109199600000
07255315;1109286000000
07137456;1109804400000
07055614;1110409200000
07520411;1110409200000
07281544;1110754800000
07543654;1110927600000
07198111;1111446000000
07147062;1111705200000
07199721;1112220000000
07363987;1112220000000
07562715;1113170400000
07178604;1113516000000
07726411;1114034400000
07131679;1114725600000
07229067;1114725600000
07721812;1114984800000
07174965;1115157600000
07243890;1115244000000
07450020;1115330400000
07296634;1115589600000
07147061;1115935200000
07314094;1116280800000
07735571;1116453600000
07487841;1116972000000
07434629;1117490400000
07395869;1117663200000
07290618;1117749600000
07264062;1118786400000
07543653;1120082400000
07472758;1121032800000
07416030;1121896800000
07331400;1123106400000
RE040065;1123192800000
07207392;1123452000000
07611075;1123624800000
07478817;1124056800000
07810577;1125352800000
07426784;1126648800000
07264214;1127080800000
07255131;1127340000000
07540330;1128031200000
07584802;1128290400000
07163642;1128636000000
07275604;1129068000000
07353881;1129586400000
07276640;1129586400000
07185711;1130104800000
07128163;1131058800000
07389827;1131404400000
07243864;1131663600000
07336183;1131922800000
07325350;1134514800000
07172709;1134687600000
07135125;1134687600000
07322423;1135206000000
07216722;1135897200000
07757776;1137020400000
07594545;1138143600000
07690438;1138143600000
07849871;1138316400000
07703640;1138748400000
07419010;1139266800000
07210536;1139353200000
07726613;1139353200000
07513315;1139871600000
07736549;1140044400000
07530403;1140735600000
07232097;1141945200000
07533734;1142377200000
07373720;1142809200000
07584803;1142895600000
07854269;1143068400000
07389824;1143068400000
07341112;1143496800000
07461701;1144620000000
07389825;1144620000000
07614458;1144620000000
07624812;1145484000000
07841418;1145570400000
07521817;1146607200000
07343980;1146693600000
07845456;1146866400000
07530402;1146866400000
07530553;1147039200000
07299883;1147816800000
07306045;1148248800000
07784554;1148335200000
07841419;1148421600000
07673695;1149199200000
07721811;1150149600000
07726408;1150149600000
07717187;1150236000000
07353883;1150840800000
07448452;1150840800000
07357192;1150840800000
07258172;1150840800000
07353884;1150927200000
07451829;1150927200000
07510022;1151272800000
07712542;1151445600000
07726409;1151532000000
07341113;1152741600000
07569170;1152741600000
07530404;1153346400000
07703544;1153346400000
07445732;1155506400000
07766092;1155679200000
07591322;1156370400000
07611081;1156370400000
07431100;1156975200000
07318484;1157061600000
07353882;1157580000000
07849931;1157580000000
07274976;1157925600000
07261165;1158098400000
07438239;1158616800000
07574911;1158703200000
07505263;1159480800000
07823801;1159480800000
07467666;1159740000000
07422072;1160085600000
07647944;1160085600000
07793737;1160604000000
07476346;1161554400000
07793736;1161554400000
RE040562;1161900000000
07644776;1163113200000
07568528;1163718000000
07614457;1163977200000
07857069;1165273200000
07407014;1165791600000
07455119;1165791600000
07431099;1165964400000
07854288;1168383600000
07451830;1168383600000
07360605;1168383600000
07610966;1169074800000
07730959;1169161200000
07631506;1171494000000
07743837;1171580400000
07614456;1172617200000
07819362;1172703600000
07793735;1172790000000
07650948;1173135600000
07743838;1173308400000
07553782;1173913200000
07413024;1174258800000
07845599;1174518000000
07334644;1174946400000
07658231;1175205600000
07523876;1176069600000
07516908;1176933600000
07832493;1177970400000
07679521;1177970400000
07699117;1178661600000
07578292;1179266400000
07841421;1181167200000
07832492;1181253600000
07757967;1181599200000
07766090;1182117600000
07588087;1182463200000
07686094;1183413600000
07836963;1184018400000
07810576;1184104800000
07740081;1184536800000
07661482;1186005600000
07631700;1186524000000
07789165;1187301600000
07739921;1187647200000
07661483;1187733600000
07624813;1188856800000
07671717;1189634400000
07748469;1191880800000
07726410;1192053600000
07703543;1192140000000
07857068;1192658400000
07673694;1192658400000
07735787;1193090400000
07484567;1193349600000
07686093;1193785200000
07647981;1195599600000
07717776;1196982000000
07699116;1197500400000
07681655;1198105200000
07710720;1198623600000
07735539;1198796400000
07814983;1199660400000
07658232;1200351600000
07614455;1200351600000
07628217;1200610800000
07836966;1201474800000
07673696;1204066800000
07845423;1204585200000
07607488;1206486000000
07845424;1210197600000
07798239;1211493600000
07817048;1212098400000
07735569;1212357600000
07802630;1214517600000
07823650;1215727200000
07748662;1217368800000
07836964;1218664800000
07819345;1221516000000
07703545;1221775200000
07841420;1222207200000
07828069;1222725600000
07597153;1224021600000
07784556;1224712800000
RE041558;1225407600000
RE041557;1225407600000
07806195;1226012400000
07845425;1232924400000
07802628;1234306800000
07735570;1252447200000
07766091;1255903200000
07845595;1261004400000
07784746;1261522800000
