03870160;78015600000
04039084;78361200000
03869004;83286000000
03885427;83286000000
03869006;83545200000
03869982;91666800000
03878909;92876400000
03894591;96505200000
03891040;96850800000
03888321;98665200000
04074816;100220400000
03868643;101948400000
03889848;102121200000
03899775;103503600000
03897681;105922800000
03863725;107737200000
03899924;108255600000
03879998;109897200000
03871509;110674800000
03913095;111884400000
03909598;111970800000
03942544;113007600000
03890833;114044400000
03894457;114130800000
03887022;114303600000
03905434;115254000000
03915017;115513200000
03866464;115945200000
03876017;116118000000
03934983;116204400000
03928184;117241200000
03863724;117327600000
03866699;117414000000
03887797;117846000000
03924443;117932400000
03900844;118450800000
03903976;118537200000
03875481;119055600000
03860802;119142000000
03889768;119833200000
03869007;120351600000
03934474;120438000000
03862666;121042800000
03895681;121215600000
03894592;121302000000
03899915;121474800000
03887791;121561200000
03918587;122252400000
03860077;122511600000
03876018;123375600000
03875599;123375600000
03899034;123980400000
03927560;125190000000
03858672;125708400000
03907112;125794800000
03895421;126313200000
03921738;126399600000
03980825;127004400000
03869009;127090800000
03869008;127090800000
03906779;127350000000
03874467;129423600000
03877532;129423600000
03934147;129510000000
03882947;129769200000
03921737;131151600000
03871490;131151600000
03935915;131238000000
03998436;131238000000
03878908;131670000000
03884313;132188400000
03898435;132188400000
03874229;132188400000
03872936;132534000000
03889767;132793200000
03871489;133052400000
03950698;133138800000
03918266;133398000000
03952600;133484400000
03905259;134089200000
03902564;134866800000
03869005;135385200000
03937287;135385200000
03889529;135385200000
03861479;135385200000
03906208;136422000000
03921736;136422000000
03979055;136767600000
03916695;137026800000
03913690;137286000000
03942562;137631600000
03894593;137804400000
03891041;137804400000
03867990;138495600000
03945814;138927600000
03894594;138927600000
03871491;138927600000
03960228;139186800000
03917981;139532400000
03861480;139618800000
03877531;139618800000
03890492;139618800000
03918539;140137200000
03927726;140310000000
04020911;140396400000
04096740;140655600000
03978987;140742000000
03995708;141260400000
03905215;141433200000
03939332;141519600000
03916173;141519600000
03949603;141865200000
03897868;141865200000
03913691;141865200000
03944004;141865200000
03918771;142038000000
03901334;142210800000
03938380;142642800000
03938601;143247600000
03957126;143247600000
03945448;143334000000
03938602;143420400000
03908773;143679600000
03974491;143679600000
03967271;143766000000
04258809;144457200000
03947692;144889200000
03960225;144889200000
03997013;144889200000
03926270;145494000000
03967691;145580400000
03933211;145753200000
03938381;146098800000
03912029;146271600000
03944078;146790000000
03908772;146876400000
03974888;147049200000
03915247;147913200000
03966002;148172400000
03905433;148172400000
03942625;148258800000
03969934;148518000000
03949861;148690800000
03881562;148863600000
03955243;149209200000
03878907;149295600000
03949822;149727600000
03912047;149727600000
03951221;149727600000
03939928;149814000000
03894595;149900400000
03924729;150418800000
03954166;150418800000
03966003;151023600000
03974889;151196400000
03935913;151282800000
03976150;151801200000
03969935;152233200000
03930546;152319600000
03968850;152406000000
03982896;152751600000
03988933;153010800000
03885639;153010800000
03933212;153356400000
03901797;153356400000
03917012;153356400000
03935914;153529200000
03966049;153702000000
03993148;154738800000
03924700;154911600000
03991619;154911600000
03997769;155430000000
03995517;156034800000
04023668;156380400000
03967497;156380400000
03999621;156553200000
03966001;156553200000
03978457;156985200000
03955665;157244400000
03910363;157330800000
03938603;157590000000
03994351;157849200000
03967690;158281200000
03915248;158540400000
03934663;158799600000
03930258;158799600000
03912027;159058800000
03958527;159145200000
03985025;159404400000
03910364;159404400000
04081801;159663600000
03912028;159750000000
03946821;160009200000
04133455;160614000000
03926271;160614000000
03980871;160700400000
03995668;160873200000
03955636;160959600000
03972411;161218800000
03923110;161391600000
03939929;162169200000
03910365;162601200000
03927724;162601200000
03972377;162687600000
03924699;162687600000
03997012;162687600000
03960013;163119600000
03955638;163206000000
03959636;163638000000
03977567;163983600000
03973109;164242800000
04010810;164415600000
03910366;164588400000
03927725;164847600000
03968676;164847600000
04017157;165020400000
03960227;165193200000
03977483;165625200000
04068773;165711600000
04015675;165711600000
04005758;165798000000
03994217;165798000000
03931860;166057200000
04023021;166057200000
03974887;166662000000
03982738;166662000000
04042051;166834800000
03984667;168044400000
03986012;168044400000
04004139;168044400000
03962569;168044400000
03962570;168044400000
03961747;168044400000
03961675;168130800000
03963082;168130800000
03980148;168130800000
03961676;168822000000
03967578;169081200000
04036318;169426800000
04030559;169686000000
03993150;169686000000
03977484;170031600000
03942597;170031600000
04015676;170377200000
04010595;170377200000
03997015;170377200000
04034847;170463600000
03968683;170895600000
04008405;171154800000
03960224;171241200000
04040496;171500400000
03955637;171586800000
03994161;171673200000
03991841;172278000000
03998284;173401200000
03973636;173574000000
03966000;173574000000
04014398;173919600000
03985190;174178800000
03971451;174524400000
03991840;174524400000
04024380;174524400000
04007800;174610800000
03994404;174697200000
03990212;174783600000
04015677;175474800000
04034361;175734000000
03968848;175734000000
04014396;175993200000
03970159;176338800000
04015678;176511600000
04009604;176598000000
04010811;176598000000
04051395;176684400000
04037469;176943600000
03985266;177116400000
03960226;177116400000
03993149;177721200000
03968849;178326000000
04029161;179017200000
04008776;179017200000
03985191;179103600000
03987861;179708400000
04037095;180140400000
04002216;180745200000
03973637;180745200000
04024053;180918000000
04042049;181177200000
03980147;181782000000
04024962;181782000000
03997014;181782000000
04094369;181868400000
04029162;182559600000
04034818;182646000000
04137567;183078000000
04457385;183250800000
03986571;183682800000
03991839;183769200000
04037674;183855600000
03979943;184201200000
04036317;184460400000
04022289;184460400000
04041289;184978800000
04023634;184978800000
04004646;185670000000
04010809;186102000000
04046208;186620400000
04078623;186793200000
04007894;186879600000
04023631;186879600000
03990032;187225200000
03992946;187484400000
04055753;187830000000
04055748;187830000000
04034819;187830000000
04036242;187830000000
04134465;187916400000
04102262;188002800000
04036316;188175600000
04064954;188175600000
04063604;188175600000
03990526;188434800000
04023633;188434800000
04075887;188434800000
03993151;188434800000
04013135;189039600000
04020686;189644400000
04038973;189644400000
04009608;190249200000
04088014;190249200000
04051721;190335600000
04058178;190854000000
04039036;190854000000
04006789;191026800000
04202466;191458800000
04047427;191458800000
04047006;191545200000
04051913;191545200000
04091449;191545200000
04004647;191804400000
04044847;191804400000
04044920;192063600000
04094368;192150000000
04094371;192236400000
04055255;192409200000
04039035;192668400000
04050531;192927600000
04106628;193618800000
04027736;194050800000
04002215;194137200000
04073355;194137200000
04022288;194223600000
04056155;194482800000
04044846;194569200000
04109857;194742000000
04101366;194742000000
04004458;194828400000
04047585;195087600000
04482783;195087600000
04066140;195692400000
04065962;196038000000
04043412;196297200000
04047586;196383600000
04049028;196556400000
04042050;197676000000
04102422;197762400000
04062416;198367200000
04054784;198712800000
04037675;199317600000
04070900;199404000000
04035808;199663200000
04084652;199922400000
04049068;199922400000
04049069;200095200000
04055227;200181600000
04072201;200181600000
04043413;200268000000
04081004;200268000000
04129189;200268000000
04014397;200268000000
04020912;200527200000
04060109;200872800000
04062417;200872800000
04050530;200872800000
04080657;201132000000
04038531;201218400000
04033420;201391200000
04027735;201391200000
04029163;202082400000
04043190;202082400000
04010638;202082400000
04043199;202428000000
04062413;202946400000
04095659;203205600000
04084650;203205600000
04108263;203551200000
04120370;203551200000
04088198;203637600000
04058179;203724000000
04043414;203810400000
04074781;203810400000
04043415;204415200000
04023632;204415200000
04108363;204501600000
04050532;204933600000
04100984;205106400000
04047584;205624800000
04065911;205970400000
04084698;206056800000
04102295;206575200000
04094370;206748000000
04097150;206920800000
04085811;207871200000
04053024;207871200000
04113039;208389600000
04056156;208648800000
04112750;208648800000
04130171;209167200000
04047007;209253600000
04143364;209253600000
04091885;210204000000
04064955;211068000000
04107985;211154400000
04139070;211154400000
04095660;211586400000
04098365;211586400000
04084651;212626800000
04083690;212626800000
04071102;212626800000
04090576;212799600000
04159521;213318000000
04036315;213404400000
04102420;213577200000
04061198;213577200000
04063605;213922800000
04099587;214095600000
04098364;214182000000
04258811;214527600000
04062415;214614000000
04071104;215132400000
04106580;215132400000
04092721;215132400000
04096950;215218800000
04099586;215650800000
04122940;215823600000
04170251;215823600000
04084242;216428400000
04098116;216860400000
04078624;216860400000
04095658;217465200000
04062414;217465200000
04084626;217638000000
04067408;217810800000
04083236;218070000000
04073628;218242800000
04115767;218242800000
04093032;218674800000
04111272;218761200000
04085810;219279600000
04085850;219279600000
04131946;219366000000
04119162;219452400000
04107626;219884400000
04179018;220489200000
04074507;220489200000
04072202;221094000000
04102421;221266800000
04081045;221698800000
04103752;221698800000
04156361;221871600000
04103750;221871600000
04114707;221958000000
04106220;222303600000
04143724;222649200000
04119161;222908400000
04091886;223081200000
04138735;223513200000
04122532;223513200000
04096918;223858800000
04168623;224118000000
04109738;224204400000
04090575;224204400000
04078625;224290800000
04108262;224895600000
04094367;224895600000
04103751;224982000000
04076088;225500400000
04116290;225673200000
04165791;225932400000
04082153;226105200000
04114709;226796400000
04071103;226882800000
04147618;227142000000
04089212;227142000000
04108344;227228400000
04082154;227401200000
04122941;227919600000
04079797;228006000000
04106579;228092400000
04143727;228524400000
04083418;228610800000
04121049;228697200000
04134467;228952800000
04102190;229212000000
04137568;229557600000
04142847;229557600000
04111336;229816800000
04126856;230162400000
04138968;230335200000
04137978;230508000000
04170268;230508000000
04189708;230767200000
04106329;230853600000
04126196;231026400000
04134466;231372000000
04100985;231372000000
04123970;231458400000
04153125;231631200000
04137976;231976800000
04081044;232063200000
04153124;232063200000
04114706;232149600000
04163488;232236000000
04108261;232840800000
04147224;232840800000
04139068;233359200000
04153122;234396000000
04194649;234396000000
04114708;235000800000
04135662;235173600000
04124083;235346400000
04122906;235346400000
04113040;235346400000
04134464;235778400000
04139069;235864800000
04117647;236210400000
04153123;236383200000
04152976;236383200000
04136750;237592800000
04135392;238024800000
04139892;238024800000
04339028;238802400000
04127220;238888800000
04117898;238975200000
04170961;238975200000
04129190;239407200000
04125168;239493600000
04158395;239493600000
04136504;240012000000
04137979;240012000000
04157064;240789600000
04181946;241308000000
04121678;241653600000
04144943;241740000000
04140010;241912800000
04198626;241999200000
04103545;242604000000
04137980;242863200000
04148369;243208800000
04126197;243208800000
04128001;243208800000
04129191;244076400000
04140190;244076400000
04131168;244076400000
04143725;244162800000
04151890;245890800000
04141442;246150000000
04163386;246236400000
04155411;246236400000
04155413;247100400000
04172688;247705200000
04189063;247705200000
04114449;247705200000
04155412;247705200000
04148370;247791600000
04163347;247791600000
04162710;248310000000
04173263;248914800000
04171067;248914800000
04238784;249087600000
04120371;249606000000
04174760;249692400000
04172535;250124400000
04176349;250124400000
04166510;250124400000
04121676;250729200000
04121677;250729200000
04159748;250729200000
04150730;250815600000
04191294;250988400000
04168756;251334000000
04152579;252025200000
04159041;253234800000
04266263;253926000000
04195736;253926000000
04164260;254358000000
04171026;254358000000
04123933;254703600000
04193465;254703600000
04177868;254962800000
04148371;255222000000
04134468;255308400000
04137977;255567600000
04165633;255826800000
04224604;256172400000
04179004;256345200000
04191268;256345200000
04156472;257468400000
04153126;258591600000
04149605;259282800000
04136749;259542000000
04146100;259542000000
04232798;259974000000
04143726;260146800000
04189016;260575200000
04158396;261698400000
04165975;261871200000
04239253;261957600000
04170269;261957600000
04171728;262216800000
04182187;262216800000
04229794;262389600000
04206823;262389600000
04157738;262389600000
04159747;262821600000
04465211;262994400000
04150729;263512800000
04225001;263599200000
04177621;263685600000
04181011;263685600000
04236613;264031200000
04273204;265327200000
04210963;265932000000
04216837;266623200000
04190932;266796000000
04206506;267314400000
04182383;267400800000
04192394;267660000000
04180856;267660000000
04170270;267660000000
04211295;268869600000
04266691;268956000000
04201081;269474400000
04184555;269560800000
04203497;270079200000
04212074;270165600000
04206822;270338400000
04196784;270338400000
04241801;270943200000
04218835;271634400000
04200896;272498400000
04238956;272498400000
04234049;272671200000
04189017;273189600000
04230195;274053600000
04241538;274658400000
04180136;274658400000
04230196;275263200000
04222551;275868000000
04219089;276476400000
04212360;276994800000
04219088;276994800000
04179005;277081200000
04251874;277340400000
04211263;277340400000
04184557;277426800000
04184556;277599600000
04219091;278204400000
04223750;279414000000
04238027;279846000000
04266215;280018800000
04225002;280105200000
04189018;280364400000
04215754;280364400000
04185709;281228400000
04244434;281574000000
04276112;281833200000
04207955;282178800000
04191885;282265200000
04270384;282524400000
04213509;282956400000
04258812;284079600000
04257511;284079600000
04212197;284598000000
04239088;284598000000
04225926;284684400000
04244020;285202800000
04236222;285202800000
04210216;285289200000
04276948;285462000000
04222496;285807600000
04236590;285894000000
04347505;286412400000
04235296;286412400000
04223752;286671600000
04218920;287017200000
04274499;287708400000
04271470;288399600000
04261195;288399600000
04212361;288486000000
04228864;288918000000
04315554;289177200000
04260033;289177200000
04262763;289609200000
04211296;290041200000
04243114;290300400000
04256195;290905200000
04223751;291250800000
04216886;291596400000
04214640;291938400000
04239434;292456800000
04219090;292802400000
04231439;293666400000
04248046;293666400000
04288131;294012000000
04275775;294271200000
04237727;294271200000
04237989;295221600000
04253534;295740000000
04291776;295740000000
04258810;296431200000
04253292;297986400000
04241407;298159200000
04237988;298504800000
04258814;299109600000
04248315;299282400000
04222448;299455200000
04273203;299714400000
04300644;299714400000
04376981;299800800000
04286879;299800800000
04280576;300319200000
04260034;300578400000
04266624;300664800000
04317496;301528800000
04245505;302133600000
04280575;302220000000
04278139;302479200000
04245711;303084000000
04274500;303343200000
04249624;303343200000
04272824;303688800000
04300648;304034400000
04280363;304120800000
04281729;304207200000
04284380;304552800000
04286325;304552800000
04248317;305762400000
04286678;305762400000
04294513;305848800000
04286679;306021600000
04243054;306367200000
04300201;306367200000
04412298;306626400000
04300646;307231200000
04279317;307580400000
04303139;307580400000
04316490;307666800000
04248316;307926000000
04300645;308271600000
04287958;308530800000
04300202;308876400000
04254841;308962800000
04249623;309567600000
04280574;309740400000
04297874;309740400000
04313508;310172400000
04291775;310258800000
04254877;310604400000
04545447;310690800000
04284155;311295600000
04300600;311900400000
04285411;311986800000
04274501;312591600000
04248318;312678000000
04261430;313110000000
04276949;313110000000
04301878;313714800000
04267894;313801200000
04281727;313801200000
04310893;313801200000
04312042;313801200000
04308500;313974000000
04288856;313974000000
04318447;314319600000
04301880;314319600000
04261429;314406000000
04328494;315010800000
04333394;315442800000
04266623;316047600000
04305475;316652400000
04281730;316738800000
04346818;317430000000
04386994;318207600000
04363693;318207600000
04342907;318207600000
04295379;318466800000
04313509;318466800000
04323316;319935600000
04329881;320022000000
04385670;320281200000
04349891;320281200000
04326254;320281200000
04366552;320281200000
04339807;320281200000
04351033;320281200000
04261428;320281200000
04319328;320454000000
04345193;320454000000
04294321;320454000000
04301879;320454000000
04320855;320540400000
04273205;320540400000
04328874;320886000000
04294320;321145200000
04360071;321231600000
04347903;321490800000
04293049;322095600000
04281728;322268400000
04295537;322441200000
04322803;322700400000
04308929;323305200000
04285412;323305200000
04391338;323650800000
04328875;323906400000
04294105;323992800000
04333543;324165600000
04351505;324252000000
04332174;324511200000
04297875;324597600000
04311202;324770400000
04286680;324770400000
04301510;324856800000
04330837;325116000000
04290499;325720800000
04319651;325720800000
04285413;325720800000
04285239;325980000000
04366873;325980000000
04320809;326066400000
04299299;326066400000
04344494;326325600000
04312462;326412000000
04325441;326412000000
04281731;326584800000
04294322;326671200000
04280577;327708000000
04298081;328226400000
04325440;328226400000
04336855;328312800000
04281461;328399200000
04344495;330040800000
04365680;330213600000
04307787;330645600000
04390952;330904800000
04308928;331164000000
04361199;331250400000
04362218;331250400000
04313507;331423200000
04347574;331768800000
04326596;332028000000
04310060;332114400000
04342038;332114400000
04329100;332632800000
04312416;332978400000
04341019;333064800000
04300647;333151200000
04393455;333842400000
04399881;334274400000
04373936;334360800000
04319652;334792800000
04336851;334965600000
04342013;336002400000
04420052;336175200000
04317495;336693600000
04320658;336780000000
04402426;336866400000
04319650;336952800000
04343196;337298400000
04350216;337471200000
04359716;337816800000
04337878;338767200000
04366872;338767200000
04353427;338767200000
04316518;339894000000
04316517;339894000000
04316516;339894000000
04368791;340326000000
04338825;340412400000
04356874;340844400000
04390075;341190000000
04381826;341449200000
04336854;341622000000
04350217;341622000000
04354622;341794800000
04306629;342054000000
04350218;342399600000
04344496;342918000000
04370888;342918000000
04361198;343609200000
04339011;343868400000
04539650;343868400000
04313510;343868400000
04355692;343868400000
04402391;344473200000
04354562;344646000000
04347905;345078000000
04340777;345078000000
04336852;345423600000
04359099;345682800000
04360070;345855600000
04418773;345855600000
04336853;346287600000
04402412;346287600000
04362097;346892400000
04407108;346892400000
04381545;346892400000
04373133;346978800000
04437090;347065200000
04339010;347238000000
04363408;347670000000
04339012;347756400000
04419734;347842800000
04344492;348102000000
04403680;348361200000
04347904;348879600000
04366875;349484400000
04368790;349484400000
04394885;349484400000
04349076;349916400000
04363369;349916400000
04440248;350002800000
04411326;350089200000
04363371;350175600000
04345628;350521200000
04350186;350521200000
04377214;350607600000
04372405;350694000000
04410962;351212400000
04364442;351471600000
04415048;351730800000
04344493;352681200000
04351403;352940400000
04379496;353026800000
04363368;353286000000
04398612;353804400000
04343373;354236400000
04375243;354751200000
04341275;354837600000
04362219;355010400000
04407160;355096800000
04323132;355356000000
04341274;355356000000
04363370;355442400000
04354563;355960800000
04337838;356565600000
04384496;356652000000
04384628;356738400000
04359746;356738400000
04360072;356738400000
04367801;356738400000
04384629;357170400000
04379495;357170400000
04372406;357256800000
04423486;357429600000
04398253;357775200000
04375839;357861600000
04383585;358466400000
04388975;358466400000
04411327;358639200000
04383586;359071200000
04382479;359071200000
04447885;359071200000
04433742;359071200000
04448085;359071200000
04401174;359848800000
04385671;360194400000
04365148;360453600000
04407380;360972000000
04407379;361144800000
04380175;361144800000
04427083;361404000000
04391774;361404000000
04392537;361404000000
04423792;361576800000
05033563;362008800000
04398613;362008800000
04397364;362354400000
04383584;362354400000
04430716;362354400000
04393950;362354400000
04382478;362613600000
04411143;362786400000
04346771;363391200000
04411159;363564000000
04368792;363564000000
04382480;363823200000
04417632;363823200000
04391140;363823200000
04385527;363996000000
04375838;363996000000
04401175;364082400000
04396079;365205600000
04405024;365983200000
04431071;365983200000
04373596;366588000000
04413515;366588000000
04396080;366847200000
04420053;367106400000
04366876;367797600000
04420055;367797600000
04387778;368056800000
04405025;369352800000
04381040;369525600000
04441568;369957600000
04407191;370130400000
04386671;370566000000
04417630;370738800000
04420051;370738800000
04419902;370825200000
04448272;371430000000
04431070;371775600000
04419879;372034800000
04495581;372294000000
04423793;372639600000
04413691;372639600000
04420054;372639600000
04387777;372898800000
04378854;372898800000
04429574;373158000000
04417236;373849200000
04390073;374108400000
04396078;374367600000
04402349;374367600000
04429756;374799600000
04441393;374799600000
04412591;374886000000
04390074;374886000000
04416341;375318000000
04366874;375318000000
04475669;375922800000
04428179;375922800000
04393951;375922800000
04418774;376614000000
04481827;377218800000
04458539;377218800000
04389049;377305200000
04521371;377305200000
04398614;377391600000
04480224;377737200000
04449210;377737200000
04450073;377996400000
04454770;377996400000
04481587;377996400000
04417631;378342000000
04482022;378428400000
04426006;378514800000
04428125;378946800000
04416342;378946800000
04431072;379033200000
04399880;379206000000
04422548;380156400000
04403669;380156400000
04402373;380847600000
04418771;381366000000
04440250;381711600000
04440249;381711600000
04453575;381711600000
04406338;381711600000
04433740;381970800000
04401176;382143600000
04469146;382143600000
04425975;382316400000
04428444;382316400000
04381703;382316400000
04456580;382748400000
04413739;383180400000
04405023;383180400000
04420056;383180400000
04494678;383266800000
04446937;383266800000
04437561;383353200000
04549278;383353200000
04492281;383785200000
04390768;383785200000
04385672;383871600000
04522788;384130800000
04411325;384390000000
04416343;384390000000
04392535;384390000000
04450922;384476400000
04465151;384476400000
04413690;384735600000
04442911;384735600000
04453609;384994800000
04564103;385167600000
04463614;385254000000
04519042;385686000000
04429757;385686000000
04455880;385686000000
04422258;385772400000
04411328;385772400000
04381039;385945200000
04814995;386200800000
04465290;386805600000
04444282;387410400000
04433741;387410400000
04421185;387496800000
04418772;387496800000
04465149;387756000000
04442910;387756000000
04425974;388188000000
04449597;388360800000
04469147;388620000000
04739846;388792800000
04441569;388792800000
04440251;388879200000
04466501;389829600000
04488610;390434400000
04456084;390780000000
04401177;391039200000
04460054;391125600000
04478303;391212000000
04456085;391212000000
04463604;391816800000
04475608;391989600000
04475609;392248800000
04446938;392508000000
04467844;393717600000
04461364;393804000000
04491189;393804000000
04499545;394236000000
04505373;394322400000
04453608;394322400000
04506330;394754400000
04470472;394754400000
04470473;394754400000
04470474;394754400000
04646767;394840800000
04513882;395013600000
04518052;395359200000
04525794;395618400000
04437527;395877600000
04479562;395877600000
04544929;396223200000
04461363;396482400000
04452326;396482400000
04455115;396482400000
04462474;396568800000
04549617;396568800000
04507742;396828000000
04512189;396828000000
04669634;397173600000
04459783;397173600000
04520885;397346400000
04480705;397346400000
04438823;397692000000
04441567;397692000000
04459863;397692000000
04478091;397864800000
04519506;397951200000
04462473;398037600000
04453607;398469600000
04453606;398469600000
04497385;398469600000
04479560;398556000000
04487279;398556000000
04488611;398901600000
04488837;398901600000
04462475;399160800000
04478300;399160800000
04453610;399247200000
04467883;399247200000
04545630;399592800000
04458770;399765600000
04454924;399852000000
04508185;399852000000
04467880;399852000000
04445581;400197600000
04566070;400197600000
04444283;400284000000
04552236;400370400000
04487277;400370400000
04465150;400456800000
04486136;400802400000
04501339;401320800000
04466499;401320800000
04531598;401320800000
04458771;401320800000
04499962;401320800000
04467882;401493600000
04467881;401493600000
04498783;401580000000
04457386;401580000000
04509376;401666400000
04505344;401929200000
04451817;401929200000
04506746;401929200000
04573130;402015600000
04529049;402102000000
04492279;402102000000
04466500;402188400000
04480706;402188400000
04509610;403830000000
04478302;403916400000
04535419;404089200000
04569446;404694000000
04480707;405039600000
04476946;405126000000
04522274;405298800000
04465152;406162800000
04535854;406249200000
04505345;406508400000
04470166;406854000000
04577707;407372400000
04550793;408063600000
04539560;408322800000
04516644;408582000000
04605083;408582000000
04473126;408668400000
04478301;408754800000
04524839;408754800000
04512432;408754800000
04566804;408841200000
04450924;408927600000
04450923;408927600000
04519505;409446000000
04497386;409791600000
04421186;409878000000
04513830;411260400000
04479561;411606000000
04526247;411692400000
04515231;411951600000
04479559;411951600000
04508186;411951600000
04488635;412297200000
04491190;412815600000
04499984;413074800000
04489797;413420400000
04516209;413593200000
04484645;414370800000
04509608;414716400000
04543766;414889200000
04481985;414889200000
04459028;414889200000
04492280;415234800000
04478093;415839600000
04516646;415839600000
04471847;415839600000
04503923;416185200000
04536651;416444400000
04527646;416703600000
04463816;416790000000
04534429;416790000000
04496014;417135600000
04466297;417222000000
04475610;417308400000
04542799;417650400000
04493384;417650400000
04501160;417909600000
04487280;417909600000
04499960;418255200000
04494582;418341600000
04476718;418514400000
04474255;419119200000
04552235;419724000000
04522277;419810400000
04520339;420069600000
04489798;420415200000
04533006;420415200000
04487276;420760800000
04638439;420933600000
04579252;420933600000
04512428;420933600000
04528848;421020000000
04513831;421279200000
04558600;421624800000
04559981;422056800000
04489799;422488800000
04498550;422488800000
04580698;422661600000
04503922;422748000000
04510808;422748000000
04538693;423180000000
04765377;423698400000
04597457;423698400000
04470471;424303200000
04556115;424648800000
04497213;424648800000
04552237;424648800000
04549622;424908000000
04522276;424908000000
04499961;424994400000
04516643;425080800000
04572006;425080800000
04494619;425080800000
04510807;425080800000
04484480;425512800000
04531597;425599200000
04531630;425685600000
04566505;425772000000
04553617;425858400000
04526245;426204000000
04454831;426981600000
04563739;427327200000
04538692;427327200000
04549618;427500000000
04614262;427500000000
04512430;427500000000
04489800;428104800000
04509609;428104800000
04548287;428277600000
04531599;428536800000
04575804;428536800000
04541276;428623200000
04553618;429400800000
04534428;429400800000
04553616;429487200000
04558774;429487200000
04602709;429487200000
04549620;430351200000
04524840;430524000000
04487278;430524000000
04554987;430956000000
04512431;430956000000
04483404;431042400000
04562917;431042400000
04565254;431128800000
04503921;431647200000
04523616;431647200000
04494620;431820000000
04520883;431906400000
04485881;431906400000
04511010;432165600000
04630067;432252000000
04537229;432424800000
04502555;432511200000
04529051;432770400000
04609058;432856800000
04792031;432943200000
04519464;433116000000
04586576;433551600000
04522321;433638000000
04511009;433724400000
04527647;433724400000
04464725;434242800000
04524617;434242800000
04702394;435366000000
04613822;435538800000
04557150;435970800000
04712929;435970800000
04595125;436143600000
04532859;436489200000
04689615;436662000000
04467661;436662000000
04515232;437007600000
04556847;437007600000
04516645;437007600000
04557882;437007600000
04583636;437094000000
04520884;437094000000
04570419;437266800000
04605047;437698800000
04661917;437958000000
04531600;438994800000
04627013;438994800000
04538694;439081200000
04542800;439167600000
04548286;439167600000
04519306;439686000000
04512253;439686000000
04581704;439772400000
04577710;440031600000
04560016;440204400000
04534430;440636400000
04561509;440722800000
04567331;440895600000
04577709;440895600000
04647049;440982000000
04526095;441414000000
04526094;441414000000
04582454;441500400000
04535855;441500400000
04537266;441586800000
04524683;442450800000
04591011;442450800000
04521658;443055600000
04522275;443055600000
04542659;443314800000
04512429;443314800000
04529050;443401200000
04561510;443401200000
04518699;444265200000
04541495;444438000000
04585148;444438000000
04554988;444610800000
04565253;444610800000
04583606;444870000000
04581948;444956400000
04548288;444956400000
04560017;445734000000
04535856;445734000000
04615404;445820400000
04576244;446338800000
04526246;446338800000
04544043;446770800000
04586577;447375600000
04533008;447375600000
04569405;447548400000
04523653;447548400000
04581677;447634800000
04596327;447894000000
04541496;447894000000
04533007;448239600000
04512427;448239600000
04566547;448671600000
04540058;448844400000
04494022;448844400000
04566549;448844400000
04526244;448844400000
04535858;449186400000
04615215;449445600000
04527645;449791200000
04533009;449964000000
04534365;449964000000
04619336;450050400000
04544042;451173600000
04558756;451519200000
04661920;451864800000
04535857;451864800000
04666002;451864800000
04576243;451864800000
04642788;451864800000
04630227;451864800000
04569407;452728800000
04572308;452728800000
04551882;452815200000
04545446;453074400000
04549621;453074400000
04548285;453074400000
04557341;453420000000
04592434;453506400000
04564077;454197600000
04569408;454284000000
04598781;454284000000
04561512;454284000000
04558757;454802400000
04625817;454802400000
04580644;454888800000
04544858;454888800000
04550792;455320800000
04540057;455407200000
04583607;455407200000
04574898;455407200000
04589506;455752800000
04593778;455925600000
04553880;456357600000
04560015;456357600000
04589505;456357600000
04553619;456616800000
04582150;456616800000
04547989;456703200000
04574897;457221600000
04561286;457221600000
04649494;457308000000
04648056;457826400000
04593727;457912800000
04545445;457912800000
04676343;458172000000
04549619;458258400000
04606475;458258400000
04629392;458776800000
04614154;459122400000
04546838;459381600000
04674060;459554400000
04627506;459554400000
04600067;459986400000
04691290;460591200000
04549623;461196000000
04585082;461541600000
04577708;461541600000
04605082;462060000000
04545448;462146400000
04664200;462405600000
04562044;462405600000
04566548;462405600000
04582152;462578400000
04590737;462664800000
04660666;462751200000
04601355;462751200000
04570491;463096800000
04691794;463096800000
04593563;463183200000
04600096;463615200000
04619147;463615200000
04569406;464565600000
04544279;464565600000
04580645;465170400000
04643581;465170400000
04605081;465170400000
04570729;465433200000
04656600;465433200000
04621664;465606000000
04565279;465606000000
04558755;465778800000
04589507;465778800000
04602692;466124400000
04574899;466210800000
04557340;466383600000
04614243;466383600000
04651838;466642800000
04658923;466642800000
04596297;466815600000
04565255;466988400000
04597458;467247600000
04585083;467334000000
04610322;467420400000
04570728;467506800000
04606419;467506800000
04656599;467593200000
04566584;467852400000
04682156;468198000000
04572309;468457200000
04570727;468630000000
04658919;468630000000
04561511;468802800000
04659274;469148400000
04635689;469321200000
04635688;469321200000
04587853;469839600000
04732160;470271600000
04606650;470271600000
04597459;470444400000
04629015;470444400000
04693329;470530800000
04628186;470617200000
04624332;470876400000
04602693;470962800000
04657096;471135600000
04591013;471135600000
04582151;471222000000
04701866;471222000000
04592435;471567600000
04630755;471567600000
04632254;471654000000
04641719;471740400000
04585081;471826800000
04649490;472345200000
04584989;472345200000
04574896;472345200000
04623813;472690800000
04638875;472690800000
04624331;473036400000
04612871;473468400000
04600065;473900400000
04700910;474073200000
04669307;474159600000
04618012;474505200000
04649759;475455600000
04600066;475714800000
04601356;476060400000
04573542;476319600000
04618013;476319600000
04635831;476924400000
04650016;477270000000
04586313;477270000000
04615403;477270000000
04597460;477615600000
04591012;477615600000
04616511;477702000000
04630695;477702000000
04583605;477788400000
04660661;477874800000
04598780;478220400000
04588038;478220400000
04705470;478306800000
04586575;478393200000
04656344;478738800000
04611677;478998000000
04669886;479343600000
04625818;479948400000
04629017;480034800000
04605080;480553200000
04619337;480639600000
04616722;480812400000
04839835;481154400000
04644802;481154400000
04611678;481240800000
04669136;481240800000
04618014;481500000000
04618011;481500000000
04611674;481759200000
04632199;481845600000
04609061;482104800000
04615405;482450400000
04614245;482536800000
04660160;482623200000
04627012;483055200000
04645020;483228000000
04629016;483314400000
04595827;483573600000
04716979;483660000000
04611675;483746400000
04629018;484178400000
04606420;484178400000
04662409;484351200000
04720808;484956000000
04646859;485128800000
04627504;486943200000
04653599;486943200000
04792018;487375200000
04627505;487375200000
04651788;487375200000
04607713;487548000000
04632197;487893600000
04616723;487980000000
04658920;487980000000
04650464;488152800000
04655305;488412000000
04635739;488498400000
04657129;488498400000
04611676;489016800000
04615757;489189600000
04610324;489362400000
04662508;490399200000
04609062;490572000000
04691792;490917600000
04610323;491004000000
04672181;491176800000
04677964;491176800000
04678048;491522400000
04682664;491608800000
04679641;491781600000
04708215;492040800000
04674582;492386400000
04669557;492386400000
04606421;492386400000
04643266;492645600000
04564852;492991200000
04627507;493250400000
04674342;493336800000
04623029;493509600000
04715412;493509600000
04655304;493509600000
04711345;494028000000
04662463;494200800000
04614244;494200800000
04694920;494546400000
04660662;495237600000
04831242;495324000000
04669558;495669600000
04666003;495756000000
04683966;496015200000
04630697;496015200000
04677579;496447200000
04625819;496447200000
04753889;496882800000
04676328;496882800000
04676282;496882800000
04638876;497142000000
04629019;497228400000
04645019;497228400000
04660664;497574000000
04657095;497574000000
04632198;497833200000
04676326;498178800000
04657097;498178800000
04609059;498351600000
04678049;498351600000
04706766;498351600000
04623030;498697200000
04611498;498697200000
04650970;498697200000
04614264;498783600000
04658965;498956400000
04669029;499042800000
04630696;499042800000
04728922;499388400000
04685526;500252400000
04640376;500598000000
04693355;500598000000
04658921;500598000000
04644803;500684400000
04673048;500857200000
04771631;500857200000
04696358;500857200000
04796212;501116400000
04648272;501202800000
04712713;501289200000
04643267;501462000000
04683967;501721200000
04739848;503017200000
04716978;503103600000
04650014;503276400000
04691793;503276400000
04682915;503794800000
04703151;504140400000
04705153;504140400000
04645018;504226800000
04694922;504486000000
04711344;505609200000
04678050;505954800000
04720961;505954800000
04696356;506041200000
04645021;506127600000
04679643;506300400000
04703815;507164400000
04678046;507510000000
04712423;508114800000
04658922;508114800000
04677851;508374000000
04744429;508460400000
04666005;508460400000
04653600;508460400000
04722408;508719600000
04750143;509065200000
04809187;509583600000
04666006;509929200000
04706768;510188400000
04702329;510274800000
04673800;510447600000
04773527;510447600000
04660665;510534000000
04650015;510534000000
04843579;510793200000
04676327;510879600000
04701660;510966000000
04664207;511052400000
04688654;511657200000
04703816;511657200000
04655306;511657200000
04688653;512002800000
04715245;512089200000
04662464;512348400000
04644786;512604000000
04673049;512776800000
04675510;512776800000
04678047;512776800000
04722406;512863200000
04726436;513208800000
04657094;513208800000
04697656;513381600000
04690230;513468000000
04696181;513468000000
04674581;513554400000
04648430;513813600000
04673047;513986400000
04700791;513986400000
04662462;514072800000
04750530;514159200000
04661803;514418400000
04660667;515196000000
04676325;515196000000
04666004;515282400000
04693330;515368800000
04637481;515800800000
04726435;515973600000
04673046;515973600000
04700792;515973600000
04666007;515973600000
04723613;517010400000
04751661;517528800000
04660663;517528800000
04715457;517528800000
04760539;517528800000
04696357;517528800000
04667757;518047200000
04708217;518306400000
04718287;518392800000
04696329;518652000000
04831539;518997600000
04765488;519343200000
04866255;519343200000
04726433;519602400000
04723614;519948000000
04699228;520034400000
04775949;520207200000
04733363;521157600000
04868757;521244000000
04715458;521416800000
04757181;521676000000
04768600;521848800000
04697049;521848800000
04724292;522280800000
04700566;522367200000
04718464;522626400000
04722456;522626400000
04726434;522885600000
04681176;523231200000
04679642;523490400000
04697658;523490400000
05044453;523663200000
04750577;523663200000
04696360;524095200000
04731022;524700000000
04682665;524872800000
04685525;524959200000
04723615;524959200000
04696359;525045600000
04753306;525304800000
04759416;525564000000
04718507;526168800000
04757867;526168800000
04705126;526687200000
04778016;526860000000
04781308;526860000000
04742878;527464800000
04956782;527464800000
04845648;527810400000
04763738;527983200000
04742879;528069600000
04744428;528332400000
04749054;529110000000
04776521;529110000000
04820101;529196400000
04676329;529887600000
04714122;530146800000
04703780;530146800000
04940887;530146800000
04694921;530146800000
04716768;530406000000
04879650;531010800000
04901807;531097200000
04730499;531442800000
04697655;531442800000
04709769;531529200000
04944428;531615600000
04782904;531702000000
04781056;531702000000
04700793;532306800000
04705125;532306800000
04811256;532306800000
04697657;532566000000
04706767;533343600000
04709770;533862000000
04750576;534034800000
04741426;534034800000
04724980;534553200000
04785673;534553200000
04712627;534726000000
04744254;534726000000
04779706;535158000000
04729443;535158000000
04711313;535244400000
04700656;535590000000
04742877;535590000000
04708216;535590000000
04738325;535676400000
04711314;535762800000
04719980;535762800000
04712628;536886000000
04850441;536972400000
04775019;537058800000
04703783;537145200000
04800971;537490800000
04751974;538182000000
04830195;538786800000
04750574;539218800000
04911256;539218800000
04714121;539305200000
04775018;539305200000
04809794;539391600000
04727947;539478000000
04729442;539564400000
04782706;539823600000
04767375;539996400000
04766966;540514800000
04804111;540774000000
04738324;541119600000
04765124;541638000000
04858145;541638000000
04730683;541724400000
04848150;542242800000
04821822;542588400000
04705127;542588400000
04899600;542847600000
04766964;542847600000
04721173;542847600000
04750575;542934000000
04770261;543452400000
04773492;543538800000
04792003;543711600000
04812701;543798000000
04744709;544053600000
04747456;544053600000
04718506;544140000000
04756374;544140000000
04722407;545263200000
04742880;545436000000
04828056;545522400000
04872119;545868000000
04763740;546472800000
04809616;546732000000
04874048;547077600000
04732228;547077600000
04817026;547164000000
04762252;547423200000
04771837;547941600000
04722409;548287200000
04805637;548460000000
04765422;549496800000
04914611;549496800000
04905779;549496800000
04838705;550101600000
04765421;550360800000
04754823;550447200000
04799558;550447200000
04753031;551570400000
04782865;551916000000
04773493;552088800000
04721174;552520800000
04739847;552780000000
04778018;553125600000
04793420;553212000000
04817610;553298400000
04824315;553730400000
04809795;553903200000
04787467;554680800000
04812806;554680800000
04835719;554940000000
04733736;554940000000
04832092;555285600000
04817428;555544800000
04841280;555631200000
04724914;556149600000
04756187;556236000000
04846291;556840800000
04856563;557445600000
04771836;557704800000
04867259;557704800000
04762190;558050400000
04799560;558568800000
04862401;558568800000
04779690;558655200000
04751973;558741600000
04775020;558914400000
04792002;559346400000
04770260;559346400000
04792004;559519200000
04836316;559782000000
04785897;559782000000
04789033;559782000000
04825967;559954800000
04750082;560041200000
04785896;561078000000
04776414;561078000000
04753307;561337200000
04765420;561855600000
04754822;561855600000
04788930;562201200000
04821922;562460400000
04882784;562978800000
04765423;563065200000
04763739;563410800000
04804053;563497200000
04869266;563670000000
04800972;564015600000
04766965;564274800000
04890246;564274800000
04800970;564966000000
04804052;565225200000
04848479;565225200000
04821820;565225200000
04815547;565225200000
04832513;565398000000
04844192;565830000000
04766694;565830000000
04848478;565830000000
05088334;565916400000
04868937;565916400000
04838368;566089200000
04798250;566434800000
04890441;566521200000
04817745;567039600000
05101982;567039600000
04792005;567126000000
04825968;567126000000
04825896;567212400000
04799562;567298800000
04953244;567644400000
04849918;567817200000
04864521;567817200000
04849175;568249200000
04828057;568422000000
04856602;568508400000
04848492;568508400000
04848556;568508400000
04836311;568508400000
04778017;568854000000
04825966;568940400000
04789014;568940400000
04813505;568940400000
04834199;569199600000
04782905;569804400000
04838371;569804400000
04836036;570063600000
04840240;570063600000
04789034;570150000000
04790398;570236400000
04928229;570409200000
04802540;570409200000
04836304;571359600000
04823894;571446000000
04798252;571618800000
04907179;571618800000
04819750;571964400000
04819749;571964400000
04867343;572137200000
04938271;572223600000
04799381;572396400000
04770041;572482800000
04794996;572828400000
04815548;572828400000
04871038;573087600000
04807711;573087600000
04793428;573087600000
04825965;573346800000
04800973;573433200000
04815549;573433200000
04802541;574038000000
04967384;574297200000
04859131;574470000000
04828055;574556400000
04817744;574902000000
04832141;575074800000
04799559;575161200000
04842085;575503200000
04789035;575503200000
04856604;575848800000
04798251;575848800000
04836308;576108000000
04884463;576194400000
04832142;576712800000
04922922;576799200000
04839675;576885600000
04836352;576972000000
04936399;577317600000
04941565;577317600000
04793429;577490400000
04811610;577922400000
04862979;578268000000
04844190;578613600000
04935885;578700000000
04880142;578700000000
04891755;578786400000
04799561;579132000000
04977526;579218400000
04807558;579909600000
04850442;579996000000
04821823;580341600000
04860840;580514400000
04876891;580514400000
04872093;580687200000
04813504;580687200000
04811802;581032800000
04813503;581032800000
04960177;581292000000
04823597;581551200000
04836310;581810400000
04830126;581896800000
04793410;582156000000
04932445;583365600000
04836315;583452000000
04828054;583538400000
04967383;583711200000
05122962;584229600000
04836314;584316000000
04875533;584316000000
04830125;584748000000
04854406;585180000000
04852676;585352800000
04852673;586130400000
04889202;586389600000
04846294;586562400000
04901808;586562400000
04954975;587167200000
04844187;587599200000
04846292;588290400000
04838367;588290400000
04872521;588376800000
04838372;588376800000
04836309;588549600000
04858710;588808800000
04880069;588895200000
04854407;588895200000
04838369;589154400000
04858708;590018400000
04821821;590018400000
04850443;590104800000
04852674;590191200000
04848495;590623200000
04842058;591231600000
04856605;591318000000
04883200;591404400000
04884031;591490800000
04840241;591836400000
04886133;592009200000
04832140;592182000000
04853881;592182000000
04846293;592614000000
04858709;592786800000
04992775;592786800000
04969112;592786800000
05085527;593218800000
04848477;593218800000
04848493;593305200000
04844191;593391600000
04878356;593996400000
04918981;593996400000
04917198;594428400000
04904154;594514800000
04992929;594946800000
05055264;594946800000
04869113;595119600000
04863009;595465200000
04868951;595465200000
04874050;595551600000
04931777;595638000000
04844189;595724400000
04878551;595810800000
04836293;596070000000
04878552;596070000000
04840239;596156400000
04974646;596242800000
04958694;596934000000
04848494;597538800000
04912972;597538800000
04865139;597538800000
04852675;597538800000
05035141;597625200000
04872522;597970800000
04901237;598143600000
04867257;598143600000
05019991;598230000000
04858711;598230000000
04957179;598489200000
04856603;598748400000
04887678;598748400000
05076107;599180400000
04935078;599266800000
05004392;599266800000
04936209;599353200000
04844188;599353200000
04842084;599353200000
04836313;600303600000
04836312;600303600000
04997012;600303600000
05022532;600476400000
04967857;600562800000
04893685;600562800000
04898255;600994800000
04895067;600994800000
04860839;601081200000
04958693;601081200000
04872523;601167600000
04963302;601513200000
04909339;601513200000
04889201;601599600000
04881606;601686000000
04909356;602204400000
04867258;602290800000
04874049;602463600000
04909340;602463600000
04869331;602722800000
04917197;603068400000
04874051;603327600000
04862978;603327600000
04981185;603414000000
05018510;604278000000
04886132;604537200000
04953643;605142000000
04959530;605228400000
04979581;605401200000
04892162;605401200000
04947694;605401200000
04881607;605487600000
04884645;605919600000
04919222;605919600000
05038973;606006000000
05021964;606438000000
05008518;606697200000
04971177;606697200000
04971176;606697200000
04884644;607039200000
04984128;607212000000
04972882;607644000000
04948542;607730400000
05031642;607816800000
04892163;607816800000
04917199;608162400000
04938385;608335200000
04921059;609112800000
04923022;609458400000
04887679;609544800000
04893262;609717600000
05016026;609717600000
04926359;609976800000
04893686;609976800000
04905780;610149600000
04964734;610322400000
04977784;610581600000
05046322;610581600000
04913248;611186400000
05042310;611445600000
04898254;611532000000
04875534;611532000000
04961470;612050400000
04898253;612482400000
04991973;612482400000
04995468;612741600000
04921578;613000800000
04928473;613346400000
04995467;613346400000
04909338;613605600000
04899839;613778400000
04921058;613951200000
04934468;613951200000
04932486;614296800000
04899840;614469600000
04915183;614556000000
04926951;614815200000
04984644;614988000000
04974679;615592800000
04949799;615592800000
04923024;615592800000
04961472;616024800000
04951765;616024800000
05050693;616024800000
04957176;616024800000
04934469;616888800000
05060741;617234400000
04924955;617320800000
05031710;617320800000
04970374;618012000000
04977968;618098400000
04967856;618184800000
04903788;618444000000
04957177;618616800000
05050770;618789600000
04949798;619048800000
04945957;619048800000
04932487;619653600000
04957178;619740000000
05113350;619999200000
04979403;620258400000
04930588;620258400000
05033561;620431200000
04995188;621208800000
04981187;621468000000
04997051;621468000000
04947946;621640800000
04923023;621813600000
05022444;621813600000
05014797;621813600000
04955441;622767600000
04955240;622767600000
04932488;622854000000
04932485;623026800000
05072400;623372400000
04964479;623977200000
04979580;623977200000
04977969;624063600000
05005657;624150000000
04966241;624150000000
05062518;624150000000
04981186;624150000000
05054652;624668400000
04969529;625186800000
04938300;625273200000
04961533;625705200000
04947089;625705200000
05016200;625705200000
04936693;625878000000
05004093;626482800000
04938301;626482800000
04951763;626914800000
05130938;626914800000
04941365;627001200000
04951764;627260400000
05103401;627606000000
05081600;627606000000
05009275;627692400000
05010968;628124400000
04947947;628124400000
04953644;628297200000
04986391;628383600000
04986376;628470000000
05061639;628902000000
05002141;629074800000
04964478;629334000000
04993506;629334000000
05022475;629420400000
05014799;629420400000
04979579;629679600000
04976326;630284400000
05014798;630630000000
05131482;630802800000
04966273;630889200000
05002140;631321200000
05009137;631753200000
04974692;631839600000
05121328;632098800000
05009276;632444400000
05024282;632444400000
05000274;632617200000
05006995;632962800000
05052504;633135600000
05035294;633654000000
05007561;633913200000
05152354;634345200000
05044819;634777200000
05083624;634863600000
05046570;634863600000
05004059;635036400000
05062492;635122800000
05044452;635468400000
05024352;635641200000
05097988;635986800000
05050694;635986800000
05124926;636332400000
05117364;636332400000
05000275;636332400000
05072397;636591600000
05065828;636591600000
05191533;636764400000
05074436;637455600000
05000276;637455600000
04976378;637801200000
05004058;638488800000
05058691;639007200000
05086656;639180000000
05048623;639352800000
05029658;639871200000
05076332;640216800000
05118010;640216800000
05069300;640476000000
05001648;640994400000
05191918;641772000000
05096007;642031200000
05113955;642290400000
05076375;642636000000
05076376;643327200000
05052505;643500000000
05087864;643586400000
05065902;643586400000
05074435;644191200000
05227966;644709600000
05095764;644796000000
05058692;645660000000
05072797;645832800000
05040625;645919200000
05148841;646264800000
05069299;646610400000
05038875;646956000000
05072799;647647200000
05183125;647647200000
05054566;647647200000
05058422;647733600000
05090494;647820000000
05064009;649029600000
05115877;649375200000
05094307;649548000000
05215154;649634400000
05086816;649634400000
05078220;650239200000
05156297;650239200000
05056364;650239200000
05119585;650757600000
05070953;651103200000
05105895;651103200000
05067572;651103200000
05082071;651103200000
05125535;651189600000
05050034;651189600000
05107945;651708000000
05082072;651967200000
05086879;652399200000
05033562;652399200000
05183124;652658400000
05046584;653176800000
05114015;653263200000
05182712;653263200000
05083638;653608800000
05084832;653695200000
05115874;653868000000
05167290;654127200000
05127637;654127200000
05072798;654213600000
05111897;654386400000
05170857;654994800000
05119893;655081200000
05132897;655426800000
05092988;655599600000
05092415;655686000000
05255196;655945200000
05184754;656204400000
05191543;656290800000
05150758;656722800000
05097915;656895600000
05156194;656895600000
05150759;657154800000
05090493;657154800000
05154247;657241200000
05129485;657241200000
05082073;657241200000
05109936;657241200000
05074368;657414000000
05222398;657414000000
05088223;658018800000
05027048;658105200000
05086855;658450800000
05141065;658537200000
05046569;658710000000
05064008;658710000000
05038876;658710000000
05159959;658710000000
05065829;658710000000
05086856;659055600000
05121638;659055600000
05117929;659746800000
05191947;660351600000
05133420;660870000000
05048624;661129200000
05138178;661388400000
05092413;661388400000
05094306;661734000000
05199517;661734000000
05109937;661734000000
05088569;662857200000
05174403;662857200000
05178226;663202800000
05161628;663289200000
05174398;663807600000
05074369;663894000000
05258583;663980400000
05193629;663980400000
05092416;663980400000
05167832;664066800000
05143165;664498800000
05111855;664671600000
05125466;665190000000
05127483;665362800000
05123494;665622000000
05125465;665622000000
05139100;665622000000
05092414;665622000000
05119895;665794800000
05065830;665881200000
05080184;666226800000
05119894;666918000000
05121775;667436400000
05184690;667609200000
05219031;667695600000
05105896;668127600000
05096006;668127600000
05154246;668386800000
05156224;668386800000
05181616;668386800000
05115876;668646000000
05121804;668732400000
05105897;668991600000
05135062;668991600000
05251493;669423600000
05209313;670114800000
05135113;670456800000
05232243;671148000000
05139101;671234400000
05233532;671234400000
05111896;671407200000
05388043;671925600000
05203799;672530400000
05152356;672530400000
05191948;672530400000
05141064;672616800000
05129472;672616800000
05167289;672962400000
05367128;673653600000
05178227;673826400000
05141066;673826400000
05193631;673826400000
05306876;673826400000
05112319;674172000000
05143164;674949600000
05099118;675554400000
05207285;675900000000
05259425;676072800000
05148943;677109600000
05092490;677282400000
05170854;677368800000
05168945;677887200000
05181618;677887200000
05230393;677973600000
05258582;677973600000
05172783;678319200000
05191949;678405600000
05148881;678924000000
05205370;679701600000
05224626;679788000000
05307281;679874400000
05205368;680133600000
05174400;680133600000
05353960;680220000000
05244020;680306400000
05260880;680479200000
05133421;681688800000
05174402;681688800000
05163525;681948000000
05133212;681948000000
05161629;682034400000
05190117;682207200000
05119896;682207200000
05187976;682293600000
05294004;682552800000
05170856;683416800000
05158238;683416800000
05174401;684021600000
05172734;684108000000
05224815;684712800000
05253534;684972000000
05117928;685058400000
05183126;685231200000
05174404;685317600000
05220971;685663200000
05190115;685922400000
05178228;685922400000
05152355;685922400000
05226496;685922400000
05230252;686185200000
05187442;686185200000
05173977;686530800000
05137099;686790000000
05195599;686790000000
05245138;687481200000
05232062;687481200000
05127643;687567600000
05211253;687654000000
05190116;687740400000
05170855;688172400000
05344272;688690800000
05254992;688863600000
05203419;689295600000
05199519;689295600000
05178225;689382000000
05269388;689900400000
05172782;690159600000
05222399;690505200000
05207284;690764400000
05230394;691023600000
05232064;691196400000
05228527;691196400000
05239136;691628400000
05150760;692233200000
05197557;692319600000
05143166;692406000000
05156239;692924400000
05283410;693010800000
05296654;693183600000
05205367;693442800000
05193630;693442800000
05172781;694306800000
05250762;694738800000
05276432;695430000000
05219030;695516400000
05327791;695516400000
05277533;696034800000
05232063;696121200000
05243146;696553200000
05291422;696553200000
05174399;696726000000
05236337;697244400000
05308933;697417200000
05296655;697676400000
05257668;697676400000
05167287;697762800000
05241138;697935600000
05211252;698367600000
05174033;698367600000
05215155;698454000000
05259252;698454000000
05184733;698454000000
05318049;698454000000
05199518;698454000000
05209312;698626800000
05324157;698972400000
05270495;699231600000
05287757;699750000000
05262598;699750000000
05220968;700095600000
05321634;700354800000
05300736;700354800000
05219032;700441200000
05270494;700700400000
05239137;700959600000
05270497;701046000000
05232061;701391600000
05251498;701478000000
05243147;701564400000
05250761;701992800000
05293007;702165600000
05260520;702165600000
05336854;702252000000
05313023;702252000000
05282498;702511200000
05224561;702597600000
05205369;702684000000
05280140;702770400000
05217082;702770400000
05326939;703202400000
05273584;703202400000
05230392;703375200000
05235141;703720800000
05306875;703807200000
05244100;703893600000
05230391;704066400000
05285860;704325600000
05287748;704671200000
05340949;704930400000
05369223;704930400000
05294756;705016800000
05220970;705016800000
05178224;705535200000
05423781;705535200000
05245137;705621600000
05265763;705708000000
05262597;705880800000
05360950;706140000000
05239713;706140000000
05230251;706312800000
05267654;706831200000
05306873;706917600000
05266749;707004000000
05343003;707090400000
05345042;707090400000
05280141;707349600000
05315883;707608800000
05349876;708213600000
05340951;708559200000
05379923;708732000000
05283395;708904800000
05338901;709164000000
05340948;709336800000
05264665;709336800000
05249456;709509600000
05251476;709509600000
05319160;709509600000
05258579;710028000000
05285930;710028000000
05246118;711324000000
05347092;711583200000
05285020;711756000000
05270563;712188000000
05256835;712533600000
05220969;712533600000
05285022;714002400000
05200903;714175200000
05210706;714261600000
05306087;714693600000
05258580;714780000000
05362929;714866400000
05396035;714866400000
05410108;715212000000
05289724;715298400000
05258581;715989600000
05434366;715989600000
05349844;716162400000
05466894;716421600000
05340950;716508000000
05319817;716508000000
05285019;716594400000
05393936;716767200000
05308932;717372000000
05317110;717372000000
05380269;717634800000
05336853;718930800000
05264667;719622000000
05306877;719794800000
05308930;720226800000
05477462;720399600000
05332870;721004400000
05391843;721263600000
05230395;721522800000
05446248;721522800000
05313022;721522800000
05264666;721522800000
05285021;722041200000
05270496;722041200000
05393939;722214000000
05234065;722473200000
05406035;722818800000
05331118;722818800000
05304745;723337200000
05365022;723682800000
05308931;723855600000
05254812;723942000000
05366033;723942000000
05644492;723942000000
05325653;724287600000
05321209;724546800000
05343000;724978800000
05265481;725065200000
05308934;725151600000
05319161;725151600000
05440076;726274800000
05367129;726361200000
05359154;726361200000
05298688;726879600000
05583322;729212400000
05411174;729385200000
05315073;729385200000
05321212;729471600000
05285682;729471600000
05304744;729903600000
05341307;730076400000
05641948;730335600000
05261742;730422000000
05345043;730422000000
05406036;730594800000
05324894;730940400000
05407030;731199600000
05459289;731545200000
05493078;731890800000
05329069;731890800000
05373116;732150000000
05308935;732322800000
05434367;732754800000
05338902;733014000000
05378860;733442400000
05371329;733615200000
05399815;734220000000
05313880;734306400000
05349138;734911200000
05326938;734911200000
05340269;735343200000
05410109;735429600000
05376760;735775200000
05345041;735775200000
05261743;735861600000
05369226;736034400000
05380957;736466400000
05414225;736725600000
05463192;736984800000
05596179;737416800000
05478974;737589600000
05442146;737762400000
05391844;737762400000
05585604;738108000000
05369222;738194400000
05610373;738626400000
05416279;738972000000
05359153;738972000000
05376761;739144800000
05365021;739144800000
05488202;739576800000
05362928;740008800000
05387766;740872800000
05423455;740959200000
05384436;741391200000
05377868;741564000000
05393935;742168800000
05523101;742773600000
05440078;743032800000
05321637;743292000000
05449864;743378400000
05393938;743637600000
05515740;743983200000
05393937;744242400000
05455395;744588000000
05459288;744588000000
05348774;745020000000
05337902;745192800000
05373115;745797600000
05324893;745797600000
05322977;745797600000
05319162;745797600000
05360141;746056800000
05402672;746143200000
05398191;746402400000
05481072;746748000000
05422464;747439200000
05481071;747612000000
05425278;748216800000
05496972;748216800000
05522468;748648800000
05938074;748648800000
05539157;749170800000
05375634;749948400000
05457642;750034800000
05413154;750553200000
05905232;750553200000
05459670;750898800000
05600104;751071600000
05670753;751158000000
05561274;752108400000
05511571;752454000000
05488203;752454000000
05591942;752713200000
05504278;753058800000
05565655;753318000000
05402670;753663600000
05383561;753663600000
05417536;754614000000
05573269;754786800000
05384438;754786800000
05574261;755218800000
05485684;755305200000
05460209;755305200000
05550328;755478000000
05421433;755478000000
05401915;755737200000
05578798;756342000000
05369221;756514800000
05567919;756514800000
05585603;756601200000
05591944;757724400000
05545856;757897200000
05583777;758070000000
05547034;758156400000
05369254;758329200000
05631448;758502000000
05625170;758847600000
05616889;759106800000
05430275;759711600000
05353847;759970800000
05384437;760575600000
05576521;761180400000
05553485;761180400000
05635680;761180400000
05493920;761353200000
05526702;761353200000
05481464;761526000000
05640334;761958000000
05567918;761958000000
05433116;762044400000
05589670;762217200000
05606126;762217200000
05623128;762476400000
05672851;762476400000
05456119;762735600000
05416706;762735600000
05834707;762994800000
05444749;762994800000
05621194;763081200000
05635681;763340400000
05635679;763858800000
05665941;764290800000
05462236;764463600000
05419204;764550000000
05563384;764805600000
05439036;764892000000
05696354;764978400000
05672849;765064800000
05415176;765583200000
05606153;765669600000
05656799;765928800000
05409020;766015200000
05753868;766274400000
05637837;766360800000
05578797;766879200000
05513406;766879200000
05670752;767484000000
05705776;767570400000
05550537;768175200000
05659470;768520800000
05510581;769212000000
05408054;769816800000
05479959;769989600000
05555764;770335200000
05681998;770508000000
05734128;770940000000
05646376;771112800000
05591943;771199200000
05435195;771199200000
05482421;772149600000
05512713;772668000000
05496973;773532000000
05726393;773618400000
05637836;773704800000
05653417;774482400000
05440077;774655200000
05576520;775087200000
05478975;775346400000
05604335;775519200000
05637838;775864800000
05650596;776037600000
05677516;777592800000
05859389;777679200000
05570290;777852000000
05719355;778111200000
05408888;778284000000
05604334;778975200000
05521827;779666400000
05670751;780098400000
05726394;780098400000
05565846;780534000000
05435189;780879600000
05509317;781484400000
05831221;782002800000
05750938;782694000000
05717166;782953200000
05503474;782953200000
05515888;783039600000
05550327;784335600000
05498114;784335600000
05539158;784854000000
05475933;785026800000
05502898;785026800000
05545855;785458800000
05646374;786668400000
05544684;786841200000
05499417;787273200000
05442082;787532400000
05509293;787878000000
05714719;788137200000
05613590;788137200000
05803502;788137200000
06940025;788482800000
05661268;788482800000
05612515;788482800000
05521334;788482800000
05677517;788655600000
05535635;788742000000
06084184;789606000000
05525762;789692400000
05739477;789865200000
05448022;789951600000
05684275;790297200000
05629498;790383600000
05700982;790815600000
05646375;790815600000
05717167;790902000000
05508946;790902000000
05880410;791074800000
05679102;791679600000
05593113;792025200000
05597984;792198000000
05691510;792630000000
05560515;792630000000
05569887;792975600000
06161758;793494000000
05613419;793580400000
05738479;793580400000
05764522;793926000000
05801339;794012400000
05847328;794185200000
05604336;794617200000
05721400;795913200000
05639995;796860000000
05773765;797464800000
06034334;797637600000
05756938;797724000000
05606508;797983200000
05652411;798156000000
05611437;798242400000
05666866;798328800000
05650930;798933600000
05644489;798933600000
05631835;798933600000
05499457;799020000000
05621195;799452000000
05515737;799884000000
05679882;800143200000
05570483;800229600000
05686704;801093600000
06546363;801266400000
05590976;801784800000
05608193;801784800000
05796051;801957600000
05672850;801957600000
05712451;802303200000
05874694;802389600000
05823278;802389600000
05566575;802389600000
06153835;802476000000
05780778;802476000000
05841076;802476000000
06462286;802476000000
05663531;802908000000
05703332;803080800000
05837946;803253600000
05861580;803685600000
05613304;803772000000
05708236;804290400000
05723826;804722400000
05719357;806018400000
05771986;806018400000
05763839;806623200000
05747745;806709600000
05582107;806796000000
06003653;806796000000
05594184;807487200000
05606516;807746400000
05817988;807919200000
05796052;808005600000
05777240;809301600000
05721398;809733600000
05723824;809733600000
05834706;809820000000
05929390;810856800000
05760344;811116000000
05780783;811461600000
05817989;811634400000
05579759;812329200000
05962818;812674800000
05834708;812847600000
05780781;813279600000
05717165;813538800000
05675493;813625200000
05622250;813884400000
05869763;814057200000
05742011;814662000000
05581982;814921200000
05736685;815871600000
05708993;817772400000
05841077;817772400000
05697110;817772400000
05627346;817858800000
05756939;818118000000
05747744;818636400000
05684276;818722800000
05710716;818722800000
05859391;818809200000
05767452;818982000000
05710706;819932400000
05814772;820623600000
05635906;820710000000
05666295;820796400000
05813195;820796400000
05689092;821228400000
05747746;821314800000
05801337;821314800000
05739478;821314800000
07214891;821746800000
05602485;821746800000
05819901;821746800000
05765655;821833200000
05798487;821919600000
05861582;822351600000
05747747;822351600000
05752498;822438000000
05753867;822956400000
05814771;824425200000
05731548;824770800000
05719356;824857200000
05786549;825375600000
05789714;825462000000
05669522;825634800000
05641947;825807600000
05894111;825980400000
05750937;826153200000
05703334;826239600000
05811737;826585200000
05610372;826758000000
05736683;826844400000
05864295;827362800000
05736682;827449200000
05610343;827967600000
05880407;828054000000
05723825;828309600000
05617648;828568800000
05740843;828655200000
05910646;828655200000
05767456;828914400000
05728977;829000800000
05770823;829519200000
05767453;829605600000
05760577;829864800000
05774865;829864800000
05696355;830037600000
05837945;830296800000
05829907;830901600000
05929391;830988000000
05847329;831506400000
05686653;831592800000
05760342;832024800000
05756943;833493600000
05684254;833666400000
05721399;834098400000
05753865;834703200000
05753866;835567200000
05987428;835653600000
05724267;836258400000
05789713;838245600000
05677498;838850400000
05736684;838936800000
05680110;839196000000
05929770;839455200000
05837944;840405600000
05704400;841096800000
05773767;841096800000
05847290;841183200000
05742010;841183200000
05808242;841356000000
05850057;841788000000
05780779;842306400000
05753792;842824800000
05789683;843429600000
05811740;843602400000
05779541;844293600000
05804772;844380000000
05910647;844639200000
05734110;844984800000
05787600;844984800000
05994649;845330400000
05835982;845416800000
05801338;845935200000
05767454;845935200000
05859390;846021600000
05656800;846457200000
05627947;846543600000
05811738;847407600000
05880409;848444400000
05991676;848617200000
05763838;848703600000
05773768;848876400000
05832417;849049200000
06007236;850172400000
05861581;850258800000
05814773;850690800000
05753869;851554800000
05914463;851986800000
05909013;851986800000
05841541;851986800000
06094996;852764400000
06032119;853369200000
05780780;853455600000
05703333;853974000000
05955705;854406000000
05866854;854492400000
05739757;854578800000
05895678;854578800000
05892180;854924400000
05714695;855010800000
05877457;856306800000
05773766;856393200000
05939646;856911600000
05831222;856911600000
05767455;856911600000
05962861;856911600000
05971037;857343600000
05783755;857430000000
05824963;857430000000
05780777;857602800000
05959259;858034800000
06732667;858294000000
05799567;858294000000
05998740;858553200000
06407349;858639600000
05883336;858726000000
05944162;858812400000
05763837;858812400000
06003010;858898800000
05883337;859158000000
05994650;859503600000
05811739;859503600000
05880408;859759200000
05842186;859759200000
05906016;859845600000
05923001;860104800000
05856638;860536800000
05996150;860709600000
05895894;861228000000
05806287;861573600000
05831220;861660000000
05945638;862178400000
05756940;862264800000
05884241;862351200000
06035291;862524000000
05895893;862524000000
05900591;862869600000
06032090;862869600000
05802674;863128800000
05984771;863474400000
05864097;863647200000
05878376;863992800000
05923000;864252000000
05894409;864684000000
05979703;864856800000
05869788;864943200000
05929388;865375200000
05889235;865461600000
05772390;865548000000
05917159;865548000000
06013880;865807200000
05856637;866152800000
05929387;866412000000
05895891;866757600000
05760343;867016800000
05877454;867189600000
06084183;867189600000
05894112;867276000000
05922998;867276000000
05936206;867362400000
06057514;867362400000
05900590;867880800000
05831343;867880800000
05844474;867880800000
05898135;868226400000
05805467;868572000000
05824965;868831200000
05910645;869004000000
06013878;869004000000
06040531;869176800000
06057516;869176800000
06222449;869436000000
05877456;869522400000
05866855;869522400000
05852259;869608800000
05946795;869695200000
06176774;869781600000
05912439;870040800000
05886301;870645600000
05927989;871250400000
05850757;871336800000
06080938;871423200000
05844174;871509600000
05902964;872114400000
05981881;872200800000
06046411;872200800000
05902966;872460000000
05900592;872805600000
05895892;872805600000
06013879;873237600000
05987370;873237600000
05954576;873756000000
06028318;874015200000
05892181;874533600000
05949031;874879200000
05914464;875484000000
06037550;875570400000
06025563;875656800000
05988676;875656800000
05852258;876088800000
05854446;876088800000
06015163;876261600000
05990422;876952800000
05884238;877471200000
05939681;877993200000
05986220;878166000000
06002090;878684400000
05886302;878770800000
05780782;879721200000
05909999;879721200000
06129168;879894000000
06109177;879894000000
05965849;880498800000
05955706;880498800000
06044313;880498800000
06026318;881103600000
05957491;882399600000
05986221;882399600000
06037549;882486000000
05962816;882486000000
05942695;882745200000
06047245;883695600000
05927924;883695600000
06076853;884127600000
06021863;884127600000
05918696;884127600000
05984349;884127600000
06056079;884127600000
06045155;884127600000
05905210;884214000000
06039344;884300400000
06032838;884559600000
05986219;884732400000
05904219;884818800000
05877455;885337200000
05959258;885337200000
06104100;885855600000
05854447;886460400000
05902965;886719600000
06112600;887151600000
06111206;887324400000
06101436;887756400000
06168305;888534000000
06188029;888793200000
05973273;888966000000
06194670;889570800000
06317656;889743600000
06058341;890002800000
06119842;890175600000
06060667;890694000000
05941090;891554400000
05973274;891554400000
06094762;891554400000
06092838;891813600000
06069324;891813600000
06011223;891986400000
06114636;892072800000
05942732;892418400000
05959257;892591200000
06266594;892677600000
06246967;893196000000
06279387;893714400000
06467943;894232800000
06018129;896133600000
06177637;896220000000
06063292;896824800000
06137065;896824800000
05990423;897602400000
06080939;897602400000
05922999;897861600000
06085979;898552800000
06093895;899071200000
05998742;899330400000
05987808;899330400000
06232567;899848800000
05929389;899935200000
06271486;900626400000
06018128;901231200000
06257079;901749600000
05979512;902181600000
06222137;902181600000
06107579;902872800000
06072127;902959200000
06032522;903391200000
06037548;903909600000
06556927;904082400000
06005199;904255200000
06066252;904600800000
06417466;904773600000
06089106;904860000000
06118083;904860000000
06237852;905292000000
05986222;905378400000
06075212;905464800000
06422800;905724000000
06302461;906069600000
06262377;906933600000
06066810;907020000000
06191371;907192800000
06271484;907538400000
06147312;907538400000
06080937;907711200000
06038465;908229600000
06073667;908316000000
06028270;908488800000
06091028;909007200000
06109478;909093600000
06096983;909093600000
06040532;909356400000
06166336;909442800000
06098216;909529200000
05986560;909961200000
06225574;910306800000
06053218;910652400000
06211472;910911600000
06242701;911257200000
06787530;911516400000
06046412;911948400000
06091029;912380400000
05981882;912466800000
06038808;912639600000
06260003;913330800000
06215078;914281200000
06143993;914367600000
06376784;914799600000
06249778;914972400000
05962817;915663600000
06179129;916959600000
06121556;917305200000
06211471;917391600000
06150619;917564400000
06150617;917823600000
06087598;917996400000
05932848;918169200000
06448511;919810800000
06148668;920329200000
06180893;920415600000
06150618;920502000000
06268572;921193200000
06284986;921452400000
06235999;921452400000
06127635;921625200000
06119475;921798000000
06134896;921798000000
06201195;922744800000
06162998;923004000000
06307163;923004000000
06069325;923608800000
06177639;923608800000
06354996;924040800000
06305503;924213600000
06225576;924559200000
06320142;924818400000
05998741;925336800000
06194671;925682400000
06194672;926028000000
06273665;926287200000
06057515;926287200000
06236000;926373600000
06490936;926632800000
06340030;927842400000
06043438;927842400000
06124554;928188000000
06323443;928706400000
06211473;928792800000
06360618;928965600000
06259041;929656800000
06180892;930002400000
06066809;931298400000
06232566;931730400000
06293585;931730400000
06170704;931816800000
06265675;931989600000
06286183;932076000000
06410863;932680800000
06348663;932680800000
06284987;933199200000
06137066;933199200000
06186194;933285600000
06402363;933544800000
06166335;933544800000
06599482;933544800000
06232565;933631200000
06248963;933631200000
06236001;933631200000
06525276;933717600000
06252181;933717600000
06353184;934322400000
06244116;934754400000
06268573;934754400000
06278067;934927200000
06417464;935359200000
06712221;935359200000
06121555;936309600000
06286861;936655200000
06329613;936655200000
06326562;936741600000
06437255;936828000000
06302577;937519200000
06268570;937519200000
06459050;937778400000
06256896;937864800000
06220312;937951200000
06326563;937951200000
06407351;938556000000
06725206;938728800000
06225575;938988000000
06118082;939160800000
06191691;939333600000
06420665;939592800000
06320141;939679200000
06235998;939765600000
06246017;940284000000
06340799;940370400000
06462287;940456800000
06454304;940543200000
06433289;940802400000
06414252;940975200000
06246018;941148000000
06286717;941497200000
06365845;942706800000
06373237;942706800000
06417465;942793200000
06211470;943225200000
06307165;943225200000
06255603;943398000000
06323442;944521200000
07075018;944521200000
06353192;944780400000
06907409;944780400000
06947912;944780400000
06359238;945385200000
06373001;946335600000
06313415;946508400000
06410862;947113200000
06538215;947718000000
06314824;947718000000
06177638;947718000000
06356200;947804400000
06331682;947804400000
06359239;948927600000
06477514;949014000000
06313414;949273200000
06210727;949359600000
06256532;949359600000
06329612;949446000000
06396003;949618800000
06546817;949964400000
06378276;950569200000
06329611;950828400000
06479767;951260400000
06369339;951692400000
06502013;952470000000
06323444;952556400000
06457295;952556400000
06339198;952556400000
06478162;952556400000
06571647;952556400000
06323441;952642800000
06155767;952642800000
06303882;952642800000
06472618;954108000000
06354169;954367200000
06426471;954367200000
06518520;954367200000
06615638;954453600000
06384348;954453600000
06340501;954885600000
06172309;954972000000
06387330;955490400000
06407346;955576800000
06403897;955663200000
06307164;955663200000
06428124;955663200000
06414251;956008800000
06362439;956268000000
06365846;956527200000
06399901;956613600000
06341930;956700000000
06443007;956786400000
06495774;956872800000
06444926;957132000000
06359240;957132000000
06337446;957304800000
06298009;958428000000
06342683;958687200000
06291781;958687200000
06365847;958946400000
06331683;958946400000
06259042;959119200000
06346680;959119200000
06308131;959205600000
06311106;959292000000
06376783;959724000000
06373276;959724000000
06441322;959810400000
06419315;959810400000
06380495;959810400000
07219084;959810400000
06441321;959896800000
06324918;960156000000
06722214;960415200000
06264544;961020000000
06336741;961365600000
06369337;961538400000
06268571;961711200000
06622114;961711200000
06373002;962056800000
06218632;962316000000
06539334;962920800000
06420666;962920800000
06465749;962920800000
06855894;963352800000
06401855;963439200000
06772941;963525600000
07134715;963784800000
06384349;963957600000
06408223;964044000000
06586948;964648800000
06437256;964648800000
06441324;964735200000
06369338;964994400000
06271485;965080800000
06399902;965080800000
06725165;965858400000
06447674;966463200000
06396002;966808800000
06448512;966895200000
06555767;966895200000
06504114;966895200000
06493605;967068000000
06380496;967154400000
06388209;967154400000
06407347;967413600000
06407350;967413600000
06528739;967500000000
06518519;967586400000
06891111;967672800000
06502048;967672800000
06680442;967759200000
06433288;968104800000
06366200;968191200000
06472615;968364000000
06483047;968796000000
06407348;968882400000
07026556;968968800000
06469263;969228000000
06353394;969228000000
06494478;969314400000
06429391;969314400000
06617531;969400800000
06552280;969400800000
06397688;969400800000
06924441;969919200000
06441323;970178400000
06459367;970610400000
06437257;970696800000
06472617;970783200000
06603082;971128800000
06462288;971128800000
06782340;971301600000
06621014;971388000000
06410864;971820000000
06469262;971906400000
06268593;972424800000
06492601;973033200000
06975961;973119600000
06541063;973119600000
06987228;973206000000
06566613;973206000000
06730861;973465200000
06455787;973551600000
06392166;973638000000
06515238;973638000000
06534729;973724400000
06580038;974070000000
06880188;974242800000
06610935;974415600000
06509533;974674800000
06509534;974674800000
06504112;974674800000
06452118;974674800000
06576849;975625200000
06580037;976489200000
06534728;976575600000
06396004;976834800000
06759601;977094000000
06485205;977180400000
06601013;977266800000
06550582;977785200000
06545231;977958000000
06639156;977958000000
06501032;979081200000
06900397;979167600000
06630632;979254000000
06538216;979858800000
06448513;981068400000
06590168;981586800000
06504113;981586800000
06633006;982278000000
06573462;982882800000
06970094;982882800000
06677538;982882800000
06528738;983142000000
06633008;983228400000
06509532;983487600000
06425862;983746800000
06545230;984092400000
06646210;984610800000
06565519;985129200000
06563059;985302000000
06674022;985302000000
06479766;985557600000
06583368;985644000000
06590166;985730400000
06371584;985730400000
06600112;985816800000
06629056;985816800000
06590167;985903200000
06674019;986335200000
06635830;986767200000
06677540;986767200000
06583369;986853600000
06651821;986940000000
06646209;987112800000
06566614;987458400000
06906293;987976800000
06683262;988322400000
06591222;988322400000
06653577;988927200000
06689962;988927200000
06759602;989272800000
RE038744;989272800000
06583370;989532000000
06531665;989532000000
06945130;989964000000
06653576;990050400000
06583367;990136800000
06657138;990396000000
06438776;990482400000
06700080;990655200000
06822171;990741600000
06563060;990741600000
06820033;990741600000
06649849;991605600000
06653578;992210400000
06911607;992210400000
06555765;992296800000
06765153;992469600000
06801866;992556000000
06633007;992556000000
06608261;992988000000
07020577;993765600000
06898549;994370400000
06884947;994370400000
06555766;994629600000
06598010;994802400000
06998542;994888800000
06600111;994975200000
06630633;994975200000
06541714;994975200000
06787712;995320800000
06608262;995320800000
06792371;995493600000
06553331;995839200000
06689963;995925600000
06696649;996012000000
06900396;996098400000
06972384;996184800000
06723045;996444000000
06624363;996703200000
06541713;997048800000
06444927;997653600000
06605785;997826400000
06674024;997826400000
06521847;998258400000
06552279;998431200000
06639157;998431200000
06649848;999554400000
06596949;999727200000
06559391;999813600000
07040455;1000072800000
06552278;1000072800000
06677539;1000245600000
06950776;1000504800000
06808200;1000764000000
06989496;1000850400000
07084358;1000936800000
06693245;1001023200000
06603081;1001023200000
06686545;1001023200000
06608260;1001023200000
06557391;1001023200000
06617530;1001282400000
06670560;1001368800000
06951988;1001368800000
06627825;1001541600000
06605784;1001541600000
06636792;1001541600000
06448898;1001628000000
06649850;1001628000000
06600110;1001887200000
06494482;1002232800000
06703568;1002578400000
06559392;1002837600000
06703569;1003183200000
06674021;1003356000000
06689959;1003442400000
06753484;1004047200000
06621015;1004396400000
06720503;1004569200000
06472616;1004914800000
06759603;1005001200000
06661341;1005001200000
06634235;1005087600000
06797894;1005260400000
06674023;1005606000000
06888073;1005606000000
06627826;1005692400000
06864438;1005778800000
06667445;1005865200000
06474372;1006297200000
06774320;1007074800000
06706976;1007593200000
06756548;1007593200000
06679854;1008111600000
06781068;1008111600000
06803529;1008543600000
06765154;1008630000000
07348501;1008716400000
06564509;1009494000000
06667444;1010012400000
06919516;1010444400000
06683261;1010444400000
06804985;1010617200000
06797055;1010703600000
06833516;1012345200000
06756547;1012345200000
07053319;1012518000000
07053316;1013036400000
06759605;1013122800000
06872895;1013468400000
06774318;1013554800000
06818841;1013641200000
07075019;1013727600000
06689961;1014764400000
06689964;1014850800000
06949710;1014937200000
06765155;1015196400000
06884946;1015282800000
06689960;1015455600000
06809270;1015974000000
07048018;1016406000000
06692567;1016578800000
07343359;1016665200000
06658921;1016751600000
06820896;1016751600000
06860757;1016751600000
06781067;1017010800000
06774319;1017097200000
06640158;1017183600000
07490049;1017356400000
06679584;1018562400000
06812414;1018562400000
06916998;1018821600000
06693244;1018994400000
06777623;1018994400000
06806430;1019512800000
06717072;1019512800000
06762371;1019599200000
07057118;1019599200000
06880223;1019685600000
06762370;1020290400000
06567008;1020290400000
06777624;1020981600000
06727438;1021413600000
06560913;1021500000000
07141745;1021586400000
06812413;1021845600000
06759604;1022018400000
06822172;1022104800000
06668652;1022191200000
06621013;1022623200000
06849807;1023055200000
06745933;1023228000000
07247801;1023400800000
06901388;1023400800000
06839694;1023400800000
06852069;1023746400000
06852933;1023919200000
06809271;1024005600000
06958451;1024437600000
06680443;1024437600000
06964550;1024956000000
07048799;1024956000000
06794586;1025128800000
06797893;1025215200000
06839697;1025215200000
06825423;1025215200000
06784381;1025820000000
06713689;1026165600000
06696650;1026424800000
06777625;1026424800000
06662930;1027548000000
06787714;1027893600000
06787713;1027893600000
06849808;1027893600000
06806429;1027980000000
07015400;1028239200000
06768065;1028584800000
06639158;1028584800000
06894232;1029103200000
06770823;1029189600000
06713690;1029362400000
06838625;1029794400000
06766609;1029880800000
06835899;1029880800000
06838624;1029967200000
06853949;1030053600000
06706977;1030312800000
06903282;1031176800000
06956175;1031263200000
06875932;1031695200000
06732593;1031868000000
06861592;1032472800000
06765156;1032472800000
06822571;1032818400000
06847302;1032904800000
06789435;1033423200000
06881907;1033423200000
06923449;1034114400000
06825425;1034200800000
07017699;1034892000000
06879897;1034978400000
06794587;1035151200000
07312408;1035237600000
06756546;1035846000000
06874561;1035932400000
06833515;1036018800000
06963036;1036105200000
06748814;1036710000000
06800818;1037055600000
06784380;1037314800000
06864437;1037314800000
06858808;1037314800000
06903281;1037833200000
06784379;1038178800000
06825424;1038351600000
07075537;1038351600000
07100439;1038783600000
06858809;1038870000000
06916997;1039129200000
06940026;1039388400000
06841741;1039561200000
06818842;1040252400000
06931947;1040598000000
06891112;1040684400000
06974192;1041202800000
06921100;1041202800000
06989494;1041807600000
06835900;1041980400000
07002084;1042671600000
07038145;1042758000000
06877364;1042758000000
07091427;1043708400000
06835901;1043967600000
06828515;1044831600000
06844506;1044918000000
07180016;1045004400000
07395934;1045090800000
06976221;1045177200000
06903279;1045609200000
06894233;1045695600000
07005587;1045782000000
07310923;1045782000000
07078631;1046041200000
06810355;1046386800000
06960730;1046386800000
06871159;1046991600000
06803530;1047682800000
06864436;1048114800000
06987226;1048633200000
06933451;1049061600000
07012198;1049234400000
06909057;1049407200000
07071425;1049666400000
06998541;1050012000000
07019224;1050444000000
06963035;1050530400000
06982388;1051221600000
06983883;1051480800000
07346554;1051653600000
07176245;1051653600000
06861593;1052085600000
06833514;1052172000000
07138585;1052258400000
07009118;1052776800000
07026946;1053036000000
07041915;1053036000000
07156918;1053640800000
RE040071;1054072800000
07305933;1054072800000
06844507;1054072800000
07022921;1054072800000
07032700;1054159200000
07222715;1054245600000
06888074;1055196000000
07032466;1055455200000
06797892;1055714400000
07132611;1056060000000
07057117;1056060000000
07053317;1056319200000
06830476;1056319200000
07048085;1056492000000
07059446;1056664800000
07053318;1056924000000
07043997;1057701600000
06987229;1058133600000
07308347;1058133600000
07119288;1058392800000
07038146;1058911200000
06929324;1059343200000
07612304;1059516000000
07518068;1059602400000
07094976;1059948000000
06905030;1060293600000
07189931;1060639200000
07098409;1060812000000
06915233;1061416800000
06943304;1061416800000
06919517;1061935200000
07064282;1062626400000
06951989;1062626400000
07022397;1062626400000
06965083;1063576800000
06997278;1063836000000
06969809;1064181600000
06916999;1064268000000
06998543;1064268000000
06931949;1064527200000
06891113;1064786400000
07034708;1065045600000
07022920;1065477600000
07002083;1065996000000
06878885;1066082400000
RE040099;1066082400000
06981619;1066255200000
07072763;1066600800000
07611496;1067209200000
06936776;1067295600000
06932382;1067382000000
07026557;1067468400000
06903280;1067554800000
06946632;1067554800000
07143658;1067900400000
07348500;1068159600000
07002082;1068591600000
07126065;1068764400000
07064281;1069282800000
07210570;1069714800000
07055365;1069714800000
07100731;1069714800000
07119287;1070233200000
06931747;1070319600000
07202424;1070319600000
07009119;1070319600000
06909058;1070578800000
07128181;1070578800000
06849809;1070578800000
07071426;1070838000000
07281615;1071529200000
07361850;1071529200000
07541547;1071615600000
06980924;1071702000000
06911635;1071788400000
06978671;1072047600000
07063215;1072134000000
07034709;1072738800000
07049974;1072738800000
07205505;1073257200000
07555436;1073602800000
06998544;1074121200000
07057119;1074553200000
07232962;1074553200000
07166809;1075158000000
06958452;1075244400000
07049529;1075330800000
07241955;1075417200000
07098410;1075676400000
07249649;1075849200000
07122750;1075935600000
06961676;1075935600000
07183506;1076022000000
07146294;1076022000000
07151230;1076281200000
07078630;1076626800000
07037471;1076713200000
07622686;1077663600000
07135645;1077836400000
06989495;1078095600000
07009120;1078095600000
07060913;1078182000000
07107832;1078354800000
06943695;1078441200000
07045721;1078700400000
07154055;1078700400000
07159297;1078959600000
07091426;1078959600000
07148432;1079046000000
07193162;1079046000000
07180014;1079564400000
07199312;1080082800000
06987227;1080255600000
07544902;1080255600000
07129425;1080255600000
07084357;1080770400000
06940417;1081202400000
07059258;1081720800000
07166808;1082066400000
07015399;1082930400000
07232963;1083016800000
06958453;1084399200000
07405368;1084744800000
07091425;1084744800000
07061389;1084744800000
07076910;1084831200000
07105751;1084831200000
07044006;1085436000000
07176389;1086040800000
07129423;1086127200000
07001366;1086559200000
07060914;1086645600000
06968805;1087250400000
07112749;1087941600000
07091428;1088028000000
07587335;1088114400000
07002346;1088546400000
07041914;1088546400000
07173198;1088632800000
07129427;1089064800000
07076990;1089237600000
07170016;1089324000000
07211745;1090360800000
07244896;1090447200000
06900398;1091570400000
07185727;1091570400000
07368671;1091656800000
07129424;1091743200000
07261179;1092088800000
07009522;1092607200000
07202423;1092866400000
07465272;1092952800000
07211747;1093384800000
07319198;1093903200000
07196276;1093989600000
07432456;1094162400000
07404506;1094508000000
07315002;1094767200000
07323643;1094767200000
07315003;1095026400000
07710714;1095026400000
07297880;1095026400000
07390981;1095285600000
07151231;1095285600000
07155348;1095372000000
07550682;1096581600000
07813973;1096840800000
07276669;1097013600000
07698963;1097013600000
07350640;1097100000000
07332679;1097186400000
07241956;1097532000000
07633018;1098223200000
07285736;1098309600000
07432453;1098396000000
07118214;1098396000000
07220924;1098828000000
07065861;1098828000000
07256357;1098914400000
07119705;1099087200000
07598464;1099522800000
07339123;1100041200000
07211748;1100214000000
07423226;1100818800000
06995323;1101250800000
07259338;1101250800000
07574290;1101769200000
07351025;1101855600000
07659484;1101855600000
07432458;1102028400000
07307225;1102546800000
07459645;1102633200000
07253366;1102633200000
07010449;1102892400000
07228990;1103065200000
07367499;1103583600000
07528329;1105052400000
07205490;1105398000000
07247803;1105484400000
07395184;1105484400000
07227089;1105570800000
07258237;1105570800000
07402763;1106521200000
07513475;1107212400000
07363184;1107903600000
07132610;1108076400000
07338409;1108076400000
07219760;1108335600000
07214893;1108422000000
07829801;1109545200000
07342185;1109545200000
07176390;1109718000000
07368670;1110236400000
07235746;1110322800000
07439454;1110495600000
07557726;1110754800000
07214892;1110841200000
07365278;1111446000000
07405370;1111446000000
07402769;1111446000000
07368669;1111960800000
07193163;1112133600000
07318358;1112306400000
07706947;1112738400000
07202425;1113343200000
07472031;1114034400000
07358451;1114034400000
07395183;1114466400000
07211746;1115071200000
07069610;1115157600000
07375294;1115762400000
07112750;1115935200000
07297879;1115935200000
07330128;1116799200000
07145086;1117058400000
07540524;1117663200000
07439456;1117663200000
07795547;1117749600000
07307226;1118095200000
07282654;1118181600000
07188535;1118613600000
07266904;1119909600000
07504593;1119996000000
07482542;1120082400000
07208688;1120514400000
07370730;1120514400000
07292951;1121032800000
07161096;1121119200000
07531759;1121378400000
07282651;1122501600000
07614680;1122588000000
07397003;1123192800000
07834279;1123538400000
07176391;1124834400000
07399933;1124920800000
07507917;1124920800000
07271352;1125007200000
07151232;1125352800000
07141746;1125439200000
07373846;1125612000000
07180015;1126216800000
07255003;1126476000000
07566837;1126821600000
07437781;1126821600000
07129426;1127080800000
07109881;1127340000000
07712629;1127426400000
07345249;1127858400000
07217891;1127944800000
07265301;1128031200000
07323644;1128376800000
07430491;1128981600000
07503353;1128981600000
07282655;1129240800000
07161097;1129500000000
07479606;1129500000000
07316169;1129759200000
07459644;1130799600000
07358450;1131318000000
07514638;1131404400000
07579558;1131490800000
07423225;1131490800000
07538281;1131577200000
07572986;1131577200000
07667147;1131577200000
07475606;1132268400000
07340372;1132527600000
07196277;1133391600000
07513139;1133823600000
07317167;1133996400000
07775373;1134342000000
07186930;1135033200000
07439455;1135206000000
07480579;1135206000000
07227087;1135292400000
07538280;1135638000000
07501590;1135638000000
07816613;1136329200000
07478551;1137106800000
07754984;1137452400000
07340967;1137625200000
07478497;1138057200000
07435917;1138143600000
07239724;1138662000000
07503417;1138662000000
07626130;1138748400000
07544903;1138921200000
07173197;1139266800000
07247802;1140044400000
07193164;1140130800000
07265302;1140562800000
07472439;1140649200000
07294793;1140994800000
07432457;1141167600000
07250577;1141254000000
07301110;1141340400000
07413048;1141599600000
07199311;1141772400000
07592553;1141945200000
07339122;1141945200000
07441436;1142290800000
07543979;1142377200000
07227088;1142809200000
07348502;1143241200000
07683271;1143410400000
07645948;1143410400000
07725504;1143496800000
07669263;1143669600000
07511234;1143756000000
07767915;1144620000000
07752826;1144879200000
07408124;1145224800000
07652215;1145224800000
07232964;1145224800000
07432455;1145397600000
07732716;1145397600000
07256358;1146088800000
07424355;1146693600000
07279645;1147384800000
07267001;1148248800000
07332680;1148335200000
07759585;1148421600000
07683274;1148508000000
07429705;1148594400000
07282652;1148680800000
07279644;1149199200000
07762714;1149631200000
07273017;1149717600000
07355131;1150322400000
07411137;1150322400000
07534970;1150322400000
07739068;1150840800000
07271353;1150927200000
07427720;1151532000000
07411136;1151877600000
07173196;1152050400000
07371978;1152223200000
07361852;1152223200000
07557310;1152655200000
07435918;1152741600000
07504938;1152828000000
07770448;1153260000000
07851711;1154037600000
07408125;1154469600000
07138586;1154556000000
07605333;1154901600000
07285735;1156197600000
07643650;1156456800000
07633019;1156716000000
07238895;1156802400000
07838783;1157666400000
07642474;1157925600000
07331210;1158098400000
07514639;1158789600000
07732717;1158789600000
07732720;1158876000000
07430467;1159135200000
07750255;1159135200000
07500536;1159308000000
07365275;1159394400000
07454304;1159480800000
07836997;1159480800000
07402762;1159826400000
07838782;1159999200000
07669348;1160431200000
07282653;1160949600000
07375293;1161122400000
07501592;1161554400000
07285737;1161554400000
07235747;1161900000000
07406927;1162249200000
07232961;1162422000000
07610167;1162940400000
07378604;1163372400000
07497137;1163458800000
07860761;1163458800000
07408123;1163631600000
07855343;1163718000000
07779956;1163977200000
07842892;1164063600000
07533799;1166050800000
07361851;1166396400000
07816612;1166569200000
07554042;1166569200000
07562735;1166655600000
07698962;1166742000000
07335839;1167174000000
07541549;1168383600000
07476419;1169679600000
07323645;1169766000000
07411138;1170025200000
07705715;1170198000000
07304252;1170716400000
07434481;1171407600000
07750253;1171926000000
07442885;1172530800000
07493834;1172703600000
07550683;1173049200000
07462786;1173222000000
07358449;1173308400000
07761258;1173740400000
07399932;1174604400000
07795549;1175292000000
07381909;1175551200000
07612302;1175637600000
07381910;1176415200000
07478001;1176933600000
07612303;1176933600000
07851712;1177020000000
07841524;1177365600000
07735365;1177624800000
07495185;1177884000000
07554043;1178143200000
07572987;1178143200000
07439457;1178834400000
07365276;1179266400000
07613575;1179266400000
07531758;1179352800000
07550681;1180044000000
07633020;1180562400000
07390119;1180908000000
07679009;1181253600000
07762150;1182290400000
07705251;1182981600000
07784589;1183068000000
07752924;1183327200000
07547852;1185832800000
07569778;1186005600000
07437787;1186092000000
07495186;1186351200000
07534971;1186351200000
07663067;1186610400000
07357087;1187042400000
07557311;1187215200000
07444889;1187906400000
07501591;1188338400000
07592552;1188856800000
07475595;1188856800000
07687727;1189634400000
07569779;1191535200000
07504594;1191535200000
07560651;1191880800000
07633021;1192399200000
07742891;1192399200000
07514640;1192485600000
07640130;1193176800000
07593830;1193263200000
07620521;1193349600000
07569780;1193698800000
07858888;1193785200000
07745741;1193958000000
07619170;1194908400000
07795548;1195772400000
07607401;1196031600000
07855662;1196290800000
07601923;1196377200000
07694589;1197414000000
07589288;1197500400000
07750254;1197586800000
07598463;1200265200000
07549275;1200610800000
07818140;1201561200000
07589287;1201820400000
07521638;1203894000000
07783450;1203980400000
07838781;1204066800000
07432454;1205103600000
07805914;1205103600000
07605332;1205190000000
07586049;1205362800000
07759586;1205362800000
07829800;1206313200000
07550684;1206658800000
07491905;1207087200000
07612301;1207260000000
07448335;1208210400000
07763813;1209938400000
07825343;1210197600000
07547851;1212357600000
07790991;1212616800000
07563994;1212703200000
07737372;1213221600000
07732721;1213221600000
07692107;1213567200000
07698877;1213826400000
07747351;1214258400000
07572988;1215640800000
07741569;1216332000000
07683272;1216418400000
07812267;1216591200000
07705250;1216677600000
07645949;1216850400000
07784126;1217455200000
07820923;1218664800000
07790992;1219701600000
07683273;1220824800000
07692106;1221170400000
07705249;1221429600000
07858889;1221602400000
07541548;1222034400000
07629542;1222725600000
07790990;1225321200000
07523710;1226012400000
07803111;1227654000000
07596984;1227654000000
07714238;1227654000000
07631731;1228345200000
07847202;1229900400000
07732719;1234393200000
07771643;1235689200000
07765944;1240351200000
07732718;1241733600000
07851713;1257202800000
07829802;1257202800000
07834278;1274133600000
