03964588;18745200000
03902583;22719600000
03874491;64537200000
03978677;68338800000
03882981;74818800000
03858733;77842800000
03901304;85705200000
03924666;87606000000
03870143;89334000000
03976498;90111600000
03988976;92271600000
03878927;95036400000
03879866;100134000000
03881585;102294000000
03918561;102553200000
03869031;102726000000
03873163;103158000000
03900112;103158000000
03901378;103158000000
03868030;103935600000
03891073;105577200000
03867773;106786800000
03890755;106959600000
03888342;107046000000
03913758;108946800000
03860984;109810800000
03889791;109983600000
03876060;112230000000
03902588;112834800000
03995920;113439600000
03897861;114044400000
03888343;114044400000
03866734;114217200000
03865223;114649200000
03885163;115340400000
03867969;116463600000
03866744;117327600000
03871501;117846000000
03868045;119142000000
03891080;120697200000
03887053;121042800000
03947311;122598000000
03874749;123721200000
03905468;123721200000
03872784;124326000000
03926289;125190000000
03866716;127350000000
03899088;128732400000
03894753;129250800000
03920290;129769200000
03977729;130460400000
03874490;130546800000
03905467;130633200000
03895724;131583600000
03913730;131929200000
03869843;132361200000
03921831;132534000000
03941226;133138800000
03893557;133743600000
03917044;134175600000
03931878;134262000000
03942618;134262000000
03923150;134607600000
03899063;134607600000
03915681;134607600000
03949888;134953200000
03931877;135212400000
03956812;135385200000
03901364;135558000000
03912062;138236400000
03900118;138236400000
03901349;138236400000
03895844;138409200000
03926298;139186800000
03924718;139446000000
03921840;139532400000
03973644;139705200000
03939961;140223600000
03940306;140310000000
03929079;140655600000
03908848;141001200000
03940037;141001200000
03958700;141001200000
03934706;141260400000
04113247;142210800000
03902370;142210800000
03944037;142210800000
03948374;143161200000
03917087;143420400000
03923175;143679600000
03957147;143679600000
03915275;144370800000
03951245;144889200000
03968856;145062000000
03983988;145062000000
03960261;145494000000
03965912;146098800000
03930568;146962800000
03976329;147913200000
03945509;148863600000
03937456;149382000000
03930567;149727600000
03915313;149986800000
03944090;150073200000
03907139;150332400000
03958687;150505200000
03978957;150591600000
03970300;151196400000
03970180;151628400000
03994366;152492400000
03991866;152924400000
03949850;153010800000
03931520;153097200000
03982637;153097200000
03942784;153529200000
03938700;154566000000
03960262;154911600000
03905497;154911600000
03934691;155516400000
03918696;155775600000
03941242;156034800000
03918368;156639600000
03967712;157071600000
03922836;157244400000
03954170;157590000000
03967023;158367600000
04013551;158367600000
03963128;158799600000
04010844;160009200000
03982635;160009200000
03985245;160182000000
03961694;160354800000
03978974;160700400000
03975057;160873200000
03987933;161996400000
03972402;161996400000
03937176;161996400000
03934951;162169200000
03942720;162428400000
03976177;162514800000
03974904;162687600000
03926290;162687600000
03981350;163638000000
04000818;163897200000
03974627;164329200000
03982874;165106800000
03971314;165625200000
04008683;166057200000
03961693;166230000000
03980172;166230000000
04015366;166402800000
03977495;166834800000
03951279;166921200000
04030618;168130800000
04007821;168476400000
03986590;168562800000
03990557;169081200000
03998340;169081200000
04026425;169167600000
04002229;169686000000
04054195;169686000000
03948564;169686000000
03976176;169945200000
04000796;170031600000
04000797;170895600000
04081075;170982000000
03973744;171759600000
04058223;172364400000
03999684;172450800000
03986811;173574000000
04036345;174092400000
04020959;174524400000
04000798;174697200000
04007842;175302000000
03977161;175734000000
04071073;176338800000
03980166;176943600000
04014539;177202800000
03973645;177289200000
03982439;177894000000
04056180;178326000000
04018348;178412400000
03954031;179708400000
04043443;179967600000
04042130;180140400000
04014266;180831600000
04099609;180918000000
04027760;181263600000
03982619;181350000000
04023672;181522800000
03990570;182041200000
04034844;182473200000
03981348;182991600000
04078641;182991600000
04078642;183337200000
04034799;183855600000
04029200;184201200000
04034837;184546800000
04049105;184546800000
04013215;184806000000
04032024;184978800000
04060252;185151600000
04039062;185497200000
04047625;185756400000
04029220;186361200000
04070961;186879600000
04056953;186966000000
04096731;187225200000
04006830;187225200000
04039063;188175600000
04031583;188434800000
04054194;189039600000
04013247;189126000000
03994380;189644400000
04067463;189817200000
04036102;191026800000
04022369;191026800000
04068751;191718000000
04121747;192668400000
04031709;193532400000
04028847;193532400000
04024939;193878000000
04027833;193878000000
04022336;194482800000
04068753;194742000000
04018351;194742000000
04066175;194742000000
04058239;195087600000
04063719;195087600000
04035970;195346800000
04053039;196383600000
04047604;196556400000
04006810;197071200000
04039163;197503200000
04049080;198280800000
04044876;199663200000
04027759;200095200000
04040529;201132000000
04018321;201477600000
04088213;201477600000
04047712;201996000000
04113246;202946400000
04041857;203292000000
04018322;203292000000
04054957;203896800000
04013282;204156000000
04039064;204760800000
04124108;205020000000
04040530;205106400000
04050561;206143200000
04067428;207439200000
04103925;207525600000
04057136;208648800000
04053068;210204000000
04088221;210463200000
04066158;210549600000
04062434;210981600000
04109904;211068000000
04122932;212018400000
04056187;212886000000
04033441;212886000000
04076135;213318000000
04079830;213404400000
04146083;213577200000
04030585;213750000000
04076069;214182000000
04089399;215132400000
04063628;215132400000
04074746;215823600000
04065005;216255600000
04073318;217206000000
04071966;217551600000
04062428;217638000000
04087029;218070000000
04059180;218329200000
04063659;218329200000
04136763;218674800000
04086777;219279600000
04089271;219538800000
04106729;220748400000
04074553;221094000000
04095625;222476400000
04099607;223858800000
04061221;224204400000
04131964;224463600000
04078698;224895600000
04082228;225414000000
04111315;226537200000
04122934;226796400000
04108702;226882800000
04105108;226882800000
04098414;227228400000
04125195;227919600000
04098383;228006000000
04122933;228952800000
04100827;229125600000
04081157;229557600000
04144022;229557600000
04128155;231112800000
04119190;231717600000
04103926;231976800000
04097095;232236000000
04158541;232581600000
04117777;233964000000
04091907;234136800000
04136765;234396000000
04148387;234655200000
04105103;235087200000
04147111;235346400000
04365730;236383200000
04083693;237074400000
04133418;237160800000
04123044;237420000000
04136762;237679200000
04151903;238024800000
04138021;238629600000
04161243;239493600000
04125183;241048800000
04114749;241308000000
04114748;242431200000
04234281;242517600000
04129264;243036000000
04136768;243727200000
04129081;243727200000
04176984;244076400000
04165133;244076400000
04274527;244162800000
04181217;244249200000
04168771;245026800000
04170283;245372400000
04106597;245631600000
04167224;246236400000
04128177;246236400000
04154486;246582000000
04180150;246754800000
04140211;248050800000
04193357;248482800000
04146232;249606000000
04217951;250124400000
04164252;250124400000
04178118;250297200000
04166524;250815600000
04170021;251593200000
04123334;253148400000
04170433;253839600000
04159053;254617200000
04176994;254962800000
04234182;254962800000
04148386;256518000000
04219114;256863600000
04164338;257036400000
04138830;257122800000
04138831;257122800000
04138829;257122800000
04182591;257382000000
04239100;257641200000
04186830;257641200000
04168780;258850800000
04158923;258850800000
04190392;260060400000
04179017;260402400000
04166528;261007200000
04253558;261266400000
04273491;261352800000
04256174;261612000000
04174920;261784800000
04184579;262562400000
04261158;262908000000
04205740;262994400000
04171736;263426400000
04182440;263599200000
04193511;263772000000
04362231;264290400000
04188078;264895200000
04243351;265413600000
04198043;265932000000
04190144;266191200000
04236865;266450400000
04203509;267400800000
04214656;267660000000
04163487;267746400000
04251008;268869600000
04170096;269733600000
04212581;269820000000
04243132;270684000000
04211400;271634400000
04220435;272498400000
04256222;272757600000
04379503;273880800000
04213523;274312800000
04229133;275090400000
04191286;275608800000
04256212;277081200000
04225033;277599600000
04231469;278031600000
04185729;278722800000
04276975;278722800000
04194611;279154800000
04286702;280364400000
04250986;281142000000
04246944;281228400000
04304521;281919600000
04224968;281919600000
04234529;282783600000
04239101;283474800000
04274625;283474800000
04211316;283647600000
04422543;284166000000
04187941;284338800000
04243078;284943600000
04260313;285202800000
04210235;285202800000
04216853;286153200000
04240520;286412400000
04220326;287017200000
04212381;287881200000
04279559;287967600000
04293062;288399600000
04193486;290646000000
04248277;291250800000
04239099;292024800000
04238022;292024800000
04235399;292456800000
04258850;292716000000
04258766;293061600000
04252485;293320800000
04378871;293666400000
04228903;293925600000
04228963;293925600000
04242892;293925600000
04241825;294271200000
04196502;295480800000
04281776;295567200000
04215772;296776800000
04278163;297036000000
04213829;297295200000
04232774;297554400000
04264213;298072800000
04246739;299109600000
04274526;299109600000
04267920;299368800000
04302141;299455200000
04250729;300492000000
04265072;301183200000
04317592;302738400000
04285425;303343200000
04363593;303516000000
04246980;303688800000
04281767;304552800000
04234069;305503200000
04290728;305762400000
04294306;306108000000
04301711;306367200000
04306643;307926000000
04312444;308530800000
04272135;309135600000
04302110;309654000000
04243131;309740400000
04271955;309740400000
04289229;309740400000
04281758;310086000000
04269386;310604400000
04273231;310604400000
04303279;312159600000
04266650;312418800000
04314648;312764400000
04279749;313282800000
04277214;313714800000
04294363;314233200000
04342386;314233200000
04270899;314578800000
04345678;315010800000
04285617;315010800000
04326619;315010800000
04325473;315010800000
04321993;316220400000
04311226;317862000000
04314787;317948400000
04306895;318121200000
04281754;318812400000
04332049;319762800000
04333546;319762800000
04310073;319762800000
04446992;319762800000
04262885;319935600000
04397423;320281200000
04358007;320281200000
04492294;320886000000
04332120;321058800000
04308675;321145200000
04339158;321490800000
04315566;321490800000
04314600;322095600000
04313488;322095600000
04354786;322700400000
04489824;322786800000
04340215;323046000000
04356902;323046000000
04333788;323650800000
04310089;323650800000
04339019;323906400000
04308943;324511200000
04323184;324597600000
04342383;324770400000
04332516;325288800000
04322196;325375200000
04336872;325980000000
04360095;326584800000
04340136;327535200000
04270748;327708000000
04484737;327880800000
04349114;328485600000
04326618;330040800000
04355493;330040800000
04306827;330213600000
04397386;330300000000
04328057;330818400000
04341349;331250400000
04360305;331423200000
04314628;331423200000
04344519;332114400000
04332997;332460000000
04347794;332460000000
04342532;332546400000
04328889;333237600000
04334603;333583200000
04343388;335656800000
04365445;335743200000
04361079;336693600000
04339024;336866400000
04345677;336952800000
04367809;337384800000
04369870;337471200000
04436518;337816800000
04344218;338421600000
04385859;338594400000
04338851;338594400000
04377230;338680800000
04352651;339894000000
04333246;339980400000
04358008;340585200000
04378861;340585200000
04365698;340930800000
04347922;341449200000
04372435;341449200000
04393969;341449200000
04340323;341708400000
04328957;342831600000
04386491;343263600000
04390090;343350000000
04384518;344473200000
04347923;344818800000
04377368;345250800000
04391359;346287600000
04372730;346892400000
04403811;346892400000
04365699;346892400000
04340406;346978800000
04375877;347065200000
04444301;347238000000
04381054;347842800000
04445257;348966000000
04410076;349916400000
04380257;349916400000
04396104;350262000000
04368813;350607600000
04430937;354495600000
04421226;354751200000
04373623;355010400000
04417840;355010400000
04391434;355356000000
04399846;356565600000
04401242;356565600000
04441601;356565600000
04398621;357948000000
04529660;358380000000
04381834;359157600000
04416184;359244000000
04403686;360194400000
04402390;361144800000
04363391;361404000000
04385683;361663200000
04424891;362008800000
04411349;363218400000
04416362;365378400000
04525120;365378400000
04367848;365983200000
04411350;368402400000
04448296;368748000000
04426182;368920800000
04423818;369871200000
04459732;369871200000
04599028;370652400000
04410177;371948400000
04418813;372294000000
04444290;373071600000
04429867;373590000000
04392563;374713200000
04428280;375058800000
04456147;375058800000
04448302;375318000000
04432686;376614000000
04376345;377132400000
04456113;377305200000
04409792;377478000000
04382498;377737200000
04383598;378342000000
04422815;378946800000
04415074;380156400000
04385918;380847600000
04439211;381106800000
04366894;381366000000
04464092;381711600000
04459734;384390000000
04519782;384562800000
04460343;386200800000
04458800;386200800000
04473146;386978400000
04469229;387669600000
04485910;387669600000
04456418;387756000000
04469218;389916000000
04482042;390434400000
04478327;391298400000
04488638;391298400000
04539794;391730400000
04533055;391816800000
04440534;392248800000
04526262;392421600000
04523674;393112800000
04456116;394063200000
04492299;395445600000
04498569;395445600000
04735301;395618400000
04441821;395964000000
04547985;396223200000
04491212;396655200000
04511058;396655200000
04465176;397951200000
04520918;397951200000
04478300;399160800000
04469210;399506400000
04481398;400716000000
04538735;400802400000
04423816;401929200000
05035314;402015600000
04416334;402015600000
04540080;402102000000
04462493;402102000000
04409748;402102000000
04501380;402188400000
04519179;402706800000
04495683;402879600000
04472102;405644400000
04609090;406422000000
04434870;406767600000
04460062;406767600000
04533033;409791600000
04506704;409791600000
04496037;411778800000
04458801;413161200000
04541517;415926000000
04515260;417650400000
04494900;419637600000
04527937;421624800000
04478549;422229600000
04548021;423439200000
04476670;424044000000
04498557;424908000000
04522291;425512800000
04530428;426376800000
04498384;426376800000
04553463;426463200000
04614262;427500000000
04575790;427586400000
04569432;428018400000
04558774;429487200000
04602709;429487200000
04684309;430956000000
04741425;431215200000
04551051;432770400000
04792031;432943200000
04531881;433724400000
04541768;434847600000
04522295;435798000000
04585126;436143600000
04542815;436662000000
04508204;437612400000
04496039;437871600000
04552573;438994800000
04555010;440118000000
04566232;440809200000
04566580;440982000000
04549844;441327600000
04531380;442537200000
04496257;443142000000
04566263;443660400000
04588063;444006000000
04498568;444351600000
04541518;444438000000
04493767;445215600000
04606431;448498800000
04553931;448671600000
04553795;449445600000
04574933;451087200000
04605046;451778400000
04567977;453333600000
04846422;453333600000
04534445;453333600000
04577725;453506400000
04610344;454888800000
04573830;456616800000
04564110;456703200000
04603769;458776800000
04668110;459554400000
04652199;460591200000
04697686;460850400000
04662511;462664800000
04572447;463615200000
04645071;464824800000
04650057;466383600000
04519489;467247600000
04621745;467420400000
04629059;467420400000
04570727;468630000000
04547116;470271600000
04632633;470444400000
04598813;471135600000
04589811;472172400000
04572782;472345200000
04669355;472863600000
04557364;473554800000
04632257;473900400000
04644834;475887600000
04640403;477097200000
04582188;477874800000
04915258;478393200000
04577747;478393200000
04620716;478825200000
04601160;479084400000
04662522;479343600000
04603458;479516400000
04688697;479948400000
04784250;480207600000
04662500;480553200000
04664243;480553200000
04602697;480553200000
04642014;480639600000
04606659;481154400000
04613036;481759200000
04654098;481932000000
04600093;482104800000
04645056;483141600000
04634285;483314400000
04646909;484178400000
04582166;485733600000
04648502;487288800000
04573563;487980000000
04657129;488498400000
04580659;488671200000
04638825;489016800000
04627526;490226400000
04640404;490399200000
04661025;491004000000
04633995;491176800000
04902185;491695200000
04660704;491781600000
04732278;496015200000
04694947;496274400000
04629054;496969200000
04902189;497142000000
04589519;497228400000
04834558;497833200000
04593804;498697200000
04695219;498870000000
04688667;498956400000
04679704;499302000000
04605095;499474800000
04693355;500598000000
04641738;501289200000
04690302;501462000000
04681203;501462000000
04664252;502930800000
04723885;503190000000
04684079;503276400000
04664579;503622000000
04681215;503881200000
04690283;504399600000
04704064;504745200000
04651867;506732400000
04715488;506905200000
04721230;506905200000
04677837;507164400000
04666027;508114800000
04718531;509583600000
04694522;509756400000
04727913;510188400000
04693356;510188400000
04623056;511138800000
04666033;511398000000
04645055;513208800000
04781515;513468000000
04732258;514418400000
04660994;514591200000
04732254;514677600000
04660469;515023200000
04702364;515973600000
04703843;516837600000
04712664;516924000000
04705152;517096800000
04723628;517096800000
04678953;517615200000
04726456;518220000000
04747477;518392800000
04768638;520120800000
04877246;521157600000
04700624;521330400000
04796887;521676000000
04738387;522453600000
04744451;522972000000
04732263;523144800000
04759676;523231200000
04718154;523576800000
04757889;523749600000
04741687;524095200000
04711334;525564000000
04786355;525650400000
04706793;527464800000
04712264;528332400000
04754866;528591600000
04731009;529110000000
04738345;529110000000
04738774;529282800000
04724965;529714800000
04761901;530319600000
04696583;530492400000
04715487;531961200000
04723646;531961200000
04696616;532566000000
04778041;532738800000
04732233;533516400000
04762049;533862000000
04829749;536194800000
04773522;538700400000
04771876;539391600000
04750602;540687600000
04785840;541638000000
04732490;541810800000
04790355;543452400000
04814071;543452400000
04756660;544053600000
04827705;544831200000
04793459;545004000000
04795018;546040800000
04787808;548546400000
04754869;548632800000
04802519;550101600000
04809880;551916000000
04797056;553730400000
04807734;554076000000
04915566;554680800000
04779298;554940000000
04753279;555285600000
04800875;556408800000
04823927;556754400000
04765493;556840800000
04817777;556927200000
04819554;557100000000
04755059;557359200000
04757561;557618400000
04809836;558050400000
04852712;559173600000
04830166;559782000000
04790421;561855600000
04943044;561942000000
04820111;562201200000
04860875;562460400000
04784194;562892400000
04755061;562978800000
04779807;563410800000
04798282;564102000000
04889241;565225200000
04809839;565484400000
04787839;566002800000
04778031;566607600000
04787873;566694000000
04863040;567126000000
04925014;571964400000
04887937;572569200000
04915547;572655600000
04807735;572742000000
04844239;573346800000
04860874;575762400000
04835806;575762400000
04852230;576108000000
04864704;576280800000
04886401;576712800000
04875569;576972000000
04878587;576972000000
05044482;577922400000
04969548;578095200000
04881782;579736800000
04871052;579909600000
04821861;581032800000
04830249;581551200000
04966515;583711200000
04863160;585266400000
04909372;585266400000
04890714;585784800000
04907686;585871200000
04889219;587685600000
04838406;587685600000
04836250;588376800000
04984962;589154400000
04911279;589500000000
04979606;589500000000
04858708;590018400000
04926995;591231600000
04974718;592095600000
04979604;592700400000
04869303;594255600000
04886097;595119600000
04896758;595551600000
04874075;595638000000
04930612;596156400000
04960195;596847600000
05033610;597625200000
04917264;599180400000
04893828;599353200000
04932824;600044400000
04972970;600476400000
04946294;601686000000
04981203;602463600000
04955605;602982000000
04962843;603327600000
05048666;604796400000
04967894;605228400000
04895300;605833200000
04942953;606610800000
04939978;606952800000
04969314;606952800000
04972917;607212000000
04919249;608767200000
04987988;608767200000
04998911;608853600000
04981209;609976800000
04977993;610927200000
04900216;611186400000
04921086;611359200000
04962839;611964000000
04932568;613778400000
04977999;614210400000
04991705;614210400000
04969586;614296800000
04910845;614383200000
05007581;615592800000
05015122;616024800000
04978272;616197600000
04911284;620258400000
04955462;620949600000
04972940;621468000000
04946338;622072800000
05090546;622418400000
05016686;623631600000
05012913;625273200000
04946018;625705200000
04946357;625705200000
05048660;625964400000
04995499;629679600000
05096050;629938800000
05090544;630284400000
05022132;630630000000
05020651;632617200000
05080256;632617200000
05056641;633308400000
04986405;633740400000
05004377;633826800000
05042633;633913200000
05031747;634345200000
04989690;634777200000
04984678;634863600000
05050718;635468400000
05055336;635986800000
05190132;637455600000
05048661;638575200000
05103955;638575200000
05024312;639871200000
05033601;639957600000
05067857;641167200000
05116185;641512800000
05083651;641599200000
04987621;641772000000
05035313;642031200000
05080873;642290400000
05024152;642636000000
05205390;642808800000
05096046;644018400000
05042731;644018400000
05152016;644450400000
05037265;645055200000
05083897;645919200000
05088585;648165600000
05097816;651189600000
05064406;652399200000
05161929;652485600000
05033600;653176800000
05056642;653176800000
05160017;653608800000
05040655;653695200000
05064046;655945200000
05135439;656550000000
05123517;657241200000
05127507;657327600000
05076412;657327600000
05086902;659746800000
05163536;659919600000
05137142;660178800000
05096308;660438000000
05070988;660870000000
05222585;661129200000
05092444;662770800000
05078250;663202800000
05147032;663548400000
05064045;663894000000
05147025;663980400000
05135339;665103600000
05070987;665190000000
05060753;665190000000
05074405;665362800000
05048695;665708400000
05159797;666572400000
05154488;667695600000
05253766;668905200000
05111930;669250800000
05090547;669423600000
05107679;669855600000
05257895;669942000000
05245900;670201200000
05086903;671061600000
05102286;671666400000
05092113;671666400000
05178252;671752800000
05154270;671752800000
05109971;671752800000
05192178;673135200000
05245907;673480800000
05177888;674172000000
05077852;674172000000
05072819;674776800000
05111963;675036000000
05127212;675554400000
05123542;675900000000
05205663;676245600000
05102070;676764000000
05147020;677109600000
05098038;677282400000
05205398;677973600000
05161754;678060000000
05127439;678664800000
05154271;679096800000
05109970;679701600000
05170874;680738400000
05148842;681084000000
05129459;681343200000
05111926;681516000000
05150765;681602400000
05123515;682293600000
05224828;685058400000
05139134;685836000000
05160013;686790000000
05139130;687049200000
05180879;687999600000
05221010;688345200000
05215421;689900400000
05169138;691369200000
05215178;692233200000
05186223;694306800000
05226518;694652400000
05168976;698022000000
05255769;699663600000
05328540;699836400000
05186299;700700400000
05228577;700786800000
05425458;701305200000
05352863;702252000000
05265711;702856800000
05273148;703375200000
05236104;704671200000
05285928;705621600000
05219058;705708000000
05219057;705708000000
05299900;705794400000
05217099;706831200000
05213189;706831200000
05241999;707608800000
05224584;707608800000
05220986;708645600000
05248344;708904800000
05184706;709250400000
05211276;709250400000
05261526;709768800000
05289909;710632800000
05209323;711842400000
05269401;712792800000
05277292;713743200000
05193233;714261600000
05244069;716076000000
05398801;716421600000
05367352;717807600000
05238097;719190000000
05253741;719622000000
05226775;719708400000
05340099;722214000000
05360092;724546800000
05318163;724892400000
05441091;725497200000
05370342;727570800000
05340100;727916400000
05474412;728866800000
05447407;729126000000
05400985;730335600000
05298049;731286000000
05358337;731804400000
05372230;732841200000
05261528;733356000000
05346161;733356000000
05366097;733528800000
05301785;733615200000
05350048;733701600000
05337875;734306400000
05407343;736034400000
05316329;736034400000
05335810;736639200000
05375689;737935200000
05405424;738194400000
05286104;738194400000
05484254;738194400000
05297663;740008800000
05429574;740181600000
05579885;740268000000
05466103;740786400000
05471904;740959200000
05605427;741909600000
05355917;743032800000
05354128;743032800000
05360186;743637600000
05355996;744242400000
05403141;745106400000
05386900;746229600000
05372229;747007200000
05399228;747352800000
05450936;748044000000
05467827;748476000000
05354232;748562400000
05380145;749430000000
05458668;749775600000
05407056;749862000000
05361884;750639600000
05427218;750639600000
05390775;751158000000
05325951;751849200000
05353903;751849200000
05472768;752108400000
05353919;752886000000
05405023;754268400000
05415272;754786800000
05501402;755391600000
05476167;756601200000
05409211;756946800000
05435427;757119600000
05415266;757206000000
05421698;757810800000
05381887;758329200000
05454460;758847600000
05421441;761871600000
05632371;762044400000
05409096;762390000000
05425439;762562800000
05464086;762649200000
05542628;763167600000
05478190;763686000000
05472080;763772400000
05618042;764636400000
05520497;766620000000
05538384;766792800000
05540520;767484000000
05480018;767570400000
05407095;769989600000
05542629;770335200000
05423418;770335200000
05394973;770853600000
05452790;771199200000
05433308;772754400000
05467855;772840800000
05404984;774223200000
05421442;774223200000
05482152;774482400000
05513741;775778400000
05489019;775951200000
05513581;776383200000
05531315;776556000000
05551912;778111200000
05513737;778802400000
05951228;779925600000
05531146;780271200000
05558206;780534000000
05472179;781138800000
05567103;782694000000
05609306;782953200000
05480022;783558000000
05518102;784162800000
05456347;785026800000
05540315;785372400000
05628603;786150000000
05636728;786582000000
05558447;786841200000
05605324;787273200000
05803695;789951600000
05678676;790556400000
05540314;791593200000
05595283;791938800000
05551576;792370800000
05490587;792630000000
05586687;792889200000
05738305;793407600000
05451315;793926000000
05586665;794012400000
05638939;794530800000
05584376;795308400000
05551776;796514400000
05524740;796600800000
05645155;796600800000
05609334;796860000000
05598914;798760800000
05823733;798847200000
05655642;801093600000
05601181;801180000000
05687833;801352800000
06003658;801871200000
05824129;802476000000
05538346;802476000000
05531518;805500000000
05697408;805586400000
05657854;806709600000
05516211;806882400000
05605398;809820000000
05673779;810424800000
05676235;810770400000
05657857;810770400000
05655425;811634400000
05600687;811720800000
05646969;811720800000
05533604;812934000000
05653325;813884400000
05609240;814402800000
05735661;815094000000
05549783;815785200000
05974733;816822000000
05738199;816994800000
05678975;819586800000
05735377;820105200000
05730270;820710000000
05607039;821746800000
05765655;821833200000
05868234;822524400000
05794817;823820400000
05642799;824425200000
05673780;824770800000
05829630;824857200000
05642800;825980400000
05700125;827881200000
05672012;827967600000
05718325;829864800000
05655399;830383200000
05664657;830469600000
05715927;830815200000
05794758;832888800000
05934437;833407200000
05722888;834530400000
05702027;834616800000
05890582;835653600000
06223875;836517600000
05660260;836517600000
05941362;839887200000
05908104;840492000000
05642976;845848800000
05775478;845848800000
05957261;846108000000
05857554;846194400000
05845784;846194400000
05967735;846630000000
05921369;847062000000
05797476;847321200000
05887698;848012400000
05711413;849826800000
05911306;850258800000
05853281;850690800000
05908102;850863600000
06059280;851036400000
05960931;851295600000
05735378;851382000000
05762177;853196400000
05779428;853282800000
05810550;853369200000
05927461;853455600000
06019211;853455600000
05934443;854665200000
05875868;855010800000
05715928;856825200000
05921368;856825200000
05865579;856998000000
05865675;857084400000
05841292;857430000000
05921374;857602800000
06016900;857948400000
05911297;858034800000
05820773;858207600000
05781943;858207600000
05806759;858812400000
05893697;859330800000
05782157;859932000000
05766298;860364000000
05918719;861919200000
05921371;861919200000
06116401;862264800000
05944169;863560800000
05915516;864856800000
05875878;864856800000
05906340;864856800000
05944161;864856800000
06102283;865202400000
05921370;865461600000
05915515;865548000000
05868036;865548000000
05871180;865807200000
05957265;866152800000
05884744;867016800000
05927650;867708000000
05884518;867794400000
06006888;868399200000
06044963;868485600000
05951231;869090400000
05934438;869176800000
05911179;869781600000
06082517;870386400000
06050390;870818400000
05967375;870904800000
06070709;871336800000
05901827;871941600000
05890577;874965600000
06038888;875138400000
06076647;875484000000
05931276;876348000000
06113059;876434400000
05800112;876952800000
06032783;877471200000
05929366;877993200000
05947676;878079600000
06042061;879721200000
06102185;882140400000
05878862;882140400000
06006890;882140400000
06026948;882918000000
06068111;884559600000
06132158;884732400000
06035519;885423600000
05967254;885510000000
06152670;886460400000
06059095;887151600000
06041906;887324400000
06065746;887670000000
06106141;887842800000
06145708;888188400000
06039288;888361200000
06131214;889138800000
06041908;889570800000
06145649;889743600000
06119842;890175600000
06098776;890175600000
06041907;890866800000
06196370;890953200000
06012604;893109600000
06068100;893196000000
05996764;893800800000
05964337;894924000000
05865290;895183200000
06062368;895615200000
05911667;896652000000
06120185;896652000000
06131717;896997600000
06209712;898725600000
06164434;901144800000
06244417;901749600000
06305529;901836000000
05975467;902354400000
06245145;904255200000
06286660;904514400000
06053298;905810400000
06062411;906069600000
06120211;907711200000
06164429;908316000000
06179109;908402400000
06019147;909356400000
06401901;909702000000
06116407;912380400000
06170608;912553200000
06032778;912726000000
06286659;913330800000
06112875;913676400000
05964338;913762800000
06202821;913762800000
06253898;914194800000
06138812;914886000000
06196375;916786800000
06073743;917910000000
06119843;917996400000
06189672;918428400000
06244416;918687600000
06129195;919724400000
06336542;920329200000
06112877;922057200000
06267373;922143600000
06145651;922831200000
06135270;922831200000
06119625;923349600000
06199676;923349600000
06244477;923608800000
06068107;924732000000
06315109;925336800000
06102562;925768800000
06089385;926028000000
06273665;926287200000
06193043;926892000000
06186724;927237600000
06186725;927583200000
06186305;929311200000
06170630;929397600000
06213291;929397600000
06125984;930088800000
06186303;930607200000
06305551;932076000000
06234293;932680800000
06105746;933199200000
06234292;933717600000
06193044;933804000000
06148986;934149600000
06230908;936136800000
06286652;937346400000
06139249;937778400000
06206167;938383200000
06206626;938642400000
06264415;938642400000
06216842;938642400000
06373017;939420000000
06247577;939765600000
06249955;939765600000
06182842;939852000000
06261045;940197600000
06315159;940543200000
06478133;940543200000
06340083;940888800000
06220418;941497200000
06287014;941497200000
06206171;941670000000
06257805;941756400000
06158564;942102000000
06629887;942361200000
06289837;942361200000
06213275;942361200000
06364086;943398000000
06363753;943916400000
06250514;944175600000
06357985;944694000000
06293384;945817200000
06179024;946249200000
06186306;946854000000
06397999;946854000000
06279716;948754800000
06350051;949618800000
06419069;950223600000
06634485;951346800000
06347696;952038000000
06279715;952470000000
06401900;952729200000
06250450;952902000000
06499582;954885600000
06453641;955490400000
06332525;955663200000
06336543;956008800000
06279717;956008800000
06161673;956527200000
06341930;956700000000
06709324;956786400000
06209702;956872800000
06186304;956872800000
06298970;958514400000
06409010;958514400000
06360865;958514400000
06290051;958687200000
06354424;959810400000
06364088;959896800000
06276507;959896800000
06547057;960156000000
06199677;960156000000
06511276;960847200000
06371275;961020000000
06302255;961106400000
06471029;962748000000
06484862;963871200000
06271485;965080800000
06382395;965253600000
06354423;965599200000
06443297;965772000000
06493605;967068000000
06457865;967240800000
06390278;967500000000
06732855;968364000000
06407348;968882400000
06367606;970178400000
06269928;972252000000
06690998;972946800000
06520309;973206000000
06516933;973206000000
06540068;973810800000
06484869;974156400000
06938749;974242800000
06510938;975366000000
06431808;975538800000
06371272;976057200000
06502684;976489200000
06516934;976489200000
06454077;977094000000
06409388;978044400000
06622853;978562800000
06454076;978649200000
07048092;978994800000
06439369;980377200000
06481564;980895600000
06422372;981068400000
06298971;981327600000
06398014;981327600000
06471461;981586800000
06578694;982278000000
06382385;983228400000
06419070;983314800000
06579165;983314800000
06516942;985042800000
06540470;985644000000
06729460;985816800000
06499580;987976800000
06468015;988149600000
06585097;988754400000
06575286;989186400000
06550609;989877600000
06564927;991260000000
06536715;992556000000
06609603;992815200000
06390268;992988000000
06464062;993592800000
06379040;993765600000
06814211;994888800000
06494306;995320800000
06427822;995493600000
06523664;996012000000
06547054;996530400000
06520374;996616800000
06435328;996789600000
06585473;997048800000
06598729;997308000000
06605785;997826400000
06523665;998431200000
06581759;998517600000
06497317;998949600000
06776011;999122400000
06554116;999122400000
06554117;1000072800000
06557800;1001455200000
06898816;1002146400000
06692000;1002578400000
06474639;1002578400000
06454220;1002751200000
06828402;1003096800000
06632062;1003356000000
06691861;1003960800000
06502408;1005260400000
06648573;1006815600000
07604107;1006902000000
06527097;1007334000000
06808356;1008630000000
06591972;1009926000000
06619465;1010358000000
06619338;1011308400000
06651802;1011826800000
06510935;1012258800000
06942085;1012950000000
07771333;1012950000000
06675946;1013122800000
06682294;1013727600000
06588568;1015369200000
06640953;1016146800000
06467601;1016492400000
06763930;1017871200000
06663675;1017871200000
06868953;1019426400000
06648128;1020031200000
07114606;1020808800000
06691852;1020981600000
06729466;1020981600000
06648123;1021932000000
07435047;1023400800000
06533096;1024264800000
06698580;1024264800000
06666325;1024869600000
06584626;1024869600000
06840366;1025215200000
06832677;1026943200000
06860838;1027980000000
06726003;1029103200000
06935486;1030485600000
06951441;1030485600000
06715754;1031695200000
06702091;1032300000000
06719118;1032818400000
06962030;1033682400000
06814183;1034805600000
06877598;1035932400000
06884016;1036364400000
06641352;1037142000000
06814213;1038178800000
06802410;1038178800000
06883965;1038524400000
07311486;1039042800000
06854936;1040166000000
06752261;1040166000000
06877696;1040252400000
07219793;1040338800000
06769528;1041202800000
06766892;1041462000000
06889821;1042066800000
06808063;1043103600000
06755299;1043103600000
07014030;1043190000000
06811292;1044226800000
06866071;1044572400000
06966417;1044831600000
06782996;1045090800000
06786367;1045177200000
06903279;1045609200000
06917755;1046300400000
06786318;1046905200000
06799676;1047250800000
06851911;1048633200000
06719119;1048719600000
06918481;1048806000000
07070042;1049061600000
06793060;1049407200000
07018285;1049925600000
06918534;1050012000000
06662928;1050357600000
06814210;1050444000000
06851539;1051653600000
06684999;1052085600000
06910571;1052949600000
06889815;1055455200000
06814212;1055887200000
07032734;1055973600000
06966424;1056578400000
RE040766;1056664800000
07063496;1058220000000
07222710;1058220000000
07200903;1058738400000
07073651;1059516000000
06866139;1059602400000
07032735;1061935200000
06932554;1062021600000
07401709;1062540000000
06971495;1063231200000
07036648;1064527200000
07140503;1066687200000
07237667;1066687200000
07299589;1066773600000
07152726;1066946400000
07021527;1067209200000
06889711;1067295600000
07210681;1067468400000
06966414;1070319600000
06991082;1071010800000
07060927;1071788400000
07299910;1072652400000
07798312;1072738800000
07051554;1072825200000
07497313;1073948400000
06935488;1075330800000
07784749;1075330800000
07398876;1075417200000
07000753;1075676400000
07017727;1075676400000
06845858;1075762800000
07028824;1077577200000
07100796;1078182000000
07497096;1078354800000
07380651;1079996400000
07455163;1080169200000
07641043;1080255600000
07028825;1080856800000
07090065;1082930400000
07007786;1083535200000
07128519;1084140000000
07178657;1084485600000
06915897;1085090400000
06966415;1085522400000
07357238;1085608800000
07455165;1085695200000
06981580;1086645600000
07234582;1087164000000
07299916;1087855200000
07090064;1087941600000
07168546;1088114400000
06918708;1088460000000
07370746;1088632800000
07556465;1088632800000
07246694;1089928800000
07007787;1090533600000
06935485;1090792800000
07383935;1091570400000
07228952;1092175200000
07017728;1092348000000
07303061;1092780000000
07503449;1092780000000
06948900;1094767200000
06966416;1095112800000
07134543;1095804000000
07306086;1096236000000
07641035;1097532000000
07036647;1098914400000
07086517;1099000800000
07219794;1099609200000
07237753;1099954800000
07073543;1100041200000
07121397;1100732400000
07021456;1100818800000
07237294;1102028400000
07296674;1102028400000
07111721;1102460400000
07255226;1103238000000
07234587;1104966000000
07178659;1105052400000
07228956;1105311600000
07607527;1105484400000
07455164;1105657200000
07347319;1106607600000
07549524;1106694000000
07213701;1107385200000
07021454;1109026800000
07690494;1109804400000
07185748;1110495600000
07147096;1110841200000
07552808;1111705200000
07258225;1111960800000
07303058;1114120800000
07480394;1114380000000
07086523;1114725600000
07090168;1116194400000
07131531;1116367200000
07341508;1118613600000
07513358;1119218400000
07243784;1119477600000
07287727;1120082400000
07401969;1120687200000
07204359;1121637600000
07089642;1122328800000
07370747;1125525600000
07530773;1126735200000
07264112;1127253600000
07275632;1127426400000
07350636;1127858400000
07740121;1128981600000
07648664;1130191200000
07472779;1131922800000
07395918;1131922800000
07823715;1133305200000
07650979;1133823600000
07506879;1133910000000
07284649;1133996400000
07699159;1135206000000
07530452;1136934000000
07249666;1137625200000
07188721;1139526000000
07608304;1139871600000
07527138;1140130800000
07353935;1140649200000
07455166;1141167600000
07445387;1141858800000
07748903;1142290800000
07232023;1143756000000
07344013;1144792800000
07299517;1145224800000
07556472;1145829600000
07806639;1146175200000
07299914;1147212000000
07510066;1147384800000
07316305;1148335200000
07232025;1148508000000
07470097;1148940000000
07334675;1149026400000
07621388;1149544800000
07465143;1150840800000
07204358;1151532000000
07370753;1152223200000
07287640;1152568800000
07299909;1152568800000
07299911;1153260000000
07240788;1154988000000
07578380;1155679200000
07287642;1158012000000
07448484;1159221600000
07387199;1159394400000
07467764;1160604000000
07690493;1160690400000
07779615;1161295200000
07677383;1164841200000
07506741;1165964400000
07753192;1166655600000
07815060;1167865200000
07341138;1167865200000
07513352;1170025200000
07617921;1172098800000
07748510;1172530800000
07380649;1174431600000
07389865;1178661600000
07487869;1180044000000
07445109;1180476000000
07484615;1181858400000
07431148;1181858400000
07431141;1182290400000
07475765;1182290400000
07438171;1184104800000
07588134;1184796000000
07422144;1186610400000
07753188;1186610400000
07503450;1186956000000
07578379;1187820000000
07793777;1188252000000
07513355;1190671200000
07559419;1190671200000
07766145;1193349600000
07597185;1193612400000
07607530;1194303600000
07717252;1194994800000
07648015;1198623600000
07581630;1200956400000
07743927;1202857200000
07637368;1203548400000
07581629;1205103600000
07665596;1205362800000
07641034;1208296800000
07644816;1209506400000
07513356;1209506400000
07832544;1210024800000
07661519;1212616800000
07588135;1214172000000
07779993;1218751200000
07669704;1219442400000
07798307;1220306400000
07854308;1221429600000
07735620;1222034400000
07703596;1222034400000
07837020;1223416800000
07637364;1224712800000
07784596;1236294000000
