03905461;-84330000000
03882982;-25923600000
03999372;33865200000
03946846;59007600000
03900715;69980400000
03869663;77151600000
03910394;86569200000
03885660;89852400000
03884330;90198000000
03947882;91839600000
03870135;93222000000
03869032;94431600000
03877559;97455600000
03924719;99097200000
03901367;103330800000
03964589;103849200000
03864616;105231600000
03897862;106354800000
03885132;107564400000
03871504;107996400000
03868483;109378800000
03901365;111366000000
03858701;111625200000
03884386;112575600000
03878930;115599600000
03882984;116463600000
03894622;117068400000
03913717;117846000000
04051939;117932400000
03885236;118364400000
03901366;118969200000
03924847;119142000000
03870137;119228400000
03966034;119228400000
03918565;119228400000
03918564;119228400000
03891830;119228400000
03908894;119574000000
03887054;121042800000
03920112;121647600000
03917047;121906800000
03891075;121906800000
03918566;122166000000
03938639;123289200000
03927750;123894000000
03917046;123894000000
03917260;123980400000
03921779;124326000000
03878928;124326000000
03948375;124930800000
03938638;124930800000
03914579;125017200000
03958583;125017200000
03871503;125708400000
03948376;125794800000
03937926;127004400000
03891074;127090800000
03896915;127350000000
03929213;128559600000
03872958;128732400000
03929278;130460400000
03897864;130633200000
03896916;130719600000
03934692;130978800000
03951246;131151600000
03871502;131238000000
03880268;131583600000
03900092;131842800000
03901368;132188400000
03913718;132447600000
03939954;132793200000
03941226;133138800000
03925619;133398000000
03910393;134607600000
03894220;136076400000
03917045;136076400000
03907088;137026800000
03926291;137026800000
03907086;137199600000
03952851;137199600000
03889792;137199600000
03961695;137286000000
03918562;137286000000
03891076;137286000000
03921854;137631600000
03929254;137631600000
03958103;138495600000
03948380;139014000000
03998155;139100400000
03884337;139618800000
03978959;139791600000
03870136;140050800000
03941138;140050800000
03973237;140396400000
03916922;140396400000
03933232;140655600000
03939953;140742000000
03944040;140914800000
03876865;141001200000
03944039;141001200000
03957173;141433200000
03882983;141519600000
03897863;141519600000
03899064;141606000000
03935933;141865200000
03940136;143247600000
03964478;143420400000
03930363;143420400000
03900093;143938800000
03929212;144284400000
03912063;144630000000
03919528;145234800000
03907087;145494000000
03933231;145494000000
03934693;145580400000
03948379;146876400000
03935428;147481200000
03946848;147567600000
03937314;147567600000
03982620;147913200000
04006342;148604400000
04025420;149209200000
03923134;149382000000
03921003;149900400000
03978958;149986800000
03963035;150332400000
03990558;150332400000
03941227;150678000000
03905460;151023600000
03935435;151542000000
03948377;152233200000
03939952;152319600000
03971464;152406000000
03946847;152751600000
03927688;152751600000
03949200;153010800000
03976178;153961200000
03906965;154220400000
03918563;154220400000
03944038;154220400000
03962627;156726000000
03956692;156985200000
03980167;157590000000
03988570;158540400000
03952850;159058800000
04011433;160009200000
03929257;160268400000
03966033;162082800000
03934694;162428400000
03941354;162514800000
03948378;163119600000
03938640;163206000000
03982621;163897200000
03990318;164502000000
04020325;165625200000
03960254;165711600000
03998307;166316400000
03978962;167266800000
03997044;167526000000
03997763;167526000000
04045017;168130800000
03935935;168476400000
03964590;169426800000
03955718;169686000000
03999685;170550000000
03986114;170550000000
03977508;170895600000
03946849;171500400000
04014424;171500400000
03991867;171846000000
03997045;171846000000
03967713;172278000000
04094398;173055600000
04023011;173314800000
04030586;174092400000
03980168;174092400000
04011967;175129200000
04099722;175906800000
04013157;175906800000
03985217;176943600000
03970181;176943600000
04018100;177721200000
04008792;177721200000
04052655;179535600000
03977507;180313200000
03998308;181782000000
04000800;182041200000
03970182;183164400000
04029007;183337200000
04034839;185065200000
03977506;185583600000
03978960;185583600000
03992938;185670000000
03981384;186966000000
04319674;187398000000
04138059;187398000000
04037703;187570800000
04031991;189039600000
04059181;189644400000
04000799;190249200000
04034838;190249200000
04089400;191199600000
03998309;191199600000
03986591;191458800000
04054196;192063600000
04044877;192409200000
04047605;192754800000
03995728;192927600000
04025739;193014000000
04011931;193014000000
04062435;194655600000
04023419;195087600000
04050562;195346800000
04037702;195692400000
04056181;195778800000
04086527;196470000000
04071741;196642800000
04081131;197676000000
04036347;198367200000
04045776;198712800000
04033442;199663200000
04058194;200008800000
04026309;200700000000
04034840;201132000000
04049106;201304800000
04095607;201823200000
04046242;201909600000
04036346;202082400000
04037700;202428000000
04051938;202428000000
04106610;202946400000
04084677;203119200000
04044875;203551200000
04037701;203551200000
04040510;203810400000
04084676;204156000000
04108363;204501600000
04078643;204933600000
04055242;205711200000
04042089;205711200000
04060177;206834400000
04128158;206834400000
04124110;206920800000
04055243;207180000000
04046243;207871200000
04114804;207957600000
04080598;209080800000
04068752;210204000000
04041243;212018400000
04105105;212018400000
04054197;212364000000
04078644;213231600000
04082099;213577200000
04063629;213922800000
04098386;214700400000
04148388;214786800000
04072223;215132400000
04088873;215132400000
04109775;215218800000
04106609;215218800000
04079822;215650800000
04098384;216428400000
04096933;216946800000
04078645;216946800000
04098387;217033200000
04066253;218156400000
04109774;218329200000
04124111;218329200000
04143749;218674800000
04122935;219020400000
04155438;219884400000
04078646;220143600000
04179018;220489200000
04119192;221094000000
04122729;221180400000
04135613;221785200000
04098385;223167600000
04136764;223686000000
04091908;223858800000
04119191;224118000000
04105867;224118000000
04079823;224377200000
04124109;224463600000
04121707;225500400000
04111292;225586800000
04133421;226191600000
04093057;226278000000
04094396;226537200000
04139764;227746800000
04108296;227833200000
04093058;228524400000
04131190;228697200000
04105104;228952800000
04132303;229730400000
04101016;230162400000
04150741;230767200000
04184580;235173600000
04128156;236901600000
04141493;237592800000
04126217;237679200000
04133420;237765600000
04183426;238370400000
04128157;238802400000
04176837;239234400000
04155437;239320800000
04139086;240444000000
04132413;240789600000
04176740;241048800000
04225278;241308000000
04216461;242344800000
04211317;242604000000
04140259;242863200000
04170752;243208800000
04131191;243468000000
04245731;243813600000
04173272;244249200000
04171737;244681200000
04133419;244767600000
04173271;244854000000
04150740;245372400000
04142620;245372400000
04171039;245631600000
04188961;245977200000
04234070;245977200000
04147246;246582000000
04143750;247446000000
04106608;247446000000
04159054;247446000000
04151904;248310000000
04153150;248310000000
04146122;249519600000
04172222;249778800000
04231458;250815600000
04214654;251593200000
04124775;253148400000
04173024;253753200000
04177889;254012400000
04176739;255913200000
04210236;256950000000
04165802;257986800000
04248334;258591600000
04175989;259801200000
04193487;259974000000
04271952;260402400000
04185730;260661600000
04249648;262476000000
04194612;264895200000
04201283;265413600000
04257435;265932000000
04275806;265932000000
04228811;266018400000
04193488;266104800000
04206775;267141600000
04184366;267660000000
04231105;268437600000
04213524;269820000000
04432447;270165600000
04206838;270424800000
04215773;272152800000
04226323;274053600000
04189044;274572000000
04254857;274658400000
04190145;275263200000
04205741;275695200000
04225056;275781600000
04267915;276217200000
04228519;276303600000
04221285;277426800000
04225030;277513200000
04234071;278809200000
04263924;278809200000
04249552;279154800000
04258837;279414000000
04207973;279414000000
04197932;279414000000
04240536;280364400000
04192972;281055600000
04234072;281314800000
04303248;281574000000
04230213;283474800000
04257511;284079600000
04285426;286066800000
04248335;286066800000
04228885;286412400000
04267916;286498800000
04255652;286585200000
04241821;287362800000
04298115;287362800000
04257512;287622000000
04220235;287967600000
04243134;288486000000
04243133;289695600000
04240635;289782000000
04289225;290041200000
04236622;290041200000
04334604;290300400000
04220234;290732400000
04256128;290905200000
04227604;291250800000
04264000;291938400000
04265352;292716000000
04258502;293061600000
04248336;294271200000
04286703;295221600000
04230214;295567200000
04294380;296085600000
04245730;297986400000
04283708;298072800000
04267942;298677600000
04285351;298677600000
04301909;301701600000
04312436;301874400000
04359147;302738400000
04299334;303948000000
04277774;304552800000
04349095;305935200000
04316532;306021600000
04404464;306367200000
04281755;306972000000
04265351;307580400000
04356903;308530800000
04348656;308876400000
04298116;308962800000
04274528;309135600000
04308941;309567600000
04300041;309654000000
04258838;310086000000
04269297;311295600000
04300040;311295600000
04280181;311468400000
04270648;311468400000
04284184;313023600000
04289226;313023600000
04253016;313110000000
04367957;313282800000
04319132;313974000000
04342385;314233200000
04324325;314578800000
04304323;316652400000
04326620;316738800000
04287396;316825200000
04318464;316998000000
04326621;316998000000
04311227;318726000000
04333557;319935600000
04316533;320972400000
04323148;321058800000
04346798;321663600000
04323147;322700400000
04361218;322873200000
04349111;323650800000
04350238;323650800000
04353452;323650800000
04381835;323650800000
04353453;324165600000
04286704;325202400000
04355711;326412000000
04345679;326671200000
04350239;327016800000
04354613;327189600000
04350240;327880800000
04407312;328312800000
04327824;328917600000
04332315;329954400000
04372464;329954400000
04383210;330127200000
04306644;330732000000
04326125;330818400000
04315567;331250400000
04416363;331423200000
04664245;331768800000
04393972;331768800000
04385684;332028000000
04383599;332373600000
04368814;333324000000
04369442;334188000000
04371073;334274400000
04365700;334533600000
04333556;335397600000
04335604;336780000000
04399902;337384800000
04347924;338508000000
04363584;338594400000
04364461;339202800000
04411351;339375600000
04347925;339980400000
04376478;339980400000
04376479;340326000000
04354587;340585200000
04347860;341449200000
04393971;341449200000
04359148;341535600000
04354616;342313200000
04374557;343004400000
04363392;343954800000
04413718;344041200000
04416364;344214000000
04374564;344473200000
04402391;344473200000
04365718;344473200000
04424893;344732400000
04377227;345855600000
04384152;345942000000
04371072;346287600000
04386690;346892400000
04386691;347670000000
04382499;348706800000
04376480;349225200000
04371070;349311600000
04405984;349916400000
04392564;350694000000
04365701;351212400000
04363393;351730800000
04375844;355010400000
04375255;355356000000
04340150;356220000000
04371071;356911200000
04402503;357170400000
04410077;360194400000
04433787;360540000000
04465173;360885600000
04436195;361663200000
04436196;361663200000
04448297;361663200000
04414467;362613600000
04437478;362786400000
04389000;363823200000
04429778;363996000000
04410104;364168800000
04423805;365205600000
04384641;365205600000
04412608;365378400000
04393970;365378400000
04397382;366242400000
04450968;366501600000
04466528;366501600000
04377228;366847200000
04398626;367192800000
04416365;367192800000
04460003;367192800000
04421219;368056800000
04413260;368056800000
04361161;368402400000
04488116;369957600000
04396105;370479600000
04437557;370652400000
04396106;370652400000
04462513;370825200000
04483431;371775600000
04457320;371948400000
04406358;373071600000
04492296;376095600000
04441602;376095600000
04454670;376268400000
04449040;376527600000
04399903;377218800000
04424892;377737200000
04463844;377910000000
04475564;378946800000
04518919;378946800000
04479049;379033200000
04471864;379638000000
04453667;380156400000
04446957;381020400000
04498570;381106800000
04431014;381366000000
04443697;382230000000
04401202;382316400000
04446956;382662000000
04460004;382662000000
04491213;383180400000
04458802;383266800000
04478353;383526000000
04460080;384044400000
04440284;384130800000
04499982;385167600000
04412607;385254000000
04501416;388015200000
04469212;388101600000
04435834;388360800000
04591042;388792800000
04470495;389224800000
04465925;389570400000
04492295;390088800000
04503962;390434400000
04503963;390434400000
04470496;390434400000
04472819;390693600000
04433772;390780000000
04447714;391125600000
04494675;391730400000
04509630;392248800000
04474281;392248800000
04469213;392853600000
04462414;393026400000
04516015;393026400000
04506775;393026400000
04510380;393026400000
04440285;393717600000
04513439;395272800000
04474282;395532000000
04474280;395532000000
04469211;395877600000
04487306;395964000000
04454028;396828000000
04450978;397260000000
04601380;400456800000
04462512;401666400000
04550819;401666400000
04499985;401666400000
04513199;401666400000
04512453;401666400000
04549182;401929200000
04491140;402015600000
04493411;402102000000
04502584;402188400000
04481590;402188400000
04484673;402188400000
04577744;404521200000
04421220;405644400000
04509631;407113200000
04503961;408150000000
04493410;409791600000
04515261;411001200000
04546867;411778800000
04505370;411951600000
04531625;412297200000
04461377;412383600000
04480737;412815600000
04499984;413074800000
04598378;413420400000
04546869;413506800000
04501349;414025200000
04573485;414025200000
04542688;414370800000
04647989;416790000000
04546868;417394800000
04515262;417650400000
04563120;417736800000
04593376;419724000000
04501381;420242400000
04592461;420415200000
04570779;420674400000
04482258;420674400000
04510381;420933600000
04574936;421365600000
04548220;421970400000
04515263;422143200000
04576274;422748000000
04556139;422834400000
04587984;423266400000
04545474;423784800000
04437558;423871200000
04526263;424562400000
04518072;425253600000
04538719;425858400000
04518073;426463200000
04458187;426808800000
04499983;426895200000
04540081;427068000000
04589538;427327200000
04597487;428191200000
04436194;428709600000
04576271;428882400000
04556140;429141600000
04566033;429400800000
04593184;430092000000
04513851;430092000000
04570778;430351200000
04509633;430524000000
04544081;431906400000
04506776;431906400000
04499824;431906400000
04566581;432424800000
04513762;432856800000
04653009;432943200000
04557366;433551600000
04611205;434934000000
04509632;435366000000
04550818;435798000000
04532859;436489200000
04830167;436748400000
04572348;437266800000
04573641;437871600000
04542817;438217200000
04545475;438303600000
04576289;438390000000
04558775;439686000000
04519306;439686000000
04519307;439686000000
04512253;439686000000
04565275;440031600000
04557365;440204400000
04572349;440204400000
04625078;441586800000
04541519;442105200000
04512454;442537200000
04629383;443055600000
04585936;443833200000
04602332;443919600000
04527577;444006000000
04642470;444956400000
04553657;445215600000
04579214;445474800000
04667093;446166000000
04616323;446166000000
04534459;446943600000
04582189;448066800000
04574935;448585200000
04608487;448844400000
04526264;449445600000
04544058;449877600000
04607739;450914400000
04598810;451000800000
04573564;451173600000
04579217;454629600000
04696385;455234400000
04576273;455752800000
04660153;456098400000
04576272;456616800000
04640405;456703200000
04678994;457135200000
04555639;457221600000
04585112;457912800000
04635782;458949600000
04625851;459986400000
04550522;460245600000
04598724;461973600000
04576275;462060000000
04536709;462578400000
04593361;463356000000
04579216;464220000000
04706794;464479200000
04583630;464911200000
04678072;465433200000
04667802;465433200000
04670844;465606000000
04618050;465692400000
04641739;465692400000
04620559;466124400000
04572347;466124400000
04604557;466210800000
04650057;466383600000
04579215;466642800000
04673074;467506800000
04588064;467938800000
04744468;467938800000
04662501;468543600000
04585111;469407600000
04787495;470617200000
04674618;471049200000
04677682;472431600000
04532418;472431600000
04635661;473554800000
04651861;474764400000
04582190;475887600000
04574934;475887600000
04637523;476665200000
04645057;477097200000
04629051;478393200000
04600094;478911600000
04679150;478998000000
04717008;479343600000
04605896;479516400000
04715223;480639600000
04637507;480726000000
04673828;481759200000
04654727;481759200000
04654988;482536800000
04579213;482709600000
04726474;483660000000
04870360;484178400000
04667141;485128800000
04660705;485733600000
04667689;486943200000
04651862;487202400000
04715489;488066400000
04572010;488757600000
04638825;489016800000
04638121;489794400000
04668150;490572000000
04773648;492732000000
04675824;493336800000
04717006;493423200000
04727975;493596000000
04687090;493855200000
04687089;493855200000
04653627;493855200000
04646904;494719200000
04625852;494719200000
04706202;494719200000
04691816;495928800000
04705154;496274400000
04741427;497746800000
04749074;497833200000
04667803;498265200000
04660706;498697200000
04669596;498783600000
04676358;499302000000
04662621;499474800000
04733766;502498800000
04706795;503535600000
04718532;503794800000
04754862;504140400000
04705153;504140400000
04853854;504399600000
04669731;505522800000
04720004;505522800000
04807736;505695600000
04663538;506127600000
04696413;506127600000
04697687;506127600000
04681204;506646000000
04630624;506732400000
04693357;507769200000
04666027;508114800000
04677565;508460400000
04721197;509583600000
04749076;509583600000
04679684;510188400000
04747478;510879600000
04649832;512002800000
04717026;512863200000
04717007;514072800000
04664244;514504800000
04742903;519516000000
04735344;520034400000
04792032;520207200000
04736852;520639200000
04717005;521071200000
04726458;521935200000
04673368;521935200000
04730285;521935200000
04690263;522280800000
04730715;522626400000
04739869;523836000000
04712049;525045600000
04783073;525045600000
04744175;525304800000
04766989;525477600000
04763769;528678000000
04896798;529714800000
04789907;529714800000
04751994;531097200000
04782937;531356400000
04798273;531615600000
04773020;531615600000
04734005;531615600000
04778042;531702000000
04799580;531961200000
04733765;532220400000
04838404;533516400000
04741426;534034800000
04805754;536281200000
04789054;537577200000
04784251;537750000000
04807737;538700400000
04772244;540514800000
04800997;540514800000
04953683;541119600000
04809837;541292400000
04735290;541292400000
04817010;541638000000
04784252;541638000000
04785927;541638000000
04809966;542588400000
04880096;542847600000
04726457;542934000000
04724334;543106800000
04819780;543625200000
04834231;544226400000
04823928;545522400000
04811828;545522400000
04812629;546127200000
04732255;546127200000
04839875;547941600000
04815579;547941600000
04821862;548546400000
04839505;548632800000
04821917;549151200000
04857828;549237600000
04884212;549237600000
04915205;549842400000
04809838;550706400000
04865178;550965600000
04926996;551311200000
04754519;551916000000
04995497;552002400000
04828096;552175200000
04784274;553125600000
04889220;554335200000
04761809;554335200000
04815578;554508000000
04840264;554594400000
04858743;554680800000
04802566;555199200000
04871053;555285600000
04860876;555631200000
04875567;556149600000
04883183;560127600000
04901838;561164400000
04896024;561596400000
04854247;561596400000
04828243;561682800000
04927051;562201200000
04854452;562287600000
04834230;563151600000
04821863;563151600000
04846333;563410800000
04864238;564102000000
04969549;564361200000
04899392;565484400000
04842119;566434800000
04787873;566694000000
04841563;566780400000
04838405;567212400000
04850469;567817200000
04943695;568335600000
04836825;568422000000
04848556;568508400000
04884504;568854000000
04871055;569199600000
04907250;569199600000
04932228;570150000000
04828098;570668400000
04828097;571532400000
04858744;571964400000
04924994;572742000000
04846332;573087600000
04844229;573174000000
04893706;573260400000
04860877;573346800000
04844228;573433200000
05014857;573433200000
04977995;573951600000
04850468;573951600000
04911280;574470000000
04874347;574470000000
04878573;574642800000
04881918;574902000000
04883158;574988400000
04903815;575247600000
04880097;575247600000
04895238;575247600000
04919274;575762400000
04836352;576972000000
04842120;578268000000
04830168;578268000000
05088586;578527200000
04953681;580600800000
04915206;580687200000
04880406;581032800000
04971188;581292000000
04881631;581810400000
04967896;582760800000
04919250;583452000000
04868544;583452000000
04899864;584575200000
04889221;585266400000
04881632;585957600000
04835412;586044000000
04893705;586389600000
04845994;586994400000
04893727;586994400000
04884672;587340000000
04963118;587685600000
04838406;587685600000
04905814;587685600000
04989715;588204000000
04876540;588204000000
04905813;588204000000
04844230;588376800000
04871054;588463200000
04931804;588463200000
04881630;589154400000
04998610;590623200000
04926997;590882400000
04920824;590968800000
04967895;592009200000
04936435;592527600000
04923090;593046000000
04926998;593910000000
05016745;593996400000
04961507;594514800000
04884671;595465200000
05067604;595465200000
04957196;598489200000
04984170;598662000000
04940160;599180400000
04971187;599353200000
04903282;600044400000
05165571;601167600000
04976346;601167600000
04951799;602204400000
04984670;602290800000
04941560;602463600000
04981024;602463600000
05007518;603327600000
04976376;603327600000
04960196;603500400000
04966304;604191600000
05003520;604191600000
04946019;604710000000
05020652;605142000000
05020653;605142000000
04947995;605401200000
04872541;605487600000
04958715;606351600000
04977994;606610800000
05039848;606610800000
04973109;607298400000
04936436;607557600000
04977583;607557600000
04964495;607730400000
04998612;608248800000
04981027;608508000000
04971186;608508000000
05028870;608853600000
05148905;608853600000
04953682;609458400000
04899371;609544800000
04964494;609631200000
04995498;610581600000
04903816;611186400000
04951800;611532000000
05002174;611532000000
05082101;611964000000
04980900;612482400000
05085309;613173600000
05036966;613605600000
05040658;613605600000
05018615;613692000000
05007520;614296800000
05005688;614383200000
04997076;614469600000
04995496;614556000000
04922525;615420000000
04942954;615592800000
05082100;616111200000
05042686;616370400000
05109972;617234400000
04987990;617320800000
05018692;617407200000
05069325;617580000000
05083652;618012000000
05027936;618444000000
05056644;618444000000
05078252;618616800000
05113990;619135200000
05127508;619999200000
05060778;621122400000
05033602;621727200000
05048663;621727200000
04918724;621813600000
04998611;622681200000
05042635;623286000000
04986406;623545200000
05062518;624150000000
04993990;624754800000
05007079;624841200000
05131516;625100400000
05025908;625446000000
05033603;625705200000
05085308;625705200000
05024313;625878000000
04991202;625964400000
04989714;626914800000
05133441;628729200000
05046989;628815600000
05074396;628815600000
05050719;629593200000
05027935;630630000000
05078251;630889200000
05018614;631753200000
05007519;632962800000
04954840;633049200000
05046641;633308400000
05040656;633740400000
05133019;633826800000
05042634;633913200000
05020347;634345200000
05070518;634950000000
05038908;635986800000
05080216;636332400000
05052538;636591600000
05099975;636850800000
05097934;636937200000
05070986;637196400000
05048662;637542000000
05027937;637542000000
05040657;638402400000
05139128;638488800000
05060777;638488800000
05119916;638488800000
05216234;638661600000
05076415;639612000000
05022073;640303200000
05131518;640476000000
05082099;640562400000
05069324;640821600000
05088587;641426400000
05111927;642031200000
05091713;642290400000
05048717;642808800000
05121824;642808800000
05064116;642895200000
05158166;642981600000
05148476;643240800000
05076414;643327200000
05220988;643327200000
05044483;645055200000
05030165;645660000000
05112275;647647200000
05076413;647820000000
05018193;647820000000
05067605;648338400000
05145046;648424800000
04987989;648684000000
05236071;649288800000
05096038;650498400000
05056645;651189600000
05054056;651880800000
05103956;652053600000
05111928;652572000000
05122754;652917600000
05092445;653263200000
05103983;655081200000
05090548;655426800000
05167313;655513200000
05119087;655513200000
05137134;656118000000
05183142;656204400000
05125493;657241200000
05071127;657759600000
05135434;657932400000
05180045;658623600000
05236072;659055600000
05121823;659746800000
05182722;659833200000
05147021;660351600000
05135096;660351600000
05206643;661129200000
05195626;661734000000
05172577;662252400000
05191956;663289200000
05058966;663548400000
05176238;663807600000
05129501;663807600000
05054057;664066800000
05125492;665622000000
05167314;665967600000
05056643;667436400000
05180046;667522800000
05096039;668041200000
05190133;669510000000
05139129;670201200000
05277291;670201200000
05131035;670456800000
05197588;670456800000
05161661;670543200000
05152387;670543200000
05240099;670802400000
05299671;671320800000
05154272;671752800000
05222584;671925600000
05133480;672616800000
05131517;672876000000
05226520;673135200000
05135095;673480800000
05197589;673567200000
05272747;673653600000
05143193;674172000000
05409092;674690400000
05165511;676072800000
05299673;676764000000
05176380;677196000000
05244071;677368800000
05239920;677714400000
05191957;678060000000
05103957;678664800000
05248023;679528800000
05242041;679615200000
05146492;679788000000
05155765;680738400000
05193113;680738400000
05170874;680738400000
05236339;681602400000
05184709;681602400000
05135433;681602400000
05199544;682207200000
05199543;682639200000
05339937;682898400000
05208445;683157600000
05222583;683157600000
05187738;684021600000
05199545;684453600000
05255770;684540000000
05201395;684712800000
05240098;684972000000
05156250;685836000000
05316119;685922400000
05139127;686271600000
05259490;686530800000
05174427;686790000000
05172398;686876400000
05139130;687049200000
05131519;687481200000
05355988;687481200000
05209335;689554800000
05181881;689900400000
05279404;689900400000
05259491;690764400000
05201396;691196400000
05232077;691369200000
05201822;691628400000
05293979;692319600000
05188207;693183600000
05224579;694047600000
05219059;694306800000
05207307;694652400000
05217100;694825200000
05176237;696207600000
05273149;696466800000
05184707;697244400000
05323891;698367600000
05248060;698367600000
05209336;698367600000
05388680;698972400000
05322152;699058800000
05325952;699058800000
05184708;699145200000
05244070;699663600000
05353905;699663600000
05316117;699663600000
05293980;699750000000
05381469;700786800000
05311975;701046000000
05303808;701046000000
05273151;701305200000
05251738;701305200000
05361886;701478000000
05291980;701564400000
05263566;702079200000
05360095;702597600000
05213190;703202400000
05269439;704325600000
05211275;704584800000
05377809;705016800000
05273150;705880800000
05318164;705880800000
05351799;706140000000
05988349;706485600000
05259633;707004000000
05236074;707090400000
05226521;707349600000
05283550;707608800000
05316118;707608800000
05360093;707695200000
05313393;708127200000
05330041;708559200000
05316120;708904800000
05355989;709423200000
05297664;709509600000
05236073;709768800000
05220987;709768800000
05216907;709855200000
05234093;709941600000
05238144;710373600000
05226519;711583200000
05368147;711756000000
05279403;711842400000
05337877;712533600000
05195739;712965600000
05301618;712965600000
05322153;713138400000
05277292;713743200000
05261519;715298400000
05575373;715557600000
05333714;716076000000
05293981;716076000000
05353904;717026400000
05332076;717026400000
05310035;717199200000
05320207;717721200000
05291981;717721200000
05377804;719622000000
05351856;720226800000
05316124;720918000000
05341908;721004400000
05381880;721263600000
05328013;722127600000
05263565;722473200000
05361979;722646000000
05358088;722646000000
05290033;723250800000
05284235;723769200000
05392893;723855600000
05301786;723855600000
05366058;724546800000
05363949;724633200000
05398798;726706800000
05353906;727052400000
05285883;727570800000
05393067;727570800000
05503262;728780400000
05400891;729126000000
05433309;729126000000
05368148;730335600000
05476168;730335600000
05361885;730422000000
05402872;730594800000
05430664;730594800000
05383545;730594800000
05348128;731199600000
05427220;731545200000
05351798;731545200000
05394969;731545200000
05321961;731804400000
05261518;731804400000
05477952;731804400000
05400890;731890800000
05442348;731890800000
05286017;732150000000
05417316;732409200000
05370210;732841200000
05392890;733356000000
05361913;734047200000
05310036;734220000000
05392892;734652000000
05383546;734652000000
05404985;734911200000
05348129;735170400000
05391293;735516000000
05299672;735861600000
05328014;735861600000
05379876;735948000000
05337876;736120800000
05411126;737589600000
05377805;737848800000
05415264;737935200000
05437358;738194400000
05458225;738280800000
05346047;738367200000
05368149;738540000000
05427219;739058400000
05511646;739058400000
05398799;739058400000
05370211;739058400000
05485906;739144800000
05462149;739144800000
05377806;739404000000
05386901;739749600000
05402873;739749600000
05408079;740008800000
05635696;740700000000
05377808;741909600000
05467856;742082400000
05411207;743205600000
05467858;743637600000
05407049;743810400000
05462151;744415200000
05483602;745797600000
05418458;746748000000
05439089;746834400000
05409093;746920800000
05407050;747871200000
05390776;748044000000
05386903;748216800000
05409094;748735200000
05373929;748821600000
05337253;748821600000
05619932;749343600000
05495931;749430000000
05449059;749430000000
05355987;749862000000
05402871;751071600000
05339985;751244400000
05407051;751244400000
05513738;751590000000
05449230;751590000000
05437408;752194800000
05480019;752281200000
05563491;752454000000
05477953;752713200000
05507379;752799600000
05360096;753058800000
05346048;753058800000
05372361;753318000000
05464087;753318000000
05509521;754095600000
05441139;754268400000
05346049;754700400000
05419423;754873200000
05450937;755391600000
05371681;755910000000
05490588;756342000000
05437357;756342000000
05377807;757119600000
05498859;757551600000
05433310;757638000000
05421445;757638000000
05425438;757724400000
05596630;757810800000
05454463;759106800000
05360094;759366000000
05386902;759452400000
05423407;759625200000
05429222;760316400000
05454461;760834800000
05404986;760834800000
05392891;760834800000
05421444;760834800000
05385225;760834800000
05487459;761266800000
05465821;761353200000
05461972;761526000000
05465822;761871600000
05441138;761958000000
05444526;762044400000
05443179;762044400000
05542880;762044400000
05449058;762390000000
05425439;762562800000
05472074;763167600000
05431338;763340400000
05495929;763772400000
05630493;763772400000
05593017;763945200000
05546303;764204400000
05505289;764805600000
05489015;764805600000
05469951;764892000000
05460256;765064800000
05624017;765583200000
05560467;765756000000
05494145;766101600000
05496212;766101600000
05411125;766188000000
05379875;766274400000
05564544;766706400000
05431270;766879200000
05515959;767311200000
05615759;767397600000
05469952;767484000000
05419424;767484000000
05555497;767484000000
05597061;767656800000
05450938;767829600000
05984074;768175200000
05609234;768175200000
05462150;768434400000
05538122;768520800000
05509522;768607200000
05443144;769903200000
05458285;769989600000
05524744;769989600000
05524745;769989600000
05492212;770508000000
05564546;770853600000
05511645;770853600000
05404987;771026400000
05549409;771199200000
05492213;771458400000
05542520;771544800000
05520275;771804000000
05601177;771804000000
05697484;772668000000
05494146;772840800000
05529162;773877600000
05485908;773964000000
05523551;774223200000
05615625;774568800000
05467857;775346400000
05558197;775432800000
05555966;776037600000
05494147;776988000000
05485907;777592800000
05489014;777765600000
05468182;778284000000
05570771;778456800000
05620079;778629600000
05566808;779061600000
05533627;779407200000
05526916;779580000000
05573097;779666400000
05564549;779925600000
05504314;780012000000
05452785;780534000000
05577589;780879600000
05590609;780879600000
05657847;780966000000
05640463;781225200000
05566806;781225200000
05568854;781225200000
05577590;781830000000
05495930;782002800000
05483583;782434800000
05575374;782434800000
05595277;782694000000
05579886;782780400000
05454462;783039600000
05662205;783817200000
05507378;783817200000
05577591;783817200000
05524143;785458800000
05421443;785458800000
05522491;785545200000
05708782;786322800000
05655395;786841200000
05518101;786927600000
05494144;787186800000
05547061;787186800000
05551542;787273200000
05500515;787359600000
05589812;789346800000
05695039;789692400000
05573099;789865200000
05616075;789865200000
05553696;789951600000
05632367;790815600000
05462286;790902000000
05499944;791161200000
05542519;791161200000
05499707;791506800000
05653272;791679600000
05529163;792111600000
05476169;792198000000
05564547;792370800000
05684597;792370800000
05660394;792975600000
05651444;793666800000
05535872;793926000000
05573098;794012400000
05570772;794098800000
05566807;794185200000
05514021;794444400000
05630494;794530800000
05709293;794790000000
05607350;795740400000
05575057;795999600000
05555965;798069600000
05662201;798156000000
05573100;798328800000
05617942;798674400000
05746299;798933600000
05572004;799020000000
05732812;799020000000
05657848;799452000000
05614824;800488800000
05538123;800488800000
05542518;801266400000
05737418;801784800000
05547062;801871200000
05761089;801871200000
05533605;801957600000
05564548;801957600000
05678678;802303200000
05803227;802389600000
05569898;802476000000
05526918;803167200000
05579887;803167200000
05540316;803167200000
05724415;804463200000
05544728;805413600000
05730271;805586400000
05657846;805586400000
05515960;805672800000
05605214;805759200000
05699262;806018400000
05695038;806536800000
05642119;806882400000
05648906;807141600000
05524476;807832800000
05738200;807919200000
05609235;809128800000
05531309;809560800000
05564545;809560800000
05535871;809647200000
05806650;809820000000
05836510;810252000000
05678679;810511200000
05701988;811634400000
05740897;811634400000
05921373;811634400000
05678696;811720800000
05706927;811720800000
05647469;812156400000
05568855;812588400000
05641050;813366000000
05649614;813452400000
06067530;813538800000
05725081;813798000000
05679070;814834800000
05624019;815526000000
05615760;815526000000
05727667;815612400000
05579888;815698800000
05662204;816044400000
05715924;816217200000
05722526;816217200000
05673781;816908400000
05662202;817167600000
05624018;817513200000
05678677;817686000000
05704463;817686000000
05758759;818031600000
05566809;818636400000
05713451;819241200000
05918721;819414000000
05634544;820191600000
05676231;821314800000
05793629;821314800000
05781444;821314800000
05651443;821314800000
05865673;821314800000
05642801;821487600000
05715923;821746800000
05819901;821746800000
05871075;822870000000
05715925;823042800000
05651402;823215600000
05850079;823734000000
05715926;824079600000
05777302;824079600000
05718318;824252400000
05787158;824770800000
05676234;824943600000
05706926;825289200000
05709295;825289200000
05797475;825894000000
05970165;826066800000
05995942;826671600000
05887695;827794800000
05607040;827967600000
05700195;828482400000
05676232;830469600000
05709294;830469600000
05823315;830728800000
05715927;830815200000
05664658;831074400000
05647471;831074400000
05647470;833061600000
05706925;833234400000
05735379;833320800000
05791449;833407200000
05671666;833493600000
05710743;834444000000
05716266;834616800000
05737401;834703200000
05833042;834962400000
05659306;834962400000
05720376;835048800000
05992600;835135200000
05687830;835912800000
05788045;836344800000
05743372;836517600000
05799768;837554400000
05813511;837640800000
05907141;837727200000
05941363;838764000000
05769200;839196000000
07028827;839800800000
05756985;840060000000
05794755;841010400000
05737402;842911200000
05806652;842997600000
05730272;843429600000
05915518;843602400000
05803228;843688800000
06079262;843775200000
05871076;844639200000
05852411;844812000000
06068101;844984800000
05697483;844984800000
05697482;845589600000
05887696;846021600000
05954182;846630000000
05810146;846716400000
05743373;847321200000
05797476;847321200000
05711648;847753200000
05899313;847926000000
05788046;848012400000
05806649;848271600000
05888046;848617200000
06021883;848876400000
05911299;848962800000
05868236;849049200000
05638302;849394800000
05829569;849567600000
05813510;849740400000
05868235;850086000000
05868237;850777200000
05806651;850950000000
05788047;851986800000
05947256;853801200000
05913400;853974000000
05890622;853974000000
05818917;853974000000
05927936;854406000000
05876275;854578800000
05884745;854578800000
05791450;854924400000
05836577;855010800000
05960103;855615600000
05877969;855702000000
05951029;855788400000
05992601;855874800000
05715928;856825200000
05860503;857430000000
05971128;857516400000
05813509;857516400000
05711231;857689200000
06363164;858034800000
05887697;858121200000
05839563;858121200000
05944162;858812400000
05975275;858812400000
05913399;858898800000
05905810;859158000000
05875879;859330800000
05836435;859759200000
06220419;860104800000
06092629;860191200000
05799767;860364000000
05950796;860709600000
05687829;860968800000
05950794;861055200000
05947255;861055200000
05927544;861573600000
06203928;861832800000
05805083;862178400000
05921372;862524000000
05927938;862869600000
06012565;862956000000
05909794;862956000000
05917407;863647200000
05767506;864079200000
06311819;864770400000
05924541;864856800000
05873446;865461600000
05927462;865893600000
05808466;866152800000
06000522;867016800000
06047808;867189600000
05915520;867189600000
06056104;867189600000
06168001;867362400000
05988348;867362400000
06082519;867362400000
05896975;867708000000
05992602;867794400000
05906260;867880800000
05896974;868226400000
05909792;868485600000
06186307;868831200000
05964336;868917600000
05924542;868917600000
05899312;869522400000
05929426;869781600000
06223877;870127200000
05924543;870213600000
05978458;870386400000
05780842;871250400000
06076648;871423200000
06021884;871423200000
05915517;871423200000
05918720;872028000000
06278795;872114400000
05975273;872200800000
05934439;873151200000
06047807;873410400000
05954576;873756000000
05984075;874274400000
05899804;874620000000
06039166;874620000000
06024203;874620000000
05887053;874706400000
05937991;874879200000
06037880;874965600000
05855268;875656800000
05901828;876175200000
05895457;876175200000
05954181;876434400000
06094147;877993200000
06260757;878252400000
05950792;879116400000
05988346;879116400000
05950795;879289200000
06003651;879375600000
06019207;879375600000
05954180;879721200000
06019208;879894000000
05996765;879980400000
06068102;879980400000
05876285;880066800000
06109837;880498800000
05903520;880930800000
05934440;880930800000
05944163;881276400000
05908103;881276400000
06021881;881362800000
05950793;881881200000
06119844;882140400000
05992603;882399600000
06062560;882745200000
05988347;882831600000
06162122;882918000000
06003652;883436400000
05967287;884818800000
06024202;885250800000
05975276;885337200000
05947257;885769200000
06015037;885942000000
05931277;886374000000
06038299;886633200000
05957262;886633200000
05974883;887324400000
06039165;887670000000
05953709;887842800000
06128402;888188400000
05911298;888793200000
06050387;888879600000
06000520;889052400000
06053807;889138800000
06081206;889138800000
06026946;889398000000
06264556;889484400000
06014594;889570800000
06041908;889570800000
06021882;889657200000
06026367;890780400000
05980089;890866800000
06044953;890866800000
06364087;890953200000
06057683;891295200000
06019209;891468000000
06053300;891813600000
06076650;891900000000
05984171;891900000000
06039164;892418400000
05975274;892418400000
06125988;892418400000
06059090;892418400000
06394256;892591200000
06012564;892591200000
06032779;892677600000
06073744;893282400000
06000521;893368800000
05909795;893368800000
06050447;893628000000
06079540;893714400000
05996888;893800800000
06062369;894924000000
06029794;895183200000
06223876;895442400000
06044952;895442400000
06082518;895615200000
06056105;895701600000
06040584;895788000000
06216843;896652000000
06229306;898120800000
06044954;898207200000
06138814;898207200000
06374979;898552800000
05915519;898725600000
06196371;898812000000
06105747;899157600000
06059089;899244000000
05993317;899330400000
06173594;899330400000
06125989;899762400000
06230869;900280800000
06050388;900367200000
06052452;900453600000
06019210;900453600000
05913475;900885600000
05909793;902181600000
05988054;902181600000
05988345;902872800000
06148987;903564000000
06158565;903996000000
06045443;904773600000
06065582;905378400000
06085887;905464800000
06486768;905896800000
06050386;906415200000
06062370;906501600000
06131718;907106400000
06076649;907192800000
06142285;907538400000
06038298;907624800000
06125987;907884000000
06076651;908488800000
06050385;908748000000
06098777;908748000000
06135260;908920800000
06269929;908920800000
06116402;909093600000
06135261;909093600000
06125986;909961200000
06109417;910047600000
06098876;910047600000
06163603;910134000000
05966345;911170800000
06145646;911170800000
06182811;911430000000
06085889;911862000000
07048108;911948400000
06093094;912466800000
06255948;912466800000
06288538;912639600000
06070710;912985200000
06116403;913762800000
05951229;913935600000
06109416;914022000000
05941364;914972400000
06261170;916009200000
06237739;916354800000
06109418;916354800000
06851541;917305200000
06264020;917391600000
06155399;917478000000
06267663;918082800000
06257389;918082800000
06186309;918169200000
06241069;918169200000
06321894;919378800000
06336544;920242800000
06146274;920242800000
06086472;920415600000
06283268;920847600000
06289261;920847600000
06125307;920847600000
06142283;920934000000
06125985;920934000000
06179110;921193200000
06142284;922057200000
06170631;922230000000
06227343;922744800000
06580819;923436000000
06176363;923954400000
06053299;924127200000
06370266;924213600000
06186308;924645600000
06179704;924818400000
06139420;925077600000
06330939;925768800000
06290050;925768800000
06098778;926028000000
06311820;926287200000
06206166;926460000000
06180068;926546400000
06186310;926632800000
06225902;928274400000
06253603;928274400000
06138813;928360800000
06075587;928706400000
06102282;928706400000
06318536;928879200000
06250452;928879200000
06260686;929311200000
06104299;929397600000
06404090;929656800000
06155398;930520800000
06186303;930607200000
06095313;931384800000
06261169;931471200000
06085888;931903200000
06510936;932680800000
06310475;932940000000
06754832;934408800000
06731784;935532000000
06253899;936136800000
06247572;936309600000
06213277;936309600000
06328149;937173600000
06431342;937173600000
06202823;937260000000
06249574;938124000000
06206167;938383200000
07029167;938383200000
06368204;938642400000
06312152;938988000000
06286653;939074400000
06498864;939074400000
06264546;939074400000
06398001;939074400000
06213276;939160800000
06283267;939333600000
06243028;939333600000
06467604;939852000000
06290049;940197600000
06371845;940197600000
06340082;940543200000
06305523;940543200000
06325197;940888800000
06206168;940975200000
06279718;942015600000
06298973;942188400000
06206165;942361200000
06533097;942361200000
06275169;942361200000
06731788;942793200000
06250453;942793200000
06302256;942879600000
06112876;943225200000
06173826;943225200000
06293385;943311600000
06437356;944002800000
06382387;945298800000
06223878;945730800000
06234294;945817200000
06464063;945817200000
06539083;947804400000
06412619;948409200000
06370242;948668400000
06296101;949359600000
07635059;949446000000
06230868;949964400000
06230870;950137200000
06379239;950223600000
06398000;950223600000
06253900;950223600000
07104383;950482800000
06378684;950482800000
06568589;950482800000
06651797;950828400000
06502685;950828400000
07014554;952038000000
06279719;952297200000
06417471;952383600000
06367607;952383600000
06328166;952556400000
06540090;952556400000
06193045;952902000000
07108120;953247600000
06250451;953247600000
06378685;953679600000
06975205;953766000000
06247573;954194400000
06279720;954194400000
06880692;954712800000
06913130;954712800000
06319126;954799200000
06383070;954799200000
06994202;954885600000
06615970;954972000000
06279684;954972000000
06298972;955058400000
06581747;955058400000
06309098;955058400000
06390269;955317600000
06907977;955317600000
07180026;955404000000
06484863;955490400000
06435329;955663200000
06328150;955922400000
06286755;956527200000
06709324;956786400000
06409589;956786400000
06318537;956872800000
06412620;957218400000
06431341;957823200000
06421582;958082400000
06422373;958428000000
06308885;958687200000
06382386;958946400000
06567722;958946400000
06371473;958946400000
07444296;959205600000
06349810;959205600000
06354425;961624800000
06349811;962143200000
06955253;962229600000
06782987;964476000000
06929109;965858400000
06471030;965944800000
06484865;966204000000
06425471;966549600000
06419882;967413600000
06688449;967672800000
06896114;967759200000
06980684;968104800000
06640956;968104800000
06827647;968191200000
07113929;968882400000
06578695;969400800000
06640955;970610400000
06911908;970610400000
06549131;970783200000
06588569;971647200000
06601687;971647200000
06637576;971647200000
06374980;971906400000
06798900;972597600000
06520308;972946800000
06484884;972946800000
06520309;973206000000
06595343;973292400000
06839775;973551600000
06609604;974070000000
06742644;975279600000
06637578;975366000000
06467603;975452400000
06918482;975538800000
06595342;976143600000
06484864;976230000000
06636624;976230000000
06581746;976575600000
06785412;976748400000
06499581;977094000000
06547056;977958000000
06798899;978562800000
06508700;979081200000
06629591;979254000000
06959800;979686000000
06585098;980463600000
06931148;980809200000
06679368;980895600000
07243772;980982000000
07103206;981586800000
06667615;981673200000
07048623;981673200000
06547055;981932400000
06604636;982105200000
06457586;982278000000
06880707;982278000000
06698569;982710000000
06749053;982796400000
06508349;982882800000
06571930;983142000000
06578696;983228400000
06536577;983314800000
06579165;983314800000
06521345;983401200000
06628816;983487600000
06721442;983746800000
06675948;983833200000
06601686;983919600000
06545466;984092400000
06712191;984351600000
07278527;984610800000
06487141;984610800000
06782986;984697200000
06719121;985042800000
06634481;985302000000
06598726;985816800000
06571931;985816800000
06705448;985903200000
06599180;986421600000
06513639;986594400000
06588570;987112800000
06378683;987544800000
06467602;987631200000
06618638;988581600000
06644455;988581600000
06602125;988927200000
06712688;988927200000
06685000;989964000000
06695119;990050400000
06607063;990050400000
06554118;990396000000
06644456;990482400000
07014355;991173600000
06734953;991346400000
06874611;991864800000
06615971;991951200000
06638157;992296800000
06930606;992556000000
06598725;992556000000
07152744;992815200000
06384717;992901600000
06550600;993679200000
06918826;994629600000
06874654;994629600000
06599181;995234400000
06817463;997221600000
07337889;997221600000
06761257;997308000000
06637577;997308000000
07010154;997653600000
06536578;997653600000
06615969;997826400000
06771180;997999200000
06659259;998863200000
06588571;999122400000
06668999;999122400000
06729461;999554400000
06857710;1000764000000
06945378;1000936800000
06640954;1001023200000
06736250;1001628000000
06622844;1001628000000
06656033;1002060000000
06668998;1002232800000
07152727;1002232800000
06619461;1002837600000
06749052;1003183200000
06659260;1003356000000
06868955;1003960800000
06708811;1004047200000
06889849;1004569200000
06666317;1005174000000
06702093;1005260400000
07604107;1006902000000
06732848;1007679600000
06722487;1008025200000
06899215;1008025200000
06695689;1008111600000
07677969;1008111600000
06651796;1008284400000
06851540;1008543600000
06742645;1008543600000
07066335;1008716400000
06719120;1008889200000
06957733;1008889200000
06913131;1009494000000
06749195;1010098800000
06996263;1010530800000
06708812;1010617200000
07007788;1010703600000
06634482;1011222000000
06948607;1012431600000
06722486;1013036400000
06860375;1013122800000
06823995;1013382000000
06725995;1013468400000
06739444;1013641200000
06915893;1014073200000
06745887;1014159600000
06659258;1015196400000
06892871;1015801200000
06755730;1015801200000
06953669;1016578800000
06799670;1016751600000
06675947;1017356400000
06663675;1017871200000
06854581;1018303200000
06896115;1018908000000
06702092;1019426400000
06698568;1019512800000
07185750;1019599200000
06817462;1020031200000
06782988;1020290400000
06840365;1020722400000
07044285;1021845600000
06752254;1022796000000
06823977;1023746400000
06896116;1024351200000
07422117;1024610400000
06902105;1024956000000
06772870;1024956000000
06840366;1025215200000
06600313;1025474400000
07694872;1026684000000
06763924;1026770400000
07516829;1027375200000
07104384;1028066400000
06736251;1028152800000
06994203;1028239200000
07036650;1028671200000
06630033;1030485600000
07458895;1031781600000
06866134;1031781600000
06868954;1031781600000
06896117;1032127200000
06929110;1032472800000
06854640;1032472800000
06830252;1032732000000
07085727;1032991200000
07841459;1033077600000
06994230;1034287200000
07690495;1035237600000
06769687;1036105200000
07537099;1036450800000
06811016;1036537200000
07849992;1037919600000
06666318;1038178800000
07014029;1039042800000
06874612;1039042800000
06747575;1039647600000
07708128;1040166000000
06789795;1040252400000
07849993;1040252400000
07198157;1040338800000
06886680;1040338800000
06902049;1040598000000
06830143;1040598000000
06766892;1041462000000
06896118;1042066800000
06897461;1042758000000
06892872;1043103600000
06892873;1043362800000
06877599;1044226800000
06920972;1044226800000
06966417;1044831600000
07158662;1045522800000
06731111;1045782000000
07357239;1046127600000
06848561;1046300400000
07185749;1046818800000
06910566;1046818800000
07066807;1046991600000
07073654;1046991600000
07516830;1047942000000
06977719;1047942000000
07559418;1048633200000
07513353;1049061600000
06983836;1049925600000
07018285;1049925600000
07036649;1051135200000
06994200;1051221600000
06758316;1052258400000
06917307;1052344800000
06991129;1052776800000
06959859;1053295200000
07000754;1053381600000
07073652;1053640800000
07255216;1053986400000
06899214;1053986400000
06902050;1054764000000
06957732;1054850400000
07083036;1055109600000
07600626;1055368800000
07648016;1055887200000
06994201;1056319200000
07715610;1056405600000
06964328;1056405600000
07469779;1056405600000
07044052;1056578400000
RE039490;1057010400000
07025190;1057788000000
07789243;1057788000000
06991083;1057874400000
07007789;1058220000000
07591361;1058738400000
06796415;1058911200000
07209582;1059948000000
06830509;1059948000000
06821199;1060120800000
07025189;1060725600000
06974016;1061330400000
07073653;1061330400000
07699152;1061503200000
07032735;1061935200000
06863168;1062021600000
07040476;1062021600000
07175016;1063317600000
07103438;1063576800000
07472780;1063836000000
07258220;1063836000000
07490709;1064181600000
07290645;1064354400000
06986416;1065650400000
07191933;1065650400000
07036651;1065650400000
06907976;1066082400000
06976919;1066168800000
07134009;1066600800000
07195113;1066773600000
07530440;1067468400000
07240780;1068073200000
07329176;1069369200000
07070037;1070319600000
06976570;1071010800000
07165767;1071442800000
07607528;1071529200000
07071685;1071615600000
07520375;1072134000000
07182197;1072652400000
07299910;1072652400000
07474779;1073602800000
07549525;1073602800000
07004299;1073689200000
07305113;1076022000000
07789214;1076367600000
07552811;1077145200000
06918483;1077836400000
07222712;1078700400000
07461747;1078700400000
07185740;1078786800000
07344014;1078873200000
07025258;1078959600000
07222711;1078959600000
07743902;1078959600000
06923306;1080597600000
07011201;1080770400000
07617922;1080856800000
07694797;1081461600000
07129506;1081720800000
07213697;1082066400000
07188720;1083276000000
06983635;1083880800000
07407047;1084226400000
07359543;1085436000000
07481308;1085436000000
07172111;1085608800000
07650980;1086300000000
06968787;1086559200000
07637365;1086818400000
07234582;1087164000000
07463167;1087336800000
06983934;1087509600000
07084416;1088460000000
06991530;1089151200000
07225911;1089237600000
07571796;1090274400000
07264150;1090447200000
07083031;1090965600000
07726457;1091138400000
07516832;1091656800000
06977341;1092088800000
07376257;1092780000000
07337888;1095976800000
06988606;1096495200000
07255215;1096840800000
07553224;1097100000000
07584833;1097186400000
07552810;1097532000000
07770709;1097532000000
07658270;1097704800000
07419042;1097791200000
07204360;1098828000000
07735621;1099350000000
06988945;1100041200000
07243773;1100646000000
06932208;1100818800000
07017729;1101164400000
06962247;1101250800000
07471191;1101682800000
07731058;1101682800000
07319785;1101769200000
07252185;1102287600000
07175067;1102287600000
07740120;1102460400000
07427230;1102633200000
07699153;1103065200000
07422118;1103065200000
07766146;1103842800000
07793769;1104102000000
07661520;1104102000000
07694798;1104793200000
07789211;1105484400000
07753189;1105657200000
07469817;1105657200000
07789213;1106521200000
07131539;1107212400000
07434674;1107212400000
07097022;1107298800000
07028826;1109631600000
07201268;1109631600000
07175015;1109718000000
07216754;1110495600000
07523073;1110754800000
07197173;1110927600000
07748511;1111705200000
07316306;1115676000000
07232024;1116885600000
07850164;1118008800000
07721868;1118700000000
07500568;1118872800000
07591362;1119391200000
07856137;1119391200000
07410095;1120082400000
07182198;1123711200000
07677546;1123711200000
07191887;1124661600000
07665593;1126044000000
07604425;1126216800000
07216591;1126821600000
07270599;1127167200000
07393134;1127858400000
07628279;1128376800000
07766148;1128895200000
07740121;1128981600000
07243774;1129068000000
07650027;1130799600000
07501646;1130886000000
07537516;1131058800000
07684607;1131058800000
07438172;1131058800000
07503445;1131490800000
07212946;1131577200000
07497314;1131922800000
07422095;1132182000000
07481428;1132700400000
07857198;1132873200000
07609873;1133910000000
07748513;1135119600000
07819306;1136242800000
07516831;1137711600000
07314601;1138662000000
07464802;1138748400000
07270105;1139266800000
07453358;1140130800000
07323648;1142290800000
07614544;1144274400000
07419059;1144360800000
07269279;1144879200000
07497339;1145916000000
07775863;1146175200000
07631743;1148508000000
07448485;1149112800000
07766147;1149631200000
07503446;1149804000000
07267216;1150063200000
07426987;1150063200000
07472781;1150149600000
07270225;1150668000000
07584890;1151013600000
07424942;1151445600000
07641036;1152482400000
07643902;1152482400000
07779982;1157580000000
07347310;1158616800000
07494001;1159135200000
07747060;1159394400000
07426988;1160517600000
07470174;1161208800000
07774233;1161554400000
07762452;1161727200000
07837095;1167174000000
07677380;1167778800000
07677379;1167778800000
07337890;1168556400000
07798304;1169420400000
07789212;1170370800000
07802669;1171494000000
07681708;1173049200000
07762380;1173394800000
07391897;1174604400000
07743942;1174860000000
07704118;1175119200000
07633380;1176156000000
07520374;1176328800000
07681707;1176415200000
07686151;1180648800000
07469818;1181512800000
07441695;1181512800000
07428985;1181685600000
07494000;1182808800000
07549526;1182895200000
07726458;1183068000000
07703593;1183068000000
07677443;1183586400000
07661521;1184104800000
07551764;1184796000000
07654442;1184882400000
07624914;1185832800000
07735622;1186437600000
07567088;1186437600000
07641037;1187215200000
07757833;1188424800000
07677381;1189461600000
07552809;1189720800000
07698880;1191362400000
07798303;1194303600000
07588136;1194303600000
07699155;1195081200000
07421106;1196722800000
07837426;1197586800000
07712596;1198105200000
07854310;1204066800000
07806248;1206486000000
07708129;1209420000000
07703592;1211925600000
07612558;1213048800000
07849994;1214431200000
07857114;1215381600000
07760906;1216677600000
07699154;1216764000000
07610215;1217455200000
07731008;1219010400000
07669705;1220479200000
07854309;1221170400000
07708130;1221429600000
07712597;1221516000000
07832625;1223330400000
07810628;1223416800000
07828133;1225234800000
07748512;1225666800000
07779983;1236812400000
07850065;1254175200000
