03907500;-103078800000
03920395;-103078800000
03860520;-43203600000
03914290;-20653200000
04001338;-13827600000
03886050;-13222800000
03969196;-1990800000
03860495;13647600000
03975241;17535600000
03868310;21596400000
03989762;28335600000
04047905;31878000000
03969193;31964400000
03904485;38098800000
04105688;41468400000
03984484;46911600000
03970711;48726000000
03947327;48985200000
03859368;53132400000
03865696;58402800000
03998704;61599600000
03860496;62809200000
03872909;63846000000
03870746;64191600000
03878055;66265200000
03905875;69462000000
03865744;70066800000
03875017;72918000000
03901182;74991600000
03870606;75682800000
03909366;78534000000
03932500;80175600000
03891511;80175600000
03884768;80434800000
03905874;82594800000
03875020;82854000000
03860494;83890800000
03941664;83890800000
03871970;83977200000
03904484;84668400000
03966726;84754800000
04050993;85014000000
03887439;86223600000
03898291;86828400000
03899348;88297200000
03871971;88902000000
04213831;89247600000
03912599;89593200000
03864216;89852400000
03864214;89938800000
03896007;90198000000
03859174;90543600000
03891496;90543600000
03868731;90630000000
03878057;91062000000
03920523;91148400000
03899398;91407600000
03891741;91407600000
03865875;92444400000
03919054;93135600000
03901673;93222000000
03896004;93826800000
03925167;93826800000
03988218;94431600000
03878241;95554800000
03880719;95986800000
04014752;97196400000
03878058;97369200000
03878054;97974000000
03936360;98060400000
03892634;99010800000
03922222;99010800000
03923606;99529200000
03919335;100134000000
03884766;100479600000
03886049;100479600000
03884769;101430000000
03890207;101430000000
03867112;101948400000
03907679;101948400000
03864252;102726000000
03876509;102812400000
03871968;103762800000
03904699;104367600000
03880941;104972400000
03860497;105145200000
03929586;105577200000
03968153;105836400000
03963424;106182000000
03867262;106786800000
04014753;106786800000
03859175;106786800000
03912598;106959600000
03882167;107132400000
03883642;108082800000
03860491;108601200000
03893894;108774000000
03899099;109465200000
03980527;109810800000
03860492;109983600000
03923607;111020400000
03884650;111193200000
03893895;111884400000
03956126;111970800000
03876508;113526000000
03951752;114044400000
03890208;114044400000
03879265;114130800000
03947558;114303600000
03868417;114908400000
03930959;115254000000
03954567;115340400000
03894916;115426800000
04062735;115599600000
03953528;116809200000
04113573;117327600000
03893905;117414000000
03884767;117414000000
03926743;117673200000
03905873;117673200000
03864422;117846000000
03898135;118018800000
03925149;118018800000
03915712;118018800000
03887425;118278000000
03922210;118450800000
03955939;118537200000
03898134;119487600000
03871969;120178800000
03879268;120178800000
03939036;120351600000
03907683;120697200000
03879266;120697200000
03862890;121302000000
03906053;121474800000
03869351;121647600000
03909365;121647600000
03881996;122684400000
03922314;123375600000
03871180;123375600000
03886757;123721200000
03869353;124326000000
03894915;124930800000
03883401;125017200000
03944483;125190000000
03869357;125708400000
03926744;125708400000
03875019;125708400000
03928517;125708400000
04040973;126399600000
03957880;126399600000
03939045;126918000000
03883400;127004400000
03899399;127954800000
03999943;128300400000
03936359;128300400000
03897314;129423600000
04014755;129769200000
03864215;129769200000
03933575;130114800000
03962404;130460400000
03951754;130460400000
03875926;130633200000
03893893;130719600000
03951753;130719600000
04061633;130978800000
03884770;131065200000
04001347;131842800000
03985623;131842800000
03970713;131929200000
03867263;132188400000
03915808;132793200000
03940334;132793200000
03897574;133052400000
03947506;134175600000
04209364;134780400000
03891394;134780400000
03881994;134866800000
03911259;134866800000
03996112;135212400000
03891495;135212400000
03950229;135817200000
03935077;136422000000
03975441;136422000000
03993696;136422000000
03963585;136594800000
04007095;136681200000
03956060;136767600000
03896006;137199600000
03912600;137286000000
03994977;137372400000
03933600;137977200000
03930960;138927600000
03947508;139446000000
03987075;139618800000
03959085;139705200000
03929924;140137200000
04010240;140223600000
03931001;140396400000
03948758;140655600000
03960671;140655600000
03986938;140828400000
03988382;140828400000
03941852;140828400000
03945891;140914800000
03960672;141001200000
03960668;142038000000
03965250;142038000000
04145260;142470000000
04000044;142556400000
03956074;142642800000
03983011;142729200000
03890205;143247600000
03980528;143420400000
03948734;143766000000
03972779;144025200000
03966562;144457200000
03926742;144543600000
03981779;144543600000
03985606;144630000000
03912578;144630000000
04002538;144889200000
03992469;144889200000
03926739;145753200000
03963584;145839600000
03964975;146098800000
04009230;146703600000
03914167;146703600000
04018656;147394800000
03953301;147567600000
04049502;148258800000
03928145;148518000000
04002539;149122800000
04142943;149122800000
04118286;149295600000
04093516;149468400000
03988213;149814000000
03950230;149986800000
03959371;150418800000
03990952;150591600000
03993691;151542000000
03921411;151714800000
04261818;151801200000
03963586;151887600000
03937616;152233200000
03969194;152233200000
04055473;152751600000
03974039;152751600000
03949063;152924400000
03986936;153010800000
03951756;153097200000
04025567;154134000000
03926927;154566000000
03979183;154566000000
03970525;154738800000
03972987;155343600000
03990951;155430000000
04040912;155775600000
03986937;155775600000
03933599;155775600000
03964979;155775600000
03964978;155775600000
03933881;156034800000
03932224;156380400000
04003069;156380400000
03940450;156380400000
03988414;156466800000
03961028;156466800000
03966890;156466800000
03991058;156466800000
03933597;156553200000
03989600;156985200000
03979473;156985200000
03976179;157590000000
03959358;158367600000
04052858;158367600000
04006062;158454000000
04377444;158799600000
03963446;158886000000
04009084;158972400000
04002536;159663600000
03954566;159663600000
03993547;159750000000
03986955;160095600000
04013521;160182000000
04032412;160268400000
04005114;160614000000
04113780;160873200000
03983010;160873200000
03951755;161910000000
04009188;161996400000
04023946;162687600000
04011202;162687600000
03985625;162774000000
03925027;163033200000
03996113;163033200000
03981780;163378800000
03917508;163638000000
04046641;163810800000
04035240;163897200000
04013516;163897200000
03957830;164242800000
03997408;164415600000
04010065;164502000000
04016047;164588400000
03988212;164588400000
04025398;164588400000
03975230;164847600000
03964980;164847600000
04056444;165625200000
03989459;165625200000
03994986;166662000000
04021310;167007600000
03980529;167266800000
04014754;167612400000
04118285;167958000000
04067779;167958000000
03987120;168130800000
04057995;169167600000
04003801;169254000000
04030986;169254000000
04042675;169599600000
04060460;169945200000
04013520;169945200000
03985624;170377200000
03954895;170377200000
03957588;170550000000
04119485;170550000000
04001345;170895600000
04048056;170895600000
04065362;170895600000
04003799;171759600000
04014751;171846000000
04003798;171846000000
04032411;171846000000
04014667;172105200000
04019964;172105200000
04008255;172710000000
04009083;172710000000
04022669;172796400000
04065483;172796400000
04008289;173919600000
04052267;173919600000
04009048;174265200000
03953300;174265200000
04276124;174783600000
04153639;174870000000
04082616;175302000000
03998655;175302000000
04029553;175734000000
04048020;175906800000
04066159;175906800000
04014903;176943600000
03980526;176943600000
04039395;176943600000
03998706;177116400000
04010082;177807600000
03956072;177807600000
03987121;178239600000
04040913;178844400000
04002573;179103600000
03989601;179362800000
04057471;179708400000
04045294;179708400000
04021311;179708400000
04028195;179708400000
04049723;180140400000
04031153;180831600000
04107000;181177200000
04035242;181177200000
04172766;181782000000
03979432;181782000000
04170522;181782000000
04110370;181868400000
04038332;182041200000
04052293;182127600000
04021490;182473200000
04012289;182473200000
04054613;182991600000
04042488;183250800000
04024050;183250800000
04029552;183337200000
04028072;183337200000
04036865;183682800000
04118283;183682800000
03996111;183682800000
04026770;183769200000
04077849;184201200000
04045293;184460400000
04038329;185410800000
04024048;185670000000
04024049;185670000000
04025397;186361200000
04025396;186361200000
04009082;186620400000
04054431;186706800000
04032572;186793200000
04026681;186879600000
04081333;187484400000
04008131;187484400000
04033829;187830000000
04007094;187830000000
04017421;187916400000
04043875;188002800000
04030985;188002800000
04096039;188089200000
04020103;188607600000
04021476;189039600000
04024027;189039600000
04028194;189039600000
04040911;189385200000
04003800;189385200000
04039428;189385200000
04086414;190508400000
04016003;191199600000
04072580;191458800000
04089751;191545200000
04046638;191718000000
04107002;192063600000
04069253;192409200000
04057472;192409200000
04075063;193359600000
04041091;193532400000
04061545;193532400000
04008130;193878000000
04191614;194482800000
04010080;194655600000
04078974;195260400000
04006190;195692400000
04046637;195951600000
04159227;196297200000
04113575;196383600000
04061849;196556400000
04013519;196556400000
04057491;196642800000
04089749;196898400000
04061546;196898400000
04210493;196984800000
04018657;197157600000
04045506;197157600000
04024191;197157600000
04081331;197503200000
04038155;197503200000
04192847;198108000000
04036905;198108000000
04225394;198280800000
04141937;198280800000
04043873;198712800000
04137135;198885600000
04070253;199490400000
04087455;199490400000
04035243;199490400000
04089892;199490400000
04088676;199490400000
04017355;199922400000
04059492;199922400000
04018843;200008800000
04026930;200268000000
04036701;200527200000
04113848;200872800000
04042674;201218400000
04162199;201218400000
04053368;201477600000
04111218;202082400000
04070254;202946400000
04044696;202946400000
04088542;202946400000
04045295;203205600000
04094748;203292000000
04108734;203551200000
04108735;203551200000
04140586;203551200000
04036703;203810400000
04017276;204242400000
04021312;204415200000
04038334;204415200000
04105505;204501600000
04054493;205020000000
04070408;205452000000
04111759;205624800000
04033617;205624800000
04104131;205624800000
04026761;205624800000
04102752;205711200000
04016048;206056800000
04086267;206575200000
04076950;206575200000
04019965;206661600000
04050262;207180000000
04016049;207352800000
04124069;207352800000
04062764;207352800000
04156633;207439200000
04089750;208044000000
04082617;209167200000
04073660;209167200000
04075293;209253600000
04132604;209340000000
04024026;209858400000
04039599;209858400000
04081332;209944800000
04089752;210204000000
04077850;210204000000
04263102;210549600000
04024028;210981600000
04066514;211068000000
04065267;211413600000
04180438;211672800000
04076700;211672800000
04097371;212104800000
04038156;212104800000
04048021;212277600000
04091204;212364000000
04055145;212799600000
04076594;213231600000
04124896;213490800000
04141925;213922800000
04119497;213922800000
04076595;214009200000
04091623;214095600000
04071398;214441200000
04121978;214614000000
04161429;214786800000
04113574;214786800000
04072607;215132400000
04081355;215218800000
04075287;215218800000
04096085;215391600000
04118410;215650800000
04140584;215823600000
04131742;215823600000
04036749;216255600000
04152218;216428400000
04116757;217119600000
04072579;217465200000
04046640;217465200000
04046639;217465200000
04053369;217638000000
04105510;217638000000
04050994;217810800000
04070172;218070000000
04134393;218156400000
04086147;219020400000
04121977;219538800000
04043874;219538800000
04110174;219538800000
04099936;219538800000
04143066;219538800000
04101594;219798000000
04292138;219884400000
04268362;220575600000
04131741;220662000000
04137901;221094000000
04163755;221958000000
04113511;222303600000
04053367;222908400000
04129605;223254000000
04078975;223513200000
04078976;223513200000
04090922;223686000000
04147627;224118000000
04148693;224982000000
04095963;224982000000
04163697;224982000000
04140587;225068400000
04186060;225414000000
04139420;225414000000
04199409;225414000000
04105506;225586800000
04115460;225932400000
04086146;226191600000
04128457;226710000000
04156632;226796400000
04097378;227833200000
04083939;227833200000
04166771;227919600000
04065607;227919600000
04168210;228092400000
04181577;228092400000
04110172;228351600000
04227970;228952800000
04111743;228952800000
04116226;229125600000
04090923;229125600000
04137134;229298400000
04094747;229644000000
04145245;229730400000
04186058;230162400000
04120756;230162400000
04070252;230162400000
04282071;230767200000
04108914;230940000000
04116999;231026400000
04087335;231631200000
04166769;231717600000
04152219;232149600000
04131622;232754400000
04120919;233186400000
04119436;233186400000
04160111;233532000000
04135985;233877600000
04138309;233877600000
04171245;233964000000
04151048;234396000000
04108866;234568800000
04134732;234568800000
04202736;235000800000
04145393;235260000000
04177111;235864800000
04186061;235951200000
04198276;235951200000
04188290;236383200000
04132075;236469600000
04116812;236901600000
04156688;237420000000
04138424;237592800000
04115530;237679200000
04157281;237679200000
04087276;237765600000
04338922;237765600000
04115204;238284000000
04115206;238284000000
04115205;238284000000
04144137;238284000000
04115207;238802400000
04096574;238888800000
04166008;238975200000
04138851;239234400000
04152898;239234400000
04153516;239580000000
04140588;239580000000
04141799;240184800000
04115471;240703200000
04269663;240789600000
04091042;240789600000
04129606;241048800000
04117000;241221600000
04163695;241912800000
04162946;241912800000
04110087;242863200000
04190729;243468000000
04187376;243727200000
04213830;243727200000
04102753;243813600000
04115208;244681200000
04137129;245026800000
04153806;245372400000
04159228;245372400000
04131538;246150000000
04151830;246236400000
04194949;247100400000
04182659;247100400000
04344770;247446000000
04170548;247446000000
04200500;247705200000
04177137;247705200000
04243492;247791600000
04194950;247878000000
04187153;248310000000
04110177;248482800000
04134796;248569200000
04132601;249087600000
04132602;249087600000
04132603;249087600000
04182658;249087600000
04211613;249519600000
04166774;250124400000
04208298;250124400000
04224110;250124400000
04128454;250297200000
04194952;250383600000
04142058;250383600000
04162145;250470000000
04159925;250470000000
04147848;250902000000
04175009;250988400000
04149940;250988400000
04158611;250988400000
04105540;250988400000
04172767;251074800000
04184924;251074800000
04219387;251334000000
04166773;251593200000
04191615;251679600000
04326926;252111600000
04204916;252284400000
04312709;252284400000
04144092;252802800000
04176012;253234800000
04211609;253407600000
04204914;253407600000
04203806;253407600000
04203805;253407600000
04167475;253407600000
04235680;253407600000
04199407;253407600000
04199406;253407600000
04179328;253494000000
04233267;253926000000
04144138;253926000000
04162200;254358000000
04197713;254444400000
04138293;254703600000
04141798;254962800000
04174273;255049200000
04214454;255135600000
04189616;255222000000
04243493;255308400000
04217176;255567600000
04272960;255567600000
04200496;255913200000
04186059;256172400000
04210495;256258800000
04209363;256345200000
04230887;256431600000
04134797;256863600000
04239603;256950000000
04230531;256950000000
04235677;257036400000
04267021;257382000000
04201629;257382000000
04171620;257727600000
04252616;257727600000
04168209;258159600000
04219380;258678000000
04276122;258850800000
04204915;258937200000
04235678;258937200000
04158740;259196400000
04197248;259369200000
04200501;259542000000
04151046;259801200000
04233153;259801200000
04134795;260575200000
04147721;260661600000
04188291;260661600000
04204913;260661600000
04217460;260661600000
04162270;261352800000
04233120;261352800000
04160110;261612000000
04187150;261957600000
04167521;262216800000
04267022;262389600000
04143072;262476000000
04165328;262562400000
04141696;262562400000
04227972;262821600000
04232598;262821600000
04210494;262994400000
04264501;263080800000
04201633;263512800000
04221921;263599200000
04229284;264031200000
04246417;264031200000
04162198;264204000000
04238296;264204000000
04189354;264636000000
04124452;264636000000
04218290;264636000000
04166770;264636000000
04193837;264636000000
04170521;264636000000
04337121;264895200000
04260462;264981600000
04332643;265327200000
04282070;265327200000
04246199;265327200000
04164452;265845600000
04164451;265845600000
04299981;265845600000
04201631;265932000000
04163696;266018400000
04197168;266018400000
04210496;266018400000
04168211;266191200000
04233281;266191200000
04219389;266450400000
04261796;266450400000
04270981;266536800000
04230533;267055200000
04213832;267228000000
04216063;267400800000
04273620;267660000000
04152217;268005600000
04154658;268264800000
04306945;268869600000
04167525;268869600000
04194964;268869600000
04243491;268956000000
04162201;269042400000
04164507;269128800000
04252615;269560800000
04177110;269560800000
04234392;270079200000
04148695;270338400000
04197166;270424800000
04238294;270424800000
04199410;270684000000
04259160;271029600000
04192651;272498400000
04555310;273276000000
04161495;275522400000
04252602;276303600000
04207276;276303600000
04176023;276390000000
04169857;276390000000
04167456;276476400000
04166772;276476400000
04278505;276822000000
04175034;276822000000
04228301;276908400000
04234391;277081200000
04246072;277426800000
04167455;277599600000
04182657;277599600000
04219388;278204400000
04256675;278550000000
04217178;279241200000
04220519;279414000000
04265857;280018800000
04230529;280018800000
04255167;280105200000
04261814;280537200000
04283255;280969200000
04277311;280969200000
04255386;281228400000
04269664;281314800000
04238295;281574000000
04223120;281919600000
04356785;282265200000
04194924;282351600000
04191616;282438000000
04227971;282783600000
04349412;282783600000
04200497;282956400000
04201632;282956400000
04246073;282956400000
04247371;282956400000
04229263;283042800000
04229261;283042800000
04314947;283042800000
04236975;283042800000
04260461;283042800000
04184943;283042800000
04224112;283042800000
04230530;283129200000
04187152;283734000000
04252748;283734000000
04219678;283734000000
04308107;284166000000
04246074;284770800000
04216002;284857200000
04333800;284857200000
04257852;285202800000
04235679;285202800000
04317926;285202800000
04269666;285980400000
04227891;286412400000
04248673;286498800000
04260813;286585200000
04214976;286758000000
04203825;286758000000
04222852;286758000000
04230536;287017200000
04250328;287103600000
04345976;287190000000
04195032;287362800000
04265713;287794800000
04243526;287881200000
04215011;288399600000
04232177;288399600000
04311597;288399600000
04239617;288486000000
04236974;288486000000
04251325;288572400000
04195071;289090800000
04265712;289782000000
04222997;289782000000
04260821;290300400000
04197162;290646000000
04339307;290732400000
04248838;290818800000
04257851;290905200000
04230534;290991600000
04254246;291250800000
04252614;291337200000
04287026;291510000000
04298622;291938400000
04238451;291938400000
04256913;292456800000
04262138;292456800000
04222825;292543200000
04240210;292629600000
04229184;292802400000
04235706;293234400000
04271013;293752800000
04302328;294012000000
04229262;294616800000
04230638;294616800000
04236021;294876000000
04353871;295135200000
04253948;295480800000
04236973;295480800000
04213847;295653600000
04244505;295740000000
04277314;295826400000
04273623;296172000000
04307572;296776800000
04256541;296776800000
04237326;296863200000
04237330;296949600000
04323052;297295200000
04313311;297295200000
04247369;297900000000
04230535;298245600000
04315402;298504800000
04261908;298764000000
04239926;299109600000
04234544;299109600000
04261768;299282400000
04295936;299368800000
04442887;299714400000
04316774;299973600000
04216076;300924000000
04254943;301010400000
04352680;301183200000
04277256;301269600000
04334042;301528800000
04219680;301701600000
04246070;301701600000
04327552;301788000000
04274911;301788000000
04273611;301874400000
04269667;302392800000
04319964;303084000000
04282067;303084000000
04302682;303084000000
04248672;303343200000
04255309;303602400000
04263092;303602400000
04292141;304120800000
04239517;304207200000
04265263;304639200000
04292136;304639200000
04238212;304725600000
04267150;304812000000
04272344;304812000000
04330374;305503200000
04383892;305762400000
04264411;306021600000
04313305;306453600000
04292121;306712800000
04271326;306972000000
04262791;306972000000
04302595;307231200000
04349415;307317600000
04264432;307666800000
04292135;307666800000
04265736;308271600000
04366030;308530800000
04289586;308530800000
04269665;308790000000
04277268;308962800000
04284480;309049200000
04265711;309481200000
04568356;309481200000
04334886;309567600000
04327184;309654000000
04249317;310604400000
04271315;311468400000
04339596;311468400000
04247368;312159600000
04273622;312418800000
04278502;312505200000
04239601;312505200000
04276126;312764400000
04303479;313023600000
04262140;313023600000
04282389;313110000000
04277316;313110000000
04257914;313628400000
04376680;313628400000
04300004;313628400000
04263103;313628400000
04344897;313887600000
04312633;313974000000
04312714;314233200000
04261798;314233200000
04260827;314233200000
04311851;314406000000
04278506;314578800000
04267026;314578800000
04278503;315010800000
04255598;315010800000
04265701;316047600000
04335576;316047600000
04326923;316220400000
04293503;316306800000
04252737;316306800000
04318781;316393200000
04331513;316393200000
04310382;317257200000
04312710;317257200000
04297172;317430000000
04272326;317516400000
04257850;317602800000
04276125;317602800000
04294665;317862000000
04260847;317862000000
04250330;318034800000
04301098;318034800000
04305790;318121200000
04325789;318121200000
04412887;318207600000
04288296;318207600000
04270983;318466800000
04333917;318726000000
04357214;318812400000
04339605;318812400000
04344847;319071600000
04292140;319158000000
04308111;319762800000
04326925;319762800000
04329204;319762800000
04358536;320022000000
04302298;320022000000
04307254;320281200000
04310387;320281200000
04328366;320281200000
04297239;320540400000
04285777;320540400000
04278504;320886000000
04310388;320886000000
04277315;320886000000
04305789;321058800000
04319980;321231600000
04282259;321231600000
04329205;321663600000
04345971;321750000000
04326073;322182000000
04308108;322268400000
04298765;322873200000
04277313;322959600000
04314890;323046000000
04274841;323046000000
04289589;323305200000
04347704;323564400000
04283254;323564400000
04303468;323564400000
04394221;323650800000
04304639;323906400000
04329206;323906400000
04343658;324511200000
04288297;324511200000
04309254;324770400000
04578501;324856800000
04304638;325116000000
04299663;325116000000
04352940;325720800000
04284837;325807200000
04289587;325807200000
04314984;325893600000
04303614;325980000000
04273621;326325600000
04325329;326325600000
04328368;326325600000
04263269;326325600000
04343683;326498400000
04299999;326671200000
04306940;326930400000
04390398;326930400000
04315802;326930400000
04285778;327189600000
04298363;327276000000
04268361;327535200000
04269668;327535200000
04336109;327535200000
04328075;327708000000
04301298;327880800000
04308131;328744800000
04304637;328831200000
04322265;328831200000
04309243;329004000000
04311564;329090400000
04274910;329522400000
04308109;330040800000
04313798;330040800000
04344826;330300000000
04286066;330645600000
04350565;330732000000
04344824;330904800000
04306942;330904800000
04344827;331164000000
04285774;331164000000
04345972;331250400000
04280881;331336800000
04295196;331336800000
04308112;331336800000
04302229;331336800000
04306944;331423200000
04300998;331423200000
04302297;331423200000
04323432;331768800000
04330377;332028000000
04332645;332028000000
04329155;332114400000
04302356;332114400000
04384924;332373600000
04358360;332546400000
04294664;332546400000
04297456;332632800000
04330373;333324000000
04282178;333324000000
04299665;333324000000
04402792;333324000000
04299667;333583200000
04289588;333756000000
04368058;333756000000
04328010;333842400000
04308106;333928800000
04323431;334188000000
04279704;334533600000
04375534;335052000000
04372818;335138400000
04294666;335138400000
04369096;335397600000
04313879;335570400000
04345973;336002400000
04280880;336002400000
04303478;336261600000
04340574;336261600000
04490553;336348000000
04337123;336348000000
04316796;337557600000
04345974;337816800000
04319965;338076000000
04357213;338076000000
04402795;338076000000
04366031;338421600000
04376163;338508000000
04340446;339116400000
04358609;339202800000
04342623;339289200000
04308110;339375600000
04359365;339721200000
04347321;339721200000
04348259;339894000000
04350571;339980400000
04452671;340844400000
04353352;341103600000
04487659;341103600000
04341599;341190000000
04350573;341449200000
04353783;341622000000
04292139;341708400000
04351967;341794800000
04417951;342054000000
04363703;342313200000
04350572;342313200000
04316775;342313200000
04382843;342399600000
04351548;342658800000
04483714;342831600000
04328074;342831600000
04341601;342831600000
04326924;343263600000
04311562;343263600000
04306058;343436400000
04371428;343868400000
04348260;343954800000
04314891;343954800000
04359533;344041200000
04329528;344473200000
04345975;344818800000
04362601;345078000000
04360601;345250800000
04333799;345682800000
04338162;345682800000
04370236;345769200000
04306884;345942000000
04323706;345942000000
04328073;346892400000
04303536;346892400000
04386623;346978800000
04325788;346978800000
04334965;347065200000
04362603;347238000000
04318782;347583600000
04376758;347583600000
04469558;347756400000
04349417;347842800000
04331522;348102000000
04292142;348102000000
04349420;348102000000
04440601;348361200000
04330625;348879600000
04342652;348966000000
04339623;349311600000
04381407;349311600000
04366781;349657200000
04374000;349916400000
04473473;349916400000
04349419;350002800000
04336110;350175600000
04374705;350262000000
04371623;350521200000
04422903;351212400000
04336407;351212400000
04361469;351212400000
04299668;351730800000
04352718;351730800000
04315815;351730800000
04374706;352335600000
04373996;352508400000
04383891;352681200000
04495035;352681200000
04430226;352940400000
04396463;353026800000
04401515;353113200000
04306943;353199600000
04348261;353286000000
04323430;353545200000
04401514;353718000000
04351976;354150000000
04366066;354495600000
04357153;354751200000
04409104;354751200000
04311563;354837600000
04353837;355356000000
04341600;355356000000
04379734;355528800000
04347385;356047200000
04342627;356220000000
04383893;356565600000
04396462;356565600000
04344825;356738400000
04390396;356738400000
04381419;356738400000
04342735;356824800000
04375387;357170400000
04337235;357256800000
04373935;357516000000
04388154;357516000000
04348262;357775200000
04339309;357861600000
04358346;357948000000
04459177;358120800000
04416734;358380000000
04370491;358639200000
04365081;358725600000
04350570;358898400000
04350569;359157600000
04365080;359157600000
04340447;359762400000
04388290;359848800000
04412086;360194400000
04387005;360280800000
04420374;360367200000
04378245;360540000000
04332644;360799200000
04395576;361058400000
04334964;361144800000
04371427;361490400000
04335261;361576800000
04332642;361749600000
04334961;361749600000
04400553;362181600000
04348540;362613600000
04375524;362613600000
04670278;362613600000
04371718;362872800000
04383887;363218400000
04360405;363391200000
04415443;363564000000
04360406;363564000000
04448643;363823200000
04362602;363909600000
04395310;363909600000
04437938;364168800000
04400241;364428000000
04379024;364687200000
04372822;365032800000
04394219;365032800000
04349418;365119200000
04364869;365205600000
04410400;365637600000
04370205;365637600000
04333801;365637600000
04430162;365637600000
04420373;365637600000
04411739;365810400000
04430156;365896800000
04342624;365983200000
04362604;366588000000
04404388;366588000000
04381221;366588000000
04381973;366588000000
04371426;366847200000
04335072;366847200000
04375751;367106400000
04369097;367538400000
04391677;367711200000
04420375;367797600000
04344828;368056800000
04366032;368143200000
04407127;369266400000
04383895;369871200000
04353784;369871200000
04406748;370216800000
04346241;370479600000
04376679;370479600000
04409403;370479600000
04481146;370566000000
04483747;370566000000
04406750;370566000000
04349416;370652400000
04443559;370652400000
04381223;370652400000
04440861;370738800000
04439623;371084400000
04405409;371084400000
04392877;371170800000
04399000;371257200000
04478686;371862000000
04367121;372294000000
04394220;372553200000
04441437;372639600000
04421606;372898800000
04405717;372898800000
04381222;372985200000
04399001;373071600000
04383894;373158000000
04492675;373158000000
04396492;373590000000
04585522;374108400000
04402793;374108400000
04444623;374108400000
04409064;374108400000
04451334;374194800000
04421856;374367600000
04478685;374367600000
04423766;374367600000
04407955;374367600000
04437939;374713200000
04401517;375058800000
04363704;375058800000
04401516;375404400000
04395311;375922800000
04434029;376095600000
04437937;376182000000
04488934;376873200000
04459970;377132400000
04430163;377305200000
04381971;377305200000
04425137;377478000000
04413150;377478000000
04482432;377910000000
04379736;377910000000
04379027;377996400000
04435251;378342000000
04405438;378601200000
04454358;379206000000
04360695;379206000000
04419189;379551600000
04496430;379551600000
04490405;380329200000
04379026;380329200000
04358347;380847600000
04385965;380847600000
04417311;381106800000
04511435;381366000000
04431838;381970800000
04434057;382230000000
04436902;382316400000
04444675;382834800000
04407703;382834800000
04419188;383180400000
04473442;383180400000
04406749;383266800000
04358348;383439600000
04399109;383526000000
04410503;383785200000
04370204;383958000000
04419187;384044400000
04401512;384130800000
04545862;384130800000
04537660;384390000000
04399307;384649200000
04492951;384735600000
04438730;385167600000
04421605;385340400000
04450966;385340400000
04470879;385340400000
04360407;385599600000
04488935;385599600000
04473443;385599600000
04715932;385686000000
04422981;385772400000
04475005;385772400000
04424098;385858800000
04373999;386287200000
04479012;386287200000
04379028;386287200000
04442048;386460000000
04508597;386805600000
04377443;386805600000
04441963;386978400000
04414063;387410400000
04431486;387410400000
04469491;388015200000
04408063;388015200000
04422953;388188000000
04493752;388360800000
04474647;388360800000
04461675;388620000000
04435595;388620000000
04495034;388879200000
04521276;388879200000
04536257;389224800000
04437941;389570400000
04457807;389570400000
04473444;389829600000
04396591;390520800000
04437940;391039200000
04402794;391039200000
04379025;391039200000
04385964;391212000000
04401570;391212000000
04407662;391730400000
04433173;391816800000
04517057;391989600000
04556460;391989600000
04483746;391989600000
04578153;392248800000
04400559;392853600000
04504361;392940000000
04468257;393199200000
04470880;393199200000
04439350;393458400000
04415542;393458400000
04374101;393458400000
04389285;393458400000
04490214;393804000000
04857151;394063200000
04689121;394063200000
04584063;394063200000
04504364;394063200000
04457806;394063200000
04474646;394063200000
04464229;394149600000
04461676;394322400000
04428203;394322400000
04428202;394322400000
04428201;394322400000
04427495;394408800000
04525242;395013600000
04434027;395013600000
04490215;395272800000
04432837;395359200000
04455374;395445600000
04493750;395618400000
04469560;395964000000
04578151;396223200000
04428798;396482400000
04376678;396741600000
04465559;396828000000
04482433;396828000000
04514262;397087200000
04492613;397087200000
04377441;397260000000
04476024;397692000000
04440963;397692000000
04497702;397692000000
04522920;398296800000
04528162;398469600000
04472246;398642400000
04496431;398901600000
04471619;398901600000
04420376;398901600000
04434034;398901600000
04434301;399074400000
04444624;399247200000
04488933;399247200000
04427420;399852000000
04477354;400197600000
04559108;400284000000
04474994;400716000000
04504362;400716000000
04499117;400716000000
04464227;400975200000
04411740;401320800000
04455251;401320800000
04402796;401320800000
04402797;401320800000
04720327;401320800000
04515661;401407200000
04482775;401493600000
04791227;401580000000
04404063;401666400000
04482733;401666400000
04482732;401666400000
04666562;401929200000
04539076;401929200000
04470881;401929200000
04778535;402015600000
04463575;402015600000
04507514;402015600000
04572767;402015600000
04434142;402015600000
04503028;402102000000
04410754;402102000000
04495028;402102000000
04529484;402188400000
04569724;402188400000
04500390;402188400000
04530738;402188400000
04454356;403398000000
04414074;404348400000
04506334;404434800000
04541897;404521200000
04526657;404694000000
04444576;404953200000
04405565;405212400000
04405564;405212400000
04511437;405212400000
04479851;405730800000
04595459;405903600000
04428799;406249200000
04549937;406249200000
04434059;406422000000
04555312;406854000000
04525244;406940400000
04465853;407113200000
04664752;407113200000
04455198;407113200000
04561941;407113200000
04464228;407372400000
04514305;407545200000
04556461;407545200000
04426322;407977200000
04575405;408236400000
04460383;409186800000
04544776;409186800000
04556457;409791600000
04404064;410050800000
04459179;410655600000
04574036;411606000000
04469561;411606000000
04473465;411606000000
04450047;412556400000
04501657;412902000000
04421607;412902000000
04746610;412988400000
04490563;413506800000
04568426;413593200000
04568427;413766000000
04512851;414111600000
04482431;414370800000
04415409;414716400000
04540162;414889200000
04480116;415407600000
04692218;415494000000
04554055;415839600000
04702801;415839600000
04549053;415839600000
04488936;416098800000
04430196;417650400000
04447318;417650400000
04462928;417909600000
04559109;417909600000
04466905;418860000000
04543164;419119200000
04444625;419464800000
04443344;419551200000
04545861;419724000000
04539077;419724000000
04459178;420069600000
04439278;420328800000
04507175;420415200000
04612090;420415200000
04513153;420760800000
04710300;420933600000
04504363;420933600000
04639293;421020000000
04433194;421020000000
04518505;421279200000
04492039;421365600000
04448644;421538400000
04529485;422229600000
04514260;422229600000
04484985;422488800000
04484986;422488800000
04484983;422488800000
04484984;422488800000
04518462;422661600000
04558423;422834400000
04537039;423698400000
04471154;424044000000
04510023;424648800000
04582570;424908000000
04599145;424908000000
04551979;424908000000
04585524;425080800000
04444881;425512800000
04479812;425685600000
04568428;426204000000
04559110;426722400000
04460378;427327200000
04599143;427327200000
04601790;427327200000
04555307;427500000000
04523027;428191200000
04543165;428536800000
04558167;428536800000
04506520;428536800000
04586981;428882400000
04510022;429141600000
04659433;429487200000
04596655;429919200000
04496760;429919200000
04555309;430092000000
04445325;430524000000
04589957;430610400000
04530820;430696800000
04767503;430956000000
04544452;431128800000
04506091;431215200000
04720328;431301600000
04504687;431733600000
04465881;431820000000
04465882;431820000000
04476036;432165600000
04595460;432165600000
04584062;432856800000
04575404;433116000000
04585525;433638000000
04549936;433724400000
04534828;433724400000
04497689;433724400000
04539091;433983600000
04534830;434156400000
04680092;434156400000
04502923;434242800000
04613410;434329200000
04510242;435798000000
04522688;435970800000
04490153;436402800000
04532012;436402800000
04851086;436402800000
04501645;436489200000
04569727;437007600000
04508683;437266800000
04526658;437266800000
04487614;437785200000
04555311;437958000000
04645569;438303600000
04517113;438908400000
04563204;438994800000
04554054;439772400000
04548701;440636400000
04756888;441500400000
04514574;442450800000
04678543;443401200000
04563248;443660400000
04776948;444265200000
04490232;444438000000
04512782;444524400000
04579629;444610800000
04551207;444610800000
04617093;445042800000
04584064;445215600000
04544454;445215600000
04581218;445647600000
04597834;445820400000
04596634;446166000000
04556456;446166000000
04613680;446425200000
04585523;446684400000
04545895;446857200000
04568429;447030000000
04532011;447030000000
04525243;447289200000
04636283;447375600000
04595778;447462000000
04612111;448066800000
04560442;448153200000
04529413;448498800000
04552514;448498800000
04549938;448844400000
04592806;449272800000
04618399;450309600000
04595461;450482400000
04488937;450482400000
04495161;450914400000
04540422;451087200000
04623432;451519200000
04770780;451692000000
04671856;451778400000
04599455;451864800000
04560807;451864800000
04589956;452296800000
04507176;452728800000
04525245;452728800000
04519875;452901600000
04645576;452988000000
04608119;453333600000
04599096;453506400000
04540831;453592800000
04540470;453679200000
04636284;453679200000
04536258;453679200000
04586985;453938400000
04569725;454111200000
04551208;454284000000
04544453;454802400000
04575403;454888800000
04576683;455320800000
04832920;455925600000
04775447;456357600000
04725425;456444000000
04564367;456530400000
04739108;456962400000
04597851;456962400000
04599144;456962400000
04736062;456962400000
04624748;457308000000
04608175;457912800000
04543163;457912800000
04561940;458172000000
04622104;458776800000
04597833;458776800000
04569726;459036000000
04601788;459036000000
04582571;459122400000
04545894;459381600000
04547209;459986400000
04664753;460591200000
04563284;460591200000
04566973;460591200000
04624746;460850400000
04617092;460850400000
04529500;460936800000
04601789;460936800000
04594131;461196000000
04628836;462146400000
04672113;462492000000
04601739;462664800000
04514261;462751200000
04686010;463356000000
04582569;463874400000
04586986;464306400000
04585526;465433200000
04575418;465606000000
04522689;466124400000
04681661;466124400000
04647344;466988400000
04645570;466988400000
04620024;467247600000
04544777;467420400000
04655879;467593200000
04558169;468457200000
04577043;468802800000
04603022;469666800000
04571284;469753200000
04613412;470271600000
04597835;470444400000
04532024;470876400000
04620900;471135600000
04678587;471481200000
04592805;471826800000
04559111;472345200000
04566948;472345200000
04642165;472431600000
04566947;472431600000
04608346;472690800000
04606816;473295600000
04584061;473468400000
04609436;473641200000
04898717;473900400000
04898716;474505200000
04557806;474764400000
04606794;474764400000
04599217;475196400000
04629533;475974000000
04571339;476578800000
04579630;476578800000
04597947;477788400000
04746437;477874800000
04615770;478220400000
04668345;478220400000
04609457;478306800000
04695349;478998000000
04642167;478998000000
04786488;479430000000
04687547;480294000000
04634796;480553200000
04561942;480812400000
04579650;480812400000
04666564;481500000000
04586987;481932000000
04680090;481932000000
04629534;482104800000
04652343;482536800000
04810327;482623200000
04640743;483141600000
04615769;483228000000
04683963;483228000000
04615768;484178400000
04563538;484178400000
04683026;484351200000
05206433;484437600000
04731164;484524000000
04698136;485647200000
04608127;486079200000
04622102;486165600000
04810821;486338400000
04657639;486338400000
04587370;486770400000
04946561;486856800000
04591413;487288800000
04687550;487807200000
04673459;487893600000
04705604;487980000000
04719096;488066400000
04661208;488152800000
04662995;488498400000
04934519;488757600000
04660544;489016800000
04693786;489103200000
04617129;489189600000
04708775;489621600000
04645568;489880800000
04639257;490226400000
04601791;490226400000
04639294;490312800000
04623430;490485600000
04623431;490485600000
04664754;490485600000
04687546;490572000000
04657638;491436000000
04666561;491522400000
04578152;491695200000
04623447;491781600000
04664751;492040800000
04698440;492040800000
04710273;492300000000
04683034;492991200000
04613409;493250400000
04640769;494114400000
04702799;494546400000
04724048;494632800000
04665219;494719200000
04717454;495151200000
04715933;495669600000
04613701;495928800000
04710275;496015200000
04634532;496447200000
04675080;496882800000
04698135;497142000000
04960443;497228400000
04732653;497487600000
04624747;497660400000
04666560;497833200000
04778882;498351600000
04756803;498438000000
04662990;498870000000
04600477;499042800000
04686009;499388400000
04620901;499906800000
04690733;499906800000
04676874;500166000000
04727161;500857200000
04666563;501289200000
04690734;501721200000
04661207;501894000000
04664755;501894000000
04610768;502326000000
04613411;502326000000
04652344;502326000000
04670106;502326000000
04667508;503103600000
04731165;503535600000
04737243;503535600000
04770231;503794800000
04731159;503794800000
04741803;503881200000
04631115;504140400000
04710215;504226800000
04676971;504226800000
04668497;504226800000
04712392;504486000000
04622103;504486000000
04654123;505004400000
04714525;505090800000
04676875;505350000000
04778569;505522800000
04615771;505954800000
04670131;505954800000
04664845;506473200000
04961827;506732400000
04683033;506905200000
04673466;507164400000
04665249;507164400000
04695350;507164400000
04698166;507250800000
04718985;507337200000
04680167;507337200000
04712164;507423600000
04696718;507855600000
04642166;508374000000
04683025;508374000000
04626321;508633200000
04664784;508719600000
04725338;509583600000
04678544;509929200000
04689053;510188400000
04879412;510188400000
04693789;510361200000
04698137;510361200000
04747915;510447600000
04664786;511138800000
04707220;511138800000
04750975;511398000000
04710272;511657200000
04654124;511657200000
04743344;512175600000
04714617;512262000000
04718988;512262000000
04738295;512776800000
04670105;513208800000
04734159;513813600000
04673465;514418400000
04676872;514418400000
04716244;514418400000
04722769;514677600000
04735690;515023200000
04696720;516232800000
04883912;516405600000
04715965;516837600000
04836891;516837600000
04783242;517096800000
04693304;517183200000
04738754;517183200000
04830707;517528800000
04747914;517528800000
04749447;517528800000
04755258;517701600000
04676870;518047200000
04826576;518047200000
04789428;518133600000
04698138;518392800000
04824527;518738400000
04734167;518824800000
04730082;518911200000
04952503;519516000000
04726819;519861600000
04724049;520120800000
04778567;520552800000
04695665;520639200000
04731175;521071200000
04713089;522021600000
04713231;522280800000
04781837;522280800000
04759825;522453600000
04820517;522540000000
04749794;522972000000
04804442;523144800000
04661209;523231200000
04710274;523490400000
04714604;524268000000
04865973;524268000000
04744869;524700000000
04961826;524786400000
05041646;525045600000
04696719;525304800000
04718986;526168800000
04744868;526687200000
04760211;527378400000
04935209;527464800000
04675082;527724000000
04671857;528069600000
04909898;528505200000
04806229;528678000000
04828660;528937200000
04764250;529110000000
04724044;529714800000
04756802;529801200000
04756797;530146800000
04762592;530146800000
04759826;530406000000
04753735;530751600000
04885099;531097200000
04778001;531442800000
04760165;531961200000
04743378;532566000000
04802956;532825200000
04726894;533170800000
04849186;533343600000
04735728;533516400000
04692219;533948400000
04938846;534380400000
04867997;534553200000
04773968;534726000000
04749448;535244400000
04737244;535244400000
04764607;535590000000
04702819;535590000000
04743343;536367600000
04755261;536540400000
04770746;536799600000
04822455;536972400000
04778566;537750000000
04769112;538095600000
04784868;538095600000
04808270;538182000000
04778669;538268400000
04824573;538354800000
04776927;538700400000
04780178;539564400000
04818345;539910000000
04718987;540082800000
04795532;540169200000
04720326;540169200000
04746407;540774000000
04786363;540774000000
04702798;541119600000
04770748;541119600000
04744926;541206000000
04718989;541292400000
04747917;541638000000
04693787;541638000000
04728397;541724400000
04810340;541724400000
04805692;542329200000
04738755;542329200000
04769056;542847600000
04834840;542847600000
04714526;542934000000
04693788;542934000000
04900402;543625200000
04906337;543711600000
04740272;544140000000
04769113;545436000000
04729818;545522400000
04740273;545522400000
04874473;545522400000
04792459;546559200000
04778605;546645600000
04709113;546645600000
04762897;546645600000
04777321;546645600000
04846935;546732000000
04775448;546732000000
04826662;547250400000
04818346;547336800000
04758311;547682400000
04790904;548373600000
04767502;548460000000
04863568;549237600000
04754058;549583200000
04978547;549669600000
04830711;549756000000
04822947;550706400000
04906329;550792800000
04762593;550879200000
04959127;551311200000
04812203;551397600000
04892625;551397600000
04886581;552088800000
04836989;552175200000
04820542;552175200000
04793841;552520800000
04882009;553125600000
05145989;553212000000
04732654;553298400000
04832796;553384800000
04763488;553730400000
04778568;553816800000
04978518;553816800000
04877489;553816800000
04826575;554335200000
04814021;554335200000
04892664;554421600000
04765869;554680800000
04767869;554680800000
04795824;554680800000
04863607;554940000000
04994608;555112800000
04760166;555631200000
04735787;556149600000
04767498;556408800000
05059327;556840800000
04828702;556840800000
04875980;556927200000
04863570;557359200000
04846240;558223200000
04806210;558309600000
04781797;558309600000
04814044;558568800000
04909899;559173600000
04830710;559432800000
04761492;559782000000
04830712;559868400000
04834841;560041200000
04842696;560646000000
04906338;560646000000
04865697;561250800000
04801356;561250800000
04879407;561337200000
04770747;561769200000
04990222;561942000000
04755262;562201200000
04871879;562287600000
04986884;562374000000
04853089;562460400000
04894140;562978800000
04818297;563756400000
04935104;563756400000
04838997;563756400000
04975154;564015600000
04888097;564015600000
04828652;565311600000
04795535;565398000000
04838998;565570800000
04808262;565830000000
04983303;566002800000
04818347;566089200000
04882012;566089200000
04790911;566175600000
04877536;566434800000
04764256;566607600000
04818344;566694000000
04904347;566694000000
04877533;567730800000
04843867;567817200000
04786370;568249200000
04868335;568422000000
04952318;568508400000
04879369;569631600000
04882071;569718000000
04861435;570063600000
04929312;570236400000
04865689;570236400000
04873330;571273200000
04808344;571446000000
04889600;571964400000
04810330;572050800000
04820385;572137200000
04846850;572223600000
04842748;572569200000
05021128;572742000000
04917771;572742000000
04877530;573087600000
04995945;573778800000
04798674;573951600000
04943353;573951600000
04842743;574470000000
04859286;574642800000
04847430;574902000000
04847431;574902000000
04863587;574902000000
04874524;575676000000
04874474;575848800000
04801357;575848800000
04793901;576712800000
04853088;576799200000
04798654;577576800000
04806209;577922400000
04878535;578095200000
05156706;578268000000
04938868;578527200000
04859285;578527200000
04898644;578527200000
04879004;578700000000
04808319;579132000000
04863567;580514400000
04869785;581032800000
04927494;581205600000
05011819;581205600000
04980030;581292000000
04963231;582156000000
04953694;582501600000
04857150;582933600000
04931170;582933600000
05032222;583365600000
04958006;583452000000
04853446;583624800000
04895989;584575200000
04929435;584575200000
04851085;584575200000
04868334;584575200000
04894145;585266400000
04919765;585525600000
04867849;585784800000
04801358;586044000000
04857198;586130400000
04954223;586130400000
04911792;586389600000
04944846;586389600000
04911793;586562400000
04880504;586648800000
04966655;586735200000
04925535;586994400000
04921580;587167200000
04936955;587340000000
04980032;587340000000
04902385;587944800000
05032230;588204000000
04985140;588376800000
04892624;588463200000
04898645;588895200000
04933046;589500000000
04923577;590018400000
04874475;590018400000
04865696;590018400000
04865693;590018400000
04865695;590018400000
04865694;590018400000
04846934;590623200000
04925526;591836400000
04915793;592182000000
04915792;592527600000
04971660;592527600000
05017500;592527600000
04849569;593046000000
04956513;593046000000
04885063;593218800000
04915794;593910000000
04946560;593910000000
04918243;593996400000
05006204;594255600000
04900403;594255600000
04865723;594255600000
04894123;594342000000
04946559;594514800000
05028298;594601200000
04877491;595465200000
04940134;595465200000
04954222;595810800000
05037510;596070000000
04891101;596242800000
04880505;596242800000
04913771;596415600000
04851087;596674800000
04944881;596761200000
04855531;596761200000
04935579;596934000000
04913777;597020400000
04948469;597279600000
04964957;597366000000
04946558;597625200000
04853192;597884400000
04966657;598230000000
04985122;598230000000
04963783;598489200000
04992582;598575600000
04906330;599353200000
04840707;599439600000
04913778;599698800000
04836896;600303600000
05006205;600994800000
04909907;600994800000
04978429;601081200000
04872949;601081200000
04963226;601513200000
04877490;601513200000
04973698;601513200000
05015332;601686000000
04969977;602118000000
04961859;602204400000
05092964;602463600000
04941946;602722800000
04861436;602809200000
05035775;602982000000
05064623;602982000000
04997547;604018800000
04946029;604278000000
04925533;605142000000
04917773;605142000000
05164159;605487600000
05073351;605746800000
04943354;606092400000
04897161;606351600000
04871460;606524400000
04997990;606610800000
04931146;607039200000
04986885;607125600000
05190618;607298400000
04983260;607557600000
04966276;608767200000
05037511;609717600000
04929788;609976800000
04915784;610149600000
04975156;610236000000
04950364;610236000000
05096544;610927200000
04963232;611791200000
04939294;611791200000
05013407;611964000000
04917769;611964000000
05026459;611964000000
04929361;612050400000
04947983;612050400000
04921581;612136800000
04935100;612482400000
04956157;612482400000
04944839;612482400000
04898601;612655200000
05133942;613173600000
05019668;613346400000
04992143;613346400000
04954289;613605600000
04954290;613605600000
04944847;613605600000
05076896;613692000000
04953607;613778400000
05059287;613951200000
04964995;613951200000
04976825;614556000000
04973387;614815200000
05141861;614901600000
04978807;615074400000
04950823;615420000000
04999090;615592800000
04919257;616197600000
04944849;616197600000
04948472;616197600000
04948470;616197600000
04994151;616370400000
04950363;616802400000
05066417;616888800000
04978430;617234400000
05354428;617320800000
05047124;617407200000
04948471;617925600000
05102503;618184800000
04917770;618444000000
05064506;618789600000
05037512;619308000000
05032218;619912800000
04994150;619912800000
05047125;619999200000
04954284;620431200000
05080761;620604000000
04954224;621208800000
04955468;621208800000
05045155;621468000000
04956052;621640800000
05143585;621813600000
04904346;621813600000
05022967;622072800000
04975155;622159200000
04944848;622332000000
05034102;622418400000
05051152;622767600000
05061458;623458800000
05035831;623631600000
04935103;623977200000
04995946;623977200000
04935101;624236400000
05167775;624495600000
04931145;624495600000
04971661;624841200000
04960580;625791600000
04990320;625791600000
05304286;625878000000
04957595;626396400000
05073236;626914800000
05024781;626914800000
05152898;627174000000
05059288;627606000000
05092960;627692400000
05031883;628210800000
05024731;628297200000
04954330;628383600000
05053111;628470000000
04961870;629593200000
04995460;629938800000
04982034;630025200000
05004522;630111600000
05168728;630111600000
05079025;630111600000
04976824;630284400000
05248395;630630000000
04982024;630630000000
04935102;630716400000
04994152;630716400000
05178735;630802800000
04957200;630802800000
05160580;631321200000
05030327;631407600000
05114609;631407600000
05062927;631494000000
05034156;631753200000
05011571;631753200000
05073267;632098800000
05167773;632444400000
05011579;632444400000
05096538;632530800000
05031754;632703600000
04990321;633135600000
05028240;633135600000
05078974;633567600000
05082525;633654000000
05073663;633740400000
05248393;633740400000
05057190;633913200000
05124004;634258800000
04980031;634258800000
05108550;634258800000
05019217;634345200000
05019218;634345200000
05049240;634345200000
05019219;634518000000
05032231;634518000000
05034103;634518000000
04994252;634518000000
05061348;635036400000
05178734;635122800000
05108549;635727600000
04959128;635986800000
05203970;636159600000
05132918;636159600000
05133859;636332400000
05084133;637196400000
05240634;637196400000
05006206;637196400000
05158650;637801200000
05057191;637887600000
05047580;638060400000
05185060;638402400000
05049241;638488800000
05035776;638661600000
05028735;638748000000
04975158;639352800000
05106527;639352800000
05004829;639612000000
05094773;639612000000
05064505;640216800000
05108548;640216800000
05019665;640389600000
05194122;640562400000
05129993;640562400000
05069755;640562400000
05391262;640821600000
04985118;640821600000
05094721;640821600000
05100536;641426400000
05089091;641772000000
05186726;642376800000
05093141;642981600000
05094741;642981600000
05122236;643240800000
05057468;643240800000
05055162;643240800000
05118437;643327200000
05118438;643327200000
05154801;643500000000
05043075;643500000000
05026908;643586400000
05135611;643586400000
05090431;644191200000
04966656;644450400000
05126067;644536800000
05098525;644623200000
05106526;644623200000
05000825;644623200000
05028297;644623200000
05057225;644796000000
05139621;645055200000
05158651;645055200000
05130102;645055200000
05151188;645141600000
05110319;645228000000
05181992;645228000000
05112446;645746400000
05076895;645919200000
05104565;646264800000
05064558;646264800000
05069757;646869600000
05082012;646869600000
05073637;646956000000
04966658;647128800000
05137604;647215200000
05104492;647647200000
04975157;647733600000
05102504;647733600000
05091057;648424800000
05098595;648684000000
05023010;648684000000
05061349;649029600000
05092959;649548000000
05227017;649893600000
05112441;649980000000
05122235;650239200000
05139620;650498400000
05002639;650498400000
05096624;650584800000
05094722;650757600000
05160413;650757600000
05171407;651189600000
05164049;651276000000
05064508;651794400000
05013444;651880800000
05230773;652053600000
04980033;652399200000
05091060;652917600000
05133837;652917600000
05078880;653090400000
05043506;653522400000
05169560;653522400000
05472637;653522400000
05332839;653608800000
05183540;653608800000
05262012;653695200000
05172487;654127200000
05236558;654300000000
05064507;654386400000
05096543;654386400000
05035840;654735600000
05023009;654908400000
05026498;654908400000
05075097;655599600000
05053110;655686000000
05137605;655945200000
05066365;655945200000
05174864;656031600000
05094720;656204400000
05098615;656290800000
05085740;656895600000
05100515;656895600000
05068011;656895600000
05032232;657327600000
05087784;657327600000
05175369;657414000000
05030328;657759600000
05188709;657759600000
05086193;658105200000
05113031;658105200000
05102505;658105200000
05277759;658710000000
05118873;658969200000
05113015;659055600000
05235102;659055600000
05069756;659574000000
05169502;659746800000
05039443;659833200000
05116518;660178800000
05082535;660438000000
05300197;660783600000
05225049;661042800000
05250155;661042800000
05106459;661129200000
05108551;661388400000
05182013;661734000000
05183538;661993200000
05176800;662252400000
05094723;662770800000
05144068;663202800000
05045156;663375600000
05084134;663980400000
05110419;664153200000
05110418;664153200000
05116485;664153200000
05196093;664153200000
05200039;664153200000
05188710;664153200000
05085741;664585200000
05073291;664585200000
05130157;664585200000
05104493;664671600000
05091058;664758000000
05174865;664758000000
05225048;665103600000
05085739;665190000000
05273627;665190000000
05122234;665622000000
05211812;665622000000
05304287;665881200000
05213678;665967600000
05205906;666226800000
05207869;667004400000
05084142;667090800000
05106425;667177200000
05223101;667177200000
05176799;667695600000
05139612;667695600000
05133838;667695600000
05057192;667695600000
05100514;667782000000
05139683;668041200000
05104491;668732400000
05200040;668818800000
05181396;668991600000
05126077;669337200000
05157200;669423600000
05110507;669596400000
05164030;669596400000
05168983;669596400000
05152876;670028400000
05182040;670114800000
05260865;670456800000
05092966;670456800000
05120462;670456800000
05080823;670543200000
05039380;670629600000
05118872;670716000000
05094725;670716000000
05074967;671061600000
05152875;671061600000
05129996;671061600000
05120403;671061600000
05158652;671148000000
05227521;671148000000
05129997;671234400000
05145598;671666400000
05238670;671666400000
05273623;671925600000
05110997;672012000000
05094724;672012000000
05087383;672444000000
05209825;672444000000
05316628;672444000000
05264117;672444000000
05124005;672530400000
05246722;673048800000
05092965;673135200000
05166454;673480800000
05211840;673653600000
05282927;673740000000
05127997;673740000000
05176883;674085600000
05167937;674172000000
05246541;674172000000
05286351;674258400000
05087329;674344800000
05250271;674344800000
05176798;674431200000
05051153;674690400000
05207928;674949600000
05378783;674949600000
05262016;675036000000
05136052;675468000000
05131985;675900000000
05215630;675986400000
05509996;676072800000
05256251;676504800000
05173155;676504800000
05215671;676591200000
05181991;676764000000
05221439;677109600000
05182022;677282400000
05207874;677368800000
05445714;677368800000
05103032;677973600000
05217579;678060000000
05156812;678060000000
05147512;678060000000
05145562;678319200000
05135617;678319200000
05227028;678492000000
05162081;678664800000
05264078;678664800000
05202001;679010400000
05151161;679701600000
05154802;679701600000
05262013;679701600000
05240560;679874400000
05141630;679874400000
05160414;679874400000
05160585;680220000000
05232085;680392800000
05118392;680392800000
05133839;680392800000
05171434;680392800000
05106458;680479200000
05198076;680738400000
05211867;680824800000
05204064;681516000000
05209827;681948000000
05158649;682639200000
05200431;682725600000
05246549;683157600000
05240568;683416800000
05205910;683416800000
05221361;683935200000
05135620;683935200000
05137606;684021600000
05204072;684108000000
05106460;684367200000
05200033;684367200000
05202463;684453600000
05192399;684453600000
05234552;684453600000
05213976;685058400000
05228885;685317600000
05131984;685576800000
05189001;685576800000
05235117;685749600000
05232550;685836000000
05238540;685836000000
05191062;685922400000
05232556;686185200000
05244645;686271600000
05139622;686444400000
05157163;686444400000
05221441;686530800000
05203969;686790000000
05211816;686790000000
05342487;686876400000
05244545;686962800000
05291989;687135600000
05196616;687740400000
05156747;687740400000
05091059;688086000000
05236555;688258800000
05203993;688690800000
05411640;688950000000
05116466;688950000000
05116465;688950000000
05116467;688950000000
05154804;688950000000
05154803;688950000000
05145563;688950000000
05145561;688950000000
05160587;688950000000
05371280;689295600000
05227027;689468400000
05196094;689554800000
05227018;689554800000
05217572;689900400000
05190622;690073200000
05183539;690159600000
05198077;690505200000
05354433;690505200000
05334290;690678000000
05256258;691196400000
05205909;691801200000
05215629;691887600000
05224351;691887600000
05240603;691974000000
05242549;691974000000
05173156;692233200000
05208367;692924400000
05336377;693010800000
05236557;693010800000
05281310;693097200000
05209828;693442800000
05188179;693442800000
05330624;693788400000
05153351;694652400000
05207875;694911600000
05217904;694998000000
05207876;695602800000
05180474;696466800000
05308452;696812400000
05154800;696812400000
05177283;697071600000
05215725;697071600000
05259931;697071600000
05196612;697071600000
05284987;697244400000
05167774;697330800000
05217582;697417200000
05269887;697676400000
05601688;698022000000
05152887;698367600000
05266170;698367600000
05246618;698972400000
05242550;699058800000
05162567;699145200000
05259927;699145200000
05264079;699231600000
05238541;699836400000
05250151;699836400000
05236663;700095600000
05250156;700095600000
05254219;700182000000
05160412;700182000000
05211817;700268400000
05316626;700441200000
05236560;700441200000
05328670;701046000000
05288370;701046000000
05248394;701305200000
05211931;701650800000
05190619;701906400000
05208342;701906400000
05151160;702511200000
05298128;702770400000
05252188;702856800000
05302253;703116000000
05321177;703375200000
05221440;703720800000
05312524;703807200000
05240469;704325600000
05268120;704584800000
05268121;704584800000
05230778;704671200000
05232557;704671200000
05472576;705189600000
05244544;705276000000
05490906;705535200000
05296103;705708000000
05233021;705708000000
05256276;706140000000
05338517;706140000000
05177267;706485600000
05234554;707522400000
05202521;707695200000
05284552;707695200000
05200447;708127200000
05340445;708213600000
05262014;708300000000
05342482;708300000000
05271810;708904800000
05258560;709164000000
05273719;709164000000
05266546;709164000000
05281309;709250400000
05285006;709509600000
05902587;709941600000
05328707;709941600000
05194123;710373600000
05282956;710460000000
05338518;710546400000
05171455;710719200000
05308592;711064800000
05441606;711064800000
05525200;711237600000
05386054;711324000000
05256250;711583200000
05234553;711756000000
05252187;711756000000
05338409;711842400000
05209826;712274400000
05395483;712533600000
05282968;712792800000
05217581;712965600000
05292993;712965600000
05314588;713484000000
05389208;713570400000
05275702;713570400000
05282957;714175200000
05904321;714175200000
05296104;714261600000
05264085;714261600000
05269886;714348000000
05264084;714348000000
05376238;714607200000
05269908;714866400000
05607912;716335200000
05282929;716508000000
05302255;716508000000
05227520;716594400000
05398806;716767200000
05342509;717285600000
05269933;717372000000
05348623;717807600000
05282979;717807600000
05316627;717894000000
05228956;717980400000
05389299;718326000000
05268073;718412400000
05232558;718498800000
05264087;718930800000
05368830;719103600000
05597453;719190000000
05454913;719190000000
05314586;719190000000
05447609;719190000000
05589135;719362800000
05340446;719794800000
05288408;720054000000
05617719;720140400000
05306397;720226800000
05308451;720658800000
05217580;720745200000
05284969;721004400000
05352335;721263600000
05319106;721263600000
05348624;721522800000
05332476;721954800000
05326436;722127600000
05306398;722127600000
05476573;722473200000
05240566;723682800000
05294303;723769200000
06274767;723769200000
05330618;723942000000
05286350;724287600000
05354432;724374000000
05225050;724374000000
05368691;724460400000
05296639;724633200000
05368700;724892400000
05314579;724978800000
05352848;725583600000
05322596;725670000000
05366514;725670000000
05242548;726102000000
05419810;726102000000
05228957;726274800000
05346594;726793200000
05314587;726879600000
05389209;727570800000
05385647;727570800000
05403475;727657200000
05236559;727657200000
05264086;728262000000
05227029;728262000000
05436211;728521200000
05368699;728694000000
05322626;728866800000
05314666;728866800000
05271811;729126000000
05342488;729903600000
05421962;729990000000
05591310;730335600000
05250157;730335600000
05346595;730422000000
05443695;730681200000
05262015;730681200000
05356520;730681200000
05294304;731631600000
05372680;731631600000
05275701;732150000000
05336414;732322800000
05431779;732754800000
05450892;733356000000
05256259;733356000000
05258102;733356000000
05277766;733442400000
05645694;733528800000
05306850;733528800000
05240567;733701600000
05336841;733960800000
05300198;733960800000
05433928;733960800000
05318673;734047200000
05316744;734738400000
05324393;734824800000
05262017;735170400000
05304699;735170400000
05472622;735256800000
05312935;735343200000
05362918;735516000000
05336376;735861600000
05628901;736120800000
05695643;736120800000
05421964;736120800000
05458742;736466400000
05294305;736639200000
05290402;736984800000
05478443;736984800000
05359118;736984800000
05336473;737071200000
05387322;737330400000
05321181;737589600000
05358611;737589600000
05290403;738453600000
05454953;738540000000
05451300;738885600000
05435891;738885600000
05593549;738972000000
05316625;739058400000
05348710;739749600000
05352336;740268000000
05302685;740268000000
05346593;740354400000
05447620;740700000000
05340444;740700000000
05498319;741304800000
05354429;741564000000
05362365;741909600000
05368754;741909600000
05372012;741996000000
05334291;742168800000
05312959;742428000000
05409579;742428000000
05384413;742428000000
05468350;742687200000
05409576;742773600000
05498318;744242400000
05478534;744415200000
05344528;744415200000
05500098;744501600000
05344954;744588000000
05346592;745020000000
05419815;745106400000
05512141;745452000000
05409578;745624800000
05374337;745797600000
05414146;746056800000
05454979;746229600000
05360511;746402400000
05340443;746402400000
05395981;746402400000
05328490;746661600000
05435892;746661600000
06210536;746920800000
05385646;747007200000
05340602;747352800000
05445731;747439200000
05531867;747612000000
05492602;747612000000
05393508;747612000000
05362377;747871200000
05348622;747957600000
05562808;748562400000
05354431;748735200000
05487814;749170800000
05352415;749257200000
05348588;749343600000
05389343;749775600000
05386075;749948400000
05490907;750380400000
05496446;750466800000
05332477;750553200000
05464531;750553200000
05313009;750553200000
05401430;750898800000
05395486;750985200000
05409625;751158000000
05484510;751590000000
05354430;751590000000
05401365;751676400000
05370774;752281200000
05507953;752454000000
05405503;752454000000
05399751;752454000000
05441659;753058800000
05413681;753318000000
05449440;753318000000
05501776;753663600000
05496448;753922800000
06197163;754527600000
05464504;754786800000
05582690;754959600000
05399244;755132400000
05523015;755391600000
05397439;755391600000
05582691;755823600000
05552023;755910000000
05536376;757033200000
05496778;757897200000
05417812;758156400000
05364500;758329200000
05632866;758329200000
05348625;758502000000
05332478;758502000000
05320715;758502000000
05338411;758502000000
05458741;758502000000
05405505;758502000000
05403448;758502000000
05397441;758502000000
05618432;758588400000
05639383;758761200000
05360520;758847600000
05338410;758847600000
05358608;758847600000
05536374;758934000000
05456805;759106800000
05487817;759106800000
05435436;759106800000
05380405;759366000000
05429720;759538800000
05391263;759538800000
05423953;759625200000
05405504;759970800000
05431890;759970800000
05487815;760143600000
05458739;760316400000
05593548;760489200000
05468351;760575600000
05472575;761180400000
05540861;761180400000
05431179;761353200000
05454878;761439600000
05535877;762390000000
05552024;762390000000
05458740;762735600000
05534118;762994800000
05470441;762994800000
05453158;763254000000
05470442;763340400000
05368698;763340400000
05382329;763340400000
05648271;763340400000
05431888;763599600000
05391264;763599600000
05393385;763599600000
05382330;763599600000
05492603;763686000000
05599429;763772400000
05637777;763945200000
05456841;764204400000
05514251;764290800000
05656137;764550000000
05489366;764805600000
05440066;765410400000
05417924;765410400000
05492625;765669600000
05425855;765756000000
05500095;765756000000
05466344;766015200000
05397440;766188000000
05470440;766706400000
05456806;767224800000
05743080;767311200000
05554796;767570400000
06251228;767829600000
05928469;768607200000
05429721;769212000000
05385649;769212000000
05443697;769298400000
05510097;769298400000
05460700;769298400000
05447607;769384800000
05441608;769644000000
05446223;769644000000
05549794;769730400000
06179967;769816800000
05464505;770335200000
05571386;770335200000
05453160;770335200000
05502249;770335200000
05426257;770594400000
05430232;770853600000
05522971;770940000000
05462643;771112800000
05472679;771199200000
05457277;771458400000
05468347;771717600000
05603812;771804000000
05677193;772322400000
05487816;772408800000
05441607;772668000000
05840944;772668000000
05632865;772668000000
05425853;772927200000
05423955;773359200000
06004434;773532000000
05518699;773618400000
05401366;773877600000
05417813;773877600000
05512142;774136800000
05453165;775087200000
05523515;775173600000
05507919;775692000000
05628879;775692000000
05447608;775692000000
05421965;775692000000
05487818;775951200000
05636451;776037600000
05565070;776383200000
05620567;776642400000
05688377;776728800000
05902457;777160800000
05484511;777852000000
05456898;779061600000
05571387;779407200000
05407541;779407200000
05407542;779407200000
05437770;779407200000
05681433;779493600000
05718807;780012000000
05582694;780098400000
05603811;780098400000
05407540;780271200000
05439560;780534000000
05730836;780534000000
05536375;780793200000
06375806;781311600000
05423979;781398000000
05582692;781484400000
06207022;781484400000
05565066;781484400000
05587054;781830000000
05498317;782348400000
05415741;782434800000
05445716;782434800000
05441605;782521200000
05587055;783126000000
05580425;783385200000
05585527;783558000000
05523062;783817200000
05609734;783990000000
05453166;784162800000
05512691;784162800000
05645696;785372400000
05693191;785545200000
05482597;785545200000
05439561;785977200000
05494556;785977200000
06251227;786063600000
05582680;786150000000
05529667;786236400000
05417814;786582000000
05531866;786668400000
05507920;786754800000
05580426;786841200000
05837106;787186800000
05770019;787273200000
05507921;787359600000
05961790;787359600000
05516406;787446000000
05443040;788569200000
05500097;788569200000
05683553;789001200000
05681537;789433200000
05423954;789606000000
05470443;789692400000
05606094;789692400000
05690793;789778800000
05954970;789778800000
05695615;789778800000
05425854;790297200000
05855741;790470000000
05658437;790815600000
05575894;790988400000
05552022;791506800000
05510547;791766000000
05624534;791852400000
05676801;792025200000
05645693;792370800000
05662779;792889200000
05679312;792975600000
05567853;792975600000
05855742;793407600000
05611895;793494000000
05720856;793494000000
05707497;793839600000
05635590;793839600000
05547582;793926000000
05700358;794271600000
05773670;794444400000
05738762;794617200000
05496447;794790000000
05639355;795049200000
05609732;795135600000
05614066;795222000000
05647961;795394800000
05695614;795654000000
05491250;795913200000
05534113;795913200000
05532283;795999600000
05643421;795999600000
05683554;796086000000
05445715;796255200000
05556516;796255200000
05607557;796341600000
05540818;796428000000
05556575;796514400000
05662774;796687200000
05578173;796860000000
05597454;797119200000
05624566;797205600000
05453167;797205600000
06299737;797551200000
05626725;797551200000
06083380;798328800000
06193849;798415200000
05554264;798674400000
06059933;798760800000
05545296;798933600000
05609733;798933600000
05876567;799020000000
05620561;799020000000
05571385;799884000000
05558748;800229600000
05632867;800834400000
05614029;800920800000
05510006;801352800000
05565069;801439200000
05650050;801525600000
05466345;801871200000
05602294;801871200000
05523061;801871200000
05750007;801871200000
05600049;801957600000
05685957;802130400000
05538599;802303200000
05567281;802389600000
05558746;802476000000
05534280;802476000000
05573895;802476000000
05534151;802476000000
05788745;802476000000
05723433;802476000000
05500096;802476000000
05502188;802476000000
05648573;802908000000
05587056;803080800000
05679223;803167200000
05587047;803253600000
05565068;803253600000
05744010;803512800000
05665208;803685600000
05906748;804204000000
05573645;804376800000
05647962;804463200000
05693190;804549600000
05772852;804981600000
05632864;804981600000
05744009;805068000000
05595634;805327200000
05675054;805932000000
05562863;806018400000
05605606;806104800000
05753190;806277600000
05630913;806536800000
05645692;807055200000
05626724;807400800000
05693189;807573600000
05795446;807746400000
05565067;807919200000
05603813;808005600000
05817906;808005600000
05772854;808610400000
05616217;808610400000
05723026;808696800000
05595662;808783200000
05662810;809647200000
05672250;809733600000
05609735;809820000000
05643420;810079200000
05830314;810252000000
05531937;810856800000
05635035;810856800000
05676802;811029600000
05641396;811375200000
06010599;811548000000
05630914;811634400000
05846388;812329200000
05954924;812329200000
05552085;812674800000
05607558;813193200000
05711857;813452400000
05705039;813538800000
05614107;813538800000
05612007;813625200000
05555735;813798000000
05573661;813970800000
05948211;814057200000
05589037;814489200000
05670027;814489200000
05681432;814575600000
05591311;814662000000
05759358;814748400000
05545743;815266800000
05772909;815266800000
05558747;815353200000
05622605;815526000000
05865957;815612400000
05580427;815698800000
05653852;815785200000
05660691;816217200000
05792889;816390000000
05679254;816822000000
05670028;816994800000
05565065;817513200000
05811598;818031600000
05714646;818204400000
05756866;818377200000
05643419;818722800000
05852218;818895600000
05693193;819068400000
05770770;819500400000
05744008;820537200000
05582693;821314800000
05670026;821314800000
05597455;821746800000
05876570;821919600000
05738761;821919600000
05728273;822006000000
05744672;822351600000
05773664;822610800000
05710261;823042800000
05705036;823561200000
05628880;824079600000
05968321;824166000000
05705040;824338800000
05560899;824770800000
05833812;824857200000
05598661;824943600000
05759356;824943600000
05733416;824943600000
05729987;825375600000
05879516;825548400000
05755934;825894000000
05857269;826498800000
05659095;826671600000
05683555;826844400000
05779861;827103600000
05718810;827190000000
05762762;827190000000
05925224;827449200000
05667669;827449200000
05830325;827967600000
05824196;828914400000
05853550;829260000000
05776319;829605600000
05650072;830124000000
05783047;830296800000
05756870;831074400000
05679274;831938400000
05676800;832024800000
05932073;832197600000
05785822;832802400000
05858169;832802400000
05653853;832975200000
05750009;833234400000
05660690;833752800000
05620568;833752800000
05663492;833925600000
05902459;834357600000
05800738;834616800000
05772851;834962400000
05824836;835221600000
05714634;835653600000
05615492;835740000000
05824195;835740000000
05741940;835912800000
05846386;836172000000
05846387;836172000000
05770021;836172000000
05785820;836172000000
05785819;836344800000
05645695;836776800000
05738763;836776800000
05976323;836776800000
06156161;837122400000
05766424;837554400000
05766895;837727200000
05853551;838072800000
05776320;838159200000
05674431;838418400000
05837107;838591200000
05861085;838764000000
05804039;838764000000
05785823;838936800000
05868906;838936800000
05746892;839196000000
05858177;839368800000
05811621;839541600000
05716499;839800800000
05728272;839887200000
05824397;840405600000
05810977;840751200000
05811597;841010400000
05723024;841010400000
05762764;841269600000
05750052;841356000000
05804040;841960800000
05856602;842220000000
05876685;842392800000
05762763;842392800000
05766423;842392800000
05788818;842824800000
05658435;842911200000
05928479;843084000000
05723025;843084000000
05858178;843170400000
05807477;843429600000
05902460;843429600000
05877363;843429600000
05736031;843688800000
05662780;843948000000
05840159;844034400000
05750008;844207200000
05874575;844293600000
05853549;844380000000
05922190;844380000000
05800682;844725600000
05670029;844898400000
05906714;845330400000
05658436;845330400000
05830324;845503200000
05865958;845589600000
05897749;845589600000
05948212;845848800000
05648574;845848800000
05733417;847062000000
05897748;847062000000
05827404;847148400000
05833813;847321200000
05667644;847321200000
05759357;847407600000
05932261;847407600000
05639354;848185200000
05770020;848271600000
05777173;848358000000
05698080;848617200000
05705038;848876400000
05693194;848876400000
05922174;848876400000
05730844;849222000000
05718808;849222000000
05785821;849740400000
06214173;849740400000
05840160;849826800000
05810976;851295600000
05972172;851295600000
05873981;851554800000
05888355;851641200000
05720857;852159600000
05980698;852591600000
05763714;852678000000
05817729;853110000000
05766412;853110000000
05779863;853369200000
05852201;853455600000
06045808;854665200000
06004433;854924400000
05948948;855010800000
05980696;855097200000
05709781;855615600000
06605190;855874800000
05919340;855874800000
05908964;856306800000
05869700;856479600000
06045660;856479600000
05789629;856738800000
05728880;856825200000
05885422;856911600000
05932074;857084400000
05916422;857689200000
05951828;858294000000
06033530;858294000000
05919339;858294000000
05779862;858553200000
05779883;858553200000
06066239;858639600000
06030504;858639600000
05849161;858726000000
05958233;858726000000
05980697;859244400000
05951825;859330800000
05951829;859417200000
06160185;859759200000
05925223;859845600000
05837105;860364000000
05718809;860450400000
05972171;860450400000
05738764;860450400000
05762765;860968800000
05873263;861228000000
06221830;861228000000
05902458;861573600000
05800681;861573600000
05973173;861660000000
05858176;861660000000
05900124;861832800000
05993608;861919200000
05827402;861919200000
06214172;861919200000
05866011;862351200000
05759506;862437600000
05783084;862437600000
05894076;863388000000
05776322;864079200000
05851362;864684000000
05873980;864856800000
05849971;864943200000
05776321;864943200000
05902911;865288800000
05929292;865548000000
05908538;865548000000
06048569;866757600000
05968312;867016800000
05843286;867016800000
05882485;867016800000
05922191;867189600000
06932889;867362400000
06143136;867362400000
05944950;867362400000
05866721;867621600000
05882486;867708000000
05849160;867794400000
06110325;868312800000
06086722;868399200000
05989394;868399200000
05834585;868831200000
05763694;868831200000
05763695;868831200000
06080273;869608800000
05980694;869781600000
06159344;869781600000
05910234;869781600000
05847249;870040800000
06007707;870040800000
05855743;870127200000
06024840;870991200000
05910233;870991200000
05863391;871596000000
05925799;871941600000
05795447;872200800000
06117277;872200800000
05958192;872632800000
05897750;872719200000
05964986;872805600000
06002057;873410400000
05759359;873669600000
05868908;873756000000
05958191;873928800000
05964987;874274400000
05869717;874447200000
06193837;874620000000
05914435;874965600000
06303005;874965600000
06342127;875484000000
05866714;875570400000
06508936;875656800000
05888356;876175200000
05976324;876175200000
05904814;876866400000
05935388;877298400000
06402897;877644000000
05880320;877644000000
05877380;877906800000
05849982;878079600000
06111096;878252400000
06024839;878770800000
06056791;878857200000
06676809;879289200000
05772853;879721200000
06235161;880412400000
06169218;880412400000
06159346;880412400000
06042718;880412400000
05968322;880498800000
05872288;882140400000
05961787;882226800000
06508915;882313200000
05969203;882745200000
06137023;882745200000
06039845;883695600000
05928477;884127600000
06106673;884214000000
05972174;884646000000
06355145;884732400000
06309508;884818800000
06030505;885855600000
06214174;885942000000
06274726;886114800000
05922175;886114800000
06025530;886546800000
06036848;887151600000
05985100;887670000000
06090240;887929200000
05932182;888188400000
06096941;888361200000
05961789;888793200000
06045662;888793200000
06583329;888966000000
05904815;889052400000
06024842;889138800000
06099693;889138800000
06001223;889484400000
06120652;889484400000
06001222;889570800000
06047560;889657200000
06099694;890607600000
06117276;890866800000
06036473;891295200000
06488817;891295200000
05996562;891813600000
06037489;892159200000
05993607;892159200000
06117275;892504800000
06043063;892504800000
06059934;892764000000
05905178;893023200000
05886241;893109600000
05907071;893109600000
06096673;893109600000
05993610;894232800000
06120653;895010400000
06096171;895010400000
06150040;895096800000
06123812;895442400000
06045661;895615200000
06015477;895788000000
06319600;895788000000
06106674;896133600000
06235162;896306400000
06093286;896306400000
06254735;896738400000
05879517;897343200000
05910232;897429600000
06086721;897948000000
06171449;898207200000
05879534;898466400000
06252110;898725600000
05876569;899071200000
05868907;899071200000
06113744;900280800000
05948213;900626400000
05900125;900972000000
06048441;901231200000
06299734;901231200000
06066232;901231200000
06027607;901836000000
06022453;902354400000
06015875;902786400000
07371309;902872800000
06110326;903045600000
06086723;903304800000
06258206;903477600000
06224781;903564000000
06113798;904082400000
06063242;904514400000
06093285;904514400000
05993609;904687200000
06211398;905292000000
06352618;905378400000
06294055;905464800000
05928478;905724000000
06197162;905983200000
06093855;906501600000
06254734;906933600000
06030524;907624800000
06156160;907711200000
05961788;907884000000
06348134;908316000000
05962761;908402400000
05962763;908834400000
05985135;909093600000
05989411;909093600000
06152994;909356400000
06100427;909702000000
06002058;909961200000
06074532;910220400000
06200461;910220400000
06159345;910306800000
06088630;910566000000
06458249;910566000000
05972173;910566000000
06100435;910911600000
06179966;911257200000
06066238;911430000000
06071383;911516400000
06093845;911948400000
05952391;912726000000
06191285;912985200000
06166232;913071600000
06040489;913158000000
06423187;913330800000
06238524;913590000000
06391162;913849200000
06210583;913849200000
06290820;913849200000
06113790;913935600000
06277247;914194800000
06280578;914194800000
06706153;915663600000
06296739;915750000000
06019874;916700400000
06159347;917305200000
06224717;917305200000
06336997;917823600000
06294054;917910000000
06143856;918169200000
06261419;918428400000
06365005;918514800000
06080320;918514800000
06344361;918514800000
06217711;918601200000
06164087;918774000000
06234760;919119600000
06294056;919378800000
06350352;919638000000
06365413;919897200000
06264799;920588400000
06280577;920847600000
06077985;921020400000
06251229;921020400000
06090245;921798000000
06120654;921798000000
06290819;921798000000
06228227;922230000000
06146533;922744800000
06332949;922744800000
06306263;922831200000
06262314;923349600000
06024841;923954400000
06346172;923954400000
06352619;924040800000
06440275;924213600000
06462210;924213600000
06454907;924472800000
06375808;925077600000
06315868;925077600000
06471823;925336800000
06042618;925682400000
06398918;925768800000
06123909;925768800000
06051111;925855200000
06169211;925941600000
06399851;926373600000
06120651;927151200000
06315869;927237600000
06228226;927237600000
06364996;927669600000
06365006;927756000000
06136155;928447200000
06572831;928706400000
06508916;929311200000
06299736;929397600000
06303006;929484000000
06334935;929656800000
06297415;930175200000
06379552;930866400000
06166270;931212000000
06258215;931212000000
06340414;931298400000
07008515;931298400000
06565715;931730400000
06464838;931730400000
06004435;931730400000
06242661;932076000000
06325898;932421600000
06833057;932508000000
06039846;932594400000
06177114;932594400000
06843890;932680800000
06017423;932680800000
06706898;933026400000
06413379;933199200000
06906234;933285600000
06500216;933285600000
06042697;933285600000
06274004;933544800000
06379507;933631200000
06299735;933804000000
06033529;933890400000
06139693;934149600000
06267848;934754400000
06175049;934840800000
06531034;934840800000
06251166;934927200000
06376727;935013600000
06332958;935013600000
06342647;936741600000
06488818;936741600000
06165326;936914400000
06461572;937260000000
06506284;937346400000
06497794;937519200000
07553397;938556000000
06187980;938556000000
06958107;938642400000
06342648;938642400000
06455087;939247200000
06350351;939679200000
06395142;939852000000
07291250;940370400000
06261412;940802400000
06494995;941497200000
06417413;941583600000
06468389;942102000000
06201136;942102000000
07183448;942188400000
06175045;943225200000
06406597;943830000000
06153799;944607600000
06500309;944866800000
06905576;945126000000
06475348;945385200000
06410804;945730800000
06551466;945817200000
06345811;946249200000
06358402;946335600000
06451173;946508400000
06348137;947199600000
06398917;947545200000
06200429;947545200000
06375803;947804400000
06627046;948409200000
06358371;948668400000
06461482;948927600000
06436242;950137200000
06419797;950223600000
06319408;950223600000
06433242;950742000000
06551464;950742000000
06428656;950742000000
06666956;950828400000
06755943;950828400000
06348136;951778800000
06695928;951865200000
06641700;952038000000
06375805;952383600000
07197546;952383600000
06306307;952383600000
06649027;952383600000
06348135;952470000000
06384240;952556400000
06383342;952902000000
06409888;953161200000
06274783;953506800000
06527917;953506800000
06391161;953679600000
06540882;953679600000
06540881;953679600000
06383341;953766000000
06414205;953852400000
06855248;954194400000
06387222;954367200000
06966974;954453600000
06432276;955490400000
06409886;955663200000
06417128;956095200000
06464839;956095200000
06375802;956181600000
06627047;956268000000
06395140;956527200000
06485613;957391200000
06254781;957391200000
06733636;957736800000
06773554;957736800000
06969446;958946400000
06554967;958946400000
06536523;959205600000
06423189;959637600000
06390454;959896800000
06733637;959896800000
06436245;959896800000
06878239;960156000000
06623604;960156000000
06802959;961711200000
06554966;961970400000
06565753;962056800000
06436244;962316000000
06579419;962920800000
06461583;963180000000
06358372;963266400000
06264800;963957600000
06531108;963957600000
06402961;964130400000
06821395;964130400000
06447649;964389600000
06911121;964562400000
06514387;965080800000
06887344;965167200000
06755942;966204000000
06444096;966376800000
06416659;966463200000
06833056;966463200000
06585862;966636000000
06358373;966981600000
06387224;967500000000
06461481;967672800000
06465665;967759200000
06964729;968104800000
06472568;968277600000
06613197;968796000000
06758945;968882400000
06398919;969228000000
06372944;969573600000
06559348;969832800000
06349563;969919200000
06582563;970005600000
06375807;970092000000
06395141;970092000000
06383343;970092000000
06780288;970696800000
06413378;970696800000
07041199;971215200000
06835287;971215200000
06551502;971301600000
06436243;971820000000
06338793;971906400000
06471865;972424800000
06632329;972511200000
06635149;972511200000
07182840;972684000000
06596129;972946800000
06387223;973551600000
06866750;973638000000
07029556;974242800000
07410556;975279600000
06740205;975538800000
06610638;975538800000
06504071;976489200000
06500310;976748400000
06797123;977266800000
07384501;977266800000
07048834;977353200000
06682633;977439600000
07101582;979254000000
07258767;979254000000
06802941;979772400000
06689251;979772400000
06494996;980118000000
06478929;980118000000
06635150;980204400000
07001490;980290800000
06514388;980290800000
07241365;980290800000
06420619;980377200000
06818121;980377200000
06821382;980722800000
06758946;980809200000
06936140;981068400000
06491795;981586800000
06359155;982191600000
06468399;982278000000
06444118;982278000000
06987201;982278000000
06849163;983228400000
06956101;983401200000
07282119;983746800000
07147757;983833200000
06737557;984006000000
06419796;984524400000
06982026;984610800000
06984293;984610800000
06926810;984610800000
06893540;984956400000
06605192;985042800000
06524496;985129200000
07189311;985302000000
07435317;985816800000
06767517;986248800000
07282118;986508000000
06346173;986508000000
06515193;986767200000
06375804;986853600000
06407300;986940000000
06660130;986940000000
06409887;987112800000
06551465;987976800000
06558515;987976800000
06337412;988063200000
06605193;988149600000
06846389;988840800000
06579442;990482400000
06433194;990655200000
06635151;990655200000
07384518;991000800000
06558452;991173600000
06676808;991260000000
06896772;991432800000
06632330;991692000000
06482297;991778400000
06599397;991778400000
06953518;991778400000
06946068;991951200000
06673959;992296800000
06972075;992383200000
06605191;992556000000
06521097;993592800000
06492099;993679200000
06685802;994024800000
06849162;994284000000
06613196;994629600000
06780289;995234400000
06623546;996012000000
06632331;996098400000
06998026;996184800000
06955744;996444000000
06656326;996444000000
07090749;996530400000
06911120;996616800000
06737034;996703200000
06863779;997048800000
07182839;997048800000
06673213;997048800000
06916939;997221600000
06475347;997221600000
06699369;997394400000
06607639;997999200000
06679939;998258400000
06946055;998431200000
06478930;998517600000
06793776;999208800000
06559248;999208800000
07169267;1000850400000
06860971;1000936800000
06709600;1001023200000
06656327;1001023200000
06500311;1001023200000
06735979;1001282400000
06511583;1001282400000
06761802;1001282400000
06852199;1001368800000
06495030;1001628000000
06863780;1001628000000
06583326;1002232800000
07699961;1003442400000
06849161;1003960800000
06790313;1005260400000
06860966;1005519600000
07052656;1005606000000
06441252;1005692400000
07132038;1005778800000
06673249;1005778800000
07297237;1006383600000
06790319;1006902000000
06793777;1007506800000
07332057;1007938800000
06838104;1008025200000
06835288;1008025200000
07108771;1008198000000
06881231;1008284400000
06898625;1008630000000
07426534;1008716400000
06869501;1008802800000
07153397;1008889200000
06955743;1009494000000
06679975;1010358000000
07329330;1010444400000
06695952;1010530800000
06825379;1010962800000
06685823;1011135600000
06582565;1011222000000
06518469;1012258800000
06548720;1012345200000
07226527;1012950000000
07465376;1013209200000
06830682;1013382000000
06666973;1013468400000
07048835;1013468400000
06926808;1013554800000
07060165;1013641200000
06570026;1014073200000
06668947;1014764400000
06787001;1014937200000
06583325;1014937200000
06830661;1015196400000
06555722;1015974000000
06716355;1015974000000
07435318;1016060400000
07153396;1016060400000
07588666;1016578800000
06726811;1017097200000
07481908;1017097200000
07452448;1017270000000
06458969;1017356400000
06846473;1017698400000
07041198;1017784800000
06547933;1017871200000
07337828;1018476000000
07232878;1019080800000
07153395;1019167200000
06673212;1019426400000
06692644;1019512800000
06805774;1019685600000
07090767;1020290400000
H0002134;1020290400000
06960279;1020636000000
06660169;1020895200000
07230126;1020981600000
06926809;1021240800000
06964728;1021500000000
07431804;1021586400000
06638398;1021932000000
07338579;1022104800000
06508917;1022191200000
07294240;1022536800000
07020984;1022796000000
06673264;1023055200000
06939444;1023400800000
06635686;1023660000000
07179388;1023660000000
06638987;1023660000000
06930206;1023746400000
06755975;1023832800000
06692616;1025042400000
06844480;1025128800000
06613919;1025215200000
06946060;1025474400000
06966973;1025474400000
06942762;1025560800000
07105078;1025560800000
07029557;1025560800000
06712942;1026424800000
07235158;1026856800000
06599398;1026856800000
07052582;1027375200000
07306705;1027461600000
07179875;1028239200000
06649205;1029189600000
07110602;1029880800000
06649028;1029967200000
07615137;1030053600000
06592722;1031090400000
07540936;1031263200000
06846390;1031522400000
06926820;1032472800000
07081185;1032991200000
07008516;1032991200000
07090766;1033336800000
06849772;1033941600000
07381310;1034287200000
06986833;1034805600000
06821396;1034805600000
07531065;1034892000000
06736941;1035410400000
07074434;1035846000000
06797124;1035932400000
06673945;1036105200000
06797125;1036623600000
07534327;1036623600000
06794470;1036710000000
06720439;1037055600000
07060865;1037055600000
06849155;1037055600000
07594980;1038524400000
07077201;1038610800000
07691239;1038956400000
07118654;1039042800000
07476297;1039042800000
06863778;1039388400000
07074304;1039734000000
07090748;1039993200000
06919000;1040079600000
07402720;1040252400000
06746567;1040338800000
07160469;1040857200000
07790000;1040943600000
07429312;1040943600000
06946081;1041202800000
06586605;1041980400000
06984292;1043103600000
06884324;1043103600000
07678237;1043190000000
07125475;1043794800000
07285187;1044572400000
07531066;1045004400000
07175696;1045522800000
07037412;1045695600000
06896807;1046300400000
07351311;1046386800000
06936742;1046905200000
07074971;1046905200000
06887352;1046991600000
07132051;1047337200000
07237014;1047423600000
07070694;1048114800000
07129387;1048114800000
07311813;1048114800000
07128815;1048546800000
07267747;1048633200000
06890444;1049148000000
07507316;1049148000000
07494573;1049407200000
06821394;1050876000000
07128813;1050962400000
07182841;1051048800000
07556716;1051048800000
07041861;1052258400000
07154013;1052258400000
07435319;1052690400000
07211193;1054245600000
07169268;1054850400000
07118653;1055109600000
07494572;1055196000000
07118098;1055368800000
07141641;1056578400000
07089762;1056664800000
07392316;1056924000000
07520964;1057096800000
07416645;1057183200000
07527712;1058824800000
07550064;1058911200000
07081205;1059516000000
07128826;1059602400000
07416644;1059688800000
07021637;1059948000000
07045669;1060034400000
07604686;1060120800000
07276139;1060120800000
07497931;1060293600000
07279075;1061848800000
07267746;1061935200000
07611604;1062021600000
07005544;1062108000000
07119224;1062453600000
06969467;1062972000000
07351310;1063144800000
06977047;1063576800000
06949192;1063749600000
06964730;1064786400000
07087803;1064872800000
07157003;1065477600000
07516627;1065477600000
07361795;1066082400000
07108770;1066255200000
06936724;1066687200000
07232505;1066946400000
07067044;1067209200000
07107194;1067209200000
07445702;1067468400000
07311807;1067900400000
07264695;1068073200000
06902663;1068418800000
06899806;1068418800000
07022220;1068418800000
07501047;1068505200000
07597784;1068678000000
07300555;1069023600000
07517435;1069023600000
07491298;1069714800000
07572352;1069801200000
07049450;1069801200000
07108769;1070406000000
07670463;1070665200000
07556717;1071097200000
07524405;1071270000000
07273560;1071529200000
07351312;1071615600000
07601245;1072047600000
07186667;1072134000000
07384519;1072134000000
07163606;1072134000000
06929749;1073602800000
07407532;1073602800000
07396519;1075071600000
07306654;1075417200000
07390380;1076454000000
07425247;1076626800000
07594981;1077231600000
07014736;1077490800000
07540944;1077490800000
07125474;1078268400000
07128814;1078268400000
07594979;1078354800000
07141707;1079910000000
07410586;1079996400000
H0002194;1080255600000
06949193;1080684000000
06962967;1080684000000
07547378;1081116000000
07191610;1081375200000
07150809;1081893600000
07462263;1081980000000
07408074;1082066400000
07378536;1082066400000
07258766;1082498400000
07488421;1082757600000
07744727;1082757600000
07014833;1083708000000
07410555;1083708000000
07030277;1083708000000
07666281;1084312800000
07304176;1084399200000
07670456;1084485600000
07060787;1084485600000
07619126;1084917600000
07670464;1086645600000
07368039;1086732000000
07150320;1086732000000
07048833;1086818400000
07541427;1087164000000
07718041;1087596000000
07699962;1087941600000
07316781;1088028000000
07189886;1088460000000
07323579;1089151200000
07393436;1089583200000
06913674;1089583200000
07485208;1089842400000
07332070;1089842400000
07557257;1090447200000
07501045;1090533600000
07592468;1091138400000
07267775;1091138400000
07097671;1091138400000
07435865;1092693600000
06998053;1092780000000
07468119;1094767200000
07560590;1095112800000
07214294;1095285600000
07708865;1095372000000
07309403;1095976800000
07217343;1096322400000
07695594;1096495200000
07241928;1096581600000
07811443;1098050400000
07416643;1098136800000
07368040;1098223200000
07238260;1098741600000
07690445;1098828000000
07339088;1098828000000
07273957;1099000800000
07527711;1099000800000
07304196;1099000800000
07431805;1102028400000
07364668;1102028400000
07794564;1102546800000
07393986;1102892400000
07189887;1102892400000
07297181;1102892400000
07153432;1103151600000
06998092;1103583600000
07713387;1103583600000
07122148;1103583600000
07754053;1105052400000
07431806;1105570800000
07091252;1105570800000
07320745;1106089200000
07641772;1106175600000
07563360;1106694000000
07326823;1106780400000
07495124;1107212400000
07692053;1107471600000
07208570;1108681200000
07731822;1108681200000
07520917;1108681200000
07175819;1109890800000
07785448;1110150000000
07205438;1110322800000
07531067;1110409200000
07642394;1110495600000
07488861;1111014000000
07449088;1112220000000
07479477;1113775200000
07550065;1114034400000
07501046;1115157600000
07267774;1115848800000
07234691;1116540000000
07575660;1117058400000
07705193;1118008800000
07438129;1118181600000
07428926;1118181600000
07566429;1118700000000
07566383;1118959200000
07442348;1118959200000
07569737;1120082400000
07692031;1120600800000
07473338;1122328800000
07628893;1122847200000
07758730;1123020000000
07759457;1123106400000
07569722;1123711200000
07481878;1123797600000
07255777;1124402400000
07163636;1124402400000
07326323;1124920800000
07479227;1125439200000
07585403;1127167200000
07598405;1127253600000
07802376;1131058800000
07291258;1131750000000
07608171;1131922800000
07504005;1132009200000
07157610;1134946800000
07629421;1135119600000
07678227;1135119600000
07105687;1135206000000
07799178;1135206000000
07666282;1135724400000
07619098;1135983600000
07582723;1138575600000
07279076;1141167600000
07357849;1141858800000
07517493;1141858800000
07501009;1141945200000
07740822;1142550000000
07264696;1142895600000
07666251;1144015200000
07476299;1144360800000
07470349;1144706400000
07374686;1144706400000
07645386;1145224800000
07790001;1145224800000
07695595;1145916000000
07347918;1147298400000
07803253;1147384800000
07794572;1147989600000
07767170;1150408800000
07287745;1150668000000
07507273;1150754400000
07718033;1152655200000
07510658;1152741600000
07632974;1153260000000
07771567;1154988000000
07811420;1156111200000
07572353;1156284000000
07445199;1156888800000
07569122;1156975200000
07754900;1157493600000
07681643;1158876000000
07857945;1159394400000
07642393;1159999200000
07842321;1162249200000
07694432;1163458800000
07737318;1166050800000
07638059;1170370800000
07731854;1171494000000
07718039;1172444400000
07828939;1173654000000
07718040;1174604400000
07682491;1174860000000
07470350;1177020000000
07566351;1177020000000
07642388;1177624800000
07569146;1177624800000
07731847;1180044000000
07495990;1180908000000
07476323;1186092000000
07781626;1187647200000
07494584;1188165600000
07833409;1188424800000
07708956;1189116000000
07553995;1189461600000
07682821;1193698800000
07707830;1193698800000
07847140;1202857200000
07850826;1203289200000
07553396;1211234400000
07709135;1212703200000
07641771;1213653600000
07744761;1214517600000
07842121;1219788000000
07837768;1219788000000
07790132;1220392800000
07597785;1220479200000
07849921;1222725600000
07803283;1237244400000
07846304;1238364000000
07771569;1242770400000
