03964416;-140576400000
03885529;60994800000
03865306;79916400000
03865969;85014000000
03893506;85359600000
03945433;86828400000
03858802;86914800000
03862395;91234800000
03860063;92876400000
03863710;92876400000
03870228;95900400000
03889878;98665200000
03960205;99097200000
03890787;100998000000
03870052;102812400000
03971454;103503600000
03888412;103849200000
03861590;105145200000
03881402;105318000000
03937275;106786800000
03880230;107737200000
03873022;108860400000
03918637;112834800000
03913834;113698800000
03927831;114044400000
03998385;114044400000
03908901;114130800000
03905548;115254000000
03863621;115599600000
03886998;116118000000
04102327;117154800000
03868060;117241200000
03983930;117673200000
03877638;118623600000
03911999;120351600000
03889742;121993200000
03929305;123202800000
03897903;123375600000
03868494;123807600000
03870855;128127600000
03885736;128559600000
03890936;128559600000
03931851;128905200000
03948316;128905200000
03891817;128905200000
03894369;129510000000
03874361;129942000000
03987786;130978800000
03913835;131238000000
03949936;131583600000
03927299;132793200000
03935897;133052400000
03980071;133052400000
03921600;133138800000
03877443;133138800000
03902474;133398000000
03955555;133743600000
04211207;134089200000
03933004;136076400000
04093868;136422000000
03908900;136422000000
03916988;136594800000
03912163;136681200000
03913663;136767600000
03934799;137631600000
03889879;137631600000
03953110;138236400000
03877639;138582000000
03948312;139014000000
03933307;139705200000
03949732;140050800000
04003363;140050800000
04171621;140223600000
04021895;140310000000
03875996;140310000000
03908632;141260400000
03952724;141260400000
03894528;141346800000
03934556;142038000000
03949095;142642800000
03948246;143247600000
03918430;143247600000
03896992;143334000000
03951204;143679600000
03942719;143679600000
03926099;143852400000
03949522;144025200000
03929121;144543600000
03968836;144889200000
03958755;144889200000
03994435;146185200000
04063682;146962800000
03990636;147654000000
03942515;148086000000
03894345;148518000000
03954097;148518000000
03994281;148604400000
03921508;148863600000
04003365;149122800000
03958555;149122800000
03940058;150332400000
03994675;150332400000
03911894;150418800000
03966119;150678000000
03946720;151110000000
03946721;151110000000
03957109;152406000000
03934798;152492400000
03965972;152751600000
03991938;152751600000
03970247;153010800000
03974427;153010800000
04018380;153529200000
03958754;153702000000
03907199;153961200000
04004574;154134000000
04010895;154134000000
03915148;154306800000
03960135;154652400000
03989183;155343600000
04034736;155948400000
04015962;156726000000
04007776;156985200000
03997109;156985200000
03985117;157244400000
03986492;157849200000
04031952;158799600000
03999598;158886000000
04048981;159058800000
03937208;159404400000
03995809;159490800000
03941311;160009200000
04034802;160182000000
04036287;160182000000
03944136;160614000000
04002160;161391600000
03952723;161564400000
03960136;162082800000
04073283;162687600000
03986665;162774000000
03994276;163292400000
04103493;163292400000
04018381;163378800000
04022184;163638000000
04031916;163810800000
04008709;164242800000
03968833;164329200000
03991741;164502000000
04007875;165711600000
03999710;166057200000
04121566;166057200000
03986664;166316400000
03984050;166316400000
03977601;166662000000
04055163;166834800000
03971511;166834800000
03989189;166834800000
04013221;166921200000
04050626;167007600000
03919998;167439600000
03999709;168476400000
03989098;168476400000
03972317;169081200000
04066210;169772400000
04049045;169858800000
04037650;170031600000
03976243;171586800000
04034204;171846000000
04008705;172191600000
03966118;172278000000
04012191;172278000000
03989030;172710000000
03997108;172710000000
04055963;172882800000
04050443;173055600000
04049047;173401200000
04036288;174178800000
03981295;174610800000
03997002;174697200000
04138992;175129200000
04037583;175129200000
04034803;175388400000
04065053;175388400000
04007874;177202800000
04011989;177202800000
04037786;177289200000
03995804;177289200000
04020827;177721200000
04015585;177807600000
04006857;178844400000
04072142;178844400000
04078547;178844400000
04051831;178844400000
04044950;179362800000
04065170;179622000000
04016834;180572400000
04026269;180572400000
04098262;180918000000
04051891;181350000000
03995810;181522800000
04026348;181782000000
04040567;181954800000
04055279;182559600000
03993041;183250800000
04094299;183682800000
04050508;183682800000
04066062;183682800000
03996759;184201200000
04053732;184374000000
04002159;184546800000
03991937;184978800000
04029081;185151600000
04069973;185410800000
04120351;185410800000
03993244;185583600000
03996919;185756400000
04019680;186015600000
04061131;186015600000
04095087;186620400000
04059969;186620400000
04034911;186879600000
04088119;186879600000
03989032;187225200000
04003366;187484400000
04019679;187830000000
04065056;187830000000
04063547;187916400000
04004573;188521200000
04019495;189039600000
04114597;189212400000
03986666;189385200000
04054125;189385200000
04065938;189644400000
04151954;189903600000
04015586;190249200000
04050441;190249200000
04065055;190422000000
04105894;190422000000
04080957;190854000000
04041724;190940400000
04010735;191026800000
04018581;191113200000
04043318;191458800000
04024908;191718000000
04037779;191804400000
04037651;192322800000
04079724;192409200000
03996092;192409200000
04019681;192927600000
04034738;192927600000
04068652;193359600000
04049046;193359600000
04012920;193446000000
04056094;193878000000
04074705;193878000000
04096850;193964400000
04083360;194137200000
04044949;194137200000
04094167;194742000000
04134390;194742000000
04022378;194742000000
04091994;194742000000
04043316;194828400000
04060194;195087600000
04046133;195260400000
04079887;195260400000
04010734;195260400000
04057963;195346800000
04076013;195346800000
04055055;195433200000
04111259;195433200000
04094301;196038000000
04098327;196470000000
04066090;196642800000
04111185;196898400000
04038972;196898400000
04105822;197157600000
04072186;197503200000
04023555;197503200000
04069810;197762400000
04069811;197762400000
04112281;197762400000
04085999;197762400000
04109640;198108000000
04066118;198453600000
04031880;198712800000
04121568;198799200000
04062489;198885600000
04116219;198972000000
04080954;199058400000
04062349;199317600000
04078544;199317600000
04082143;199404000000
04086911;199490400000
04099516;199490400000
04090497;199490400000
04051834;199490400000
04083358;200527200000
04083673;200613600000
04134267;201132000000
04143816;201132000000
04025043;201218400000
04057189;201477600000
04072141;201477600000
04046320;201477600000
04103672;201477600000
04044820;201736800000
04087047;201909600000
04065054;202600800000
04132074;202687200000
04019677;202687200000
04090474;202687200000
04069593;202946400000
04109859;202946400000
04034912;202946400000
04077568;203205600000
04045179;203292000000
04078723;203551200000
04056313;203637600000
04098264;203724000000
04124062;203810400000
04139055;203810400000
04165037;204156000000
04076011;204156000000
04144873;204156000000
04125151;204415200000
04088117;204415200000
04061132;204501600000
04058107;205020000000
04071017;205020000000
04060072;205020000000
04058255;205106400000
04156455;205106400000
04027631;205452000000
04095584;206143200000
04084573;206229600000
04083359;206229600000
04086909;206229600000
04069809;206575200000
04155226;206834400000
04062346;207180000000
04067319;207180000000
04084745;207266400000
04073434;207439200000
04102328;207784800000
04077392;207784800000
04064867;207784800000
04055299;207957600000
04078549;208044000000
04051825;208130400000
04054416;208562400000
04092978;208562400000
04128096;208648800000
04082080;208735200000
04069972;208994400000
04112920;208994400000
04049407;209167200000
04083356;209253600000
04088115;209253600000
04050627;209340000000
04062347;209685600000
04071018;210204000000
04117883;210204000000
04106483;210204000000
04088120;210463200000
04123003;210549600000
04103735;210895200000
04143814;210981600000
04061129;211413600000
04052001;211586400000
04123219;211759200000
04153040;212018400000
04052587;212018400000
04143642;212364000000
04122830;212626800000
04090492;212626800000
04070870;213231600000
04060916;213231600000
04164933;213404400000
04076026;213922800000
04165732;214009200000
04159595;214009200000
04124018;214095600000
04168030;214786800000
04133574;215132400000
04150300;215650800000
04063545;215650800000
04053106;215737200000
04092979;215910000000
04135492;216255600000
04080221;216342000000
04091797;216428400000
04125107;216514800000
04127107;216860400000
04140173;217033200000
04108154;217465200000
04076025;217465200000
04150552;217810800000
04147302;218242800000
04103674;218329200000
04103673;218674800000
04105158;218761200000
04095585;219366000000
04108155;220143600000
04135491;220143600000
04137898;220143600000
04117829;221353200000
04138993;221698800000
04079885;221785200000
04090493;221785200000
04124179;222303600000
04116380;222303600000
04124178;222390000000
04147155;222476400000
04131158;222476400000
04120288;222649200000
04116224;222649200000
04126122;222908400000
04116167;222908400000
04079725;222908400000
04090494;222908400000
04103598;222908400000
04149521;222994800000
04169460;223081200000
04050628;223254000000
04106692;223254000000
04139321;223513200000
04131231;223599600000
04098260;224118000000
04153199;224377200000
04143643;224722800000
04054981;224982000000
04136823;224982000000
04143817;224982000000
04170984;224982000000
04079888;225414000000
04123883;225932400000
04122893;226537200000
04135665;226710000000
04120287;227314800000
04095369;227746800000
04095938;227746800000
04136672;228006000000
04102329;228006000000
04086072;228524400000
04089142;228524400000
04143640;228610800000
04121565;228952800000
04121567;228952800000
04103826;228952800000
04139152;229039200000
04136668;229298400000
04147301;229730400000
04120289;230335200000
04124177;230421600000
04125148;230508000000
04106693;230508000000
04150661;230767200000
04134448;230940000000
04120282;231026400000
04146221;231026400000
04134389;231372000000
04315597;231372000000
04093119;231976800000
04119084;232149600000
04108375;232322400000
04136669;232581600000
04119083;232581600000
04137965;232754400000
04171089;232840800000
04098263;233186400000
04099556;233186400000
04147157;233359200000
04172494;233359200000
04132263;233445600000
04132221;233445600000
04136824;233445600000
04171694;234136800000
04109858;234396000000
04129177;234396000000
04170879;234396000000
04144874;234741600000
04112919;235000800000
04100914;235000800000
04148436;235087200000
04125946;235087200000
04127926;235260000000
04158291;235605600000
04130110;235605600000
04146014;235951200000
04119085;236210400000
04134545;236383200000
04142679;236383200000
04091800;236469600000
04116379;236556000000
04182401;236556000000
04187982;236901600000
04138062;236901600000
04130105;236901600000
04114595;236988000000
04128124;237074400000
04119086;237074400000
04150788;237160800000
04142678;237420000000
04175699;237506400000
04156420;237592800000
04135571;237765600000
04160444;238370400000
04167965;238370400000
04138996;238888800000
04108376;239234400000
04143705;239234400000
04138985;240012000000
04203452;240012000000
04138061;240444000000
04155505;240444000000
04141337;240789600000
04133479;241048800000
04182489;241135200000
04136731;241394400000
04180234;241394400000
04165036;241653600000
04158386;241653600000
04164210;241740000000
04232820;241826400000
04133338;241912800000
04153104;242517600000
04151721;242604000000
04170261;242863200000
04150660;243122400000
04154222;243122400000
04149517;243208800000
04158439;243468000000
04189097;243640800000
04171773;244076400000
04180209;244249200000
04160524;244422000000
04232696;244681200000
04191243;245631600000
04170982;245890800000
04226363;246150000000
04129251;246150000000
04187543;246582000000
04164660;246582000000
04112921;246754800000
04171771;246841200000
04162670;247100400000
04153043;247100400000
04141498;247100400000
04116507;247705200000
04133150;248310000000
04146176;248310000000
04194489;248482800000
04189096;248655600000
04168737;248655600000
04129179;248914800000
04137900;249087600000
04158438;249087600000
04148296;249519600000
04149673;249519600000
04149520;249865200000
04171088;249865200000
04132218;250297200000
04200147;250470000000
04260335;250815600000
04147303;251420400000
04170507;252025200000
04179894;252111600000
04196854;252198000000
04243871;252630000000
04230267;252630000000
04190199;252889200000
04206874;253148400000
04154292;253321200000
04187687;253753200000
04219073;253753200000
04159017;253753200000
04175538;254358000000
04141490;254358000000
04195777;254962800000
04171772;255308400000
04176709;255567600000
04155344;255567600000
04154223;255567600000
04234037;256863600000
04231516;257122800000
04174749;257382000000
04165782;257468400000
04271897;257468400000
04127973;257468400000
04170259;257468400000
04167967;257554800000
04211364;258073200000
04191242;258073200000
04194688;258332400000
04211365;258850800000
04153105;259196400000
04143815;259196400000
04133299;259974000000
04176787;259974000000
04141222;259974000000
04145788;260060400000
04192455;260146800000
04168797;260146800000
04150787;260488800000
04163441;260575200000
04211187;261007200000
04214699;261007200000
04212348;261093600000
04176788;261180000000
04222435;261180000000
04249375;261698400000
04216759;262216800000
04242569;262216800000
04232732;262216800000
04232821;263080800000
04218607;263426400000
04163369;263685600000
04194558;263685600000
04172442;264031200000
04206742;264204000000
04227647;264636000000
04159802;264636000000
04223205;265327200000
04177925;267055200000
04155506;267055200000
04213563;268869600000
04196595;268956000000
04243062;269215200000
04171770;269474400000
04216903;269820000000
04302942;269820000000
04203487;270338400000
04178907;270338400000
04207865;270684000000
04240499;271029600000
04227569;271375200000
04317106;271634400000
04295606;271893600000
04192456;272498400000
04241784;272584800000
04264826;273189600000
04258880;273189600000
04192457;273276000000
04246956;273362400000
04273184;273794400000
04242950;273967200000
04206875;273967200000
04213745;274312800000
04251028;275522400000
04194488;275695200000
04314601;276303600000
04235369;276908400000
04209996;276994800000
04232211;277599600000
04248212;277599600000
04253426;277686000000
04215817;277945200000
04175698;278204400000
04257557;278290800000
04225176;278809200000
04256475;279932400000
04210102;280105200000
04254822;280969200000
04284129;281574000000
04274581;281746800000
04243177;281919600000
04202493;282178800000
04251029;282265200000
04505328;282351600000
04242872;282783600000
04217646;283042800000
04312476;283474800000
04275831;283474800000
04245476;284079600000
04257579;284857200000
04260103;285375600000
04232522;285548400000
04272016;285807600000
04314668;285894000000
04228785;286412400000
04300527;286412400000
04330084;286671600000
04295460;286758000000
04226364;287017200000
04248378;287103600000
04269263;288399600000
04263498;288831600000
04249594;289004400000
04282421;289436400000
04258615;289782000000
04235286;289782000000
04189881;290041200000
04275709;290300400000
04346696;290386800000
04274390;290646000000
04240404;291510000000
04217878;291510000000
04433810;291852000000
04309982;292543200000
04257556;292716000000
04232657;293320800000
04265220;293666400000
04279574;293666400000
04354548;293666400000
04301862;293666400000
04239486;294012000000
04277020;294271200000
04241874;294444000000
04280656;294616800000
04297987;295221600000
04294038;295653600000
04296883;295826400000
04256082;296344800000
04320739;296431200000
04263887;296863200000
04258878;297036000000
04284127;297036000000
04292814;298072800000
04280555;299109600000
04301788;299109600000
04265397;299368800000
04283919;299368800000
04274265;299368800000
04252271;299455200000
04293092;299973600000
04231352;299973600000
04248049;300319200000
04295520;300405600000
04290272;301096800000
04319125;301269600000
04308994;301528800000
04280330;301528800000
04270695;302133600000
04300720;302997600000
04276926;302997600000
04254821;303084000000
04240581;303084000000
04281789;303084000000
04254758;303688800000
04293094;303948000000
04270513;304120800000
04323109;304552800000
04294223;305244000000
04289195;305503200000
04277021;305503200000
04250866;305762400000
04356833;305762400000
04305354;306626400000
04265298;307317600000
04279381;307317600000
04269261;307317600000
04291834;307753200000
04259722;307926000000
04287872;307926000000
04325509;308271600000
04253427;308790000000
04291833;308790000000
04301965;308876400000
04293093;309654000000
04281519;309654000000
04308993;310258800000
04294309;310604400000
04295519;311295600000
04352349;311382000000
04337821;311986800000
04290551;312505200000
04243176;313023600000
04393858;313196400000
04269167;313369200000
04378908;313628400000
04276929;313628400000
04249695;313801200000
04293759;314406000000
04353348;314406000000
04304216;314492400000
04373665;314492400000
04298165;315183600000
04301662;316047600000
04334577;316393200000
04274477;316393200000
04336836;316825200000
04286613;316825200000
04344569;316911600000
04308990;316911600000
04300536;316998000000
04355752;316998000000
04305548;317257200000
04323192;317343600000
04296770;317862000000
04282241;317862000000
04338994;317862000000
04325355;317862000000
04275705;317862000000
04342359;317948400000
04314547;318466800000
04369917;318553200000
04355625;318639600000
04370949;318812400000
04387701;319071600000
04392359;319071600000
04410136;319158000000
04347972;319158000000
04352455;319849200000
04332236;320281200000
04346839;320281200000
04337894;320281200000
04349009;320886000000
04287723;320972400000
04344568;321490800000
04358652;322095600000
04309976;322095600000
04397418;322268400000
04438729;323305200000
04280481;323305200000
04409927;323305200000
04392610;323478000000
04344450;323992800000
04321962;323992800000
04365742;324511200000
04773589;324597600000
04336692;324684000000
04329021;324684000000
04329847;324856800000
04345897;325116000000
04330083;325375200000
04313561;325720800000
04320797;325893600000
04325353;326066400000
04278126;326325600000
04346686;326325600000
04347891;326412000000
04373506;326584800000
04321758;326671200000
04359187;326930400000
04407354;326930400000
04324184;327016800000
04322953;327189600000
04385726;327276000000
04321908;327276000000
04406322;327535200000
04355753;327621600000
04334518;328312800000
04369918;328312800000
04337388;328399200000
04318367;328485600000
04320738;328485600000
04261326;328744800000
04340174;328744800000
04333520;328831200000
04325426;329004000000
04418679;329004000000
04332290;329349600000
04352456;329349600000
04335850;329954400000
04312320;329954400000
04367631;329954400000
04337891;330040800000
04302406;330127200000
04371111;330645600000
04351475;330645600000
04304292;331164000000
04375831;331164000000
04370956;331250400000
04364514;331250400000
04314543;331423200000
04352391;331855200000
04346673;332373600000
04372409;333583200000
04324359;333583200000
04548355;333583200000
04350287;333669600000
04341346;333756000000
04315598;333842400000
04327761;334188000000
04356706;334274400000
04350288;334447200000
04319557;334533600000
04363353;334533600000
04303198;334792800000
04345715;334965600000
04403732;335397600000
04340112;335397600000
04358052;335484000000
04330309;336002400000
04313452;336002400000
04335849;336088800000
04368692;336261600000
04411384;336348000000
04331292;336348000000
04336792;336348000000
04419926;336693600000
04445583;336866400000
04360152;337212000000
04352454;337298400000
04357931;337471200000
04378087;337471200000
04356967;337816800000
04371779;338162400000
04360003;338680800000
04313562;339030000000
04356965;339202800000
04350024;340412400000
04342422;340498800000
04389980;340930800000
04363442;341017200000
04398081;341103600000
04401261;341103600000
04316251;341103600000
04386734;341190000000
04380153;341190000000
04341263;342054000000
04410135;342140400000
04406214;342140400000
04333606;342313200000
04356966;342313200000
04350289;342831600000
04325430;343263600000
04427056;343522800000
04337893;343522800000
04351476;343522800000
04387290;343609200000
04351161;343868400000
04372487;344041200000
04433557;344732400000
04394959;344818800000
04364512;345337200000
04326667;345942000000
04479484;346287600000
04384673;346460400000
04344567;347065200000
04391323;347670000000
04328683;348102000000
04386735;348447600000
04412526;348447600000
04364444;348447600000
04392609;348879600000
04427057;348966000000
04372372;349311600000
04438881;349398000000
04440343;349916400000
04592504;350002800000
04408567;350002800000
04403645;350175600000
04333524;350521200000
04371112;350694000000
04390125;350780400000
04699315;351212400000
04420032;351298800000
04385725;351471600000
04390124;351730800000
04343290;351990000000
04361170;351990000000
04412652;352076400000
04379447;352076400000
04452620;352335600000
04351276;352940400000
04397297;353113200000
04383642;353113200000
04373473;353545200000
04465154;353545200000
04408715;353631600000
04454861;353890800000
04532778;354236400000
04381480;354751200000
04440342;354924000000
04420114;354924000000
04424934;355356000000
04474325;355356000000
04418745;355528800000
04505327;355615200000
04363218;355701600000
04429830;356047200000
04366853;356220000000
04418743;356306400000
04479605;356824800000
04406402;357256800000
04450868;357429600000
04420034;357429600000
04401100;357775200000
04335848;357775200000
04416222;357861600000
04376510;357948000000
04410037;358034400000
04373343;358120800000
04337619;358120800000
04462542;358380000000
04415118;358466400000
04475343;358552800000
04361276;358639200000
04471907;358984800000
04391407;359244000000
04381819;359244000000
04479533;359762400000
04415018;360194400000
04406136;360367200000
04398663;360540000000
04384193;360885600000
04436079;361404000000
04401106;361404000000
04417618;361749600000
04383643;362008800000
04435959;362008800000
04440212;362008800000
04414464;362181600000
04373666;362354400000
04399805;362613600000
04413571;362613600000
04394960;362700000000
04456172;362786400000
04396060;363564000000
04473351;364428000000
04576333;365637600000
04423658;365724000000
04410134;366588000000
04411385;367020000000
04360036;367452000000
04477020;367624800000
04432493;367797600000
04456173;368229600000
04406137;368920800000
04440213;369007200000
04457326;369007200000
04417546;369266400000
04416254;369266400000
04373354;370479600000
04429679;370652400000
04388916;370738800000
04420677;370825200000
04461242;371775600000
04418866;372294000000
04396148;372639600000
04407449;373071600000
04416251;373244400000
04438340;373762800000
04416121;374886000000
04429829;375058800000
04432336;375318000000
04408278;375318000000
04420115;375404400000
04427150;375490800000
04503902;375663600000
04401101;375663600000
04493364;375922800000
04411252;376182000000
04422572;376268400000
04448347;376700400000
04381075;377391600000
04422573;377478000000
04887586;377737200000
04396002;378342000000
04476851;379206000000
04469118;379206000000
04498623;379897200000
04461345;380156400000
04446912;380156400000
04460006;380242800000
04515208;381020400000
04477021;381020400000
04417688;381366000000
04421159;381452400000
04484567;381625200000
04456055;381970800000
04463801;382316400000
04408714;382834800000
04516207;383353200000
04445567;383526000000
04750546;383785200000
04408716;383785200000
04414818;383871600000
04416418;384130800000
04844335;384562800000
04582042;384735600000
04403731;384735600000
04516721;385081200000
04556171;385167600000
04410131;385945200000
04467178;385945200000
04476921;386200800000
04403573;386200800000
04483388;386200800000
04474227;386200800000
04465123;386373600000
04541448;386892000000
04459815;386978400000
04482009;387151200000
04412529;387496800000
04527246;387583200000
04415119;388188000000
04444022;388274400000
04390037;388360800000
04412651;388620000000
04474018;389484000000
04459973;389916000000
04426037;390088800000
04480785;390434400000
04479606;390607200000
04437481;390693600000
04509588;390693600000
04497439;390780000000
04512387;391384800000
04470759;391903200000
04434934;392594400000
04572111;392853600000
04508132;394063200000
04476920;394408800000
04483310;394754400000
04448136;394754400000
04453669;395013600000
04455994;395013600000
04458498;396482400000
04504011;396741600000
04473109;397346400000
04519540;398037600000
04475530;398296800000
04509680;398383200000
04448348;398556000000
04492084;398642400000
04445636;399074400000
04429540;399506400000
04445639;399765600000
04456171;400284000000
04471754;400284000000
04466568;400456800000
04524910;400716000000
04508162;400888800000
04403644;401320800000
04445638;401320800000
04467958;401580000000
04462541;401666400000
04450829;402102000000
04527618;402102000000
04456456;402188400000
04421062;404002800000
04482092;404089200000
04454984;404953200000
04518847;405039600000
04502292;405126000000
04534321;405298800000
04510756;405558000000
04526319;405644400000
04467862;405903600000
04481788;408150000000
04444156;408236400000
04506521;408322800000
04501390;408754800000
04543468;408841200000
04798056;408841200000
04584987;409273200000
04497438;409446000000
04487364;409791600000
04537348;409878000000
04473060;410569200000
04449511;410655600000
04470542;411001200000
04454728;411087600000
04568264;411346800000
04456024;411606000000
04448037;411778800000
04432339;412210800000
04449572;412210800000
04481934;412988400000
04480591;412988400000
04537345;412988400000
04462385;414284400000
04542850;414716400000
04467781;414716400000
04466422;415494000000
04534507;415494000000
04434746;415580400000
04467959;416444400000
04520740;417049200000
04523714;417049200000
04470541;417823200000
04509503;418860000000
04489708;419032800000
04523633;419032800000
04518117;419464800000
04483479;419464800000
04553402;419551200000
04660543;420069600000
04520258;420156000000
04438777;420415200000
04523517;421624800000
04480786;421884000000
04509679;421884000000
04651681;422229600000
04595356;422488800000
04498622;422488800000
04501231;423352800000
04483277;423352800000
04462386;424648800000
04502392;424648800000
04488681;424908000000
04541561;425167200000
04484594;425253600000
04475687;425772000000
04513911;426204000000
04523438;426290400000
04527733;426463200000
04593176;426981600000
04584985;426981600000
04512288;427068000000
04492093;427586400000
04530658;427672800000
04508264;427672800000
04516720;428191200000
04523518;428536800000
04523716;428536800000
04608474;428623200000
04567351;428882400000
04711204;429141600000
04522253;429314400000
04823682;429487200000
04549692;429919200000
04573635;430005600000
04507936;430092000000
04679728;430524000000
04495935;430610400000
04538760;430610400000
04520836;430696800000
04529123;431301600000
04633908;431301600000
04477019;431647200000
04533081;431647200000
04507938;431820000000
04558571;432424800000
04559788;433378800000
04519772;433724400000
04501232;433983600000
04593853;434674800000
04509681;434674800000
04531379;434934000000
04550689;436402800000
04529120;436489200000
04536151;437180400000
04524909;437612400000
04576221;438217200000
04562890;438303600000
04562957;438303600000
04515307;440031600000
04467960;440204400000
04517810;440377200000
04537178;440377200000
04557220;441327600000
04588125;442191600000
04627483;442450800000
04627484;442450800000
04537117;442623600000
04540874;442796400000
04557321;443401200000
04529033;444006000000
04499365;444006000000
04558958;444524400000
04527548;445129200000
04538418;445734000000
04553697;446425200000
04516563;446425200000
04566628;447030000000
04496099;447289200000
04622947;448239600000
04836184;448585200000
04576122;448585200000
04580621;449186400000
04657180;449445600000
04623093;450050400000
04495899;450482400000
04489568;450655200000
04803846;450914400000
04519218;451173600000
04570850;451519200000
04575002;451519200000
04605232;451605600000
04562954;451692000000
04523605;451692000000
04522219;451692000000
04681153;451692000000
04562955;451778400000
04824014;451864800000
04535934;452728800000
04498624;452728800000
04575003;452988000000
04585054;453333600000
04559994;453592800000
04750472;454197600000
04564142;454888800000
04628696;455234400000
04545526;456703200000
04558689;456962400000
04682476;456962400000
04572430;457135200000
04646818;457221600000
04531671;457567200000
04537349;457826400000
04637349;458172000000
04646814;458258400000
04638853;459554400000
04567353;459986400000
04520769;459986400000
04535933;460245600000
04604974;460332000000
04517807;461282400000
04678118;461368800000
04541408;461800800000
04640262;461973600000
04662433;462578400000
04629117;463096800000
04706884;463701600000
04591153;463788000000
04733721;464392800000
04824363;464911200000
04580720;465170400000
04640232;465170400000
04717402;465433200000
04588124;465606000000
04611652;465692400000
04623092;465778800000
04676222;466210800000
04640340;466902000000
04549471;467247600000
04596284;467506800000
04591691;467852400000
04651923;468025200000
04599868;468457200000
04572429;468543600000
04611622;469148400000
04688717;469666800000
04561422;470358000000
04607791;471049200000
04646815;472086000000
04597376;472086000000
04590888;472172400000
04593852;472863600000
04542849;473295600000
04607169;473554800000
04608829;473641200000
04557248;473900400000
04718478;473900400000
04553401;474505200000
04593531;474591600000
04601426;475196400000
04611654;475282800000
04557249;475455600000
04802341;475714800000
04798327;475801200000
04562956;475801200000
04679730;475974000000
04561421;476060400000
04632306;476319600000
04611466;476319600000
04596209;477097200000
04576332;477615600000
04577800;477615600000
04949903;478220400000
04598669;478220400000
04580486;478479600000
04679615;478479600000
04667875;478479600000
04645125;478825200000
04662187;479343600000
04592412;479602800000
04587401;479948400000
04798240;479948400000
04676434;480121200000
04706883;480294000000
04613071;480553200000
04552305;480553200000
04633768;481154400000
04582252;481154400000
04653689;481327200000
04846617;481413600000
04625910;483055200000
04627412;483141600000
04612878;483141600000
04662562;483228000000
04884780;483314400000
04615483;484351200000
04625911;485128800000
04707995;486079200000
04575001;486165600000
04705214;486684000000
04646966;487288800000
04722197;487893600000
04613072;488412000000
04662561;488671200000
04615262;488757600000
04667876;489103200000
04638767;489621600000
04585165;489621600000
04714194;489880800000
04687133;489880800000
04686378;490226400000
04606399;490399200000
04637347;490485600000
04638943;490485600000
04640458;490485600000
04694658;490572000000
04613073;491522400000
04907738;491781600000
04685617;492127200000
04605163;492386400000
04688473;492645600000
04653729;493423200000
04669656;494114400000
04599992;494200800000
04775944;494546400000
04604991;494805600000
04605164;495756000000
04656877;495928800000
04742957;496015200000
04869070;496533600000
04751823;497055600000
04672990;497833200000
04649959;497833200000
04653287;498178800000
04718249;498697200000
04638828;498783600000
04653573;498956400000
04671459;500770800000
04620339;501116400000
04630771;501289200000
04665890;502326000000
04633820;502930800000
04606325;503622000000
04671252;503708400000
04718922;503881200000
04708287;503881200000
04629116;505695600000
04703889;506127600000
04747537;506646000000
04682549;506646000000
04705213;507164400000
04699317;508114800000
04712608;508114800000
04682581;508633200000
04682579;509324400000
04690203;509670000000
04683941;509670000000
04632180;510274800000
04628798;510274800000
04697065;510534000000
04811543;510879600000
04688718;511398000000
04696427;512089200000
04660761;513208800000
04814579;513208800000
04679729;514159200000
04638944;514418400000
04718601;514591200000
04782889;515628000000
04699091;515887200000
04712734;515887200000
04727854;515887200000
04726514;516492000000
04685616;516492000000
04776180;517096800000
04724898;517183200000
04730771;517528800000
04700886;517701600000
04691862;517788000000
04703888;518306400000
04759497;518306400000
04693417;518652000000
04657038;518652000000
04693416;518911200000
04728029;518997600000
04700888;519429600000
04691666;520034400000
04690324;520207200000
04697735;520207200000
04709855;520466400000
04699316;520639200000
04819587;521244000000
04669973;521244000000
04723533;521330400000
04712515;521416800000
04782888;522280800000
04768495;522367200000
04713525;522453600000
04651680;522453600000
04688547;522626400000
04733635;523058400000
04653465;523144800000
04819715;523490400000
04852638;524181600000
04681257;524181600000
04858825;524872800000
04715077;525477600000
04691687;525996000000
04779673;527205600000
04750673;527205600000
04813396;527724000000
04718401;527896800000
04718602;528332400000
04700889;529196400000
04664068;529282800000
04697434;529801200000
04867376;529887600000
04739746;530406000000
04873421;530751600000
04770134;531442800000
04695052;531961200000
04735130;532134000000
04784110;532306800000
04907739;532566000000
04781151;533170800000
04751873;533516400000
04860951;533775600000
04897798;534380400000
04718600;534380400000
04721066;534466800000
04702307;534553200000
04754607;534726000000
04852366;534985200000
04694891;535244400000
04744747;535676400000
04766951;535762800000
04871113;536194800000
04700887;536194800000
04791981;536799600000
04724798;537145200000
04830276;538095600000
04884744;538095600000
04690102;538095600000
04790477;538182000000
04735257;538700400000
04741477;538873200000
04773388;538959600000
04766878;539823600000
04754614;539823600000
04782815;540774000000
04730637;540774000000
04738394;540774000000
04789098;541206000000
04821792;541378800000
04749028;541378800000
04751910;541638000000
04791274;541810800000
04723705;541897200000
04741391;541983600000
04756475;542242800000
04781242;542242800000
04757718;543452400000
04757944;544312800000
04892830;544312800000
04829914;544312800000
04748968;545004000000
04809517;545263200000
04903615;545522400000
04773309;545608800000
04753217;546472800000
04794537;546645600000
04799621;546645600000
04764024;547077600000
04739926;547077600000
04756359;547077600000
04828170;547682400000
04759499;547855200000
04750672;548028000000
04709854;548287200000
04753178;548632800000
04805689;549064800000
04831827;549237600000
04844336;549237600000
04738396;549756000000
04864972;550101600000
04715192;550706400000
04779795;550792800000
04766925;550879200000
04874921;551052000000
04732319;551052000000
04841740;552175200000
04880051;552607200000
05098036;552866400000
04770341;553212000000
04898152;554076000000
04821682;554076000000
04885915;554335200000
04791887;554335200000
04873842;554421600000
04823770;554940000000
04798176;555026400000
04836445;555112800000
04768708;555199200000
04847468;556322400000
04790478;556495200000
04934924;556754400000
04753219;556840800000
04736730;556840800000
04865249;557100000000
04768707;557359200000
04735061;557532000000
04803958;558050400000
04921163;558050400000
04909045;558655200000
04919084;558741600000
04909312;558914400000
04817707;559173600000
04899809;559346400000
04821956;559868400000
04750671;560732400000
04840220;561596400000
04892476;561855600000
04828018;562201200000
04852797;562978800000
04927077;563497200000
04787365;563670000000
04915615;564015600000
04762170;564015600000
04823768;564274800000
04852798;564274800000
04850264;564793200000
04771942;565484400000
04836444;565830000000
04775102;566175600000
04836116;566694000000
04901919;566780400000
04862951;566780400000
04881610;567126000000
04773588;567644400000
04773391;568508400000
04763682;568940400000
04802529;569113200000
04966127;569545200000
04842046;569804400000
04842193;570063600000
04844334;570063600000
04834285;570063600000
04844150;570236400000
04915296;570409200000
04787210;571014000000
04893748;571273200000
04848655;571446000000
04873840;571532400000
04865120;572828400000
04901537;573087600000
04792091;573433200000
04844020;574383600000
04898325;574383600000
04830098;574470000000
04893749;574556400000
04884743;574902000000
04870253;575074800000
04863100;576108000000
04854381;576712800000
04852639;576885600000
04850310;576972000000
04815658;577058400000
04848277;577663200000
04880031;578095200000
04904846;578268000000
04865251;578268000000
04901788;578786400000
04843273;578872800000
04832259;579477600000
04815491;579736800000
04828171;579909600000
04892248;580082400000
04809727;580428000000
04815526;580600800000
04846258;581292000000
05016704;581292000000
04784173;581551200000
04877184;582760800000
04830275;583538400000
04953536;584229600000
04880157;584575200000
04874036;584834400000
04896831;584920800000
04834049;585266400000
05080166;585266400000
04921166;586130400000
04883226;586476000000
04907497;586648800000
04920276;586648800000
04940083;587253600000
04858518;587340000000
04964797;587340000000
04915297;587340000000
04867377;589586400000
05048752;589759200000
04892045;590882400000
04944453;590968800000
04896830;591490800000
04825847;591577200000
04852799;592182000000
04910969;593132400000
04896508;593218800000
04905894;593305200000
04953851;594860400000
04925093;595033200000
04918933;595465200000
04884556;595724400000
04898146;597366000000
05022459;597366000000
04872444;598230000000
04940082;598489200000
04905893;598748400000
05086626;598834800000
04860552;598834800000
04896829;599180400000
04936505;599266800000
04978064;599353200000
04852601;599785200000
05007583;599871600000
04958766;600303600000
04938172;601167600000
04925091;601513200000
04981263;601513200000
05012859;601513200000
04922861;601686000000
04941609;601858800000
04911359;602377200000
04946098;602982000000
04943003;603500400000
04932429;603586800000
04944454;604105200000
04936341;604191600000
05014911;604278000000
05064117;604710000000
05025985;604796400000
04940041;604882800000
04905895;604882800000
04976464;605487600000
04976463;605919600000
04883082;606952800000
05033450;607212000000
04942863;607816800000
04951871;608162400000
05029442;608248800000
05052282;608767200000
04920759;609544800000
04934451;609976800000
05072879;610581600000
05092518;610754400000
04967780;610927200000
04925092;611359200000
04967726;611964000000
05115116;612050400000
05039007;612136800000
05053978;612136800000
04993235;612655200000
04930540;612741600000
04946097;613173600000
04971245;613260000000
04984736;613346400000
04935599;613692000000
04972992;614815200000
04947656;615592800000
05031690;616975200000
04955930;616975200000
04974778;617234400000
05046481;617493600000
05025986;617839200000
04899931;618184800000
04981262;619048800000
05024379;619653600000
04996845;619912800000
04962884;620431200000
05133041;620949600000
05003788;620949600000
05014770;621122400000
05054542;621468000000
04947930;621468000000
04928667;621554400000
04995241;621640800000
05020721;622159200000
04928754;622159200000
04928752;622767600000
05115969;623372400000
04978291;623631600000
04974667;623977200000
04962883;624236400000
04993630;624495600000
05000259;624754800000
05093895;625100400000
04940182;625446000000
05016815;625446000000
05086022;625705200000
05060855;625791600000
05090896;625791600000
04982895;625791600000
04976309;626310000000
04962749;626914800000
05046663;627087600000
04951741;627087600000
05037292;627519600000
05007582;627692400000
05009220;627692400000
05088296;628210800000
04971136;628210800000
05118038;628729200000
05025130;629334000000
05014910;629334000000
05082175;629334000000
04949553;629938800000
05020320;630111600000
05040725;630111600000
05137213;630716400000
05074464;632012400000
05024377;632703600000
04978063;633740400000
04949779;633826800000
04989781;634258800000
05067330;634518000000
04972679;634518000000
04974664;634950000000
05004150;635468400000
05078317;635641200000
05050396;635727600000
05022231;635986800000
05012763;636073200000
05090617;636159600000
04979374;636246000000
05067652;636246000000
05050796;636332400000
05095936;637282800000
05172857;637542000000
05016705;637542000000
05054526;638060400000
05060601;638575200000
05123595;638661600000
04996950;639266400000
05121880;639266400000
05042431;639612000000
05012070;639698400000
05056713;640562400000
05018490;641080800000
05033673;641080800000
05078318;641080800000
05016609;641167200000
05048753;642722400000
05109807;642722400000
05042566;642981600000
05129578;643240800000
05052187;643500000000
05063513;645400800000
05085267;645660000000
05062473;645660000000
05123594;645919200000
05038751;646264800000
05170936;646264800000
05042570;646437600000
05119988;646524000000
05156204;647560800000
05056714;647820000000
05062352;648079200000
05106447;648165600000
05033451;648684000000
05121739;648684000000
05109755;648684000000
05044425;649375200000
05111875;649461600000
05050486;649548000000
05187349;651276000000
05070931;651880800000
05092521;652572000000
05392611;653090400000
05082174;653176800000
05118039;653263200000
05095715;653781600000
05195886;653868000000
05085269;656636400000
05203499;656722800000
05104037;656895600000
05149654;656895600000
05062280;657327600000
05086731;657759600000
05178324;658364400000
05123262;658450800000
05038850;658450800000
05184600;658450800000
05190096;660178800000
05088646;660265200000
05161739;660438000000
05097893;662338800000
05178323;662770800000
05244035;663807600000
05082176;664498800000
05218844;666226800000
05181553;667004400000
05216224;667090800000
05109677;667090800000
05094224;667522800000
05114071;668127600000
05106018;668818800000
05305823;669250800000
05078203;669337200000
05131458;669855600000
05076254;670028400000
05165250;670201200000
05190025;670456800000
05193138;671752800000
05230468;671925600000
05125572;672616800000
05221043;672876000000
05135046;673135200000
05076494;673480800000
05284204;673826400000
05232153;674431200000
05299278;674690400000
05203500;675640800000
05167677;675986400000
05224445;676245600000
05165597;676504800000
05188288;676504800000
05191874;676764000000
05101883;677973600000
05263892;678492000000
05165596;678664800000
05255338;679269600000
05224650;679615200000
05181655;681084000000
05085266;681516000000
05113892;682552800000
05192021;682812000000
05343935;684108000000
05139011;684712800000
05207075;685231200000
05239838;685231200000
05165595;686530800000
05137445;687135600000
05172753;687481200000
05190215;688777200000
05113891;688863600000
05170773;689554800000
05174365;689900400000
05240179;690764400000
05220937;691023600000
05205250;691974000000
05131589;692319600000
05174254;692492400000
05209401;692578800000
05195328;692578800000
05340020;692578800000
05181656;692838000000
05240406;693442800000
05287876;693442800000
05327737;693529200000
05127576;693702000000
05226595;693702000000
05257738;694825200000
05226593;694998000000
05169063;695343600000
05248084;695430000000
05205133;695516400000
05189887;695948400000
05162038;696466800000
05199486;696466800000
05431340;697935600000
05211334;698367600000
05222661;698454000000
05385299;699490800000
05333678;699836400000
05273210;700095600000
05388423;700700400000
05244037;701305200000
05273209;701305200000
05273105;701391600000
05226594;701906400000
05233969;702770400000
05183029;703202400000
05322217;704498400000
05253635;704498400000
05211333;705103200000
05226592;705535200000
05299554;705621600000
05341455;706140000000
05250261;706485600000
05192022;706831200000
05267552;707090400000
05219017;707954400000
05186237;707954400000
05291941;709250400000
05184773;709336800000
05294051;709423200000
05301873;709423200000
05292065;709855200000
05243826;709941600000
05307849;710546400000
05203498;711756000000
05249742;711928800000
05251816;712533600000
05235866;712965600000
05285047;713052000000
05248085;713138400000
05297729;714952800000
05271559;715471200000
05253805;715471200000
05294050;715557600000
05325821;715644000000
05370307;717199200000
05285962;720054000000
05230326;720140400000
05318100;721954800000
05337729;722041200000
05325912;722646000000
05344071;722646000000
05291960;723078000000
05299329;723423600000
05249956;723423600000
05253806;723769200000
05383247;724028400000
05340022;724546800000
05327744;724633200000
05467006;724892400000
05369597;724892400000
05501267;725497200000
05323844;725670000000
05320166;726274800000
05275012;726361200000
05261928;726966000000
05299631;728089200000
05385298;729298800000
05305954;729385200000
05403233;730335600000
05280852;730508400000
05265673;731026800000
05277365;731804400000
05287567;731890800000
05332028;731890800000
05381902;732495600000
05406934;732841200000
05351884;732927600000
05279459;732927600000
05305735;733356000000
05390660;734738400000
05460415;735516000000
05285963;736034400000
05697546;736120800000
05440486;738885600000
05293928;739144800000
05353986;740095200000
05517822;740095200000
05333679;740354400000
05312037;740613600000
05372185;741304800000
05347825;741564000000
05413279;741564000000
05405079;742082400000
05341843;742168800000
05363673;742428000000
05443207;742514400000
05361601;742687200000
05678759;743032800000
05407130;743119200000
05350114;743205600000
05435485;743637600000
05361865;743724000000
05358178;744242400000
05725048;745020000000
05429179;746056800000
05509604;746143200000
05433266;749257200000
05356337;749343600000
05678760;749430000000
05366152;749948400000
05367602;751158000000
05335607;751244400000
05505251;751503600000
05456409;751849200000
05445329;752886000000
05366150;753490800000
05454428;753922800000
05377661;755737200000
05469913;755737200000
05361751;755910000000
05366151;756946800000
05535944;757119600000
05454512;757551600000
05497941;760143600000
05566880;760316400000
05607013;760575600000
05367601;761353200000
05417368;762735600000
05522234;762735600000
05470019;763340400000
05366153;763858800000
05361795;764204400000
05480093;764463600000
05456408;765064800000
05447693;765064800000
05518449;765669600000
05545085;765669600000
05485879;765756000000
05418131;766188000000
05425503;766620000000
05509274;767311200000
05555850;768780000000
05423374;768780000000
05443208;769644000000
05501265;770335200000
05617504;770594400000
05392737;771199200000
05605642;771631200000
05553636;772063200000
05449113;772063200000
05433379;772149600000
05461876;772840800000
05579996;772927200000
05460328;773013600000
05586449;773100000000
05590832;774223200000
05479912;774655200000
05443206;774741600000
05524820;776556000000
05537956;776556000000
05635397;777333600000
05544645;777765600000
05573183;778888800000
05529112;780271200000
05494097;780620400000
05542603;780793200000
05695118;782002800000
05617994;782348400000
05531264;782521200000
05538472;783126000000
05547127;783298800000
05533669;783817200000
05538072;784249200000
05558273;784422000000
05560350;784422000000
05878810;785977200000
05643522;787186800000
05601142;787878000000
05531378;789260400000
05735338;792889200000
05586720;795913200000
05582238;797464800000
05556028;797637600000
05722588;797724000000
05549153;797810400000
05775583;798933600000
05622221;800661600000
05551384;801180000000
05647533;801180000000
05488968;801180000000
05903060;802303200000
05573184;803167200000
05653387;804376800000
05678761;804981600000
06152377;805327200000
05533568;805413600000
05957378;805932000000
05586721;806277600000
05653386;806882400000
05730356;807228000000
06062483;807400800000
05752655;807487200000
05577661;808956000000
05573182;809042400000
05605453;809388000000
05566881;809560800000
05588591;809820000000
05655710;809992800000
05564627;810856800000
05556027;811375200000
05647534;811720800000
05721804;813452400000
05593088;813711600000
05732764;813970800000
05865369;814402800000
05678420;814575600000
05727730;815180400000
05788149;815785200000
05671773;815871600000
05617995;816044400000
05799869;816822000000
06068046;816994800000
05743466;817686000000
05707227;817772400000
05901572;818290800000
05572985;818722800000
05727396;818982000000
05538031;819932400000
05687790;819932400000
05619935;821314800000
05683031;821314800000
05643482;821746800000
05584269;822092400000
05799867;823734000000
05632442;823734000000
05792427;823820400000
05681492;824511600000
05915619;825634800000
05699960;825634800000
05752654;825894000000
05730089;826153200000
05788150;827103600000
05899262;827449200000
05667710;827794800000
05699851;829778400000
05840248;829864800000
05622311;830210400000
05701949;830296800000
05816496;830383200000
05669228;830469600000
05664730;830728800000
05669555;831333600000
05718375;831679200000
05749516;833752800000
05632443;834530400000
05730168;834703200000
05653904;835048800000
05979781;835221600000
05788148;835912800000
05692390;835999200000
05832639;836172000000
05711368;836344800000
05816494;836517600000
05762266;836776800000
05845485;837468000000
06123147;837640800000
05718374;838072800000
05704219;838591200000
05878806;838591200000
05878950;838591200000
06035932;838764000000
05921467;839196000000
05738277;839800800000
05762267;840405600000
05730355;841096800000
05707006;841096800000
05692676;841183200000
05847266;842565600000
05799723;843084000000
06910526;843084000000
05819843;843084000000
05772113;843170400000
05775581;843516000000
06024291;843602400000
05881763;843688800000
05836380;843775200000
05687908;843861600000
05810246;844120800000
05704545;844639200000
05707007;844812000000
06311764;844984800000
06308770;844984800000
05582236;845676000000
05735238;845848800000
05738506;845848800000
05950711;845935200000
05794575;846021600000
05983990;846716400000
06109339;847407600000
05743467;847753200000
05692535;849567600000
05765511;849567600000
05788152;849654000000
06145754;850258800000
06213198;850258800000
05871151;850345200000
05831514;850431600000
05740681;850950000000
05775407;850950000000
06152217;851295600000
05983146;851295600000
05697551;851295600000
05702055;851986800000
05660329;851986800000
05758820;853455600000
05947373;855097200000
05732880;855183600000
05707008;855702000000
05711258;855788400000
05779143;855788400000
05855319;856306800000
05727731;856998000000
05860595;857084400000
05775582;857516400000
05875740;857602800000
06030504;858639600000
06032868;859158000000
05755380;859417200000
05884697;859417200000
06212894;859503600000
05806763;859503600000
06138662;859503600000
06032869;859932000000
05829675;860364000000
06082316;860450400000
05927381;860536800000
05794845;860709600000
05894988;861141600000
05855320;861228000000
05950720;861573600000
05796332;861832800000
05927269;862178400000
05879491;862956000000
05769316;863474400000
05934360;863733600000
05911361;864165600000
05931381;864338400000
05884839;864338400000
05887785;864684000000
05839656;864943200000
06042016;865288800000
05947107;865375200000
05947375;865461600000
05984198;865807200000
05988156;866066400000
05947717;866412000000
05887582;866584800000
05906055;866584800000
05881682;867103200000
05836270;867708000000
05839655;867708000000
06176306;867708000000
05791558;867794400000
05816495;868831200000
06109534;869090400000
05931380;869522400000
05970972;869522400000
05947108;869781600000
05755379;870040800000
05975421;870213600000
05871033;871941600000
05887559;871941600000
06027032;872028000000
06010076;872546400000
05881953;872632800000
05906177;872719200000
05894834;873410400000
05938114;873410400000
05887786;873669600000
05829677;874274400000
06138919;874620000000
05954120;874879200000
06079218;874965600000
05938115;875052000000
06018138;875138400000
06034352;875484000000
05957121;875484000000
05957377;875570400000
05906104;875570400000
06014966;875570400000
05971289;875656800000
06352102;876088800000
06016967;876088800000
05842635;876088800000
05964402;876175200000
05788151;876175200000
06164367;876261600000
05893407;876348000000
05955006;876434400000
05900178;876780000000
05954266;877384800000
05908069;877644000000
06053416;878079600000
06006997;878079600000
06105666;878166000000
06422308;878252400000
05842636;878511600000
05938429;878684400000
06206092;878857200000
06604576;879289200000
05829676;879289200000
05950575;879462000000
05871149;880326000000
05934013;880412400000
06024292;880498800000
05995889;880498800000
05915620;880930800000
05871150;881103600000
05966954;881103600000
06116329;881535600000
06073407;882226800000
05897056;882486000000
05993312;882745200000
05941089;883436400000
06047695;884214000000
05918805;884732400000
06058928;884732400000
05967411;885510000000
05884587;885510000000
05964215;885855600000
06116514;886633200000
05988264;887151600000
05875741;888274800000
05918668;888274800000
05947376;888361200000
06092734;888793200000
06115657;888879600000
06021752;889138800000
05931379;889743600000
05950752;890002800000
06006998;890002800000
05992507;890348400000
06098894;890348400000
05887551;890607600000
05878951;890607600000
06607029;890780400000
06029367;891295200000
06240718;891468000000
06568468;891900000000
05901780;891986400000
06129523;892072800000
05946927;892504800000
05913306;892591200000
06109532;892591200000
05875742;893023200000
06062485;893196000000
06341648;893196000000
06076593;893800800000
05947374;893800800000
05971290;893887200000
06053418;893887200000
05983989;893887200000
06073858;895701600000
05921100;896392800000
05881712;896824800000
05941204;898034400000
05979782;898120800000
05971292;898120800000
05946929;898812000000
06126081;899071200000
05906109;899416800000
06129167;899848800000
06059018;900280800000
05881952;900367200000
06971440;901231200000
06131652;901490400000
06102297;901663200000
06123267;901836000000
05971291;902181600000
06039264;902268000000
06073690;902354400000
05983987;902440800000
06106282;903909600000
06059197;904687200000
06047666;904860000000
06073857;905724000000
06019163;905724000000
06041820;905896800000
06059198;905983200000
06021957;906415200000
06109533;906588000000
06102114;907020000000
06135201;907624800000
06003596;908143200000
06138749;908143200000
06119951;908229600000
06386279;908229600000
06269872;908316000000
06078107;908488800000
06330980;910047600000
06089465;910652400000
05941220;910825200000
06206084;911948400000
05993191;911948400000
06042017;911948400000
06131645;912466800000
06347527;912553200000
06142728;913071600000
06213406;913071600000
06071071;913158000000
06082625;913590000000
06233951;913849200000
06085985;914799600000
06039007;915404400000
05975422;916009200000
06312886;916268400000
06109346;916700400000
06220521;916873200000
06037567;916959600000
06257230;916959600000
06164553;917305200000
06422309;917564400000
06994157;918082800000
05979075;918428400000
06244232;918774000000
06244335;919206000000
06186885;919292400000
06105667;920329200000
06216957;920329200000
06155296;920415600000
06047896;920502000000
06220522;920847600000
06158665;921193200000
06021843;921452400000
06168086;922057200000
06543531;922658400000
06484755;922831200000
06598665;922831200000
06126082;923263200000
06260766;923263200000
06117687;923263200000
06129287;923349600000
06082626;923522400000
06823935;923868000000
06488077;923868000000
06202935;923954400000
06463999;924213600000
06177271;924472800000
06148910;924559200000
06289685;924732000000
06305462;925250400000
06164554;925423200000
06227453;925509600000
06270016;926028000000
06189801;926632800000
06186883;926892000000
06622787;926892000000
06679320;927669600000
06133548;927669600000
06032723;927669600000
06092592;927756000000
06079629;928274400000
06206296;928447200000
06171185;928447200000
06095235;928447200000
06250561;928706400000
06055848;928879200000
06209795;929656800000
06116513;929656800000
06299071;929743200000
06182903;930520800000
06039006;930693600000
06040561;930693600000
06131536;930693600000
06089221;930866400000
06196246;931384800000
06220523;933631200000
06789607;934408800000
06149066;934840800000
06237855;935618400000
06169344;936136800000
06224478;936136800000
06158231;937260000000
06049997;937519200000
06175782;937864800000
06304803;937951200000
06360958;938124000000
06255103;938469600000
06138920;938988000000
06232679;939074400000
06557774;939679200000
06533184;940197600000
06305612;940197600000
06253841;940197600000
06276872;940543200000
06101984;941061600000
06254474;941756400000
06354511;942102000000
06883590;943225200000
06371202;943311600000
06364212;943570800000
06332580;943916400000
06161768;944607600000
06325297;945126000000
06945770;945212400000
06105876;945644400000
06460607;945644400000
06419006;945730800000
06220520;945903600000
06260608;947804400000
06601639;948322800000
06234400;948927600000
06227452;949100400000
06352208;949446000000
06464027;949446000000
06321997;949446000000
06557772;950482800000
06276148;950655600000
06209796;951433200000
06330910;951433200000
06341814;951692400000
06321996;951692400000
06415866;952383600000
06390381;953506800000
06270015;953766000000
06290142;953766000000
06598671;953852400000
07641852;954972000000
06367703;955058400000
06254011;955317600000
06543698;955317600000
06448535;955404000000
06383672;955404000000
06471137;955490400000
06328220;955490400000
06530426;955490400000
06378777;956872800000
06761210;957132000000
06464715;957132000000
06405793;957304800000
06352106;957391200000
06684944;958341600000
06439296;958341600000
06453993;958514400000
06467537;958514400000
06409090;958600800000
06308896;958687200000
06397942;959119200000
06550688;959724000000
06364010;959896800000
06533025;960156000000
06227451;960242400000
06375087;960933600000
06213405;961365600000
06308895;961624800000
06540150;961711200000
06471136;961970400000
06439469;963784800000
06695046;965080800000
06488214;965599200000
06357246;965772000000
06227194;965858400000
06283382;966290400000
06325298;967672800000
06332330;968623200000
06431457;968796000000
06565012;968882400000
06382518;971128800000
06425818;971128800000
06367260;972424800000
06435420;972424800000
06547153;972511200000
06607142;973119600000
06446877;973638000000
06463998;974156400000
06973959;974761200000
06581678;974761200000
06405688;975279600000
06702008;975366000000
06481636;975538800000
06330979;975884400000
06981545;976143600000
06536678;976834800000
06813631;976834800000
06647302;976834800000
06474561;976921200000
06679433;977094000000
06386965;977266800000
06595276;977353200000
06371381;978908400000
06588495;979254000000
06422477;979599600000
06427770;979599600000
06467698;979686000000
06575233;980377200000
06347748;980463600000
06435419;981068400000
06564567;981414000000
06622929;982018800000
06843312;982191600000
06474406;983142000000
06593131;983142000000
06431124;983314800000
06454180;983401200000
06892808;983833200000
07182129;984351600000
06810952;984351600000
06834709;985557600000
06550687;986508000000
06345770;987112800000
06427474;987112800000
06345769;987458400000
06742516;987458400000
06364213;987544800000
06427924;988236000000
06715540;988322400000
06431461;988581600000
06389772;988840800000
06578830;989359200000
07255287;989532000000
06775999;990482400000
06938828;990568800000
06626234;991346400000
06729390;991346400000
06922963;991692000000
06659167;991778400000
06536677;991951200000
06789617;992383200000
06450414;992383200000
06662864;992556000000
06526921;992815200000
06695037;992901600000
06394361;993420000000
06892807;994024800000
07267866;994370400000
07036746;995234400000
06533185;995320800000
06607141;996098400000
06470837;996184800000
06536458;997826400000
06415986;998344800000
06769476;1000850400000
06725679;1000936800000
06508409;1001282400000
06724983;1001628000000
06405933;1002146400000
06739517;1003096800000
06546898;1003183200000
06431459;1003356000000
06595433;1004047200000
06769481;1004047200000
06799727;1004655600000
06547152;1004914800000
06638031;1005001200000
06533186;1005865200000
06454179;1005865200000
06701795;1005865200000
06427923;1005865200000
07021552;1006124400000
06745829;1006988400000
06612504;1007334000000
06431460;1007938800000
06489598;1007938800000
06743012;1008802800000
06889911;1008889200000
06572026;1008889200000
06754541;1008889200000
06874575;1008889200000
06616059;1010098800000
06536679;1010530800000
06749014;1010703600000
06622930;1011826800000
06578771;1012172400000
06560978;1012258800000
06663011;1012431600000
07028913;1013382000000
06776222;1013468400000
06557773;1013554800000
06601773;1013641200000
06694175;1014073200000
06595432;1014159600000
06827141;1014246000000
06712282;1014505200000
06640889;1015196400000
06991027;1015282800000
06572370;1015455600000
06540151;1015887600000
06691925;1016060400000
06536680;1016406000000
06920921;1016406000000
06739097;1016406000000
06705287;1016665200000
06779737;1017356400000
06736190;1017698400000
06715691;1017871200000
06616060;1018821600000
06484951;1018821600000
07216698;1019167200000
06676028;1019512800000
07028915;1019858400000
06736327;1021413600000
06702189;1021586400000
06977591;1022623200000
06732941;1023228000000
06805298;1024005600000
06834710;1024264800000
06793147;1024351200000
07051947;1024437600000
06708083;1024437600000
06527548;1024524000000
06959561;1024610400000
06726114;1024610400000
06702190;1024869600000
06619557;1024956000000
06880620;1024956000000
06772722;1026684000000
06766962;1026684000000
07066729;1027893600000
06735969;1028152800000
06729151;1028239200000
06644398;1028498400000
06591901;1028584800000
06679432;1028757600000
06959754;1029276000000
06929190;1029362400000
06612267;1029794400000
06695743;1030399200000
06609664;1030399200000
07140427;1030399200000
06772045;1030658400000
06698223;1030658400000
06648236;1030658400000
07100675;1030658400000
06691526;1031176800000
07011179;1031176800000
06932151;1031176800000
06896191;1031176800000
06702191;1031176800000
06679434;1031608800000
06808018;1031868000000
06837307;1032300000000
06575379;1032386400000
06792898;1032386400000
06640570;1032818400000
07255152;1032991200000
06712027;1032991200000
06981651;1034114400000
06758260;1034632800000
06598599;1035932400000
07028767;1036450800000
07228695;1036969200000
06595431;1037228400000
06880762;1037401200000
06732942;1037660400000
06644559;1037660400000
06926077;1038351600000
07481650;1038351600000
06776227;1038524400000
06823820;1038870000000
06874695;1038870000000
06852361;1039129200000
06736329;1039388400000
07240721;1039388400000
06668572;1039561200000
07155922;1039647600000
06945324;1040079600000
07021554;1040166000000
06874693;1040338800000
06775981;1040598000000
06860430;1040684400000
06676027;1041202800000
06935361;1041289200000
06908039;1041980400000
06712283;1041980400000
06811395;1042066800000
06726115;1042412400000
06983890;1043103600000
06886626;1043103600000
06883467;1043190000000
07286058;1043190000000
06902391;1043276400000
06837443;1044399600000
06820818;1045609200000
06913067;1045695600000
06729551;1046041200000
06659361;1046300400000
06786422;1046386800000
07007856;1046732400000
06669102;1046818800000
06808119;1046818800000
07207379;1046905200000
06926206;1047596400000
06666681;1048546800000
06843425;1048719600000
06679771;1049148000000
06843426;1049148000000
06749008;1049925600000
06877670;1050357600000
06877550;1050530400000
07284710;1050962400000
06920922;1051135200000
06935421;1051135200000
06769623;1051480800000
06705535;1051567200000
06981649;1051653600000
06957696;1051653600000
06938677;1051826400000
07380728;1052258400000
06857578;1052949600000
06722576;1053554400000
07484557;1053900000000
07546868;1053900000000
07059536;1053986400000
06938581;1054245600000
06732940;1054504800000
07530390;1054504800000
07241616;1055196000000
07090142;1055887200000
07032333;1055887200000
06920914;1055973600000
07434746;1056060000000
07658005;1056319200000
06915959;1056578400000
07048200;1056664800000
07669647;1057010400000
06739868;1057183200000
06918543;1057356000000
06889910;1057528800000
06910448;1057528800000
07007858;1058133600000
06786816;1058479200000
06792201;1058824800000
06926207;1058997600000
06994268;1059948000000
07077741;1060120800000
07789318;1060552800000
RE039625;1060898400000
06905076;1061244000000
06761135;1061935200000
07066239;1062108000000
07021553;1062453600000
06913458;1062453600000
07240725;1063144800000
06871790;1064008800000
06772712;1064872800000
07040545;1066168800000
07004245;1066168800000
06905072;1066341600000
07044399;1067986800000
07335016;1067986800000
07299638;1068073200000
07040544;1068159600000
07264864;1068418800000
06971585;1068678000000
07810740;1069110000000
06758740;1069282800000
07191825;1069282800000
06834714;1069369200000
06962150;1069714800000
07216654;1069801200000
07024877;1070233200000
06959669;1070406000000
06955303;1070578800000
06935567;1070838000000
07287581;1071702000000
06848726;1071788400000
07070119;1072825200000
07162884;1072998000000
07017528;1073430000000
07089885;1073430000000
07063137;1073516400000
07380588;1073862000000
07055590;1074034800000
07216812;1074207600000
06990830;1074207600000
07048036;1074639600000
07174735;1074726000000
07416137;1074726000000
07147071;1075849200000
07191826;1076626800000
07823798;1077058800000
07346440;1077577200000
07048044;1078786800000
07083110;1078873200000
07735744;1078959600000
06962195;1078959600000
07506386;1079478000000
06859687;1079478000000
07069736;1079564400000
07017828;1080082800000
07819334;1080169200000
07229278;1080597600000
07377309;1081116000000
07328852;1081202400000
07191610;1081375200000
07163456;1081461600000
07111623;1081807200000
07284709;1083016800000
07000847;1083189600000
07191789;1083276000000
07007857;1083794400000
06874694;1083794400000
07222801;1084140000000
07287582;1084917600000
07520445;1085176800000
07387262;1085695200000
07794314;1086645600000
07185610;1087250400000
07334740;1087250400000
07055760;1087336800000
07137445;1087336800000
07059537;1087768800000
07318553;1088719200000
07228886;1088719200000
07025026;1089064800000
07422050;1090360800000
07044398;1090792800000
07021073;1090965600000
07421984;1091224800000
07021372;1091484000000
07637232;1091743200000
07281971;1094508000000
06945323;1094594400000
07032544;1095631200000
07442123;1095804000000
07434611;1095890400000
07189158;1096408800000
06932148;1096581600000
07066396;1097186400000
07523873;1099522800000
07527091;1101682800000
07766247;1101682800000
07037187;1102978800000
07056173;1103583600000
07060936;1104793200000
07176805;1104966000000
07600696;1104966000000
07022008;1104966000000
07600695;1106521200000
07180105;1107817200000
07028643;1107990000000
07322532;1108335600000
07017659;1108508400000
07520320;1108508400000
07401742;1109026800000
07296426;1109113200000
07225995;1109545200000
07069880;1110150000000
07048201;1110150000000
07293606;1110322800000
07416138;1112220000000
07234646;1112565600000
07487821;1112911200000
07401743;1114380000000
07162987;1117058400000
07410104;1117576800000
07069983;1117749600000
07540321;1118095200000
07055591;1118959200000
07533637;1119909600000
07284595;1119909600000
07478670;1120168800000
07398778;1120514400000
07013842;1122242400000
07410415;1124229600000
07793856;1124920800000
07275586;1125266400000
07575178;1125957600000
07775448;1126648800000
07669775;1127340000000
07516905;1127772000000
07156055;1128981600000
07640967;1129068000000
07275698;1129068000000
07316205;1130191200000
07316204;1130191200000
07222667;1130277600000
07591434;1130364000000
07278379;1131922800000
07314039;1133218800000
07806345;1134342000000
07654312;1134514800000
07854229;1136329200000
07597552;1136934000000
07509927;1138143600000
07726391;1138316400000
07441986;1138575600000
07210522;1142377200000
07735458;1145311200000
07575001;1146780000000
07628337;1149717600000
07644686;1153260000000
07307245;1153432800000
07806346;1153864800000
07503184;1155247200000
07415942;1155506400000
07730863;1156197600000
07700250;1156888800000
07686146;1159308000000
07331383;1163977200000
07762216;1164582000000
07658335;1169766000000
07506851;1170370800000
07395787;1171321200000
07857041;1172617200000
07506617;1173394800000
07650927;1173999600000
07793711;1174431600000
07597066;1174604400000
07775263;1176156000000
07810456;1176156000000
07665459;1176847200000
07762280;1177020000000
07614367;1179093600000
07726266;1180044000000
07735459;1181858400000
07814869;1184191200000
07628123;1185228000000
07806172;1185400800000
07521697;1186437600000
07644730;1193612400000
07621295;1193612400000
07614368;1196636400000
07823799;1198710000000
07818095;1200265200000
07833602;1201129200000
07661469;1209333600000
07854139;1216072800000
07667305;1220997600000
07779900;1244412000000
07857002;1259708400000
