03864464;-155523600000
03883145;-70419600000
03915905;-50720400000
03957729;-33872400000
03992014;-6138000000
03862251;3538800000
04034000;15634800000
03875106;26089200000
03886683;28508400000
03936414;29113200000
03928283;37321200000
04121025;48812400000
03864293;51836400000
04038099;52354800000
03890330;53305200000
04006187;55551600000
03904560;56070000000
03860652;57538800000
03860556;57798000000
03953394;59007600000
04056499;60994800000
03859366;62290800000
03925269;62722800000
03875254;62809200000
04029701;70758000000
04031258;70758000000
03878169;72399600000
03862110;72572400000
03911581;73004400000
04056269;73782000000
03880952;75682800000
03876608;75682800000
03883611;77410800000
03879347;77842800000
03935141;78534000000
03861946;80521200000
03867324;81126000000
03923740;81385200000
03882069;83199600000
03937725;83199600000
03940146;83199600000
04266772;83804400000
04009313;83977200000
03864317;83977200000
03903037;84063600000
03865767;85186800000
03904612;85791600000
03955022;88038000000
03887646;89247600000
03903059;89247600000
03932524;89420400000
03950313;89852400000
03882154;90111600000
04031048;90457200000
03879372;90630000000
04001939;91062000000
03867364;91926000000
03869421;92876400000
04025580;93481200000
03966835;93826800000
03979126;95468400000
03879353;95900400000
03901715;96246000000
03928302;97369200000
03971761;97974000000
03971762;97974000000
03971763;97974000000
03971759;97974000000
03953501;98060400000
03867478;99183600000
03900533;100134000000
04072810;101084400000
03907726;101343600000
04220569;101602800000
04157947;101602800000
04121026;101689200000
03959245;102034800000
03895000;102726000000
03945836;102812400000
03917545;102812400000
03907764;103158000000
03860538;103158000000
03859337;103330800000
03867336;103503600000
03875127;103503600000
03889039;104626800000
03876598;105577200000
04081498;105750000000
03917642;105922800000
03969467;106182000000
03954894;106527600000
03880743;106786800000
03933689;106959600000
03897387;106959600000
04041107;107478000000
03880976;107564400000
03867465;107996400000
04086198;108255600000
03915777;108342000000
03965202;109378800000
03865886;109378800000
03872177;109465200000
03888804;109465200000
03956233;110070000000
03915938;110156400000
03879346;111020400000
03867355;111970800000
03899563;112230000000
03935072;112921200000
03859339;113007600000
03975455;113180400000
03869347;113698800000
03859256;114044400000
03912791;114649200000
03959324;114649200000
04035343;114908400000
03983182;114908400000
03893964;114994800000
03899619;114994800000
03975325;115254000000
03876575;115599600000
03882058;116809200000
03928298;116809200000
03884970;117241200000
03909468;117327600000
03963803;117673200000
03923728;117673200000
03890266;117846000000
03979368;118018800000
03943191;118278000000
03873504;118450800000
03916016;118623600000
03962347;119574000000
03941823;119746800000
03903024;119833200000
03941759;120178800000
03969434;120697200000
03891696;121042800000
03966701;121474800000
03865796;121474800000
03886089;122079600000
03958041;122511600000
03914513;122598000000
03961117;122684400000
03911037;122684400000
03903168;122857200000
03859246;123462000000
03875257;123462000000
03903034;123721200000
03956243;124066800000
03971754;124326000000
03936887;124326000000
03893992;124498800000
03952347;124585200000
03873477;124930800000
03959404;125017200000
03880947;125017200000
03880946;125017200000
04091049;125017200000
04091048;125017200000
03914333;125103600000
03888943;125103600000
03951900;125708400000
03880785;125794800000
03878147;125794800000
03878253;125881200000
03956424;125881200000
03903184;126745200000
03931076;126918000000
03947421;127609200000
03957905;127609200000
03870590;127954800000
03912845;127954800000
03925275;128041200000
03962168;128214000000
03970635;128559600000
03912758;128559600000
04014955;129423600000
03912688;129855600000
03896585;130028400000
03873491;130028400000
03896185;130460400000
03933779;130633200000
03894077;130978800000
03882080;131065200000
03904557;131065200000
03908051;131238000000
03873327;131238000000
03928268;131583600000
03919345;131583600000
03887512;131842800000
03903199;131842800000
03903200;131842800000
03989531;132274800000
03975327;132793200000
03960790;133398000000
03984373;133570800000
03978035;133570800000
03893980;133743600000
03862920;133743600000
03902484;134348400000
03932545;134607600000
03897384;134607600000
03909497;134953200000
03957913;134953200000
03985817;135212400000
03950446;135212400000
03984608;135385200000
03952035;135558000000
03955987;135558000000
03879351;135558000000
04097451;135990000000
03965052;135990000000
03906057;136422000000
03906058;136422000000
03907931;136422000000
03907929;136422000000
03951905;136508400000
03925310;136767600000
03951908;137199600000
03933733;137286000000
03889036;137286000000
03993607;137286000000
03997515;137372400000
03975321;137631600000
03962176;137890800000
04035542;137890800000
03899618;138236400000
03966845;138409200000
04012558;138409200000
04056665;138582000000
03937756;138582000000
03943089;138582000000
03979341;138927600000
03953540;138927600000
03897378;139014000000
03928266;139014000000
03915911;139446000000
03935150;139532400000
03896086;139618800000
03920596;140223600000
03923708;140223600000
03966682;140396400000
03920616;140828400000
04035441;141260400000
03887523;141260400000
03928695;141606000000
03920594;141951600000
04017469;141951600000
03903064;142038000000
03936400;142210800000
03891718;142210800000
03909485;142642800000
03962267;142729200000
03981832;142815600000
03932319;143074800000
03923729;143074800000
03901838;143074800000
03919163;143074800000
03929741;143161200000
03956229;143161200000
03955028;143334000000
03903029;143679600000
03943198;143679600000
03915926;143766000000
03933697;144370800000
03950301;144543600000
03939122;144543600000
03966683;144543600000
03887638;144889200000
03888944;144889200000
03962185;145062000000
03971756;145234800000
03989812;145234800000
03991008;145494000000
03904579;145666800000
04016124;145753200000
04018728;146185200000
03949016;146358000000
03961110;146358000000
03935158;146444400000
03975367;147049200000
03952017;147049200000
03963790;147394800000
04049618;147567600000
03939107;147654000000
03910867;147654000000
03939139;147913200000
04012343;147913200000
03941752;148258800000
04020557;148690800000
03939118;149209200000
03953650;149727600000
04119616;149727600000
03943194;149814000000
03951884;149986800000
04022849;150332400000
03933706;150418800000
03974238;150678000000
04110184;150678000000
03962170;151110000000
04000120;151801200000
03976621;151801200000
03983308;151801200000
03992487;151887600000
03950288;152233200000
03965064;152233200000
04014829;152319600000
03923705;152319600000
03959234;152492400000
03944384;152751600000
03994865;152838000000
03996201;152838000000
03997511;152838000000
03997510;152838000000
03923742;153356400000
03943078;153356400000
03966638;153702000000
03923706;153961200000
03911917;154220400000
03943195;154220400000
04016117;154566000000
04041001;154566000000
04113800;154566000000
03940376;154566000000
03904707;154566000000
03968094;154652400000
04011375;154652400000
03979482;154911600000
03965212;155257200000
03950282;155516400000
03985722;155775600000
03921333;155775600000
03975354;156034800000
03993626;156034800000
03974235;156639600000
03971752;156985200000
04007248;156985200000
04032298;157590000000
03969230;157590000000
03991006;157676400000
03945941;158281200000
03936422;158281200000
04180612;158799600000
03994836;158799600000
03994855;158886000000
04033927;158972400000
03981856;159404400000
04267097;159663600000
04000169;160009200000
03966671;160009200000
03943076;160009200000
03970718;160095600000
03957908;160354800000
04029632;160614000000
03956900;160614000000
04015386;160959600000
04021403;160959600000
03943085;160959600000
03962194;161218800000
04105602;161218800000
04076918;161391600000
03963669;161478000000
04016112;161564400000
03994869;161910000000
03983082;161996400000
04000114;162428400000
03975453;162428400000
04045388;162514800000
04006123;162514800000
03949145;162687600000
03993634;162774000000
03988271;163033200000
04042568;163033200000
04032567;163033200000
04048221;163119600000
03993674;163119600000
03969291;163292400000
04021464;163378800000
04090013;163378800000
04028325;163378800000
03991019;163810800000
03983247;164329200000
03973074;164415600000
04068849;164588400000
03980715;164588400000
03976723;164847600000
03991138;164847600000
04029612;164934000000
04031163;164934000000
04066579;165193200000
04016111;165538800000
04207267;165625200000
04018983;166230000000
04004054;166402800000
04039519;166662000000
04008191;166921200000
03971750;167266800000
04074035;167353200000
03978033;167439600000
03966843;168476400000
03959194;168649200000
04075253;169340400000
04095000;169426800000
04045361;169858800000
04038226;169945200000
03984386;170636400000
03985720;170636400000
03968095;170636400000
04094851;170982000000
03959519;171154800000
03989866;171241200000
04014770;171500400000
04097470;171500400000
04005706;171500400000
04042545;171673200000
04066595;171673200000
04013610;172364400000
04042764;172796400000
03971822;172882800000
04045397;173055600000
04092281;174092400000
03995051;174178800000
04072650;174265200000
04189422;174524400000
04128484;174524400000
04051100;174524400000
03992349;174783600000
04073764;174870000000
04028297;174870000000
04045402;176079600000
03991031;176079600000
04032595;176425200000
04043948;176511600000
03991125;176511600000
03968096;176684400000
04055524;176943600000
04035320;177202800000
04021400;177548400000
04067836;177721200000
03976719;177807600000
03976717;177807600000
03976718;177807600000
03976715;177807600000
03976716;177807600000
04002691;177894000000
04086192;178412400000
04085087;179103600000
04028328;179103600000
04008544;179362800000
04046806;179708400000
04039512;179967600000
04005057;180140400000
04001267;180572400000
04043991;180572400000
04084048;180572400000
03968170;180572400000
03997493;180572400000
04035571;180745200000
04085937;180918000000
04083818;181177200000
04028291;181177200000
04086191;181436400000
04025476;181522800000
03988158;181782000000
04072776;182127600000
03965054;182473200000
04147742;182559600000
04143018;182646000000
04067847;182732400000
04032498;183078000000
04082288;183164400000
04017543;183250800000
04026953;183337200000
04120832;183855600000
04021506;183855600000
04156666;183942000000
04025499;184201200000
04086385;184374000000
04040484;184460400000
04049609;184978800000
04082715;185065200000
04128430;185065200000
04012366;185410800000
04020225;185497200000
04104259;185497200000
04104175;185583600000
04061691;186015600000
04014833;186361200000
04101480;186361200000
03980491;186620400000
04070334;186706800000
04010144;186793200000
04059532;186966000000
04065428;186966000000
04002581;187225200000
04085162;187225200000
04025644;187311600000
04024324;187311600000
04098754;187484400000
04087468;187570800000
04113703;187570800000
04013815;188089200000
04061615;188434800000
04029772;188521200000
04100334;189039600000
04104219;189039600000
04046306;189385200000
04101720;189385200000
04104433;189385200000
03998785;189730800000
04006200;189817200000
04024119;190249200000
04046836;190422000000
04016148;190854000000
04032653;190854000000
04048141;190854000000
04081593;191458800000
04070531;191804400000
04052372;191804400000
04070322;192063600000
04017454;192409200000
04096206;192668400000
04017449;192668400000
04073653;192754800000
04051306;192927600000
04242238;193014000000
04044070;193446000000
03998905;193446000000
04064196;193532400000
04094926;193618800000
04067897;194655600000
04017462;194742000000
03988266;195087600000
03991021;195087600000
04087520;195174000000
04070865;195260400000
04021388;195260400000
04098848;195692400000
04097289;195692400000
04089763;195865200000
04107231;196383600000
04203931;196898400000
04131598;196898400000
04089821;197071200000
04076655;197071200000
04017667;197244000000
04017668;197244000000
04009324;197244000000
04009325;197244000000
04012565;197244000000
04092479;197503200000
04080404;198108000000
04041023;198280800000
04028480;198367200000
04017666;198885600000
04020249;198885600000
04116949;198885600000
04039731;198885600000
04069173;199058400000
04000119;199317600000
04130605;199317600000
04035315;199922400000
04065394;201132000000
04043980;201218400000
04091055;201304800000
04038245;201477600000
04026954;201736800000
04188313;202082400000
04101485;202082400000
04092460;202082400000
04061834;202600800000
04024092;202687200000
04067917;202946400000
04028897;202946400000
04128709;203810400000
04038237;203810400000
04115346;204242400000
04067927;204933600000
04003864;205106400000
04134935;205452000000
04203769;206143200000
04087821;206143200000
04096109;206316000000
04011183;206834400000
04084061;207180000000
04102864;207352800000
04071511;208476000000
04055523;208994400000
04098753;208994400000
04224023;208994400000
04064235;209080800000
04049622;209167200000
04097446;209772000000
04049613;210895200000
04092289;210895200000
04082722;210981600000
04113679;210981600000
04060567;211154400000
04038227;211413600000
04116702;211586400000
04111882;211759200000
04038228;212018400000
04064093;212191200000
04091032;212277600000
04170711;212626800000
04105735;212713200000
04069255;212886000000
04144153;212972400000
04047969;213318000000
04042763;213577200000
04086136;214095600000
04126646;214182000000
04126593;214441200000
04045396;214614000000
04048410;214614000000
04107282;214786800000
04035346;214786800000
04127552;214786800000
04038258;214786800000
04061579;214786800000
04101500;215132400000
04066623;215132400000
04069267;215218800000
04082804;215305200000
04042765;215305200000
04037034;215305200000
04184995;215996400000
04070332;216428400000
04092286;216860400000
04085080;217206000000
04116788;217206000000
04221830;218761200000
04134930;219452400000
04107845;219538800000
04126592;219538800000
04101475;219625200000
04057629;219884400000
04105605;219970800000
04089825;220057200000
04101477;220057200000
04076665;220057200000
04088806;220143600000
04128526;220143600000
04115357;220489200000
04211622;221958000000
04108986;222476400000
04150012;222649200000
04066749;222908400000
04141144;223081200000
04125496;223254000000
04176145;223599600000
04123587;223686000000
04107108;224204400000
04082658;224290800000
04107146;224722800000
04102856;224809200000
04075139;225414000000
04107129;225586800000
04147741;225673200000
04240957;226537200000
04125495;226537200000
04160073;226710000000
04191675;227314800000
04123061;227401200000
04115333;227487600000
04102852;227919600000
04304808;228006000000
04170578;228351600000
04083824;230335200000
04083821;230335200000
04134873;230767200000
04108948;231976800000
04115334;232927200000
04125555;233186400000
04198395;233359200000
04080352;233445600000
04166744;233877600000
04105630;234050400000
04201824;234482400000
04139687;234655200000
04132701;234741600000
04134862;235087200000
04169599;235260000000
04161494;235346400000
04163004;235346400000
04079026;235605600000
04100075;235864800000
04100076;235864800000
04100077;235864800000
04101536;235864800000
04169821;235951200000
04127507;236383200000
04151322;236469600000
04086206;236901600000
04112206;236901600000
04128542;236901600000
04139518;238370400000
04151132;238629600000
04129536;238629600000
04105703;238888800000
04178327;239580000000
04145045;239839200000
04115417;240012000000
04182818;240444000000
04133824;240616800000
04185046;240789600000
04160760;241048800000
04167616;241048800000
04165877;241308000000
04165303;241394400000
04182035;241826400000
04150485;242949600000
04151223;243036000000
04127685;243468000000
04191320;244162800000
04148767;244335600000
04138386;244335600000
04192795;244335600000
04183685;244940400000
04172190;245372400000
04149999;245372400000
04141936;245631600000
04140660;245890800000
04185009;246668400000
04123420;246841200000
04146611;247100400000
04187254;247273200000
04143011;247273200000
04170587;247705200000
04137214;247878000000
04323634;247964400000
04180913;248310000000
04195115;248310000000
04156663;249519600000
04147677;249606000000
04187206;249606000000
04160751;249606000000
04134870;249606000000
04137203;249606000000
04179422;249606000000
04151137;249606000000
04153588;249606000000
04127546;249606000000
04157432;249606000000
04145379;249606000000
04131587;249606000000
04155942;250729200000
04230888;250988400000
04251429;251593200000
04211687;251593200000
04134776;252025200000
04207221;252025200000
04123475;252111600000
04145296;252198000000
04145327;252802800000
04154727;252889200000
04134934;253148400000
04173688;253321200000
04154813;253407600000
04144206;253494000000
04165311;253839600000
04212955;254012400000
04256851;254012400000
04189619;254703600000
04196236;254703600000
04166743;255049200000
04207230;255308400000
04155886;255567600000
04153688;255826800000
04113670;256518000000
04288561;256950000000
04151139;257382000000
04180651;257468400000
04181786;257986800000
04189365;258764400000
04151136;258850800000
04205145;258850800000
04182752;258850800000
04175969;258937200000
04155902;259196400000
04196138;259369200000
04124557;259455600000
04242240;259455600000
04163100;259542000000
04187208;260060400000
04221856;260402400000
04183833;260488800000
04124567;261007200000
04157425;261007200000
04224416;261007200000
04189424;261612000000
04155890;261698400000
04222780;261957600000
04146403;262476000000
04169081;262821600000
04228062;262908000000
04173630;263080800000
04230616;263685600000
04221698;264290400000
04200721;264376800000
04177563;264376800000
04219452;264376800000
04166161;264895200000
04168254;264895200000
04220567;265327200000
04250064;265845600000
04201703;266104800000
04214059;266450400000
04231896;266450400000
04226750;266536800000
04216136;266796000000
04156674;267228000000
04267363;267660000000
04196155;267746400000
04188475;268005600000
04248934;268437600000
04174315;268610400000
04173554;268869600000
04211730;268869600000
04197234;269042400000
04200561;269474400000
04281991;269733600000
04256603;269820000000
04264075;270079200000
04188317;270424800000
04158086;270424800000
04303786;270684000000
04211853;270684000000
04185096;270684000000
04203878;270856800000
04201729;271288800000
04205016;271288800000
04196154;271288800000
04196153;271288800000
04206290;271634400000
04205153;272498400000
04167544;272671200000
04259117;272844000000
04286037;273794400000
04215033;274053600000
04196006;274053600000
04196007;274053600000
04251385;274312800000
04217264;274312800000
04198493;274312800000
04247453;274485600000
04164522;274658400000
04236715;275004000000
04221692;275695200000
04205069;275868000000
04244866;275868000000
04175069;276130800000
04197232;276476400000
04198328;276476400000
04178273;276822000000
04192691;278204400000
04210556;278290800000
04264518;278550000000
04218474;278550000000
04173564;278722800000
04174312;278722800000
04188219;279759600000
04213969;279759600000
04216130;279759600000
04241120;279759600000
04224374;280450800000
04269321;281055600000
04207219;281746800000
04210452;281746800000
04231906;282178800000
04238376;282178800000
04197375;282351600000
04255319;282524400000
04259087;282524400000
04184026;282783600000
04250085;282956400000
04190716;282956400000
04217232;283042800000
04297138;284079600000
04220582;284166000000
04188319;284943600000
04228050;285202800000
04242475;285202800000
04230660;285289200000
04235633;285289200000
04207207;285375600000
04231920;286066800000
04242139;286671600000
04237194;287967600000
04195104;288399600000
04223109;288486000000
04212791;288572400000
04255196;288572400000
04233195;288831600000
04225579;288918000000
04248636;289522800000
04234477;289695600000
04246146;289782000000
04193901;290041200000
04208310;290041200000
04215111;290214000000
04280842;290646000000
04242244;290646000000
04277381;290991600000
04222969;292111200000
04226610;292197600000
04391800;294012000000
04215032;295048800000
04250076;295480800000
04328280;295480800000
04272417;296172000000
04246167;296431200000
04247446;297036000000
04261878;297036000000
04250065;297468000000
04237236;297468000000
04212909;298504800000
04331646;298591200000
04270665;298850400000
04276138;298850400000
04391741;299109600000
04242256;299455200000
04228245;299714400000
04233199;299800800000
04254966;299973600000
04255318;301010400000
04269754;301183200000
04284732;301183200000
04237047;301874400000
04296239;302133600000
04283402;302306400000
04280950;302911200000
04302381;303688800000
04304601;304207200000
04294882;304207200000
04298710;304812000000
04280935;304898400000
04275170;305503200000
04251215;305762400000
04565841;305762400000
04267088;306021600000
04282076;306367200000
04256619;306453600000
04299872;306712800000
04280005;306972000000
04259075;306972000000
04259474;307058400000
04259230;307144800000
04318742;307231200000
04252701;307317600000
04331591;307580400000
04256824;307580400000
04268427;307666800000
04310517;308271600000
04287234;308271600000
04281196;308444400000
04258137;308444400000
04261879;308444400000
04273691;309049200000
04253397;309567600000
04257939;309654000000
04256818;310604400000
04283310;310690800000
04283315;310690800000
04271057;310690800000
04301166;310950000000
04311640;311295600000
04306719;311554800000
04250086;311814000000
04325840;312764400000
04313978;313023600000
04297346;313369200000
04288472;313369200000
04268657;313628400000
04294954;313887600000
04330459;314492400000
04335111;314578800000
04316889;315183600000
04349543;315442800000
04252699;315702000000
04250277;316047600000
04243578;316911600000
04337181;316911600000
04311751;317257200000
04285935;317430000000
04280952;317862000000
04283501;317862000000
04288221;317862000000
04286071;318034800000
04266039;318553200000
04295652;318812400000
04297266;318812400000
04314040;319071600000
04275001;319158000000
04297275;319330800000
04296006;319762800000
04329301;319935600000
04314998;320022000000
04308191;320281200000
04309480;320540400000
04299820;320626800000
04353557;320886000000
04354982;320972400000
04277569;321490800000
04304925;322873200000
04296209;322873200000
04311655;323305200000
04285851;323564400000
04277570;323564400000
04308014;324079200000
04321186;324079200000
04340529;324252000000
04278584;324511200000
04368190;324770400000
04426324;325720800000
04308332;325980000000
04301049;325980000000
04266037;326498400000
04266038;326498400000
04338243;326498400000
04271271;326498400000
04286004;326498400000
04299781;326930400000
04259455;326930400000
04368043;327103200000
04299736;327535200000
04313869;327535200000
04346146;329090400000
04293613;329090400000
04294884;329090400000
04305851;329349600000
04264590;329349600000
04300886;329349600000
04312795;329522400000
04277395;329954400000
04301040;330213600000
04312966;330300000000
04292221;330559200000
04386073;330904800000
04362716;330904800000
04302552;331250400000
04299903;331423200000
04265806;332114400000
04342708;332546400000
04272583;332978400000
04348300;333583200000
04323348;333842400000
04320218;334188000000
04298702;334188000000
04351758;334360800000
04281067;334533600000
04382881;335052000000
04343859;335656800000
04310444;336002400000
04394465;336952800000
04339392;337557600000
04564471;337989600000
04308373;338767200000
04310518;339202800000
04354966;339375600000
04336153;340498800000
04337188;341190000000
04322341;341449200000
04311627;341622000000
04411925;342226800000
04401773;342399600000
04324591;342399600000
04337319;342831600000
04339397;343609200000
04337947;343609200000
04335201;343868400000
04293656;344214000000
04298703;344818800000
04298704;345078000000
04298705;345078000000
04325754;345682800000
04448916;345769200000
04320042;345855600000
04339367;345942000000
04340519;345942000000
04332921;346892400000
04563305;347670000000
04320043;348102000000
04323247;348706800000
04330283;350089200000
04368150;350694000000
04382792;351212400000
04374829;351212400000
04328206;352076400000
04346078;352681200000
04351762;353026800000
04329262;354322800000
04349639;354409200000
04401470;354751200000
04337183;354751200000
04376765;354837600000
04331575;354924000000
04348386;354924000000
04341885;354924000000
04347174;356652000000
04412015;357775200000
04388233;358725600000
04383859;358984800000
04400159;359762400000
04379695;359762400000
04388305;360367200000
04391640;360367200000
04410655;360540000000
04382081;361144800000
04402262;361144800000
04425162;361404000000
04383860;361490400000
04383826;362095200000
04385050;362354400000
04399163;362354400000
04378248;362700000000
04579841;364428000000
04376766;364773600000
04371631;365637600000
04352750;365637600000
04385149;365896800000
04369068;366242400000
04336184;366415200000
04338245;366415200000
04468251;366847200000
04439619;367192800000
04338246;367192800000
04375967;367452000000
04521193;367797600000
04426169;368143200000
04435802;368229600000
04375430;368748000000
04401594;368748000000
04395401;368834400000
04398016;369439200000
04381918;369525600000
04342682;369612000000
04380535;370044000000
04462943;370479600000
04426227;370479600000
04403046;371084400000
04371466;371257200000
04374062;371862000000
04381358;372034800000
04412941;372553200000
04431421;373071600000
04448715;373503600000
04379146;373762800000
04394466;374194800000
04389496;374367600000
04400434;374886000000
04396730;374972400000
04681918;375145200000
04391952;376268400000
04393159;376268400000
04393176;376268400000
04436726;376700400000
04362510;376786800000
04388421;377132400000
04386961;377391600000
04373036;377737200000
04396554;378342000000
04376835;378946800000
04416871;379551600000
04426325;379897200000
04436918;380156400000
04427581;380329200000
04390653;380502000000
04512979;380847600000
04387176;381625200000
04449938;382921200000
04387049;383180400000
04413103;383439600000
04448716;384044400000
04396378;385167600000
04388069;387669600000
05120369;387669600000
04386912;388620000000
04427812;389224800000
04421744;390520800000
04439460;391730400000
04402748;391730400000
04404216;391730400000
04416668;391989600000
04384065;392421600000
04411625;392508000000
04503043;392853600000
04466913;392853600000
04420306;393717600000
04451586;394236000000
04460515;394754400000
04399078;394754400000
04406625;394754400000
04444931;394840800000
04429054;395013600000
04487716;398901600000
04433958;399160800000
04464358;399506400000
04504545;400284000000
04487717;400284000000
04452736;400716000000
04497748;401493600000
04474703;401493600000
04500713;401580000000
04450155;401666400000
04454120;401666400000
04533657;401666400000
04533655;401666400000
04455387;401929200000
04486319;401929200000
04482701;402015600000
04555502;402188400000
04536158;402188400000
04438227;402534000000
04482567;402793200000
04460727;404002800000
04447419;404953200000
04482544;407372400000
04438004;407977200000
04456595;407977200000
04465626;408582000000
04450259;408841200000
04460601;409273200000
04432972;409791600000
04496540;410050800000
04510290;410396400000
04514527;411001200000
04666456;411001200000
04438176;411174000000
04528282;411778800000
04515910;412383600000
04452996;412470000000
04468495;412556400000
04442030;412815600000
04472462;413420400000
04483850;414370800000
04443197;415494000000
04515709;416012400000
04523912;416098800000
04452622;416703600000
04574058;417049200000
04451235;418255200000
04504231;418860000000
04490115;419464800000
04503044;420069600000
04447369;420069600000
04474692;421538400000
04530986;422143200000
04469826;423352800000
04530987;424476000000
04597768;424994400000
04515715;425685600000
04507231;426204000000
04552687;426463200000
04610818;426808800000
04610817;426808800000
04521550;427932000000
04616026;427932000000
04616027;427932000000
04606857;428104800000
04473685;428191200000
04533701;429832800000
04539382;430351200000
04526906;431647200000
04524170;432252000000
04514540;433378800000
04529467;435884400000
04517180;436057200000
04505898;436057200000
04491453;437266800000
04558065;437266800000
04571267;437266800000
04515913;437612400000
04557761;437871600000
04609496;437871600000
04559340;438562800000
04521551;439167600000
04499082;439426800000
04489180;440031600000
04517333;440031600000
04536529;440722800000
04527979;440809200000
04505854;442105200000
04526720;442105200000
04551272;442191600000
04483862;443055600000
04526375;443401200000
04554018;444438000000
04561657;444610800000
04560795;444870000000
04486179;446338800000
04548972;446857200000
04552912;446857200000
04530961;447634800000
04571418;447894000000
04601896;448671600000
04508868;449359200000
04522956;450568800000
04511504;450568800000
04604425;451087200000
04503169;451173600000
04579880;451605600000
04552906;451864800000
04550133;452815200000
04580781;452988000000
04638081;452988000000
04592550;453074400000
04618695;453592800000
04518587;453679200000
04629695;454888800000
04552918;455148000000
04556220;455407200000
04594368;457135200000
04623689;457135200000
04568489;457308000000
04584339;457308000000
04597794;457653600000
04567219;457826400000
04508855;457912800000
04584307;458776800000
04549987;460591200000
04539352;461368800000
04619973;461541600000
04557691;461800800000
04595783;462751200000
04615843;463183200000
04540729;463874400000
04568485;464220000000
04584285;464220000000
04553940;464306400000
04634786;465084000000
04568666;466902000000
04569793;468198000000
04626525;468630000000
04649174;469148400000
04581167;470012400000
04609641;470876400000
04579902;471049200000
04551491;471222000000
04585806;471654000000
04564468;471654000000
04536539;471740400000
04604416;471740400000
04622417;472950000000
04599325;475196400000
04580981;475369200000
04658052;475974000000
04588756;476578800000
04548978;477874800000
04612344;478134000000
04593070;478479600000
04609498;479602800000
04572920;480121200000
04569955;480553200000
04679179;480898800000
04622418;481413600000
04650847;481413600000
04599373;482709600000
04623678;483314400000
04571308;484178400000
04732933;484178400000
04603012;484178400000
04607077;484264800000
04719263;484524000000
04655836;484783200000
04588780;485128800000
04603011;485733600000
04689357;486856800000
04681816;488412000000
04713083;489189600000
04645786;492386400000
04703113;492645600000
04722853;492645600000
04619968;492645600000
04680324;493596000000
04599198;496533600000
04741864;497487600000
04574057;497487600000
04692188;498178800000
04705836;499647600000
04699734;500079600000
04659382;500598000000
04678614;501894000000
04663075;502498800000
04607075;505350000000
04759798;506041200000
04737232;506041200000
04680332;506905200000
04659751;507769200000
04837358;509756400000
04670487;510361200000
04698376;511138800000
04719045;513554400000
04687867;513813600000
05222823;513813600000
04740556;513900000000
04707462;514677600000
04741865;515800800000
04732944;517528800000
04744827;518220000000
04744828;518220000000
04729854;521071200000
04740549;521330400000
04721583;521762400000
04731203;524181600000
04728463;524700000000
04827466;524786400000
04728706;525650400000
04785032;526514400000
04738722;527119200000
04722809;527724000000
04782113;527983200000
04709808;529887600000
04789399;530146800000
04780244;538095600000
04808228;540774000000
04822417;541897200000
04869848;542415600000
04873253;544053600000
04788008;544658400000
04801405;544831200000
04879067;545608800000
04778857;549151200000
04859703;550706400000
04830670;550965600000
04753658;553212000000
04835272;553384800000
04793980;554594400000
04981650;556927200000
04824486;557359200000
04835316;560127600000
04832873;560732400000
04880812;561337200000
04834799;562287600000
04894012;564015600000
04839450;564102000000
04853036;564620400000
04847241;569631600000
04933325;569631600000
05091536;571359600000
04923400;574642800000
04954381;574902000000
04822530;575848800000
05019577;577058400000
04940713;577058400000
04888136;578527200000
04872936;579132000000
04978460;579391200000
04871620;581032800000
04889560;586562400000
04882393;587167200000
04861742;589068000000
05143989;590968800000
04999252;591231600000
04980400;592786800000
04940628;593650800000
04950544;595465200000
05082730;597020400000
04964911;598230000000
05248770;598489200000
04892775;599871600000
04861843;603500400000
04918116;603673200000
04896598;604537200000
04943380;604537200000
04955613;605142000000
05081173;605746800000
04911451;607125600000
05037473;608853600000
04889869;608940000000
04921836;611359200000
04971973;611359200000
05017644;611791200000
05000459;615592800000
05026757;617320800000
05075432;618789600000
05089572;619394400000
05029870;622159200000
05010125;622245600000
04984804;623545200000
04984803;624063600000
05062890;624495600000
05041573;624668400000
05045244;626482800000
05094619;628124400000
04971329;629334000000
04986545;629506800000
05109043;630025200000
05078906;630198000000
04974852;630630000000
05026429;633222000000
05115098;636159600000
05171467;636678000000
05019319;636850800000
05019320;640821600000
05062998;640821600000
05068368;642290400000
05037104;643500000000
05162490;644191200000
05018740;645228000000
05166077;645746400000
05118737;646005600000
05171847;647128800000
05150905;647647200000
05141233;647647200000
05153075;648856800000
05197740;649548000000
05110962;650671200000
05093046;652053600000
05096201;652658400000
05080835;653868000000
05133909;654994800000
05089051;655599600000
05187249;657154800000
05223594;659746800000
05244475;660265200000
05225455;661561200000
05104997;661647600000
05202499;663289200000
05175257;663807600000
05098105;664066800000
05131662;668300400000
05141676;671839200000
05209471;675640800000
05146001;675900000000
05157149;675986400000
05215308;678405600000
05211889;680997600000
05211886;680997600000
05211887;682812000000
05099040;682898400000
05273686;683330400000
05231205;685576800000
05274041;687654000000
05189023;688086000000
05244496;689382000000
05334673;693529200000
05238893;694047600000
05215968;696553200000
05211888;699145200000
05298631;700354800000
05187013;701391600000
05281368;701992800000
05221499;703288800000
05460367;704584800000
05284600;709768800000
05209459;709768800000
05330687;712447200000
05359000;717372000000
05336457;720399600000
05255922;722473200000
05242625;723942000000
05663217;726706800000
05338610;729471600000
05330837;729471600000
05625003;729903600000
05397840;730422000000
05326897;730940400000
05561175;731890800000
05356466;732409200000
05340507;732841200000
05607999;734824800000
05306343;735775200000
05340112;735948000000
05298571;741391200000
05358670;741564000000
05332533;741909600000
05498734;743983200000
05447916;743983200000
05750592;744328800000
05464694;746920800000
05376698;748562400000
05470834;749862000000
05969004;750639600000
05395486;750985200000
05359105;752108400000
05587514;752713200000
05420229;753404400000
05549846;754873200000
05536761;755218800000
05403117;755391600000
05384078;755910000000
05362423;756342000000
05585440;756774000000
05432247;757897200000
05684069;758329200000
05470555;761958000000
05510397;765756000000
05395692;768175200000
05502129;768780000000
05487848;775087200000
05463564;779666400000
05581004;780271200000
05441657;782953200000
05686508;784594800000
05693693;786236400000
05521309;788137200000
05534492;789087600000
05544972;790297200000
05750593;790815600000
05600021;793062000000
05621149;793062000000
05693261;793321200000
05453221;793407600000
05474716;793407600000
05633322;793926000000
05595951;795308400000
06277924;796341600000
05990199;798242400000
05491026;799020000000
05688596;799538400000
05554696;799970400000
06255277;800056800000
05480871;800229600000
05716217;801352800000
05731107;802303200000
05804633;802303200000
05610227;802476000000
05523447;802476000000
05919897;802476000000
05858595;802476000000
05698614;802648800000
05723514;802994400000
05872272;803167200000
05750055;803167200000
05648414;803599200000
05609969;804463200000
06399674;805500000000
05603367;806191200000
05686519;806277600000
05587405;809301600000
05955515;812070000000
05663399;812329200000
06025412;812329200000
05689017;813538800000
05741591;813884400000
05880176;814143600000
05635552;814834800000
05721313;815266800000
05936008;816908400000
05814683;818204400000
05681872;818290800000
05708051;819327600000
05677363;819586800000
05849814;819932400000
05626798;820796400000
05919838;821746800000
06267693;823474800000
06034154;823820400000
05854308;825548400000
05605991;827362800000
05779942;828655200000
05747555;829087200000
05708092;829260000000
06794427;829864800000
05776369;830124000000
05981625;830988000000
05994293;831679200000
05853623;831679200000
06110896;831679200000
05831106;832197600000
05900445;832543200000
05852073;832543200000
05821307;832802400000
05756561;833839200000
05767172;834012000000
05726264;834703200000
05684063;834962400000
05719204;835221600000
05932550;835740000000
06063836;837727200000
06372818;841269600000
05939475;841701600000
06075070;841701600000
05863966;841960800000
05663398;842479200000
05616704;844207200000
05837754;844293600000
06066442;845848800000
05679289;846021600000
05656679;846716400000
05712328;847753200000
06231790;848358000000
05744071;848358000000
05847026;848530800000
05661197;851036400000
05990341;851382000000
05912280;851641200000
06020400;851641200000
06040358;851641200000
06005023;851641200000
05730910;852246000000
05792886;852678000000
06080888;852678000000
06369128;855270000000
05852216;855874800000
05962552;856479600000
05783710;857948400000
05750594;858726000000
05981491;860364000000
05859092;861314400000
06004428;862869600000
06267807;863474400000
06329446;865461600000
05929135;867880800000
05969005;868226400000
RE039532;869090400000
06042935;869608800000
06274646;872719200000
06008270;875138400000
05880214;875224800000
05955526;876434400000
06057480;876952800000
06054628;877384800000
05925693;885250800000
06024897;886114800000
06660191;886633200000
05910605;886719600000
05990196;888447600000
06117922;890002800000
06187856;890175600000
06060452;891554400000
05976403;893282400000
06004889;893714400000
06160034;896738400000
06323258;898120800000
06284823;899848800000
06048913;903304800000
05962640;903650400000
06274068;913244400000
06046346;913330800000
06177534;913849200000
06129863;913935600000
06060537;914194800000
06121365;914972400000
06117372;915490800000
06136887;921106800000
06184210;921538800000
06899830;922917600000
06770687;923263200000
06180611;927151200000
06241917;927237600000
06303057;929656800000
06291548;933112800000
06175027;934495200000
06123769;937346400000
06217798;938642400000
06232367;939247200000
06235222;940543200000
06420584;945385200000
06261482;946854000000
06197089;951260400000
06518329;953506800000
06994800;956872800000
06348166;959724000000
06248265;961106400000
06221285;961365600000
07033663;962056800000
06296788;963439200000
06451872;964735200000
06670408;976748400000
06432326;978390000000
06913279;982278000000
06515192;982623600000
06455718;982710000000
06620860;983314800000
06749778;984610800000
06995227;989532000000
06818622;990396000000
06495064;990482400000
06858581;992556000000
06579920;994024800000
06509474;995580000000
06441258;996012000000
06494792;996530400000
07005083;997221600000
06399727;998344800000
06686504;999208800000
06600970;999640800000
06841095;999640800000
06589392;1003356000000
06635349;1004482800000
06544446;1006210800000
06958245;1006902000000
06653515;1008284400000
06613858;1010617200000
07217642;1011826800000
06492561;1011913200000
06918849;1016060400000
06552237;1017871200000
06541651;1017871200000
06562923;1021240800000
06787661;1023746400000
06908667;1024956000000
07133647;1032732000000
06797182;1034892000000
07311759;1037228400000
06908660;1037919600000
07413966;1039129200000
07175784;1039474800000
06781007;1039561200000
06824862;1040598000000
06969772;1043362800000
07326372;1044226800000
07208539;1050444000000
07311815;1051653600000
07135471;1053036000000
07017257;1055714400000
07601777;1055887200000
07405262;1057874400000
07070716;1059343200000
07060207;1064872800000
06861011;1068159600000
07265177;1069196400000
07264877;1074121200000
06814895;1075244400000
07807860;1076022000000
06936341;1079046000000
07048877;1080597600000
07467035;1084831200000
07427370;1088632800000
07368506;1089324000000
07514115;1093212000000
07345851;1093471200000
07550246;1095976800000
07649063;1097272800000
07208627;1103065200000
07439535;1110495600000
07384580;1112306400000
07202374;1118354400000
07294188;1135033200000
07429697;1137625200000
07687676;1140130800000
07709687;1160085600000
07744784;1160949600000
07427588;1168556400000
07638074;1173654000000
07794632;1174345200000
07387751;1176847200000
07579311;1178056800000
07685693;1193263200000
07635441;1214344800000
07611647;1231369200000
