03918390;24102000000
03928925;53564400000
03901537;65660400000
03866751;72918000000
03957287;76719600000
04127690;79138800000
03879063;79743600000
04004689;87519600000
03883069;90716400000
03900642;92876400000
03892427;93654000000
03858790;95641200000
03877728;97196400000
03899381;97887600000
03874705;98060400000
03885726;99010800000
03954548;99183600000
03870344;99529200000
03863957;99529200000
03920267;99702000000
03915778;101602800000
03894754;102294000000
03913740;102812400000
03904227;104540400000
03891240;104972400000
03861718;105318000000
03964769;106959600000
03883161;107478000000
03860211;108860400000
03863828;111020400000
03913118;113785200000
03866274;119660400000
03877729;121474800000
03879872;125708400000
03870223;126745200000
03912304;127350000000
03860212;127350000000
03956057;128559600000
03926712;128732400000
03885145;129250800000
03879783;129769200000
03924879;133657200000
03929703;137890800000
03916051;138495600000
04138143;139186800000
03909141;140137200000
03909968;140655600000
03953056;140742000000
03938831;142729200000
04007950;143852400000
03930700;149727600000
03902210;149900400000
03949917;150678000000
03898951;150678000000
03993814;152751600000
03989175;152924400000
03970332;153615600000
03927438;154306800000
03963553;155948400000
03937491;156034800000
03954287;156639600000
03956798;158194800000
03968546;158799600000
03964770;160614000000
03936202;162428400000
03982744;163638000000
03972632;163724400000
03950012;164242800000
04023829;164242800000
03958816;164588400000
03933375;164847600000
03946867;165106800000
03940904;165106800000
04140565;166057200000
03949869;168130800000
03973188;168562800000
03970331;169081200000
04009498;169081200000
03992741;169081200000
03973787;169340400000
03971572;169772400000
03981522;170463600000
03972085;170895600000
03986232;172278000000
04002355;174697200000
04015863;174783600000
04000915;176338800000
03995886;177202800000
04010299;178153200000
04073510;179967600000
04009784;181954800000
04039046;182732400000
03994035;183682800000
04060168;183942000000
04051996;184978800000
04014508;185065200000
04070223;185410800000
04034539;186015600000
04091487;186015600000
04011940;187570800000
04063369;187830000000
04075726;190940400000
04055008;194223600000
04019823;194223600000
04014566;194482800000
04054701;194482800000
04077078;194482800000
04019758;195087600000
04061523;195087600000
04075702;195433200000
04001960;195778800000
04133590;197071200000
04091552;198712800000
04016664;198972000000
04178201;199404000000
04129471;200786400000
04014285;200786400000
04038768;201132000000
04034485;201304800000
04072407;204156000000
04100684;204156000000
04036417;205452000000
04042171;205624800000
04072326;206575200000
04051609;206920800000
04141100;212626800000
04104809;212886000000
04108473;213922800000
04098443;213922800000
04028824;214441200000
04058327;215650800000
04083136;216860400000
04111460;217638000000
04105181;217810800000
04083582;221698800000
04143847;223254000000
04156538;223513200000
04114300;224895600000
04124261;227487600000
04116468;227487600000
04109890;228524400000
04119332;228524400000
04137650;229212000000
04156318;229557600000
04137863;229644000000
04129212;229816800000
04141099;231631200000
04650426;233186400000
04150453;233359200000
04126333;234050400000
04147380;234568800000
04120517;235692000000
04114925;235778400000
04105224;235864800000
04309046;236556000000
04165193;236556000000
04162800;237420000000
04157626;238370400000
04139216;239493600000
04100640;240098400000
04157842;241653600000
04128262;242344800000
04164085;243036000000
04150844;243036000000
04175340;244422000000
04172332;244681200000
04149738;244854000000
04153276;245545200000
04148506;245977200000
04217384;246063600000
04132501;247446000000
04157875;248482800000
04176473;248655600000
04184218;249865200000
04143889;250729200000
04139217;251334000000
04194832;252284400000
04159836;252630000000
04152013;255222000000
04229022;256863600000
04165451;256863600000
04173358;257036400000
04187572;257986800000
04179138;258937200000
04307897;259369200000
04180341;259974000000
04209187;261007200000
04266812;261266400000
04204704;261266400000
04181381;261352800000
04149289;261698400000
04193498;261784800000
04243249;261871200000
04181327;263685600000
04160687;267660000000
04215499;268869600000
04217162;270252000000
04230514;270252000000
04153275;270684000000
04176862;271634400000
04200945;272757600000
04184699;274658400000
04283037;276130800000
04162659;277513200000
04186683;278722800000
04284220;279154800000
04253567;279759600000
04249757;280537200000
04235031;281833200000
04243459;284770800000
04199173;286412400000
04239410;286671600000
04213520;288831600000
04235457;289177200000
04232918;289436400000
04255872;291510000000
04270774;291510000000
04216979;292111200000
04216046;292802400000
04250216;293061600000
04285531;293061600000
04244603;295048800000
04225157;297295200000
04255837;297900000000
04445728;298504800000
04253259;298591200000
04463848;298591200000
04447973;299109600000
04244660;299282400000
04240761;299368800000
04289333;299368800000
04289331;299714400000
04274659;300060000000
04306737;302738400000
04295747;302738400000
04255065;302738400000
04294469;302738400000
04314716;302738400000
04315642;302738400000
04241477;303602400000
04296946;304552800000
04302032;304725600000
04238541;304812000000
04288170;304898400000
04299410;305330400000
04289330;308358000000
04253260;309049200000
04280241;309049200000
04291900;311382000000
04357380;311554800000
04285532;312764400000
04311325;312764400000
04296945;313196400000
04313623;313282800000
04284227;313887600000
04281854;313974000000
04290524;314406000000
04378647;314492400000
04286869;314492400000
04306736;316911600000
04341401;319071600000
04352583;319762800000
04460676;319935600000
04312393;319935600000
04315697;321836400000
04301962;321836400000
04305605;323906400000
04332400;323906400000
04315696;324856800000
04318471;325375200000
04351546;325720800000
04357771;325893600000
04369948;326498400000
04348038;328226400000
04377271;328312800000
04355821;329954400000
04371194;330645600000
04371195;330645600000
04360183;330645600000
04351474;331423200000
04335903;331941600000
04360346;332719200000
04442780;332978400000
04361934;334792800000
04355822;335484000000
04358012;335570400000
04314635;336348000000
04336754;339375600000
04382617;340326000000
04366626;343868400000
04375925;346287600000
04377232;346978800000
04396209;347670000000
04409057;348706800000
04375881;349052400000
04400107;349570800000
04389060;350089200000
04398752;350607600000
04445799;350780400000
04412692;351212400000
04350195;351385200000
04402585;351903600000
04395058;353631600000
04354890;354150000000
04405156;354751200000
04377430;355356000000
04397904;355960800000
04408780;356738400000
04395057;357343200000
04420112;357948000000
04401323;360540000000
04411445;361404000000
04419837;362181600000
04475705;362872800000
04395056;363823200000
04487431;363823200000
04501438;364082400000
04403882;364168800000
04375296;365378400000
04391457;365637600000
04540612;365810400000
04471976;365896800000
04436053;366415200000
04492390;367106400000
04402530;367452000000
04426007;367538400000
04441739;367711200000
04422672;368056800000
04403883;369007200000
04745835;369352800000
04449270;371257200000
04466638;371343600000
04427290;371343600000
04415183;371948400000
04521035;372380400000
04365434;372553200000
04427390;372898800000
04453743;373244400000
04418825;373762800000
04487520;375318000000
04416470;377478000000
04448443;378514800000
04465305;378601200000
04407523;379551600000
04452471;379897200000
04400161;380415600000
04487430;381106800000
04423888;383180400000
04465306;383180400000
04405157;383958000000
04378103;384562800000
04475808;384994800000
04466639;385254000000
04493495;385858800000
04487156;385858800000
04443198;386546400000
04519630;387756000000
04434567;388015200000
04437685;388274400000
04456286;388360800000
04468053;388620000000
04462614;389224800000
04477103;389397600000
04444418;389570400000
04407410;389570400000
04471977;390088800000
04525237;391039200000
04451067;391730400000
04486032;392853600000
04470571;393112800000
04449310;393717600000
04497508;394063200000
04527814;395272800000
04488737;395445600000
04516871;396741600000
04470620;396828000000
04440422;397260000000
04513511;397951200000
04425098;398037600000
04427387;399592800000
04460146;399592800000
04489958;400284000000
04497509;400975200000
04420270;401666400000
04445710;402015600000
04436442;402102000000
04512542;402102000000
04484829;403743600000
04508366;405212400000
04490123;406767600000
04548426;407372400000
04573409;407631600000
04542286;407718000000
04547000;409359600000
04479733;409791600000
04525116;409791600000
04524992;409964400000
04487590;410396400000
04488645;411692400000
04474383;411865200000
04512603;412902000000
04506416;413593200000
04522427;413593200000
04615541;415407600000
04502712;416012400000
04508365;417049200000
04502658;418860000000
04515396;419205600000
04441950;420242400000
04534582;420328800000
04432827;420415200000
04482417;420674400000
04482052;420847200000
04650216;421884000000
04575126;422056800000
04519629;422748000000
04496058;423266400000
04496617;423266400000
04529227;423698400000
04525399;423698400000
04452399;423871200000
04537380;423957600000
04524993;424303200000
04569498;424908000000
04507830;424994400000
04520958;425167200000
04524991;425512800000
04502711;426290400000
04447481;426722400000
04487645;427327200000
04552382;427932000000
04530175;428536800000
04574727;429400800000
04477013;431733600000
04488366;432165600000
04518296;432770400000
04596408;432856800000
04503974;433378800000
04458814;434847600000
04614450;434847600000
04544298;435193200000
04531764;435193200000
04498828;435538800000
04614360;435538800000
04572546;435970800000
04576399;437007600000
04575121;437612400000
04563796;437612400000
04997205;438822000000
04630843;438822000000
04571867;439599600000
04538833;439686000000
04620687;439772400000
04579369;440031600000
04534581;440204400000
04505219;440377200000
04569538;440895600000
04481243;442105200000
04552479;442191600000
04545603;442450800000
04588463;442537200000
04575122;442796400000
04492306;443055600000
04583708;443401200000
04555018;444006000000
04566720;444006000000
04555128;444351600000
04569613;444870000000
04566721;445129200000
04549658;445474800000
04571107;445734000000
04493650;445820400000
04618520;446684400000
04562102;446943600000
04591187;447462000000
04620725;448239600000
04577890;448498800000
04524903;448498800000
04645237;449445600000
04577889;451260000000
04586729;451864800000
04583764;452728800000
04561623;453074400000
04965948;453333600000
04536012;453420000000
04540458;453938400000
04605245;454024800000
04528054;454716000000
04586730;454716000000
04565477;455320800000
04506913;455493600000
04588321;455493600000
04604312;455752800000
04568108;456357600000
04592572;456444000000
04551374;456530400000
04544360;457653600000
04580360;458344800000
04629349;458344800000
04557503;458517600000
04624482;458517600000
04537576;458776800000
04575123;459554400000
04589685;460245600000
04582344;460591200000
04526403;461800800000
04596407;462492000000
04588209;463701600000
04583763;463960800000
04618166;464479200000
04601692;465170400000
04560600;465692400000
04628572;466383600000
04679823;466902000000
04529226;467247600000
04685700;467247600000
04637631;467334000000
04606555;467506800000
04593934;468457200000
04600329;469148400000
04583877;469666800000
04681232;470012400000
04545517;470358000000
04634146;470444400000
04662770;470617200000
04687227;471481200000
04715759;472086000000
04605246;472172400000
04610392;472258800000
04614364;472431600000
04597590;473900400000
04621729;474505200000
04603995;475369200000
04616851;475714800000
04573821;479084400000
04642054;479948400000
04596482;480553200000
04558888;481413600000
04762341;481413600000
04582442;482104800000
04597743;482623200000
04669651;482968800000
04636099;483141600000
04706994;483141600000
04637633;483314400000
04603883;484351200000
04636179;484524000000
04645163;486079200000
04640413;486338400000
04606553;486770400000
04632242;486856800000
04625996;486856800000
04623276;487288800000
04623169;487461600000
04596333;487548000000
04667983;489103200000
04666752;489621600000
04589682;490312800000
04674632;490485600000
04601489;491176800000
04609206;492300000000
04576497;492904800000
04655478;492904800000
04708560;493250400000
04639157;493509600000
04759484;493855200000
04609208;495669600000
04730846;495669600000
04640529;495669600000
04702453;495756000000
04717176;495756000000
04744689;495842400000
04627640;496620000000
04757580;496882800000
04643455;497142000000
04655427;498178800000
04679822;499042800000
04744591;499388400000
04615929;499474800000
04660855;500684400000
04598934;500684400000
04637632;500857200000
04674906;501116400000
04667919;501116400000
04606554;501375600000
04600346;501462000000
04660856;501721200000
04666120;501807600000
04662865;502585200000
04645236;502585200000
04687229;504140400000
04620724;504140400000
04650111;505522800000
04758021;505609200000
04624480;505695600000
04652013;505695600000
04715619;505954800000
04627994;506214000000
04659109;506646000000
04685699;506732400000
04705297;506905200000
04627117;507769200000
04699538;508114800000
04676527;508633200000
04711347;508719600000
04711686;509065200000
04736499;509065200000
04712808;509151600000
04722650;509151600000
04660858;509238000000
04702026;510793200000
04703951;511052400000
04730972;511138800000
04666409;511138800000
04712673;512604000000
04726606;512949600000
04682792;513468000000
04674932;513554400000
04709869;513813600000
04704042;515109600000
04681472;515368800000
04650706;516232800000
04722376;516232800000
04666039;516578400000
04673324;516837600000
04702659;516837600000
04793758;516837600000
04697970;516837600000
04802693;519602400000
04768810;519861600000
04696490;520725600000
04807995;521071200000
04680681;521071200000
04687226;521244000000
04735437;521244000000
04711469;521416800000
04685701;521848800000
04676526;523058400000
04734036;523058400000
04703952;523749600000
04758022;523836000000
04706995;524095200000
04699833;524268000000
04784507;524268000000
04673608;524700000000
04713274;524700000000
04702496;524786400000
04678206;524959200000
04850502;526255200000
04979626;526687200000
04765652;526773600000
04660857;526860000000
04714276;527983200000
04744592;527983200000
04711419;529196400000
04784508;529282800000
04724957;529628400000
04814216;529887600000
04722628;530492400000
04726607;530751600000
04714275;530751600000
04743048;530924400000
04765654;532566000000
04696843;532738800000
04777902;532911600000
04741655;533170800000
04793632;533170800000
04773676;534034800000
04740014;534466800000
04795193;534466800000
04743047;535071600000
04703953;536194800000
04779897;536281200000
04852910;536799600000
04708503;536972400000
04807907;537404400000
04790563;537750000000
04817931;538095600000
04747721;538700400000
04842919;539305200000
04789187;539564400000
04773786;539823600000
04756345;540169200000
04798401;541897200000
04811973;542242800000
04723861;542847600000
04742911;543711600000
04756556;544053600000
04865574;544140000000
04790474;544226400000
04752230;544312800000
04824141;544658400000
04732107;545263200000
04819963;545954400000
04809246;546213600000
04743049;547250400000
04848117;547423200000
04787160;548028000000
04791742;548287200000
04795194;548460000000
04810006;548978400000
04840406;549237600000
04815766;549237600000
04875793;549496800000
04786083;549669600000
04892333;549756000000
04831756;549842400000
04830404;549842400000
04744161;549842400000
04787653;551311200000
04735438;552088800000
04800110;552520800000
04778201;553125600000
04842303;553989600000
04849056;554076000000
04743050;554335200000
04852909;554335200000
04810007;554421600000
04789124;554508000000
04793633;554680800000
04850611;555026400000
04794713;555112800000
04803795;555717600000
04802692;556408800000
04807909;557618400000
04747618;557704800000
04826212;558223200000
04824143;560646000000
04844508;560732400000
04875708;561078000000
04775572;561078000000
04748067;561596400000
04773787;561596400000
04793477;562201200000
04832369;562546800000
04846616;562806000000
04846500;562806000000
04818168;562978800000
04807905;563410800000
04824273;563410800000
04832371;563670000000
05006699;563756400000
04874186;563756400000
04877269;564706800000
04850612;565311600000
04819962;565830000000
04867594;565916400000
04832648;566002800000
04810544;566175600000
04884974;567039600000
05022170;567039600000
04795195;567903600000
04830619;570236400000
04779791;570668400000
04837062;571273200000
04789058;571359600000
04832191;571446000000
04820071;572482800000
04850124;572828400000
04838724;573174000000
04852740;574038000000
04893836;574556400000
04822074;574902000000
04848797;574988400000
04847131;575247600000
04832370;575589600000
04832372;575762400000
04840407;575762400000
04879932;575848800000
04905392;576108000000
04861636;576367200000
04941791;576712800000
04903932;576712800000
04828289;576972000000
04879149;577058400000
04964656;577317600000
04838198;577490400000
04813370;577576800000
04858955;577663200000
04861073;578008800000
04824140;578268000000
04868991;578268000000
04853994;578527200000
04828421;578872800000
04848799;579132000000
04898406;579477600000
04854609;579823200000
04819964;579909600000
04850924;580341600000
04906024;580341600000
04875707;580687200000
04904104;581292000000
05002447;581292000000
04909542;581637600000
04907904;582242400000
04908912;582328800000
04909652;582501600000
04893838;582847200000
05005870;582933600000
04923216;584056800000
04869452;584229600000
04863191;584316000000
04930926;585352800000
04885198;585439200000
04874340;585439200000
04867479;585439200000
05006396;585784800000
04850613;586044000000
04900062;586130400000
04882211;586562400000
04807906;586562400000
04925328;586562400000
04856817;587340000000
04923218;587599200000
04941684;587599200000
04930812;587599200000
04942195;587772000000
04944994;587772000000
04944993;587772000000
04876131;587858400000
04884826;587944800000
04869529;588290400000
04887925;588549600000
04898405;589068000000
04887373;589500000000
04943088;589500000000
04883381;589672800000
05062754;589672800000
04907825;589672800000
04915522;590018400000
05080590;590018400000
04951967;590104800000
04880327;590364000000
04848948;590623200000
04907824;590623200000
04848798;590968800000
04906025;590968800000
04907822;591231600000
04960295;591318000000
04952433;591490800000
04907905;592009200000
04932351;592527600000
04911475;592614000000
04896900;592700400000
04909693;592700400000
04909543;593046000000
04910066;593823600000
05042343;593823600000
04913463;593910000000
05002310;594255600000
04906497;594601200000
05007191;594860400000
04869196;595033200000
04895393;595465200000
05120941;595551600000
04878693;595638000000
04893839;595724400000
04915415;596847600000
04901665;596847600000
05015137;596847600000
05036973;597625200000
04988123;598489200000
05217255;598489200000
04928621;598662000000
04886231;599180400000
04929110;599353200000
04886299;599785200000
05011187;599871600000
04934739;600303600000
04934740;600390000000
04925716;600562800000
04913462;600562800000
04907823;600994800000
04948172;600994800000
04973507;601513200000
05079068;602809200000
04898404;602982000000
04958855;603327600000
04906157;604018800000
04932680;604191600000
04896927;604710000000
04973086;605142000000
04878776;605401200000
04892334;605401200000
04932683;605746800000
05380043;606006000000
05013200;606351600000
05021273;606524400000
04974983;607039200000
04928995;607039200000
04893837;607125600000
04996184;607212000000
04934738;607298400000
04934304;607298400000
04911476;607557600000
05127879;607816800000
04890728;608162400000
04973184;608162400000
04961666;608335200000
04941804;609631200000
04917405;609717600000
04984825;610063200000
04900211;610149600000
04902183;610149600000
05039268;610927200000
04961596;611186400000
04988229;611359200000
04975137;611791200000
05020828;611964000000
04969665;612050400000
05026196;612050400000
04980212;612136800000
04934584;612482400000
05052872;612655200000
04925720;613087200000
04932679;613951200000
05006191;614210400000
05018896;614210400000
04893979;614210400000
04951968;614296800000
05061139;614296800000
04986713;614296800000
04997207;614469600000
04962949;616024800000
04991767;616284000000
04949997;616802400000
05010671;616802400000
05011189;617839200000
04933974;619048800000
05025979;619135200000
04973085;619135200000
04955640;619999200000
04968203;620517600000
04968258;620604000000
05017070;621122400000
05004514;621727200000
04989777;622072800000
05059052;622072800000
05022681;622332000000
04988038;622681200000
05022683;622767600000
04975011;622854000000
05031935;622854000000
04948173;622940400000
05030491;623026800000
04946414;623286000000
05029899;623286000000
04981386;623458800000
05098127;623631600000
05017037;623631600000
04986572;623977200000
05018895;624150000000
04962950;624236400000
04988124;624495600000
04932520;624582000000
04949484;624841200000
04964508;625273200000
05029900;625359600000
04954003;625705200000
05025919;625791600000
04968061;626310000000
04997206;626569200000
05197922;626914800000
05056823;627087600000
04974877;627174000000
04972952;627174000000
05064222;627519600000
05031936;628124400000
04952091;628729200000
05066046;628729200000
04959254;628902000000
05018765;629074800000
05046760;629938800000
05009361;629938800000
04971361;629938800000
04986683;629938800000
04997208;630889200000
05066183;631494000000
05048869;631753200000
05028040;631753200000
05060979;632444400000
04971363;632444400000
05040213;632962800000
04982685;633049200000
05040216;633135600000
05018764;633740400000
05120075;634777200000
05020829;634863600000
05011186;634950000000
05035447;635036400000
05051050;635468400000
05090859;635468400000
05066045;635554800000
05042841;635641200000
05030027;636073200000
04962951;636159600000
05316341;636850800000
04978141;637974000000
05013068;638402400000
05056824;638748000000
05022522;639352800000
05037136;639612000000
05056825;639612000000
04993750;639698400000
05076611;640216800000
05143405;640216800000
05108130;640476000000
04995641;640908000000
05100178;641772000000
05129772;642031200000
05025978;642031200000
05028074;643240800000
05158325;643327200000
05044857;643413600000
05011188;643413600000
05005869;643586400000
05080223;644018400000
05050909;644191200000
05096226;644450400000
05078563;644709600000
05082312;645055200000
04998840;645141600000
05137409;645228000000
05015138;645400800000
04993749;645919200000
05037137;646524000000
05029902;646869600000
05074696;647474400000
05078425;647474400000
05045327;647647200000
05052717;647647200000
05058736;647820000000
05096204;647820000000
04997088;648079200000
05028075;648079200000
05015011;648684000000
05054817;648856800000
05069568;649288800000
05056822;649288800000
05102167;649980000000
05167998;650498400000
05022342;650498400000
05058242;650584800000
05613791;650757600000
05076490;651103200000
05029903;651103200000
05112083;651276000000
05114291;651276000000
05000327;651708000000
05171039;651708000000
05096227;651708000000
05066182;651967200000
05165721;653004000000
05022682;654213600000
05056663;654300000000
05078424;654908400000
05054816;654908400000
05153041;655513200000
05226215;655945200000
05063637;656031600000
05080398;656118000000
05120149;656636400000
05088770;657154800000
05123676;657327600000
05104167;657327600000
05141252;658018800000
05104147;658018800000
05067748;658018800000
05051775;658105200000
05286062;658450800000
05178416;659574000000
05156510;660351600000
05114771;660870000000
05106090;660956400000
05087078;661042800000
05119574;661129200000
05127677;662166000000
05104146;662252400000
05141485;662857200000
05106123;663202800000
05093760;663548400000
05141253;663807600000
05074595;664498800000
05202169;664585200000
05135789;664585200000
05116012;665017200000
05098759;665103600000
05066158;665103600000
05127673;665967600000
05092630;666226800000
05087077;666572400000
05118137;667090800000
05129682;667782000000
05152553;668041200000
05145141;668646000000
05095846;670456800000
05087145;670802400000
05197761;671320800000
05135259;671407200000
05150785;672616800000
05114009;672616800000
05110232;673048800000
05072686;673480800000
05123191;674085600000
05165724;674085600000
05156419;674085600000
05143404;674344800000
05088217;674431200000
05219239;674431200000
05174605;674431200000
05102371;675036000000
05199923;675036000000
05090732;675381600000
05149137;675381600000
05238269;675554400000
05120014;675554400000
05171038;675900000000
05251936;676072800000
05242326;676159200000
05178415;677109600000
05156898;677368800000
05165723;677714400000
05100181;678664800000
05183294;679010400000
05098129;679269600000
05116081;679269600000
05186496;679269600000
05209624;679788000000
05242197;680738400000
05120176;680738400000
05090861;681084000000
05197762;681343200000
05150921;681948000000
05211424;682207200000
05123675;682293600000
05178414;683157600000
05222764;683157600000
05183295;683157600000
05190316;683416800000
05098128;684367200000
05154447;684367200000
05183296;685058400000
05118138;685749600000
05261636;686185200000
05209593;686358000000
05224737;686444400000
05186497;687481200000
05246253;687654000000
05169254;687740400000
05149587;687999600000
05296066;688258800000
05213433;688345200000
05195918;688777200000
05161907;688950000000
05215398;690159600000
05401058;690159600000
05195782;690159600000
05190317;690418800000
05240340;690764400000
05219631;691369200000
05174607;691801200000
05253897;692319600000
05221112;692406000000
05186684;692578800000
05174606;692578800000
05288144;693183600000
05234232;694047600000
05294208;694134000000
05246252;694134000000
05275857;694393200000
05228722;694738800000
05219182;695602800000
05437477;695602800000
05219437;695948400000
05267899;696121200000
05209698;696726000000
05230535;697071600000
05181742;697071600000
05265915;697244400000
05211425;697330800000
05199743;697676400000
05165722;697935600000
05205527;698022000000
05180191;698022000000
05265914;698454000000
05232247;699145200000
05213369;699145200000
05203590;700354800000
05238270;700700400000
05244232;700873200000
05193851;700873200000
05222825;700873200000
05284362;701305200000
05213370;701305200000
05284361;701906400000
05205787;701992800000
05222765;701992800000
05199745;702511200000
05277445;702684000000
05207456;702856800000
05275439;702856800000
05249827;703116000000
05248164;703375200000
05237956;703375200000
05192093;703720800000
05160169;703720800000
05232371;704066400000
05269563;704325600000
05213368;704325600000
05261701;705016800000
05251935;705016800000
05203702;705535200000
05213461;705794400000
05290066;706140000000
05249546;706485600000
05217256;706831200000
05248165;707522400000
05232301;708300000000
05306047;708300000000
05226676;708818400000
05193850;708904800000
05320334;709250400000
05286546;711928800000
05193852;712188000000
05236226;712533600000
05238345;712533600000
05222763;712533600000
05427254;713138400000
05234231;713138400000
05186565;713138400000
05246251;714088800000
05348780;714952800000
05360234;715212000000
05439254;715384800000
05308034;715903200000
05334094;717026400000
05299879;717026400000
05338122;717026400000
05351991;717112800000
05277452;717285600000
05829787;717285600000
05284340;717634800000
05286060;717721200000
05253943;717807600000
05403138;718585200000
05411294;719103600000
05259683;719535600000
05273155;719535600000
05248280;720399600000
05277451;721522800000
05297814;722214000000
05340155;722214000000
05407231;722473200000
05306155;722559600000
05290616;722818800000
05330229;724460400000
05449538;725065200000
05324078;725497200000
05441308;725670000000
05295758;726361200000
05285952;726361200000
05275438;726361200000
05330279;726361200000
05375884;726793200000
05251746;726793200000
05279875;727570800000
05273319;728002800000
05332264;729817200000
05360655;729817200000
05324076;730335600000
05417456;730422000000
05328206;730422000000
05399403;730681200000
05375936;731199600000
05513914;731545200000
05333909;731631600000
05415372;732236400000
05334432;732841200000
05325959;733014000000
05413532;733356000000
05375937;733442400000
05350249;734220000000
05326136;734565600000
05437476;734652000000
05359793;734738400000
05308117;735256800000
05273432;735516000000
05299833;735775200000
05388861;736725600000
05346739;737071200000
05403636;737157600000
05408950;737589600000
05820095;737676000000
05299898;737762400000
05482753;738194400000
05433480;738194400000
05391412;738367200000
05301967;738972000000
05281799;739749600000
05413381;740008800000
05516151;740700000000
05338125;740872800000
05349769;740959200000
05393264;740959200000
05403237;741218400000
05421616;741218400000
05433455;741564000000
05439721;741996000000
05407232;742428000000
05419590;742514400000
05303956;743119200000
05427413;743378400000
05348347;743637600000
05435600;743810400000
05405169;743983200000
05407230;743983200000
05346326;743983200000
05364056;744242400000
05447333;745106400000
05362103;745192800000
05333907;745624800000
05366248;745797600000
05478120;745797600000
05397156;746316000000
05441357;746402400000
05421665;746402400000
05382053;747352800000
05387010;748648800000
05471347;748648800000
05395288;748821600000
05387011;749084400000
05490692;749343600000
05454644;749430000000
05375883;749775600000
05425554;750034800000
05361897;750380400000
05376205;750985200000
05379979;751503600000
05417457;751762800000
05445468;751849200000
05595797;751849200000
05328409;752108400000
05370419;752194800000
05445467;752367600000
05410136;752454000000
05378022;753058800000
05454678;753318000000
05491121;753490800000
05575503;753490800000
05422155;753577200000
05507524;755218800000
05419586;755910000000
05547225;755996400000
05433317;756082800000
05339950;756342000000
05358279;756601200000
05480192;757119600000
05358278;757119600000
05597256;757724400000
05427414;757897200000
05407233;758847600000
05413382;759106800000
05405168;759106800000
05350061;759106800000
05466008;759452400000
05417510;759625200000
05413430;759711600000
05368333;759970800000
05524998;760662000000
05351992;760748400000
05340156;760748400000
05356109;761180400000
05452920;761353200000
05417509;761353200000
05586829;761353200000
05419582;761526000000
05431449;761526000000
05549232;762044400000
05679427;762217200000
05435598;762390000000
05429238;762476400000
05503486;762994800000
05358280;763081200000
05433481;763167600000
05429700;763686000000
05405473;763945200000
05393157;764805600000
05383684;764805600000
05722692;764978400000
05393158;765496800000
05468021;765583200000
05829903;765669600000
05570906;767224800000
05876067;767224800000
05375885;767570400000
05496253;768002400000
05445417;768175200000
05472237;768434400000
05695295;768520800000
05472239;768693600000
05489456;768693600000
05382054;768693600000
05398971;768693600000
05527069;769644000000
05494366;769730400000
05542708;769730400000
05641550;770421600000
05499847;770853600000
05411293;770940000000
05573276;770940000000
05405010;771026400000
05433546;771026400000
05520990;771199200000
05536044;771458400000
05407512;771544800000
05605730;771631200000
05736210;771631200000
05543190;771717600000
05544920;772063200000
05456496;772063200000
05509746;772236000000
05458374;772236000000
05409340;772754400000
05566980;772840800000
05626367;774223200000
05653470;775000800000
05511825;775173600000
05487566;775432800000
05540512;775951200000
05432687;776037600000
05472288;776037600000
05462007;777160800000
05607246;777852000000
05447334;778111200000
05553891;778111200000
05580097;778284000000
05456497;778975200000
05524930;779061600000
05503487;779061600000
05538135;779320800000
05489121;779320800000
05562309;779925600000
05734129;780271200000
05503488;780534000000
05577918;780620400000
05445416;780706800000
05556134;781484400000
05431973;782348400000
05474332;782348400000
05636869;782521200000
05575504;782607600000
05787617;782694000000
05672104;782953200000
05595798;783385200000
05518409;784162800000
05570907;784767600000
05522732;784767600000
05622384;785026800000
05460414;785113200000
05437514;785113200000
05501171;785545200000
05503102;785545200000
05634668;785545200000
05558454;786236400000
05468085;786322800000
05601312;786322800000
05462006;786322800000
05538287;786582000000
05566979;786582000000
05489120;786582000000
05597183;786668400000
05498089;786754800000
05474333;787186800000
05484054;787359600000
05464253;787791600000
05472364;787791600000
05620207;788050800000
05549203;789174000000
05593184;789174000000
05499846;789865200000
05470109;789865200000
05975575;789865200000
05580098;789951600000
05951051;790383600000
05630626;790383600000
05518274;791420400000
05636872;791593200000
05601313;792025200000
05613711;792889200000
05540462;793321200000
05472238;793926000000
05599048;794271600000
05476336;794444400000
05634666;794703600000
05658014;794790000000
05727817;795049200000
05622386;795135600000
05622387;795222000000
05560652;795222000000
05655866;795654000000
05520544;796255200000
05489123;796600800000
05667210;797205600000
05906397;797205600000
05595401;797205600000
05531481;797810400000
05626366;798156000000
05533758;798156000000
05653333;798328800000
05697648;798328800000
05575506;798415200000
05605426;798501600000
05577459;798674400000
05632225;798933600000
05533757;799020000000
05524929;799365600000
05490739;799624800000
05836615;800056800000
05695218;800229600000
05620206;800834400000
05626365;801266400000
05605354;801525600000
05593749;801525600000
05599128;801698400000
05540513;801784800000
05501540;801957600000
05733087;802044000000
05639123;802303200000
05570964;802303200000
05792535;802303200000
05791689;802389600000
05735625;802476000000
05501490;802476000000
05553959;802476000000
05713606;802908000000
05813700;803512800000
05704724;803685600000
05713604;804290400000
05673942;804290400000
05611573;804463200000
05590910;804722400000
05702126;805413600000
05692866;805672800000
05579908;806536800000
05515972;806709600000
05651628;807055200000
05529418;807141600000
05575505;807919200000
05797631;808092000000
05772349;808437600000
05586786;808956000000
05722694;808956000000
05697646;808956000000
05632566;808956000000
05725196;809128800000
05662447;809301600000
05874142;809560800000
06112201;809647200000
05660514;810424800000
05634732;810424800000
05636868;810511200000
05702127;810770400000
05620271;810943200000
05642906;811202400000
05709549;811461600000
05776571;811548000000
05618061;811634400000
05610770;811720800000
05622385;813884400000
05816730;814143600000
05671951;814575600000
05736212;815180400000
05716075;815698800000
05599044;815785200000
05603528;816217200000
05590972;816217200000
05636957;816390000000
05590909;817081200000
05627562;817340400000
05857705;817513200000
05683194;818204400000
05730284;818636400000
05685569;818636400000
06076989;818722800000
05873601;820018800000
05672030;820537200000
05830550;820796400000
05683111;821314800000
05672105;821314800000
05884765;821314800000
05967556;821746800000
05746450;821833200000
05584387;822006000000
05678943;822265200000
06231943;822351600000
06116650;822351600000
05626368;822438000000
05727894;822870000000
05752589;823647600000
05799978;824079600000
05722691;824770800000
05979942;825462000000
05713743;825462000000
05732976;825894000000
06039354;826153200000
05713683;826153200000
05797630;826239600000
05794980;827103600000
05749666;827103600000
05676399;827190000000
05634667;827190000000
05887902;827276400000
05720564;827362800000
05749567;827881200000
05683112;828396000000
05709409;829087200000
05833271;830124000000
05678861;830124000000
05782494;830210400000
05772247;830383200000
05725251;831074400000
05711627;831506400000
05685530;831679200000
05725254;831938400000
05713551;831938400000
05722783;832024800000
05846623;832197600000
05911442;832284000000
05823573;832543200000
05941451;833148000000
05653471;833839200000
05837337;834357600000
06007895;834616800000
05697518;835048800000
05676482;835308000000
05661918;835912800000
05997042;835912800000
05735544;836172000000
05868581;836863200000
05788283;837036000000
05725252;837036000000
05887899;837122400000
05727816;837381600000
05649799;837468000000
05882038;837554400000
05709494;837640800000
05791690;837727200000
05833082;837986400000
05667064;838072800000
05785444;838159200000
05827003;838332000000
05829790;838591200000
05845941;838764000000
05752720;838936800000
05836710;839196000000
05863628;839455200000
05804271;839455200000
05766716;839455200000
05692848;839541600000
05599045;839628000000
05785445;839800800000
05749667;839973600000
05779423;840060000000
05743566;840146400000
05797625;840751200000
05752721;841010400000
05842720;841788000000
05692849;841874400000
05738460;841960800000
05676400;842220000000
05746637;842392800000
05897144;842392800000
05709496;842824800000
05672022;842911200000
06030163;843170400000
05765872;843170400000
05671950;843688800000
05681199;844034400000
05800238;844034400000
05931506;844120800000
05795090;844639200000
05823572;844725600000
05947524;844898400000
05851031;844984800000
05816618;844984800000
05795089;845330400000
05887904;845330400000
05690220;845416800000
05890774;845589600000
05866219;846630000000
05890741;846716400000
05685568;847062000000
05769477;847321200000
05713605;847321200000
05850914;847407600000
05682990;847407600000
05674021;847407600000
05823574;847753200000
05725250;847926000000
05732977;848271600000
05785446;848271600000
05873513;848876400000
05704646;848876400000
05788286;848876400000
05967555;849567600000
05876143;849654000000
05921584;849740400000
05669635;849826800000
06705941;850431600000
05848851;850431600000
05720497;850431600000
05799979;850690800000
05857797;850777200000
05876144;850863600000
05924738;850950000000
06357798;852246000000
05800659;852505200000
05762375;853369200000
06110551;853369200000
05876010;853974000000
05836098;854665200000
05758902;854924400000
05918906;854924400000
06526906;855183600000
05772020;855270000000
05992887;855529200000
06000722;855615600000
05931505;855615600000
05897141;855615600000
05893586;855874800000
06103332;856220400000
06089611;856306800000
05911441;856479600000
05743565;856479600000
06015166;856738800000
05741028;856825200000
05806894;857084400000
05895023;857343600000
05827103;857602800000
05836614;858294000000
05799980;858553200000
05842721;858639600000
05924812;858639600000
05871237;858726000000
05901982;858726000000
06108952;859330800000
05967690;859932000000
05921693;859932000000
05761753;860104800000
05988404;860364000000
05951298;860623200000
05876145;860709600000
05908207;860968800000
05947525;861314400000
05975577;861660000000
05893585;861746400000
05908258;861832800000
05713684;862178400000
06186935;862264800000
05820383;862351200000
05848809;862524000000
05913540;863388000000
06050603;863474400000
05765875;863647200000
05887900;864684000000
06139209;864684000000
05976014;864770400000
05948494;864856800000
05901983;864943200000
05803743;865202400000
05938242;865202400000
05855395;865288800000
05924736;865461600000
05899501;865807200000
05833509;865980000000
05765873;866498400000
06010158;866584800000
05915730;866584800000
05782349;866757600000
05967558;867103200000
05887839;867103200000
05865469;867189600000
05839762;867362400000
06079614;867880800000
05806893;868312800000
06045880;868312800000
05908259;868485600000
05897934;869004000000
05887901;869436000000
05904373;869522400000
05947523;869695200000
05836711;870040800000
05941570;870127200000
05906448;870213600000
05951190;870386400000
06361236;870904800000
05918907;870991200000
06099043;870991200000
05913539;871336800000
05895165;871336800000
06047990;871423200000
05988685;871423200000
06027140;871509600000
06024043;871596000000
06113297;871855200000
05909897;871941600000
05868099;872460000000
05882135;872460000000
06059316;872546400000
05904374;872719200000
06010106;872805600000
05980181;873151200000
05915873;873237600000
06174120;873324000000
05979940;873669600000
05988684;873669600000
06000724;873756000000
05941569;874015200000
05868539;874015200000
06076990;874533600000
06010156;875052000000
05857706;875138400000
05984560;875224800000
05962087;875224800000
05988926;876088800000
06024385;876175200000
06224106;876693600000
05876131;876780000000
05909898;876780000000
06086105;876780000000
05941571;876866400000
05873602;877039200000
06089609;877557600000
06027780;877906800000
06129386;877993200000
05972455;878598000000
05967404;879894000000
06000723;879894000000
05967874;880066800000
05961149;880066800000
05918905;880326000000
06481127;880498800000
05915729;880498800000
06158777;880498800000
06368005;880498800000
05853259;881017200000
05971650;881017200000
06207248;882399600000
05944577;882486000000
05975580;882745200000
06126201;884041200000
06155738;884300400000
05944351;884559600000
05967689;884646000000
05992886;884818800000
06045159;885682800000
05944357;886028400000
05964544;886114800000
06142721;886114800000
05909979;886114800000
06210172;886374000000
06189689;886460400000
05951358;886546800000
05938241;886546800000
06012866;887151600000
06055036;887324400000
06190747;887842800000
06019339;887842800000
06024825;887929200000
05944352;887929200000
06036229;888188400000
05951189;888274800000
06072980;888447600000
05909899;888447600000
06004061;889052400000
06019539;889138800000
06086281;890089200000
05988687;890866800000
06045160;890866800000
05947522;890953200000
06082769;890953200000
05993099;891208800000
06061943;891295200000
06073966;891554400000
06039495;891554400000
05954518;891554400000
06007103;891813600000
05895305;891900000000
06045161;891900000000
06071030;892072800000
05964480;892159200000
06171008;892504800000
06113298;892591200000
05984361;892677600000
06056321;892764000000
06089608;893196000000
06106302;893282400000
05971145;893368800000
06059478;893368800000
06220327;893628000000
06416083;893887200000
06059317;893887200000
06224107;894232800000
06299530;894319200000
05988686;894405600000
05911383;894837600000
06053684;894837600000
06361078;895183200000
06964016;895528800000
06019540;896652000000
06000873;896997600000
06039494;897256800000
05997043;897256800000
05921579;897343200000
06267412;897429600000
06273374;897516000000
05975578;897948000000
06057019;898466400000
06024384;898552800000
06135844;899157600000
06059504;899330400000
05947521;899676000000
06349969;900280800000
06250867;900885600000
05913541;900972000000
05916280;901231200000
06183157;901576800000
05944353;901576800000
05961150;901663200000
06065778;902700000000
06095565;902700000000
06003901;903391200000
06139063;903391200000
06010157;903650400000
06079748;903909600000
05997207;903996000000
06024508;904255200000
06106014;904255200000
06082771;904255200000
06070909;905205600000
06481752;905378400000
06017164;905810400000
05957501;905983200000
06435559;906069600000
06109656;906069600000
06086106;906069600000
06213668;906328800000
06056492;906501600000
06099188;906501600000
06179333;906933600000
06089607;907106400000
06283433;907279200000
06030140;907711200000
06248414;907797600000
06098325;908229600000
06189936;908402400000
06306476;908834400000
06123362;909356400000
06186690;910047600000
06257621;910047600000
06068423;910566000000
06036395;910911600000
06514585;910911600000
06017062;911170800000
06004060;911170800000
06205947;911257200000
06135503;911257200000
06045285;911430000000
06132127;911775600000
06196750;912380400000
06196591;912466800000
06109205;912639600000
06179337;913071600000
06042291;913330800000
06409409;913676400000
05975576;913762800000
06169876;913849200000
07517168;913849200000
06322867;913935600000
06012594;914281200000
06126202;914367600000
06170791;914367600000
06347811;914367600000
06036231;915058800000
06210065;916354800000
06329034;916614000000
05997041;916786800000
06352286;916959600000
06168338;917305200000
06199359;917564400000
06161868;917564400000
06068299;918082800000
06106015;918082800000
06453589;918514800000
05971340;919983600000
06279956;920242800000
06386501;920242800000
06419543;920415600000
06338503;920588400000
06217443;921106800000
06413604;921106800000
06056323;921625200000
06091333;921798000000
06142530;922230000000
06109812;922402800000
06179334;922658400000
06120063;922917600000
06357952;923522400000
06158776;924213600000
06135662;924818400000
06155737;925423200000
06126354;925682400000
06109658;925768800000
06068300;925941600000
06200056;926028000000
06286871;926460000000
06099189;926460000000
06220775;926632800000
06422875;926632800000
06164859;926892000000
06217074;926978400000
06478337;927064800000
06234533;927237600000
06186555;927583200000
06962371;927842400000
06142529;928188000000
06106016;928360800000
06367842;929397600000
06422797;929397600000
06179332;929484000000
06250834;929484000000
06316081;929570400000
06139210;929570400000
06213669;929656800000
06095564;930175200000
06305714;930866400000
06332630;930866400000
06371520;930866400000
06045158;930866400000
06361636;931384800000
06056494;931471200000
06120228;931903200000
06290261;931989600000
06264243;932508000000
06089777;932940000000
06213670;932940000000
06241414;932940000000
06206602;933026400000
06068298;933026400000
06334631;933026400000
06206425;933112800000
06082770;933112800000
06155469;933285600000
06142696;933890400000
06210248;934322400000
06149201;934408800000
06547914;934495200000
06179335;934840800000
06386784;935445600000
06206427;935532000000
06241285;935532000000
06106018;935704800000
06286752;936741600000
06155602;936828000000
06109657;937000800000
06234701;937173600000
06161979;937173600000
07350820;937173600000
06244627;937346400000
06168340;937346400000
06613410;938037600000
06062387;938124000000
06276887;938469600000
06209917;938556000000
06773034;938642400000
06331017;938642400000
06108953;938988000000
06116804;939074400000
06186551;939679200000
06656555;939765600000
06340178;939938400000
06161870;940456800000
06179509;941410800000
06202839;941410800000
06419275;941583600000
06209919;942015600000
06224955;942015600000
06328338;942361200000
06273630;942706800000
06261021;942706800000
06132216;942966000000
06116652;943225200000
06082772;943311600000
06390712;943570800000
06363851;943830000000
06435562;943916400000
06543379;943916400000
06267236;944002800000
06505858;944175600000
06406244;944434800000
06644695;945039600000
06431780;945126000000
06145882;945126000000
06213702;945212400000
06196748;945385200000
06149200;945385200000
06179508;945644400000
06299119;945817200000
06158778;945817200000
06179336;947458800000
06322033;947545200000
06390434;947804400000
06257623;948150000000
06505859;948150000000
06705793;948322800000
06322272;948409200000
06484425;948409200000
06273470;948409200000
06419493;948754800000
06183158;949014000000
06234534;949273200000
06447196;949273200000
06135663;949532400000
06139064;949532400000
07306262;949618800000
06403189;949878000000
06302443;949878000000
06247729;950223600000
06131952;950482800000
06328307;950742000000
06116651;950742000000
06511097;950742000000
06401649;950828400000
06290421;950828400000
06247730;951346800000
06241286;951433200000
07055862;951692400000
06347810;952297200000
06203230;952470000000
06254136;952556400000
06749916;952642800000
06715796;952902000000
06666610;953161200000
06431779;953247600000
06558062;953506800000
06354631;953679600000
06149205;953852400000
06364360;954280800000
06276722;954280800000
06206426;954453600000
07266502;954453600000
06843505;954885600000
06360889;955058400000
06186552;955490400000
06450535;956008800000
06170877;956095200000
06511245;956268000000
06390714;956613600000
06340530;956872800000
06412819;956872800000
06217077;956872800000
06189932;957304800000
07021852;957304800000
06499766;957823200000
06451397;958428000000
06428260;958687200000
06416082;959032800000
06254135;959032800000
06390015;959119200000
06435753;959637600000
06736563;959724000000
06361075;959810400000
06273660;959810400000
06293591;960156000000
06309130;960328800000
06257622;960415200000
06474693;960501600000
07118134;960847200000
06435092;960847200000
06447862;960933600000
06220632;961711200000
07347453;962143200000
06769829;962316000000
06547283;962920800000
06722309;962920800000
06613178;963352800000
06308988;963871200000
06287038;964044000000
06499903;964735200000
07066494;964735200000
06305893;964735200000
06626755;964994400000
06364362;964994400000
06273471;965080800000
06352048;965167200000
06682798;965167200000
06217075;965340000000
06752427;965599200000
06371680;965599200000
06467808;965599200000
06572150;965944800000
06234535;966549600000
06357796;966549600000
06402132;966808800000
06382864;967672800000
06398474;967672800000
06213517;967759200000
06508900;968191200000
06537407;968191200000
06312183;968191200000
06663331;968364000000
06270120;968709600000
06267413;968709600000
06213516;968709600000
06601874;969314400000
06447013;969314400000
06527465;970178400000
06419274;970437600000
06682247;970696800000
06379070;970783200000
06692208;970783200000
06746051;971128800000
06659506;971128800000
06322106;971215200000
06315484;971301600000
06626601;971388000000
06559970;972252000000
06439611;972338400000
06349973;972511200000
06336665;972946800000
06479126;973033200000
06386591;973033200000
06626602;973724400000
06390713;974070000000
06729790;974070000000
07077596;974415600000
07055861;974415600000
06764242;974761200000
06739816;975020400000
06478336;975884400000
06394729;976230000000
06402523;977094000000
06371679;977094000000
07487999;977439600000
06493969;978649200000
06561547;978649200000
06450399;978649200000
06663310;978649200000
06409447;978994800000
06270932;979599600000
06270935;979599600000
06290796;979686000000
06547472;979772400000
06357797;979772400000
06279957;979858800000
06431606;980463600000
06540260;980463600000
06629800;981068400000
06565278;981068400000
06666641;981327600000
06450819;981673200000
06616457;982018800000
06485060;982623600000
06866459;983142000000
06364559;983487600000
06541090;983487600000
06482283;983746800000
06478154;983833200000
06572302;983919600000
06325419;984351600000
06394500;984438000000
06349970;984438000000
06739785;984610800000
06599074;984956400000
07264278;985557600000
06347812;985903200000
06746052;986162400000
06808104;986853600000
06443301;987717600000
06364361;988322400000
06419416;988322400000
06752578;988581600000
06686014;988754400000
06733043;988840800000
06558099;988840800000
06439612;989445600000
06550417;989791200000
06994377;989877600000
06617000;989877600000
06669392;990482400000
06769717;990482400000
06513836;990741600000
06623039;990741600000
06483697;991087200000
06394497;991864800000
06576315;991951200000
06660119;991951200000
06454307;992296800000
07045199;992469600000
06416243;992988000000
06390507;992988000000
06364560;993420000000
06688648;993420000000
06861140;993592800000
06523858;993765600000
06698797;993765600000
06607215;994111200000
06382863;994284000000
06865837;994370400000
06449886;994629600000
06435560;994975200000
06543615;995234400000
06578873;995407200000
06779939;995407200000
06572151;995839200000
06659508;995925600000
06517407;996098400000
06565688;996616800000
06758621;996789600000
06536803;997221600000
06698796;997221600000
06386589;997394400000
06558063;997394400000
07077435;997912800000
06817516;997912800000
06439614;997912800000
06652178;998258400000
06685415;999208800000
06581970;999208800000
06730185;999640800000
06540517;1000072800000
06641170;1001541600000
07040665;1002664800000
06942413;1003269600000
06742809;1003701600000
06764101;1004914800000
06779814;1004914800000
06983932;1005174000000
07029034;1005174000000
06948897;1005174000000
06672622;1005606000000
07086667;1005606000000
06843473;1006124400000
06557897;1006210800000
06702331;1006210800000
06508488;1006297200000
06406208;1006902000000
06910717;1006902000000
06746050;1007334000000
06874968;1007334000000
06986630;1007679600000
06527300;1008543600000
06641171;1008802800000
06691442;1009407600000
06736428;1009926000000
06641172;1010358000000
06669235;1010444400000
06499767;1010703600000
06659676;1010703600000
06695518;1010962800000
06752429;1012518000000
06682248;1013036400000
06550812;1013727600000
06637774;1014073200000
06488433;1014332400000
06742812;1014332400000
06726251;1014678000000
06655868;1015369200000
06749228;1015542000000
06837521;1015801200000
06692029;1016751600000
06644882;1016751600000
06764241;1017698400000
06899504;1018476000000
06607216;1019080800000
06851822;1019772000000
06773195;1020722400000
06695519;1020722400000
06712396;1021932000000
06494759;1022191200000
06910894;1022191200000
07004507;1023141600000
06663311;1023228000000
06688785;1023400800000
07232157;1024264800000
06702330;1024351200000
06742811;1024610400000
06644694;1025474400000
06725588;1025560800000
06729653;1025560800000
06945564;1025647200000
06739626;1026079200000
06742810;1026165600000
06685226;1026424800000
06821182;1026684000000
06793251;1027288800000
06644697;1028498400000
06796738;1029362400000
06840375;1029362400000
06749229;1029967200000
07077597;1031090400000
06719475;1031522400000
06938931;1031781600000
06854915;1032127200000
06712398;1032472800000
06805237;1033336800000
06994215;1033941600000
06796426;1034114400000
07311336;1034114400000
06997480;1034632800000
06969091;1034719200000
06869654;1037142000000
06752428;1037314800000
06899541;1037919600000
07354071;1038351600000
RE038748;1038783600000
06808208;1039993200000
07290365;1040166000000
06612771;1040943600000
06926307;1041289200000
06896294;1041807600000
06955493;1041980400000
06666608;1044831600000
07398611;1044918000000
06672621;1045695600000
07134822;1047250800000
07478964;1047423600000
06975832;1047510000000
07090252;1048028400000
07051463;1048114800000
07267857;1048201200000
07052045;1048806000000
06779789;1049061600000
06761498;1049234400000
07448650;1049752800000
06793188;1049752800000
07096544;1050098400000
06962457;1050444000000
07284739;1050530400000
06902197;1050962400000
06913290;1050962400000
06974158;1052431200000
06871428;1053986400000
07055682;1054159200000
06909089;1054245600000
07165788;1054850400000
06764100;1055282400000
06767152;1055282400000
07063477;1055368800000
06739784;1055455200000
07252452;1055714400000
06969092;1056319200000
06932534;1056664800000
07520080;1057701600000
06776437;1057788000000
06883769;1057788000000
07077595;1059084000000
06951352;1059688800000
06966721;1059688800000
06929526;1060120800000
07025381;1061503200000
07017878;1062021600000
07021853;1062108000000
07144044;1063749600000
07008134;1064527200000
07246981;1064786400000
07201528;1064872800000
07140137;1064959200000
06902340;1065564000000
07192061;1066255200000
06902196;1067814000000
06964433;1068073200000
07478837;1068418800000
06910718;1069974000000
06932400;1070319600000
07047683;1070492400000
07300222;1070838000000
07037021;1070924400000
06923590;1071702000000
07763179;1071788400000
07234886;1072652400000
06926306;1072998000000
06964537;1073257200000
07093857;1074639600000
07147397;1075417200000
07320554;1075417200000
06889951;1075676400000
07137752;1076367600000
06895888;1076454000000
06942414;1076540400000
07237756;1076626800000
07325836;1077231600000
06974157;1077490800000
06846531;1077577200000
07320481;1078959600000
07125049;1080597600000
07328790;1080684000000
07661900;1080684000000
07316085;1080770400000
07121587;1081980000000
06905140;1082325600000
07316421;1083016800000
07387461;1084226400000
07568853;1084399200000
06971815;1085522400000
07140643;1085695200000
07770933;1086040800000
07393017;1086127200000
07275769;1087941600000
07040051;1088719200000
07004441;1089237600000
07413364;1090360800000
07488000;1090792800000
06935659;1092952800000
07281877;1092952800000
07441977;1093298400000
07320400;1094767200000
07234288;1095026400000
07490860;1095372000000
07168672;1095717600000
07201402;1097186400000
07396049;1098223200000
07354070;1098396000000
07726695;1098741600000
07648173;1098914400000
07438321;1099350000000
07237805;1100041200000
07059637;1100905200000
06994052;1101078000000
07422435;1101942000000
07661715;1102287600000
06997481;1102633200000
07794191;1103065200000
06940377;1103583600000
07373748;1103583600000
07621795;1104966000000
07240887;1106175600000
07618065;1107212400000
07832771;1107471600000
07648172;1109286000000
07658415;1109458800000
07791751;1109545200000
07665924;1110841200000
07469930;1110841200000
07463144;1111100400000
07443292;1111100400000
07789430;1113948000000
07748747;1115589600000
07588268;1115848800000
07374143;1116540000000
07360960;1117058400000
07690608;1118095200000
07290801;1119218400000
07568734;1119391200000
RE041746;1121896800000
07277241;1121983200000
07823926;1122847200000
07465057;1123192800000
07634094;1124661600000
07841626;1125352800000
07658416;1126044000000
07357421;1126216800000
07334819;1126562400000
07735005;1128376800000
07258367;1130104800000
07503539;1130713200000
07319417;1132268400000
07478965;1132614000000
07654577;1132700400000
07121588;1135897200000
07399136;1136502000000
07537192;1138230000000
07257851;1138748400000
07607699;1139871600000
07776788;1140044400000
07717638;1140130800000
07703808;1141081200000
07704586;1141686000000
07316517;1142550000000
07735872;1144015200000
07744325;1145829600000
07571935;1150927200000
07682216;1151532000000
07793986;1155679200000
07717639;1160517600000
07762589;1161122400000
07717468;1164841200000
07614837;1164927600000
07673908;1170198000000
07510215;1172012400000
07475654;1173913200000
07806617;1176156000000
07744128;1177884000000
07823927;1180994400000
07607463;1181512800000
07441358;1184536800000
07354232;1186092000000
07654576;1190757600000
07758077;1190757600000
07578257;1190930400000
07670075;1191362400000
07766390;1193612400000
07661716;1193612400000
07445246;1196118000000
07802820;1202166000000
07699352;1204585200000
07614815;1208469600000
07673406;1212530400000
07713016;1213221600000
07654575;1218664800000
07806263;1222120800000
07753411;1229382000000
07819432;1235516400000
07802387;1237503600000
07628426;1239141600000
07798530;1265583600000
