04032992;-6570000000
03870555;34383600000
03902846;40950000000
03991449;45270000000
03863368;72918000000
03866326;82594800000
03923583;98492400000
03879169;103849200000
03886990;104367600000
03881265;107132400000
03881041;112489200000
03888395;114303600000
03913878;114908400000
03944388;118450800000
03933274;118969200000
03874043;118969200000
03881264;119660400000
03921317;120438000000
03861663;121647600000
03905472;122598000000
03869815;126486000000
03879869;126745200000
03859742;127609200000
03899808;128041200000
03900280;128559600000
03869816;128732400000
03869817;128905200000
03928660;131065200000
03950868;133398000000
03908294;134002800000
03881266;137631600000
03872613;137718000000
03896572;138236400000
03911603;138927600000
03949574;139014000000
03862503;139100400000
03885333;139618800000
03934365;140655600000
03969607;140742000000
03878628;140828400000
03905138;140914800000
03926392;141606000000
03879868;142038000000
03972768;142470000000
03865285;142470000000
03914834;143247600000
03902261;143679600000
03877161;143766000000
03930325;143852400000
03882616;144457200000
03893401;145494000000
03878629;146962800000
03909964;147049200000
03938267;147394800000
03967802;147481200000
03913248;147654000000
03878627;147913200000
03908293;148777200000
03896573;148863600000
03914887;150332400000
03889406;150332400000
03922804;150591600000
03922765;152233200000
03906647;152406000000
03924343;153010800000
03916546;153961200000
03997759;153961200000
04077143;154652400000
03903625;154911600000
03919793;155862000000
03906648;156639600000
03949499;156639600000
04037640;157244400000
03911604;159404400000
03906187;160786800000
03961430;163378800000
03957068;163638000000
03951369;163810800000
03979846;165106800000
04035878;167266800000
03986282;167871600000
03927298;167871600000
03934525;168044400000
03976020;168822000000
03965588;169686000000
04029935;169772400000
03962805;169945200000
03982345;170031600000
04000569;170377200000
04041861;170895600000
04048471;171673200000
03942272;172105200000
03964186;173055600000
03977103;174092400000
03986281;174697200000
03955722;174697200000
03950867;175302000000
03979844;175388400000
03990163;175734000000
03950869;175906800000
03964185;175993200000
03968581;176338800000
03949500;178326000000
03978905;178844400000
04050173;179017200000
04058215;181522800000
04002046;182473200000
04023488;183164400000
03988490;185410800000
04016822;185670000000
03983644;186793200000
04053967;188002800000
04030220;189039600000
04021943;193878000000
04030962;194137200000
03990164;195692400000
04017988;197676000000
04097968;197676000000
04016663;201477600000
04043062;201909600000
04026445;202428000000
04079529;205538400000
04057918;205970400000
04078323;206229600000
04043270;207525600000
04010562;208044000000
04098205;209167200000
04031638;209340000000
04147022;212191200000
04078525;213404400000
04070773;213490800000
04031639;215132400000
04091551;215305200000
04067349;216860400000
04045894;217465200000
04120740;217638000000
04063376;221698800000
04079528;222649200000
04104814;223599600000
04109136;223858800000
04101729;223858800000
04106852;225414000000
04117612;226018800000
04139661;226710000000
04122615;229557600000
04089128;229557600000
04085532;231458400000
04086714;231631200000
04102065;232581600000
04115935;232581600000
04163331;234482400000
04130955;235260000000
04158128;235605600000
04163896;236383200000
04149328;237420000000
04149327;237420000000
04125953;237679200000
04145796;239320800000
04219724;239839200000
04144660;239925600000
04178705;240616800000
04143476;241394400000
04106227;244681200000
04137655;245372400000
04130954;245372400000
04151665;245890800000
04158896;246150000000
04162885;247705200000
04104815;248050800000
04175343;249260400000
04107860;249778800000
04156399;249865200000
04164083;250297200000
04197664;253753200000
04128953;254358000000
04297155;255308400000
04158265;255567600000
04209921;255913200000
04189856;256950000000
04154010;257036400000
04238665;257036400000
04196340;258246000000
04137656;258591600000
04202569;259455600000
04191793;264204000000
04229890;264895200000
04206916;264895200000
04179830;265932000000
04206340;266709600000
04189855;267141600000
04261120;267141600000
04190974;267228000000
04166331;267228000000
04155182;267660000000
04187627;269128800000
04190762;269474400000
04180928;269474400000
04243470;270079200000
04203026;271288800000
04178344;271980000000
04233763;272498400000
04202190;273880800000
04232460;274312800000
04292748;275004000000
04197663;275176800000
04213547;276303600000
04274214;276303600000
04260873;277513200000
04213258;277945200000
04170835;278290800000
04268982;278809200000
04195428;279154800000
04259796;279759600000
04194312;281574000000
04240217;282178800000
04228603;284598000000
04274215;284684400000
04322900;284770800000
04233762;285462000000
04236330;285462000000
04219948;286412400000
04255886;287362800000
04222326;288918000000
04313269;289695600000
04277901;291250800000
04422251;293061600000
04283868;297036000000
04231157;299973600000
04245413;300319200000
04275515;301874400000
04197621;303688800000
04265039;304207200000
04274270;307580400000
04288934;308962800000
04301853;309394800000
04299521;309481200000
04366367;311468400000
04244124;311554800000
04247998;312678000000
04302895;313023600000
04315645;313628400000
04280290;315183600000
04285608;316652400000
04335594;316998000000
04312501;316998000000
04296560;318034800000
04313268;319849200000
04335533;321490800000
04300296;322354800000
04343103;322700400000
04277900;323650800000
04317301;327016800000
04322901;328226400000
04346826;331768800000
04345391;331941600000
04351457;332114400000
04352252;333237600000
04327510;333583200000
04371102;334533600000
04349137;335052000000
04347428;335138400000
04285145;336002400000
04366366;336952800000
04345389;337816800000
04365732;338162400000
04357519;338421600000
04372065;338421600000
04430553;339894000000
04388743;341017200000
04366596;341017200000
04424908;341535600000
04349240;342658800000
04345390;342918000000
04388141;344646000000
04378646;344818800000
04384533;348102000000
04388750;348188400000
04382343;348706800000
04375197;349916400000
04377045;351817200000
04414765;353026800000
04451997;354751200000
04438577;356565600000
04389795;356565600000
04432149;356652000000
04415796;357775200000
04433231;357775200000
04423894;357948000000
04333252;359330400000
04399624;360453600000
04378645;360972000000
04398364;363909600000
04423561;364687200000
04360984;365032800000
04411208;365724000000
04441267;366933600000
04427139;368056800000
04414766;368143200000
04409749;368748000000
04471541;369352800000
04462173;370479600000
04437246;371257200000
04411082;371343600000
04411083;372294000000
04418486;372985200000
04417409;373244400000
04430814;373244400000
04430815;373503600000
04462174;374454000000
04459771;377132400000
04447972;377218800000
04464853;377391600000
04386993;378514800000
04433497;378946800000
04480556;379897200000
04489511;384044400000
04454668;384044400000
04457087;384044400000
04535230;387151200000
04437247;388706400000
04501529;389311200000
04498254;389570400000
04475673;391730400000
04434566;391816800000
04432150;392421600000
04480742;393717600000
04542602;394322400000
04422250;395272800000
04459770;395272800000
04484399;397346400000
04471542;399506400000
04585510;400456800000
04446968;401061600000
04428133;401666400000
04485573;401929200000
04442616;402188400000
04471543;402188400000
04525909;402188400000
04483323;405558000000
04485571;405558000000
04487196;405558000000
04524263;407458800000
04499677;407631600000
04488365;407977200000
04485574;412470000000
04496826;414025200000
04532411;416185200000
04495879;417049200000
04495714;419032800000
04517757;419205600000
04494344;419810400000
04524889;420328800000
04543739;420933600000
04660814;422488800000
04616122;422661600000
04532412;425080800000
04490930;427932000000
04493160;427932000000
04555377;430524000000
04514918;431215200000
04501080;431301600000
04527346;432338400000
04479313;432511200000
04479314;432511200000
04479315;432511200000
04480398;432511200000
04485572;432511200000
04473961;432511200000
04523079;432856800000
04565020;433465200000
04601937;435193200000
04539734;435366000000
04519151;436662000000
04542601;437612400000
04484400;440722800000
04475729;441586800000
04525942;442191600000
04642924;442537200000
04536978;443833200000
04520257;443919600000
04536641;443919600000
04535556;446252400000
04536977;448671600000
04629178;449186400000
04530294;450050400000
04535921;451000800000
04686352;451864800000
04548848;452383200000
04571863;453420000000
04549366;453938400000
04599814;455148000000
04574503;455234400000
04620382;455320800000
04615759;456962400000
04553343;457567200000
04571483;459986400000
04550514;460591200000
04565021;460591200000
04577424;462146400000
04607589;462578400000
04538370;462751200000
04561177;463960800000
04614049;464911200000
04571862;464997600000
04546560;467247600000
04565019;467247600000
04571864;468457200000
04578884;468630000000
04627181;470271600000
04634836;471049200000
04644639;472431600000
04567679;473986800000
04688340;474678000000
04594801;475282800000
04586278;476492400000
04642921;478479600000
04611419;478738800000
04603494;479689200000
04692588;481500000000
04636613;481932000000
04699686;482968800000
04554752;483228000000
04637147;483660000000
04682551;483660000000
04586276;483832800000
04583260;484783200000
04562655;486079200000
04640028;486079200000
04621003;486684000000
04557062;486943200000
04606458;487202400000
04642923;487288800000
04644629;488412000000
04634030;489362400000
04594800;489967200000
04719334;489967200000
04612717;490485600000
04590695;490572000000
04665637;491176800000
04660308;491436000000
04625440;491436000000
04578885;491436000000
04602446;491436000000
04647487;491781600000
04586277;492818400000
04598488;493855200000
04616434;494632800000
04584747;494805600000
04671001;498178800000
04709373;500252400000
04677774;501116400000
04651453;501116400000
04669207;501289200000
04633604;502326000000
04642922;502671600000
04774395;503622000000
04677773;503881200000
04978414;504831600000
04682429;504831600000
04645101;505609200000
04656763;505695600000
04635388;507250800000
04688335;509065200000
04665638;509842800000
04658522;509929200000
04658521;510447600000
04723367;511138800000
04646451;513554400000
04810855;513813600000
04787157;514418400000
04711010;515973600000
04894276;516578400000
04685229;516924000000
04658520;518220000000
04660307;518306400000
04715320;518652000000
04779539;518997600000
04677775;518997600000
04685230;519602400000
04716276;520725600000
04727608;522885600000
04689905;522885600000
04763600;523576800000
04727240;524095200000
04802662;525996000000
04744160;526687200000
04729181;528332400000
04745694;529023600000
04751786;530838000000
04780973;530838000000
04782608;531702000000
04747222;532911600000
04688339;533170800000
04803342;533948400000
04862609;535676400000
04748755;536194800000
04754620;536281200000
04726130;536540400000
04799321;537750000000
04980981;541378800000
04726293;541638000000
04760658;541638000000
04779300;542242800000
04782609;542588400000
04756103;542588400000
04715914;543452400000
04817318;543711600000
04783916;543711600000
04736535;545608800000
04769934;546127200000
04768451;546127200000
04864628;547941600000
04835363;548028000000
04800661;548287200000
04774505;548546400000
04879155;548978400000
04837913;550706400000
04774778;552175200000
04819350;553471200000
04771683;556236000000
04815224;556408800000
04790086;556495200000
04745260;557013600000
04807376;557532000000
04845868;558309600000
05039843;558309600000
04817308;558914400000
04800947;559173600000
04779365;559346400000
04813166;560473200000
04819559;560559600000
04829918;561078000000
04837952;561855600000
04809450;563410800000
04762076;564015600000
04862611;564274800000
04822686;564620400000
05046545;566089200000
04910896;566348400000
04811576;567644400000
04934974;567903600000
04894037;567903600000
04769894;568249200000
04827638;568422000000
04862610;569199600000
04829685;570322800000
04817309;570841200000
04854059;573692400000
04823488;575589600000
04864971;576453600000
04939342;576712800000
04833297;577663200000
04920668;578613600000
04872276;579477600000
04862608;579909600000
04860467;580428000000
04891894;580428000000
04860814;580687200000
04858349;581205600000
04860466;583020000000
04890401;584834400000
04870763;585525600000
04866859;585784800000
04856212;586994400000
04993175;587340000000
04923555;588204000000
05039838;588549600000
04893422;588981600000
04893423;589500000000
04831753;590018400000
04910894;590104800000
04890704;590104800000
04875301;590277600000
05120934;591922800000
04969281;592527600000
04931827;592527600000
04843745;594601200000
04922988;595810800000
04918845;596070000000
04903421;598230000000
04979860;598575600000
04939857;598662000000
04956928;600476400000
04920669;600562800000
04947561;601513200000
04943703;602722800000
04947922;602809200000
04885853;604191600000
04937961;605401200000
04897527;606092400000
04948945;607212000000
04894935;607557600000
04956929;608508000000
04991326;610322400000
04944105;611532000000
04964230;612568800000
04967495;613000800000
04965920;615765600000
04910895;616024800000
04922637;617839200000
04953300;617839200000
04955152;617839200000
05025578;619394400000
04942683;620517600000
04995681;621468000000
04969393;621727200000
04995178;622159200000
04939856;622681200000
04998359;623286000000
05038502;623372400000
04991329;624150000000
05014453;625100400000
04979868;625446000000
05056246;625446000000
04928611;626482800000
04986395;627001200000
05010664;627174000000
05013378;628383600000
04982516;628383600000
05074065;629593200000
05018442;630025200000
05164244;630630000000
04995177;630889200000
05014454;631494000000
04970968;631753200000
05142124;631839600000
05012962;632444400000
04991325;632617200000
05042179;632617200000
05115584;633567600000
05022169;635641200000
04984378;635986800000
05018460;636332400000
05089080;636591600000
05079867;636591600000
04998360;636591600000
05024429;637196400000
05040776;637974000000
05065536;638146800000
05094020;638402400000
04993333;639612000000
05121464;640476000000
05094664;640821600000
05046272;641512800000
05033216;641599200000
05119572;643240800000
05056247;644623200000
05027989;644709600000
05063697;644796000000
05016367;645055200000
05038501;645141600000
05010663;646351200000
05065535;646610400000
05036609;646869600000
05117092;647474400000
05033529;648424800000
05052462;649029600000
05073418;650152800000
05074066;650584800000
05096524;651276000000
05077924;651967200000
05097761;652053600000
05054218;653263200000
05210394;654127200000
05075990;654300000000
05060406;654822000000
05063842;654822000000
05076162;654994800000
05075989;656290800000
05115117;656636400000
05133140;656722800000
05127176;657414000000
05123266;660351600000
05168645;660438000000
05129171;661388400000
05161319;661647600000
05136798;661734000000
05094021;662166000000
05142802;664671600000
05136796;665017200000
05237941;665103600000
05079823;666313200000
05046335;666918000000
05189726;667782000000
05290998;668214000000
05141140;671148000000
05163208;672530400000
05161316;673826400000
05226250;673826400000
05113611;673912800000
05245773;674085600000
05165185;674172000000
05165184;674172000000
05136797;674258400000
05220738;675640800000
05138778;675986400000
05148955;677109600000
05172502;677455200000
05274934;678060000000
05170577;679788000000
05170038;680220000000
05181333;680824800000
05169282;688172400000
05179795;688258800000
05146700;688863600000
05252806;689814000000
05163367;690073200000
05279054;690678000000
05279055;690678000000
05301447;693183600000
05252171;694047600000
05231777;694998000000
05209407;695948400000
05424117;696639600000
05271171;697676400000
05210395;697676400000
05240060;698022000000
05255466;699750000000
05250139;699836400000
05222314;700095600000
05291843;700095600000
05307572;702165600000
05299371;702252000000
05299372;702252000000
05303486;704930400000
05355792;706399200000
05287640;708300000000
05307440;708559200000
05333402;709768800000
05272825;710632800000
05349160;711237600000
05391859;711237600000
05293703;711324000000
05408770;711324000000
05294009;711583200000
05259131;712533600000
05255455;713397600000
05589256;714002400000
05323550;714261600000
05371961;715384800000
05359792;715384800000
05241766;716421600000
05294284;717634800000
05329710;719103600000
05329709;719622000000
05307573;719708400000
05246572;719708400000
05371960;720745200000
05293704;721522800000
05355605;721868400000
05330143;722818800000
05333348;723423600000
05263617;723942000000
05367799;725065200000
05390433;726361200000
05280681;726793200000
05353533;727398000000
05398434;727570800000
05512354;727916400000
05804791;727916400000
05425190;728089200000
05416991;728089200000
05526595;728089200000
05333401;728521200000
05369898;729817200000
05355599;730508400000
05357699;731113200000
05327665;731545200000
05315773;732754800000
05265534;732841200000
05327827;733014000000
05398436;734220000000
05430915;734911200000
05341585;736639200000
05349767;736984800000
05345704;737589600000
05349768;737676000000
05438776;739144800000
05335431;740181600000
05351424;740354400000
05392542;740959200000
05335432;741391200000
05355598;744328800000
05388352;746920800000
05396721;748044000000
05386654;748735200000
05390432;749170800000
05345703;749862000000
05377422;751590000000
05463948;751590000000
05347732;751676400000
05331755;752281200000
05379536;753318000000
05430963;754009200000
05433158;758156400000
05392543;758415600000
05472157;758415600000
05488789;758502000000
05383291;758847600000
05431382;758934000000
05540982;758934000000
05493799;759538800000
05438775;760230000000
05507108;760316400000
05437114;760316400000
05416959;762476400000
05440810;763772400000
05494552;763945200000
05416992;764463600000
05428910;765151200000
05469955;765410400000
05588236;765756000000
05452530;766274400000
05478984;766965600000
05444216;766965600000
05414945;768520800000
05509221;768520800000
05483761;768520800000
05404662;768520800000
05512728;768520800000
05408769;768520800000
05526596;768520800000
05421110;768520800000
05595672;769298400000
05435048;771631200000
05493800;772063200000
05557870;773359200000
05566480;773359200000
05497570;773618400000
05490617;774482400000
05598797;774655200000
05499464;775087200000
05515627;775260000000
05592765;777592800000
05444928;779320800000
05502906;780793200000
05517775;782089200000
05551175;782348400000
05581918;783212400000
05883358;783644400000
05433034;783903600000
05522314;784162800000
05551176;785458800000
05522148;786236400000
05452531;786754800000
05488901;788137200000
05572811;789346800000
05566481;789346800000
05446983;789606000000
05531037;790815600000
05619813;790988400000
05630260;791161200000
05546684;791420400000
05581919;791852400000
05595467;792198000000
05604800;792630000000
05561927;795654000000
05535535;796946400000
05592763;797119200000
05602429;797378400000
05562030;797464800000
05636773;797896800000
05613309;798588000000
05611159;799020000000
05606812;799020000000
05606811;799020000000
05564293;801871200000
05553410;802044000000
05586400;802130400000
05653050;802994400000
05613310;803944800000
05592764;805845600000
05526594;806018400000
05542199;806104800000
05676074;806536800000
05598649;806623200000
05579595;807573600000
05572810;807919200000
05532455;808610400000
05711098;809042400000
06102973;809128800000
05607125;809128800000
05651201;809560800000
05696832;810079200000
05647157;810943200000
05535534;811375200000
05676052;812156400000
05600906;812674800000
05844203;812934000000
05555653;814143600000
05657560;814834800000
05564900;815007600000
05615500;815353200000
05597099;816217200000
05621989;816303600000
05787615;816303600000
05619812;816303600000
05630287;817686000000
05590613;818377200000
05628131;819241200000
05573695;819327600000
05794528;820018800000
05642578;820191600000
05687493;821314800000
05623775;821746800000
05886322;821746800000
05894690;821746800000
05606810;821746800000
05609119;822006000000
05642579;822351600000
05637931;823042800000
05702075;823042800000
05721418;826153200000
05844204;827449200000
05867882;828054000000
05653049;828482400000
05675919;828655200000
05732624;830124000000
05655469;832456800000
05731860;832716000000
05640789;833752800000
05682691;833839200000
05692326;834098400000
05636461;834357600000
05727343;835048800000
05669164;835135200000
05832639;836172000000
05638622;836431200000
05722191;837036000000
05711097;838332000000
05709044;838764000000
05664349;839282400000
05675918;839541600000
05621988;839800800000
05732494;839800800000
05704143;840405600000
05664350;841788000000
05787614;842824800000
05829175;843170400000
06138389;843516000000
05749165;843775200000
05852279;844207200000
05822894;845503200000
05780812;848617200000
05802749;850345200000
05784988;851900400000
05979336;852850800000
05782021;852850800000
05718071;852850800000
05799420;852850800000
05778573;852850800000
05937552;852850800000
05942179;853110000000
05743034;853455600000
05758437;854060400000
05706593;855183600000
05715617;855874800000
05860374;856825200000
05968855;857430000000
05815963;857689200000
05732489;858553200000
06151816;859932000000
05799421;860709600000
05768808;860968800000
05855082;861660000000
05819446;862178400000
06163995;863992800000
05864122;864165600000
05937751;864338400000
05848486;864856800000
05809624;864943200000
05921908;864943200000
05839214;865288800000
05815961;865548000000
05951920;866757600000
05842295;867621600000
05755049;869695200000
05875574;869695200000
06042065;870040800000
05943799;870213600000
05901481;871596000000
05860375;872028000000
05799422;872200800000
05907916;872460000000
05852974;872805600000
06067403;873928800000
06000157;874620000000
05815962;875484000000
05855081;876088800000
05771613;876434400000
05870840;876434400000
05906062;877384800000
05860234;879375600000
05971235;879980400000
05842430;880930800000
05926983;881190000000
05913275;882226800000
05950337;884127600000
06014827;884127600000
05884571;884300400000
05863299;884905200000
05906061;885942000000
05926984;887151600000
05924226;887151600000
05937753;887670000000
05987788;888361200000
05933988;888534000000
05918392;889398000000
05987789;889398000000
05924224;889743600000
05970895;890002800000
05924225;890002800000
05934210;890089200000
05909964;890175600000
06167649;891986400000
06109194;892591200000
05983790;893628000000
05979089;893887200000
06112440;893973600000
05946833;893973600000
05983536;895442400000
06584711;896306400000
05970637;896392800000
06009645;896652000000
06067903;896652000000
06003253;896652000000
06105284;897343200000
06000155;897861600000
06209240;900453600000
05967386;901058400000
06021591;901749600000
06067737;901836000000
06000158;903304800000
06138741;903909600000
06000156;903996000000
06076291;904687200000
06216369;904860000000
06038796;905724000000
06061934;905810400000
06018897;907020000000
05966851;907192800000
06138971;907711200000
06163990;908229600000
06061935;908488800000
06070526;909007200000
06079133;909529200000
06099962;909961200000
05992339;910047600000
06134817;910220400000
06032391;911430000000
06212332;913676400000
06189245;914281200000
06151813;915404400000
06138592;915404400000
06029379;917391600000
06105285;919119600000
06138965;919378800000
06035563;919724400000
06105286;919897200000
06119379;921711600000
06440363;922316400000
06151814;924040800000
06381883;924213600000
06250593;924472800000
06032837;924732000000
06122849;925164000000
06154990;925336800000
06125562;925682400000
06986218;926978400000
06095068;927496800000
06026601;927583200000
06233854;928360800000
06138390;928879200000
06237261;928965600000
06141893;929052000000
06052928;930002400000
06253471;931384800000
06128839;932335200000
06233853;932594400000
06176026;934322400000
06172335;935704800000
06140610;936050400000
06243976;936136800000
06209239;936136800000
06276078;936136800000
06393740;936136800000
06226904;936136800000
06321472;936223200000
06088940;936309600000
06158153;936741600000
06151815;937951200000
06178671;937951200000
06144014;938037600000
06212801;938124000000
06286237;940543200000
06112682;940802400000
06154991;940888800000
06240863;942102000000
06561089;943052400000
06151817;944089200000
06266902;944780400000
06212800;945298800000
06115949;945644400000
06495057;946335600000
06289804;947718000000
06167643;947804400000
06263596;948409200000
06360461;948409200000
06548785;949618800000
06318255;949878000000
06223665;949964400000
06539652;950482800000
06539651;950828400000
06387135;951174000000
06393742;951951600000
06314668;954108000000
06216617;956181600000
06533267;956786400000
06257158;957391200000
06349490;958428000000
06249996;959637600000
06505552;960156000000
06243257;960501600000
06495058;962748000000
06551693;962920800000
06269562;963871200000
06363634;964044000000
06553904;964476000000
06877260;964562400000
06463685;965685600000
06491840;965772000000
06327800;966204000000
06260295;966376800000
06253472;968364000000
06393741;970005600000
06318009;970005600000
06732640;970783200000
06318008;972338400000
06569344;972597600000
06569345;972597600000
06263597;973465200000
06499519;974329200000
06836984;978044400000
06446371;978044400000
06351902;978649200000
06463684;978649200000
06493968;979167600000
06438876;979599600000
06425197;980463600000
06524494;981068400000
06341436;982796400000
06360460;982796400000
06384379;983228400000
06343427;983487600000
06324776;983919600000
06351901;984092400000
06397502;984351600000
06649882;985215600000
06785989;985557600000
06389717;985557600000
06427366;985557600000
06427365;986162400000
06389716;986248800000
06622938;987717600000
06421939;988063200000
06385873;988149600000
06497061;988322400000
06446567;988322400000
06976326;988668000000
06347466;989877600000
06425198;990050400000
06453587;990136800000
06882753;991605600000
06993863;992556000000
06625910;993592800000
06449885;993592800000
06446369;993679200000
06477797;993765600000
06446370;994888800000
06613244;996098400000
06513269;996098400000
06396027;996530400000
06399919;996530400000
06381884;997653600000
07032336;999036000000
06497060;1000072800000
06405461;1000072800000
06996881;1000159200000
06877261;1003269600000
06723253;1003442400000
06519881;1003960800000
06681506;1004047200000
06536144;1004310000000
06618968;1004310000000
06711840;1005606000000
06857209;1005778800000
06578298;1006210800000
06678973;1007593200000
06760984;1007679600000
06581309;1007679600000
06601325;1008198000000
06961628;1008284400000
06550164;1008630000000
06631572;1010098800000
06619003;1011740400000
06604306;1011826800000
06761199;1012172400000
07258071;1012345200000
06834682;1012863600000
06779285;1013036400000
06748680;1013122800000
06993862;1013468400000
06901687;1013554800000
06966133;1013554800000
06805268;1014073200000
06655055;1014591600000
06720537;1015369200000
06606806;1015369200000
06594925;1017356400000
06622404;1017612000000
07257911;1019512800000
06675510;1020722400000
06706137;1021327200000
06643960;1021845600000
06640472;1021932000000
06615515;1021932000000
07040047;1022191200000
06917015;1023660000000
06782645;1023746400000
06725585;1023746400000
07404264;1023919200000
06684540;1026165600000
06910291;1026338400000
06671985;1026943200000
06868626;1027029600000
07004714;1027288800000
06662481;1027461600000
06715222;1029362400000
06760985;1031004000000
06941623;1031608800000
06746617;1031608800000
06684539;1031695200000
07216444;1031781600000
06688247;1032127200000
06862823;1032213600000
07178281;1032386400000
06925738;1032732000000
06992267;1034114400000
06889453;1034805600000
06736057;1035496800000
06953912;1036623600000
07040045;1037055600000
07306022;1037055600000
07124523;1038178800000
07207128;1038524400000
06652766;1038783600000
06645392;1038783600000
07093384;1038870000000
06745504;1040079600000
06665963;1040166000000
06793991;1040252400000
06834450;1040338800000
07514030;1041202800000
06986217;1042066800000
06769205;1043362800000
06910292;1044486000000
06957754;1045695600000
07191555;1046127600000
06763621;1046214000000
06983524;1047423600000
06722063;1047423600000
06725586;1047423600000
06895700;1047510000000
06883257;1047596400000
06895701;1047855600000
06961283;1048028400000
06935056;1048719600000
06820359;1048719600000
06802141;1050962400000
06757996;1051480800000
07017291;1052690400000
07310898;1052690400000
07103996;1052776800000
07100316;1054245600000
06807757;1054504800000
07401426;1055196000000
06739079;1055455200000
06775934;1056492000000
06925737;1056664800000
06796059;1056664800000
07340853;1057010400000
07284481;1058306400000
07406784;1058565600000
07404265;1058565600000
06792705;1058738400000
07065907;1059602400000
06826856;1060120800000
06883258;1060120800000
06757997;1060207200000
06813852;1060552800000
06807758;1061416800000
06763620;1061935200000
06807756;1061935200000
07044873;1062108000000
07181874;1064872800000
06807755;1065391200000
06901870;1071529200000
07210254;1071615600000
RE039945;1072047600000
07162819;1072393200000
07578082;1074466800000
07000342;1074812400000
07302766;1075244400000
07266915;1075330800000
07040048;1076367600000
07624693;1076626800000
07076897;1078354800000
06974185;1081807200000
06932006;1082498400000
07451559;1084312800000
06839992;1084744800000
07299572;1085090400000
07322497;1085349600000
07278459;1088028000000
07096611;1088460000000
07114273;1088460000000
07603800;1089583200000
07017290;1089669600000
07130754;1089928800000
07114274;1089928800000
07086186;1090274400000
07188442;1090360800000
RE039795;1090792800000
07647714;1093557600000
07000340;1093903200000
07127840;1095372000000
07774960;1095631200000
07178277;1097100000000
07677873;1097532000000
07181872;1099000800000
07178275;1099000800000
07603801;1099522800000
07062869;1100214000000
07000538;1101682800000
07516566;1101682800000
07140131;1103065200000
07000341;1104188400000
07062870;1105398000000
07484466;1106607600000
07062871;1106694000000
07096612;1106866800000
07146755;1109890800000
06968792;1110754800000
07418771;1110754800000
07516567;1111359600000
07131223;1111446000000
07127839;1112220000000
07299571;1112220000000
07131222;1113343200000
07181873;1114293600000
07698840;1114984800000
07191554;1115676000000
07360328;1115935200000
07080471;1116799200000
07100523;1116799200000
07406783;1116972000000
07168197;1117058400000
07749401;1117144800000
07194967;1117576800000
07409786;1117663200000
07721474;1118786400000
07051462;1120773600000
07185584;1120773600000
07096613;1122415200000
07174662;1123106400000
07222445;1124661600000
07681343;1125007200000
07040046;1125612000000
07082705;1126044000000
07121024;1129500000000
07472504;1131404400000
07370446;1131577200000
07168378;1132700400000
07178276;1134946800000
07490423;1135033200000
07805867;1135119600000
07293378;1135810800000
07555856;1135897200000
07185450;1137538800000
07493713;1137625200000
07220362;1137970800000
07395619;1138316400000
07685750;1138316400000
07661212;1139180400000
07562474;1139526000000
07481013;1139871600000
07448152;1139958000000
07412789;1139958000000
07716858;1140735600000
07413301;1141686000000
07849020;1142377200000
07377222;1143410400000
07779565;1144015200000
07380356;1144620000000
07251909;1147125600000
07546701;1147644000000
07845037;1149026400000
07856743;1151359200000
07779564;1152136800000
07243447;1152568800000
07607246;1153173600000
07392606;1155160800000
07237348;1155592800000
07278229;1157407200000
07415785;1157580000000
07555857;1158098400000
07392607;1158616800000
07343703;1158616800000
07310899;1159135200000
07305780;1160085600000
07681342;1160344800000
07369949;1160949600000
07644525;1165359600000
07845197;1166482800000
07415784;1169161200000
07395620;1169679600000
07797863;1170111600000
07389597;1170284400000
07536951;1170630000000
07644526;1170889200000
07690140;1172098800000
07823304;1172530800000
07614902;1172703600000
07299573;1174604400000
07757416;1176328800000
07530481;1176415200000
07610701;1178748000000
07377059;1179871200000
07610868;1179957600000
07469493;1180476000000
07681510;1180562400000
07827709;1180908000000
07752963;1184277600000
07464840;1184623200000
07458174;1186610400000
07475504;1186696800000
07735541;1188338400000
07454852;1189029600000
07497159;1190325600000
07712236;1193958000000
07469492;1194822000000
07506596;1198191600000
07836617;1198191600000
07637041;1199919600000
07637040;1200524400000
07640686;1203030000000
07490422;1203462000000
07562475;1204066800000
07552552;1205449200000
07516565;1205967600000
07540104;1206054000000
07797864;1206914400000
07699091;1210802400000
07784202;1211320800000
07665236;1211839200000
07673405;1213221600000
07673404;1213221600000
07835648;1223848800000
07690139;1223935200000
07707756;1227567600000
