04292915;-110077200000
03860031;-14432400000
03968997;946800000
03917354;26694000000
03925189;33951600000
03948565;38530800000
03878946;45788400000
03865547;49503600000
03942842;50022000000
03934937;54774000000
03904248;63500400000
03976332;64623600000
03987937;66265200000
03989310;66524400000
03901555;73782000000
03870375;76546800000
03989311;78706800000
03890011;79570800000
03861753;80175600000
03871712;80521200000
03869042;83545200000
03876261;86396400000
03907515;86828400000
03863990;88124400000
03870374;88902000000
03876260;89334000000
03967860;89506800000
03912474;90111600000
03905349;92530800000
03871826;94431600000
03865439;94431600000
03887330;95295600000
03868028;96246000000
03858714;96505200000
03868071;97196400000
03885606;97369200000
03902762;98319600000
03904255;99010800000
03874740;99183600000
03884528;100393200000
03858943;100825200000
03876258;100998000000
03868032;101516400000
03871711;101516400000
03878287;101602800000
03870250;102121200000
03874860;102207600000
03881530;102639600000
03883010;102726000000
03873163;103158000000
03868148;104367600000
03900391;104626800000
03874569;104626800000
03876853;104626800000
03899214;104713200000
03924901;105231600000
03862707;105318000000
03874560;105663600000
03877241;105836400000
03867773;106786800000
03865254;106786800000
03938677;106873200000
03881425;107564400000
03867954;108169200000
03866628;108860400000
03884401;109551600000
03873164;110761200000
03907170;111020400000
04059310;111625200000
03951461;113007600000
03897978;113180400000
03874739;113526000000
03861599;113785200000
03902647;114044400000
03953078;114217200000
03868964;114735600000
03896942;114822000000
03955486;114994800000
03867064;115254000000
03874733;115426800000
03892372;115513200000
03961639;116463600000
03918585;116550000000
04162811;116722800000
03876352;117068400000
03861830;117068400000
03930377;117068400000
03924899;117414000000
03957674;117414000000
03930684;118969200000
03893691;119142000000
03867593;121474800000
03923343;121647600000
03889830;121906800000
03863428;122079600000
04030642;122166000000
03937522;122252400000
03950034;122857200000
03918116;123202800000
03902682;123375600000
03922019;123462000000
03937521;123721200000
03905650;123721200000
04030635;123807600000
03886972;123980400000
03874737;124412400000
03890508;125881200000
03909068;126486000000
03994824;127004400000
03902761;127695600000
03929379;128732400000
03870070;128818800000
03876259;128905200000
03929261;129164400000
03874738;129250800000
03907374;129769200000
03981417;129769200000
03858763;130028400000
03931974;130114800000
04007694;130114800000
03938848;130460400000
03977729;130460400000
03866769;130546800000
03907134;131151600000
03910523;131238000000
03938912;131324400000
03933393;131583600000
03888434;132188400000
03942561;132188400000
03880297;132361200000
03869843;132361200000
03863808;132966000000
03947236;133052400000
03868149;133052400000
03884373;133138800000
04032193;133657200000
03893557;133743600000
03888433;133743600000
04009803;134002800000
03980136;134348400000
03881775;134607600000
03885835;134607600000
03865280;134780400000
03933280;134866800000
03949953;135212400000
03870373;135212400000
03981541;135212400000
03920039;135471600000
03885631;135558000000
03916542;135817200000
03945683;135903600000
03942841;135903600000
03888188;136076400000
03920116;136422000000
03901462;136681200000
03892336;137372400000
03900041;137631600000
03944118;137631600000
03893474;137804400000
03906972;138236400000
03940184;138322800000
03931914;139446000000
03930450;139446000000
03920542;139532400000
03926203;139618800000
03947071;139791600000
03923342;140050800000
04033470;140310000000
03880177;140655600000
03918706;141260400000
03885684;141519600000
03964793;141865200000
03962128;142210800000
04113247;142210800000
03945505;142470000000
03924900;142642800000
03982789;143161200000
03976232;143679600000
04187043;143766000000
03953076;143766000000
03885757;143852400000
03862780;143938800000
03913795;144284400000
03950147;145148400000
03950146;145148400000
04035288;145148400000
03907366;145407600000
03907373;146098800000
04013544;146271600000
03964512;146703600000
03897228;146876400000
03915505;146962800000
03976329;147913200000
03940243;147913200000
03977730;148518000000
03921533;148690800000
03899131;149122800000
03960277;149727600000
03933394;150073200000
03937283;151196400000
03907231;151628400000
03949908;151887600000
03930685;152406000000
03931999;152751600000
03945682;152751600000
03961772;152751600000
03967761;152751600000
03941425;152751600000
03955853;153010800000
03910299;153702000000
03952889;153961200000
03980024;153961200000
03980212;154134000000
03958722;154134000000
04013321;154220400000
03979152;154306800000
03989308;154652400000
03967858;154738800000
04095643;154911600000
03961643;155170800000
03951462;155430000000
03968998;155516400000
03964693;156985200000
03954303;156985200000
03948466;157244400000
04013551;158367600000
03963415;158540400000
03941426;159145200000
04017270;159404400000
04027688;159577200000
04018671;159750000000
04165820;160182000000
04017039;160268400000
03989147;160268400000
04005908;160614000000
04004615;160700400000
03975057;160873200000
03972567;160959600000
03968634;161910000000
03942840;161910000000
03971531;162082800000
03980208;162514800000
04011668;163033200000
03973802;163292400000
04057399;163378800000
03982627;163724400000
03976264;163810800000
03940091;163810800000
04173530;164847600000
03966262;164847600000
03995910;165020400000
03977540;165798000000
03955593;165798000000
03982790;165798000000
03985394;166057200000
03941070;166230000000
03975850;166316400000
03999487;166662000000
03985316;166834800000
04008924;167007600000
03993359;167266800000
03968999;167612400000
04030639;167871600000
03952667;167871600000
04009913;168044400000
03995754;168130800000
04037335;168476400000
03975058;169081200000
03953077;169254000000
04034870;169340400000
03948564;169686000000
04033151;169686000000
03995771;169686000000
04015880;169858800000
04058986;169858800000
03970547;169945200000
04017269;169945200000
03993184;169945200000
04092046;170377200000
04009788;170463600000
04013196;170895600000
04108077;171500400000
04033811;171500400000
04078964;171500400000
04010551;171586800000
03993358;171673200000
04131320;171673200000
04015754;171759600000
04014576;172364400000
04058223;172364400000
03969834;172450800000
04014578;172796400000
04000927;172969200000
04131319;172969200000
03976331;173055600000
03966261;173314800000
04015751;173487600000
04000701;173574000000
04035030;173919600000
04024655;173919600000
03994701;174092400000
03995775;174092400000
04007969;174524400000
04057295;175129200000
04010981;175129200000
04007842;175302000000
04006868;175734000000
04019783;175734000000
04053184;175906800000
03990748;176079600000
03970159;176338800000
03995777;176511600000
03999806;176943600000
04003530;177116400000
04026606;177807600000
04082364;178326000000
04006938;178326000000
04037992;178498800000
04029364;179103600000
04042099;179708400000
04047644;179967600000
04016994;180054000000
03999690;180140400000
04045092;180572400000
04022218;180572400000
04028009;180745200000
04008865;180831600000
04049405;180918000000
04043718;181263600000
04027760;181263600000
04016053;181350000000
03976330;181350000000
04023713;181522800000
04025122;181522800000
04035029;181954800000
04013371;182041200000
04052108;182041200000
04033628;182473200000
04104889;182473200000
04027920;182473200000
04019720;182646000000
04004349;183078000000
04019641;183078000000
03977811;183250800000
04023500;183250800000
04039431;183250800000
04005806;184201200000
04032082;184201200000
04004753;184460400000
04018484;184546800000
03989309;184892400000
04026437;185410800000
04042190;185583600000
04087133;185583600000
04015731;185670000000
04027407;186015600000
03994532;186188400000
03998405;186188400000
04050741;186361200000
04002372;186620400000
04029362;187225200000
04096731;187225200000
04034869;187225200000
04104035;187484400000
04029365;188434800000
04024822;188434800000
04061401;188521200000
04087214;188607600000
04060458;188607600000
04036408;188607600000
04024944;188607600000
04043775;189039600000
04071170;189039600000
04076320;189039600000
04030755;189212400000
04039105;191199600000
04022512;191458800000
04060282;191718000000
04006846;191804400000
04042666;192063600000
04009912;192150000000
04114956;192322800000
04021078;192409200000
04049321;192668400000
04082367;193359600000
04167235;193359600000
04037877;193878000000
04027833;193878000000
04025121;194137200000
03996026;194223600000
04014577;194482800000
04067616;194482800000
04108193;195087600000
04049255;195087600000
04118074;195692400000
04045091;195778800000
04072109;196038000000
04075947;196038000000
04108498;196297200000
04029238;196556400000
04014256;196642800000
04054507;197848800000
04055315;198280800000
04102056;198972000000
04059311;199404000000
04023688;199576800000
04093062;199922400000
04083607;200095200000
04036531;200527200000
04023280;200700000000
04076150;200872800000
04030893;201391200000
04071452;201477600000
04033518;201736800000
04055280;202428000000
04094810;202428000000
04094551;202514400000
04073244;202600800000
04027464;204156000000
04060181;204760800000
04106817;204933600000
04067623;204933600000
04082205;205106400000
04129337;205538400000
04065076;205711200000
04027921;206229600000
04062596;206575200000
04045086;206834400000
04085975;207439200000
04029363;208044000000
04018483;208562400000
04088373;208562400000
04066298;208735200000
04060223;209080800000
04091940;209167200000
04082513;209599200000
04049247;209599200000
04090645;209599200000
04078498;209944800000
04108500;210290400000
04082368;210549600000
04041959;210981600000
04059246;210981600000
04047677;211413600000
04086706;211586400000
04109861;211672800000
04095776;212104800000
04058274;212277600000
04085976;212626800000
04036532;212626800000
04232632;213231600000
04087134;213318000000
04077612;213490800000
04098412;213922800000
04058227;213922800000
04063572;214700400000
04078703;214700400000
04125194;215132400000
04115929;215218800000
04108499;215391600000
04099457;215650800000
04057155;215910000000
04097243;215910000000
04050742;215910000000
04105256;215910000000
04116367;215996400000
04067622;215996400000
04122003;216428400000
04060281;216428400000
04084628;216514800000
04072359;217033200000
04037805;217033200000
04098568;217465200000
04109966;217551600000
04108079;217638000000
04146370;217810800000
04074921;218070000000
04049394;218242800000
04086064;218674800000
04076321;218674800000
04106533;218847600000
04084769;219020400000
04116368;219538800000
04094552;220057200000
04211505;220143600000
04081201;220489200000
04165260;220662000000
04099789;220662000000
04104171;220748400000
04081110;221094000000
04109394;221266800000
04106210;221353200000
04231689;221871600000
04170385;222044400000
04111492;222994800000
04113148;223081200000
04068397;223686000000
04132450;223772400000
04277416;224982000000
04162784;225068400000
04165132;225932400000
04140349;225932400000
04084770;226537200000
04142685;226537200000
04105537;226537200000
04097092;226710000000
04123114;226710000000
04114785;226710000000
04179340;226882800000
04111493;227314800000
04278366;227487600000
04082366;227487600000
04315705;227487600000
04280419;227746800000
04098541;228006000000
04155602;228006000000
04129339;228006000000
04101174;228092400000
04155367;228697200000
04240768;229212000000
04113202;229212000000
04138047;229557600000
04172618;230162400000
04134300;230767200000
04095847;230767200000
04134466;231372000000
04082365;231544800000
04089515;231717600000
04145087;231717600000
04175570;232063200000
04089563;232149600000
04102278;232149600000
04116491;232236000000
04089053;232581600000
04149756;233186400000
04114954;233186400000
04174001;233359200000
04094651;233445600000
04131072;233445600000
04186772;233877600000
04149755;233877600000
04115070;233964000000
04118075;233964000000
04127950;234050400000
04154484;234136800000
04114955;234482400000
04135767;235000800000
04182243;235778400000
04144618;235778400000
04114835;235951200000
04171852;236210400000
04147392;236469600000
04375335;236469600000
04166419;236469600000
04138162;236901600000
04098675;237074400000
04127397;237420000000
04156546;237420000000
04185941;237506400000
04171853;237765600000
04136911;237765600000
04101175;237765600000
04172539;238024800000
04305740;238629600000
04289428;239320800000
04129338;239493600000
04144021;239839200000
04138161;239925600000
04109903;240444000000
04153304;240444000000
04165134;240530400000
04154485;240530400000
04135684;240616800000
04169632;240789600000
04149685;241048800000
04158469;241048800000
04216082;241135200000
04174868;241308000000
04353667;241394400000
04135685;241912800000
04085977;241912800000
04114748;242431200000
04140350;243036000000
04129411;243122400000
04193737;243727200000
04123113;244076400000
04165133;244076400000
04152029;244422000000
04173188;244681200000
04185942;244940400000
04177647;244940400000
04131318;245372400000
04143921;245545200000
04159897;245545200000
04157796;245890800000
04176885;246150000000
04239421;246236400000
04149684;246582000000
04163583;246582000000
04169508;246582000000
04154486;246582000000
04221507;247446000000
04236654;247705200000
04160567;247878000000
04152254;247964400000
04184793;248050800000
04200413;248310000000
04188160;248914800000
04138163;248914800000
04145453;249087600000
04169631;249260400000
04154370;249260400000
04210801;249692400000
04172535;250124400000
04174921;250124400000
04178113;250124400000
04159824;250124400000
04168864;250383600000
04183702;250470000000
04159151;250902000000
04180354;250988400000
04127307;251074800000
04208153;251679600000
04159150;251679600000
04157848;252025200000
04236851;252802800000
04163582;252889200000
04151935;253148400000
04164359;253321200000
04143922;253407600000
04182586;253494000000
04165135;254358000000
04197037;254358000000
04162106;255222000000
04220425;255567600000
04130300;255567600000
04212566;255740400000
04189261;255740400000
04180186;255740400000
04231688;255826800000
04160618;256172400000
04197873;256172400000
04207081;256518000000
04180353;256518000000
04221506;256950000000
04153427;257036400000
04176987;258591600000
04182245;258764400000
04179371;259196400000
04219288;259196400000
04205929;259196400000
04175662;259369200000
04146195;259801200000
04278365;259974000000
04211506;260488800000
04357257;260661600000
04165845;260661600000
04273478;260661600000
04356105;260661600000
04200099;260748000000
04165822;261007200000
04201504;261352800000
04206610;261352800000
04214844;261612000000
04179232;261698400000
04200414;261784800000
04199282;261784800000
04200412;261871200000
04200950;261957600000
04195954;261957600000
04187044;262389600000
04200208;262389600000
04178114;262821600000
04184792;262821600000
04175893;263080800000
04191500;263426400000
04203689;263599200000
04189262;263685600000
04264239;264031200000
04223044;264376800000
04378182;264636000000
04219290;265327200000
04178662;265845600000
04172617;266018400000
04185783;266450400000
04189260;267055200000
04217212;267055200000
04208251;267055200000
04182383;267400800000
04209304;268005600000
04242098;268264800000
04184274;268437600000
04176988;268869600000
04245932;268956000000
04170074;269042400000
04199281;269560800000
04199280;269820000000
04215954;270165600000
04191499;270165600000
04201499;270338400000
04219110;270338400000
04255072;270684000000
04178231;270684000000
04178233;270684000000
04200415;270943200000
04189263;271375200000
04284369;271461600000
04229861;271548000000
04171925;272152800000
04202673;272152800000
04175892;273794400000
04194859;274053600000
04249839;274485600000
04227863;274917600000
04232829;275090400000
04175872;275781600000
04280782;275781600000
04221509;275781600000
04189259;276130800000
04451182;276130800000
04215824;276217200000
04273477;276217200000
04099688;276303600000
04234272;276476400000
04205468;278290800000
04250657;278550000000
04354778;278550000000
04236852;278722800000
04227451;279154800000
04229125;279759600000
04264240;280364400000
04272028;280364400000
04212331;281314800000
04234106;281314800000
04205931;281574000000
04210519;281746800000
04212333;281833200000
04270558;282178800000
04219340;282438000000
04365915;282438000000
04207018;282524400000
04237619;282524400000
04244562;282783600000
04324091;282783600000
04247227;282870000000
04422810;282956400000
04239420;282956400000
04220426;283474800000
04247230;283734000000
04217218;284079600000
04223700;284079600000
04264243;284252400000
04221508;284252400000
04242015;284598000000
04289437;284943600000
04252478;285202800000
04259032;285202800000
04222859;285375600000
04261117;285980400000
04269548;286066800000
04411562;286498800000
04219289;286585200000
04225272;287276400000
04227316;287276400000
04245933;287362800000
04221510;287362800000
04215956;287794800000
04227835;288399600000
04263927;288399600000
04256418;288572400000
04243346;288918000000
04205930;289090800000
04234273;289090800000
04238891;290300400000
04235563;290646000000
04230426;290732400000
04239423;290905200000
04300446;290991600000
04264244;291250800000
04247228;291852000000
04245934;292543200000
04206555;292716000000
04251365;292802400000
04436459;293666400000
04203688;293666400000
04242007;294271200000
04329105;294271200000
04265592;295048800000
04227836;295135200000
04243352;295135200000
04251169;295221600000
04264212;295480800000
04415297;295480800000
04260298;295740000000
04301943;295740000000
04216914;296258400000
04234274;296344800000
04309269;296863200000
04231687;297036000000
04248551;297036000000
04248552;297036000000
04304508;297381600000
04245936;297900000000
04245935;297986400000
04253591;298504800000
04277205;298591200000
04259031;298677600000
04437799;299109600000
04352605;299368800000
04242038;299455200000
04278367;299973600000
04290908;300060000000
04251170;300319200000
04253782;300578400000
04240769;300578400000
04261672;300578400000
04253824;300664800000
04325495;300924000000
04235293;300924000000
04264242;301615200000
04239424;301701600000
04316681;302133600000
04265572;302911200000
04252479;303516000000
04284371;303516000000
04278240;303602400000
04257723;304034400000
04249838;304207200000
04264241;304552800000
04289429;304898400000
04234271;305244000000
04286524;305244000000
04231686;305330400000
04374540;305503200000
04263944;306021600000
04275836;306367200000
04266581;306540000000
04279549;306972000000
04316680;307580400000
04264238;307666800000
04239422;307839600000
04275976;307839600000
04306643;307926000000
04253783;308271600000
04335982;308876400000
04338187;309394800000
04281946;309740400000
04282006;309740400000
04614283;309999600000
04317532;309999600000
04262034;310086000000
04258005;310172400000
04265573;310604400000
04284370;310863600000
04286935;310863600000
04284032;311295600000
04314669;311295600000
04284372;311814000000
04322184;313196400000
04320559;313369200000
04293250;313628400000
04286527;313628400000
04346822;313887600000
04256419;313974000000
04286822;313974000000
04280706;314233200000
04301880;314319600000
04321877;314578800000
04285617;315010800000
04326866;315010800000
04300726;315097200000
04318643;315183600000
04372337;316047600000
04279556;316393200000
04316505;316393200000
04312607;316998000000
04313699;318121200000
04337902;318207600000
04306359;319071600000
04280251;319158000000
04433943;319158000000
04287725;319244400000
04290555;319417200000
04296970;319417200000
04305688;319762800000
04347032;319762800000
04341492;319762800000
04305210;319849200000
04344723;320281200000
04247229;320281200000
04325660;320367600000
04358226;320540400000
04286910;320540400000
04293249;320886000000
04492294;320886000000
04299518;320886000000
04324511;321145200000
04298229;321145200000
04296695;321231600000
04312608;321490800000
04355929;321490800000
04320995;322441200000
04325573;322441200000
04347022;323906400000
04352604;323906400000
04344580;324511200000
04362442;324511200000
04343575;324684000000
04334370;324770400000
04265737;325288800000
04334806;325720800000
04352331;325807200000
04353668;325807200000
04348139;325893600000
04372478;327103200000
04313700;327103200000
04355928;327794400000
04261705;327880800000
04302134;327880800000
04470729;328485600000
04358227;328744800000
04345859;328744800000
04343574;329004000000
04319782;329090400000
04351373;329349600000
04437796;329522400000
04352606;329608800000
04551040;330040800000
04294592;330300000000
04367598;330300000000
04360295;330732000000
04328057;330818400000
04355930;331336800000
04348158;331768800000
04335994;331768800000
04505214;331941600000
04386719;331941600000
04372710;332114400000
04345527;332373600000
04288074;332373600000
04299683;332632800000
04362443;332719200000
04372338;333064800000
04553881;333151200000
04611955;333151200000
04430030;333669600000
04618292;334533600000
04354775;334533600000
04354776;334879200000
04615648;334965600000
04352603;335138400000
04376601;335397600000
04390281;335397600000
04322221;335656800000
04361973;335743200000
04359383;336002400000
04345858;336002400000
04345702;336002400000
04343511;336261600000
04458601;336348000000
04365764;336348000000
04361079;336693600000
04375358;336693600000
04367685;337212000000
04356078;337212000000
04369006;337471200000
04360294;337557600000
04352608;337989600000
04378183;338076000000
04379663;338421600000
04316682;338421600000
04379664;338508000000
04391528;338680800000
04306387;338767200000
04376602;339030000000
04354777;339030000000
04372713;339375600000
04367988;339807600000
04315704;339807600000
04362441;341103600000
04363574;341622000000
04363573;341708400000
04340323;341708400000
04371101;341794800000
04381161;341794800000
04306629;342054000000
04367987;342054000000
04338049;342658800000
04377356;343609200000
04430029;343609200000
04367989;343609200000
04369005;344214000000
04304105;344473200000
04340347;344473200000
04363575;344559600000
04398828;344818800000
04389142;344818800000
04372751;345078000000
04364665;345078000000
04352607;345337200000
04423987;345423600000
04368678;345682800000
04395165;346028400000
04449862;346287600000
04578001;346892400000
04352267;347065200000
04359298;347583600000
04379106;347842800000
04394895;348102000000
04346730;348274800000
04568224;348879600000
04381898;348879600000
04368742;349398000000
04409746;350175600000
04371294;350262000000
04373838;350866800000
04398852;351212400000
04373276;351212400000
04344843;351385200000
04349280;351385200000
04391860;351730800000
04377172;351817200000
04371309;351903600000
04408943;352076400000
04373887;352335600000
04453866;352335600000
04435122;352335600000
04406663;352940400000
04411560;353286000000
04389143;353545200000
04382723;353718000000
04372712;353718000000
04405265;353718000000
04371295;353804400000
04381924;353890800000
04395166;354322800000
04411388;354409200000
04405240;354837600000
04392439;354837600000
04399757;354924000000
04451183;355010400000
04382725;355096800000
04411390;355356000000
04391561;355960800000
04417832;356047200000
04425075;356565600000
04397591;356738400000
04382724;357429600000
04388026;357429600000
04376600;358034400000
04388035;358120800000
04410106;358466400000
04427133;358466400000
04432771;358725600000
04548001;358984800000
04444229;358984800000
04457423;358984800000
04439072;359330400000
04411561;359330400000
04423988;359676000000
04481019;359676000000
04327055;359848800000
04395164;359848800000
04411674;360280800000
04459070;360280800000
04387914;360799200000
04356779;360799200000
04363571;360972000000
04451184;361144800000
04422809;361404000000
04403374;361576800000
04449644;361663200000
04412762;362268000000
04413935;362613600000
04455111;362613600000
04430028;363823200000
04413934;364428000000
04402635;364428000000
04433946;364514400000
04388871;364773600000
04372711;365292000000
04475819;365378400000
04416666;365378400000
04440543;366242400000
04363572;366588000000
04455149;366588000000
04405289;366588000000
04428703;367797600000
04400131;368056800000
04425058;368748000000
04412761;368748000000
04387852;369007200000
04415296;369266400000
04430248;369525600000
04466761;369871200000
04433947;369957600000
04575284;370044000000
04385852;370216800000
04413933;370216800000
04436456;370479600000
04564319;371430000000
04442865;372466800000
04469135;372466800000
04394259;372985200000
04615825;373244400000
04411935;373503600000
04473326;373762800000
04457648;374108400000
04456406;374713200000
04436457;374799600000
04455288;375058800000
04411389;375663600000
04444531;376009200000
04409918;376095600000
04422565;376527600000
04474511;376614000000
04473327;376700400000
04439200;377132400000
04394790;378514800000
04461601;379206000000
04437797;379897200000
04432676;379897200000
04476611;380242800000
04449863;380242800000
04470704;380329200000
04489862;380502000000
04407613;380502000000
04459071;380761200000
04465409;380934000000
04457434;381366000000
04461700;381538800000
04449861;382057200000
04491442;382230000000
04413932;382748400000
04469268;382748400000
04408886;382748400000
04544306;382834800000
04416567;382834800000
04437798;383180400000
04466759;383180400000
04455110;383180400000
04420279;383180400000
04465418;383439600000
04416568;383439600000
04407436;383439600000
04492497;384130800000
04500445;384562800000
04493548;385945200000
04381897;386200800000
04462739;386287200000
04470730;386460000000
04459069;386805600000
04668130;386805600000
04500229;387064800000
04466760;387410400000
04500228;387669600000
04470727;387669600000
04496076;387756000000
04498906;387756000000
04484852;388015200000
04507022;388101600000
04437609;388188000000
04462777;388188000000
04466073;388620000000
04417901;388792800000
04439073;388965600000
04455112;389224800000
04482275;389224800000
04432675;389224800000
04441887;389397600000
04462550;389484000000
04483646;389570400000
04465497;390434400000
04462796;390607200000
04462719;391039200000
04488838;391039200000
04773796;391298400000
04525105;391730400000
04511364;391730400000
04511291;391903200000
04462721;392248800000
04475848;392248800000
04392760;392421600000
04415338;392508000000
04486126;392594400000
04502819;392853600000
04480947;392853600000
04473328;392853600000
04465410;393026400000
04490078;393112800000
04479920;393717600000
04504182;394063200000
04493593;394149600000
04490077;394840800000
04480593;395013600000
04497345;395359200000
04482367;395532000000
04735301;395618400000
04396397;395877600000
04521139;395877600000
04453865;396050400000
04535326;396050400000
04480948;396050400000
04484843;396482400000
04466558;397087200000
04432674;397346400000
04514114;397778400000
04883390;398296800000
04502820;398296800000
04488837;398901600000
04740112;399247200000
04440528;399247200000
04526121;399506400000
04529106;399765600000
04462140;400197600000
04436528;401061600000
04505623;401061600000
04492589;401320800000
04444532;401320800000
04525107;401493600000
04477210;401580000000
04473016;401580000000
04502868;401929200000
04465016;402015600000
04465239;402015600000
04482276;402015600000
04500231;402102000000
04475924;402102000000
04594028;402188400000
04475849;402188400000
04449880;402188400000
04472062;404694000000
04500038;404953200000
04515503;405298800000
04453864;405558000000
04498819;405558000000
04766938;406162800000
04497598;406508400000
04462722;406940400000
04555254;407458800000
04463769;408150000000
04506815;408236400000
04501518;408322800000
04479362;408322800000
04502215;409186800000
04511292;409186800000
04840727;409186800000
04436458;409359600000
04506704;409791600000
04491138;411174000000
04504177;411260400000
04503786;411346800000
04501286;411865200000
04508474;411951600000
04512688;412470000000
04474327;412556400000
04518286;412902000000
04497605;413161200000
04553698;413420400000
04516888;414198000000
04508473;414716400000
04514189;414889200000
04846608;415321200000
04592679;416012400000
04501205;416098800000
04462720;416098800000
04545714;416185200000
04512687;417049200000
04529335;417135600000
04529336;418428000000
04529348;418428000000
04535801;418514400000
04478253;418600800000
04620656;418860000000
04504277;419032800000
04546902;419032800000
04526584;419032800000
04497599;419551200000
04832539;419637600000
04537224;419724000000
04536121;419810400000
04495024;420069600000
04472091;420069600000
04445809;420069600000
04611759;420156000000
04497120;420242400000
04441853;420328800000
04528848;421020000000
04496367;421020000000
04486101;421279200000
04531862;421538400000
04563635;421884000000
04525173;421970400000
04564190;422488800000
04526111;422488800000
04486100;422661600000
04533280;422748000000
04690591;422834400000
04529337;423180000000
04765377;423698400000
04519427;424389600000
04479743;424476000000
04519810;424648800000
04780028;425772000000
04494959;425772000000
04522340;425858400000
04662798;426376800000
04540120;426981600000
04560094;426981600000
04530462;427413600000
04561805;427586400000
04645514;427586400000
04552568;427672800000
04572726;427932000000
04538941;427932000000
04516887;428104800000
04468232;428104800000
04500230;428191200000
04597487;428191200000
04543017;428536800000
04462808;428796000000
04555385;430092000000
04538364;430610400000
04509862;430956000000
04550952;431128800000
04526208;431215200000
04563123;432165600000
04527346;432338400000
04561806;432770400000
04564317;433116000000
04554721;433378800000
04553882;434070000000
04517099;434329200000
04554956;434761200000
04556173;435193200000
04616960;435452400000
04605329;435884400000
04580927;436143600000
04569161;436662000000
04561807;436662000000
04506834;437007600000
04606677;437266800000
04542775;437612400000
04552489;437612400000
04557637;437785200000
04543018;437871600000
04559719;438390000000
04552573;438994800000
04591075;439081200000
04599092;439772400000
04480560;439772400000
04525106;440118000000
04826362;440377200000
04699210;440722800000
04582454;441500400000
04646759;442191600000
04664139;442710000000
04506865;442796400000
04580928;443228400000
04532860;443228400000
04540421;443919600000
04545410;444265200000
04545704;444265200000
04600129;444265200000
04548147;444351600000
04564318;444351600000
04588330;444524400000
04530290;444610800000
04548529;445474800000
04536104;445474800000
04536105;445474800000
04505716;445647600000
04534653;445734000000
04641864;445734000000
04546612;446166000000
04574705;446684400000
04597510;447030000000
04880147;447462000000
04599017;447548400000
04603810;447548400000
04562968;448498800000
04563196;448498800000
04521130;448671600000
04579482;448671600000
04557636;449100000000
04610283;449704800000
04621952;449791200000
04557638;450050400000
04568225;450655200000
04547099;450655200000
04589592;451000800000
04620577;451692000000
04597694;451864800000
04536186;452296800000
04596497;452383200000
04573504;453074400000
04583883;453420000000
04540317;453592800000
04551042;453592800000
04595319;455148000000
04561808;455148000000
04582254;455320800000
04541144;455407200000
04554941;455752800000
04609309;455752800000
04551041;455752800000
04583884;455839200000
04578002;455839200000
04553880;456357600000
04498818;456444000000
04573830;456616800000
04645035;456616800000
04586853;457567200000
04586852;457567200000
04595318;457826400000
04572712;457826400000
04610575;457826400000
04616961;457826400000
04593727;457912800000
04521268;458172000000
04587985;458258400000
04662800;458517600000
04568223;458863200000
04570552;459036000000
04552069;460591200000
04599015;460936800000
04707162;460936800000
04624369;461282400000
04583885;461368800000
04618295;462146400000
04521165;462751200000
04702747;464392800000
04704134;464392800000
04660772;464997600000
04738748;465084000000
04622918;465170400000
04583487;466988400000
04620997;467074800000
04637760;467247600000
04619562;467420400000
04637418;467506800000
04576097;468198000000
04615649;468457200000
04593630;469148400000
04607987;470271600000
04613259;470444400000
04593722;470962800000
04685842;470962800000
04830547;471222000000
04573800;471481200000
04599249;471654000000
04621953;471826800000
04655943;471826800000
04933072;472086000000
04660271;472172400000
04630975;472172400000
04646943;472345200000
04560307;472345200000
04609134;473641200000
04552490;473900400000
04595317;474159600000
04681484;474678000000
04610574;474764400000
04576526;474850800000
04564371;475282800000
04693394;475369200000
04714505;476060400000
04618294;476060400000
04640219;476406000000
04618293;476406000000
04677917;477183600000
04661243;477788400000
04615647;477788400000
04676742;478134000000
04560032;478134000000
04668131;478134000000
04701080;478738800000
04659262;478738800000
04687381;480639600000
04681676;480812400000
04642223;481240800000
04601617;481932000000
04605342;481932000000
04646941;482364000000
04563112;482364000000
04678377;482709600000
04579320;482968800000
04701185;483314400000
04706697;483314400000
04655647;483919200000
04600603;484437600000
04634451;484524000000
04662799;485128800000
04587002;485474400000
04808042;485560800000
04661024;486079200000
04674922;486338400000
04666347;486770400000
04586854;487375200000
04669921;487807200000
04582455;487893600000
04648779;488412000000
04653964;488671200000
04732512;488757600000
04638945;489708000000
04666726;489794400000
04599016;489967200000
04573849;490485600000
04695207;490485600000
04661025;491004000000
04968188;491004000000
04657444;491004000000
04685840;491781600000
04697962;491781600000
04646910;492040800000
04642944;492127200000
04678119;492645600000
04619561;493336800000
04586443;493423200000
04648754;494028000000
04721420;494546400000
04753296;496274400000
04662543;496274400000
04661046;496533600000
04769127;496882800000
04659293;497228400000
04715749;497660400000
04758117;498351600000
04711607;498783600000
04679704;499302000000
04696608;499302000000
04692628;499474800000
04710066;499647600000
04692169;500598000000
04684295;500684400000
04660959;500770800000
04627156;501202800000
04701981;501289200000
04685843;501721200000
04705220;501721200000
04738770;501721200000
04710098;501894000000
04670954;501894000000
04685476;503017200000
04669922;503535600000
04655677;503535600000
04705432;503794800000
04682915;503794800000
04695205;503881200000
04703868;504140400000
04812085;504745200000
04665956;505004400000
04807814;505090800000
04789569;505090800000
04692068;505522800000
04637473;506214000000
04699548;506646000000
04659263;506646000000
04671708;506732400000
04653963;507250800000
04696179;508028400000
04687079;508633200000
04661026;508719600000
04708534;509065200000
04653777;509238000000
04759775;509324400000
04688588;509583600000
04676826;509583600000
04715722;509583600000
04767243;509756400000
04963065;511138800000
04824295;511570800000
04685841;512002800000
04666346;512002800000
04917546;512175600000
04694740;512262000000
04676402;512949600000
04710067;513381600000
04684155;513554400000
04735731;513813600000
04695206;513813600000
04704851;514504800000
04696432;514764000000
04812086;515887200000
04764058;515973600000
04705433;515973600000
04730955;516319200000
04664160;516405600000
04781494;516578400000
04753353;517528800000
04765780;517615200000
04765781;517701600000
04764057;517788000000
04666462;517788000000
04756646;518220000000
04726715;518652000000
04721419;518652000000
04689173;518738400000
04784755;518738400000
04687408;518824800000
04673080;518911200000
04715750;519516000000
04806056;521071200000
04753565;521071200000
04704054;521071200000
04790708;521935200000
04798516;522021600000
04826361;522280800000
04747814;522453600000
04722276;523231200000
04702182;523576800000
04799830;523749600000
04926217;524095200000
04747524;524354400000
04803034;524872800000
04797038;524872800000
04862649;525564000000
04884924;525650400000
04732513;525650400000
04687382;526255200000
04740114;526255200000
04746250;526600800000
04743143;526860000000
04710068;527119200000
04738569;527205600000
04749313;527292000000
04728250;527378400000
04699068;527724000000
04730957;527724000000
04740113;527810400000
04671707;527896800000
04723387;528937200000
04729513;529282800000
04818152;529628400000
04784533;529628400000
04787783;529714800000
04773797;529887600000
04684296;530492400000
04738289;531097200000
04693189;531356400000
04702664;531442800000
04793744;531442800000
04676699;531529200000
04773960;531615600000
04744701;531702000000
04758119;532134000000
04735241;532566000000
04840253;532652400000
04702181;533170800000
04805626;533343600000
04776731;533343600000
04733619;533775600000
04770565;533948400000
04722641;533948400000
04730956;534034800000
04770344;534380400000
04780027;534553200000
04878785;534553200000
04764056;535330800000
04848940;536194800000
04820086;536886000000
04744702;537404400000
04834590;537490800000
04762684;537490800000
04717289;537750000000
04955989;538354800000
04708535;538700400000
04773522;538700400000
04758118;538959600000
04834589;539478000000
04741196;539823600000
04917544;539996400000
04775267;540082800000
04738608;540169200000
04769873;541119600000
04768684;541119600000
04826360;541206000000
04765779;541292400000
04808043;541638000000
04738287;541724400000
04790692;541810800000
04734110;541897200000
04732113;542242800000
04724035;542329200000
04813817;542588400000
04860687;542847600000
04720215;542847600000
04747731;542934000000
04789272;542934000000
04821495;543452400000
04917545;543798000000
04817540;544226400000
04872786;544658400000
04715748;544658400000
04718796;544744800000
04749312;544917600000
04776730;544917600000
04779765;545263200000
04928739;545349600000
04770566;545436000000
04815414;545868000000
04834004;546645600000
04793743;546645600000
04784561;546732000000
04832537;546818400000
04762148;546818400000
04846377;547077600000
04718795;548287200000
04852994;548632800000
04801044;549064800000
04834587;549151200000
04747732;549669600000
04809602;550101600000
04822214;550447200000
04834586;551052000000
04874130;551397600000
04850703;551484000000
04823989;551570400000
04799831;551916000000
04863316;552088800000
04865492;552088800000
04863317;552175200000
04834544;552520800000
04824294;552780000000
04842449;553125600000
04863076;553125600000
04748817;553125600000
04844340;553816800000
04823396;553816800000
04793529;553903200000
04846605;555717600000
04887936;555717600000
04913597;555717600000
04743936;555890400000
04827967;556322400000
04813818;556840800000
04828434;557359200000
04844665;557704800000
04768090;558050400000
04756647;558050400000
04836039;558223200000
04850750;558741600000
05002229;558828000000
04844663;558914400000
04830545;558914400000
05127772;558914400000
04834588;558914400000
04877419;558914400000
04869622;558914400000
04792235;559173600000
04792263;559173600000
04844664;559173600000
04909556;559260000000
04848974;559519200000
04802796;559868400000
04881862;559954800000
04881856;560386800000
04793742;560386800000
04830287;560473200000
04762668;560732400000
04871284;561078000000
04848975;561078000000
04787782;561078000000
04756427;561164400000
04856941;561682800000
04904128;561682800000
04859316;562287600000
04838738;562374000000
04829626;563410800000
04850751;564793200000
04884925;565570800000
04832538;565916400000
04816682;566694000000
04850749;566780400000
04820052;567212400000
04860928;567298800000
04878784;567644400000
04830546;567817200000
04829724;568854000000
04843969;568940400000
04851110;569026800000
04770611;569113200000
04960350;569199600000
04859120;569199600000
04872785;569804400000
04883362;570236400000
04843983;570754800000
04850752;570754800000
04828435;570754800000
04904574;571618800000
04874273;571964400000
04830043;572482800000
04915547;572655600000
04880148;572828400000
04801210;574297200000
04927582;574556400000
04854783;574556400000
04886401;576712800000
04939816;576885600000
04993882;577317600000
04995765;577317600000
04884923;577490400000
04838071;578181600000
04940368;578181600000
04909676;578181600000
04881397;578527200000
04861200;578700000000
04872598;579218400000
04889139;579736800000
04902173;580082400000
04903419;580428000000
04932594;580428000000
04936715;581205600000
04848941;581551200000
04887400;581896800000
05002615;582156000000
04904127;582760800000
05129766;582847200000
05106240;582847200000
04943190;582847200000
04934876;582847200000
04900200;582933600000
04927298;583020000000
04860959;583020000000
04838169;583020000000
04893966;583538400000
04941778;583711200000
04901503;584575200000
04867615;585266400000
04911340;585352800000
04983189;585784800000
04853112;585784800000
04940367;586648800000
04881855;587080800000
04953135;587772000000
04836250;588376800000
04863104;588376800000
04892123;588463200000
05000624;589068000000
05083710;589500000000
04913598;589500000000
04919303;589586400000
04944636;589586400000
04896968;590104800000
04936153;590623200000
04944635;590968800000
04946317;591404400000
04932513;591922800000
04859121;592527600000
04865491;592527600000
04890960;592527600000
04930942;592527600000
04930691;592527600000
04990034;592614000000
04883406;592786800000
04963392;593391600000
04900345;593391600000
04900199;593391600000
04993881;593391600000
04947903;593391600000
04934281;593910000000
04970830;594342000000
04948303;594428400000
04906144;594601200000
04938636;595465200000
04941777;595638000000
05037244;595810800000
04930941;596070000000
04990033;596156400000
04974646;596242800000
04940535;596674800000
04903901;596674800000
04971482;597020400000
04988240;597279600000
04953749;597279600000
04930943;597279600000
05098230;598230000000
05030037;598489200000
04934569;598489200000
04885012;600994800000
04930944;601513200000
04934875;601599600000
04875811;601686000000
05017053;601686000000
04989763;601772400000
05053203;601772400000
04893656;602118000000
04946322;602377200000
04948302;602463600000
04934877;602722800000
04997681;602895600000
04953792;603068400000
04971481;603068400000
04938848;603327600000
05018440;603414000000
04974998;604018800000
04875574;604278000000
04904126;604278000000
05022793;604537200000
04976356;604623600000
04889452;604623600000
04947802;604710000000
04954020;605746800000
04875810;606351600000
05006018;606610800000
05074342;607557600000
04945956;607557600000
05015126;607816800000
04941295;608335200000
04909273;608421600000
04948013;608508000000
04993886;609112800000
04955761;609372000000
04984939;609976800000
04898208;610236000000
05098667;610322400000
04952100;611359200000
04941779;611445600000
05024561;612050400000
04964575;612482400000
05028174;612568800000
04978253;612741600000
05039017;612741600000
04993885;613000800000
04973203;613000800000
04978252;613173600000
04884723;613173600000
04911824;613173600000
04978251;613260000000
04938637;613346400000
05000358;613605600000
04989784;613692000000
04955762;613778400000
04976288;614469600000
04995427;614469600000
05030054;614556000000
05009551;614815200000
05006019;615074400000
04973202;615592800000
04993887;615679200000
05035543;616024800000
04936870;616284000000
04936716;616716000000
04964502;617925600000
04945661;618444000000
04944637;619048800000
05017052;619135200000
05209607;619912800000
04952099;620258400000
05009550;620431200000
04997318;620517600000
05000623;620949600000
04917143;621122400000
05044837;621727200000
04974277;621727200000
04946338;622072800000
05033914;623026800000
05149229;623372400000
05203485;623977200000
04936031;624150000000
04976755;624754800000
05078548;625100400000
05173007;625100400000
05071290;625446000000
05020689;625446000000
05033915;625446000000
05038975;625446000000
04995966;626050800000
05039258;626482800000
05156102;627174000000
04940131;627174000000
05037246;627519600000
04975100;627606000000
04975000;627692400000
04974999;627692400000
04996538;628210800000
05037247;628297200000
05040929;628383600000
05069243;628383600000
05154545;628470000000
04944347;628729200000
04986456;628815600000
05022794;628988400000
05011339;628988400000
05005612;629593200000
05020943;629938800000
05017054;630198000000
05028009;630284400000
05071289;630716400000
05056962;630716400000
04998845;630889200000
05025158;631494000000
04993883;632444400000
05029835;633135600000
05015127;633222000000
05028173;633740400000
05004377;633826800000
05107981;633913200000
04998850;634518000000
04993884;634777200000
04992006;634950000000
05065858;635122800000
04995645;635468400000
05018910;635986800000
05076737;636073200000
05037245;636332400000
04988239;636591600000
05044836;636937200000
05049007;637196400000
05009552;637196400000
05042209;637196400000
05048761;637369200000
04984610;637455600000
05191961;638146800000
05163787;638920800000
05076501;639352800000
05094403;639352800000
05049008;639784800000
05062741;639871200000
05002084;639871200000
05018909;639957600000
05042178;639957600000
05042169;640389600000
05061145;640476000000
05100264;640476000000
05024466;640821600000
05132917;640821600000
05080534;640821600000
05087155;640994400000
05067857;641167200000
05108513;641685600000
05120165;641685600000
05051040;641772000000
05044872;642117600000
05027835;642376800000
05143697;642808800000
05296015;642981600000
05145253;643240800000
05110393;644450400000
05143485;645055200000
05067856;645055200000
05114281;645919200000
05035317;646264800000
05078579;646351200000
05104230;646610400000
05139370;646869600000
05225089;646956000000
05125583;647474400000
05007772;647560800000
05108233;648079200000
05096096;648079200000
05078549;648338400000
05083704;649893600000
05106241;650584800000
05074718;651880800000
05114280;651880800000
05100266;651880800000
05114078;652053600000
05090900;652399200000
05069582;652399200000
05078776;652485600000
05106238;652485600000
05118226;652917600000
05054965;652917600000
05209387;653781600000
05096337;653868000000
05103879;654386400000
05052445;654386400000
05020858;654472800000
05073259;654735600000
05082148;655426800000
05156500;655513200000
05042237;655513200000
05147152;656118000000
05064315;656636400000
05069583;656895600000
05119993;657154800000
05150990;657327600000
05102118;657414000000
05083391;657846000000
05145293;657932400000
05092714;658710000000
05064314;658969200000
05131792;659919600000
05096336;659919600000
05160222;659919600000
05118224;661042800000
05180257;661129200000
05106239;661129200000
05090330;662166000000
05165826;663375600000
05091082;663375600000
05051041;663548400000
05092526;663894000000
05193942;663980400000
05122016;664066800000
05060984;664498800000
05100265;664498800000
05150991;664671600000
05103981;664671600000
05147153;664758000000
05212891;664758000000
05127773;665017200000
05150822;665190000000
05190082;666918000000
05117533;666918000000
05178496;667522800000
05143486;667782000000
05145292;668041200000
05088860;668386800000
05054966;668646000000
05199767;668732400000
05184730;668905200000
05110366;669337200000
05156499;669337200000
05156498;670543200000
05188296;670543200000
05215228;670802400000
05147154;671061600000
05205677;671407200000
05163667;671752800000
05125771;671839200000
05178196;671925600000
05143256;672271200000
05098229;672962400000
05299890;672962400000
05133636;672962400000
05147155;673135200000
05167472;673221600000
05177888;674172000000
05143521;674258400000
05242059;675554400000
05215222;676591200000
05140759;676850400000
05222840;677455200000
05209170;677800800000
05118225;677887200000
05127439;678664800000
05163786;678751200000
05354152;678924000000
05176475;679615200000
05223199;679615200000
05147030;680392800000
05147156;680738400000
05205991;680824800000
05129167;680824800000
05139175;681084000000
05246189;681084000000
05129459;681343200000
05161919;681429600000
05213271;681688800000
05209609;682034400000
05275440;682207200000
05255830;682293600000
05170949;682293600000
05224243;682293600000
05232314;682639200000
05191966;683330400000
05190415;683848800000
05129765;684367200000
05195850;684367200000
05188264;684367200000
05190416;684626400000
05282573;684972000000
05205019;685058400000
05217329;685144800000
05217328;685144800000
05192170;685144800000
05234292;685144800000
05181807;685663200000
05226213;685663200000
05199245;686271600000
05226567;686444400000
05197162;686790000000
05284388;686962800000
05215412;687135600000
05248222;687481200000
05155976;687567600000
05209608;687740400000
05172497;688345200000
05169267;689209200000
05269636;689900400000
05195851;689900400000
05211514;689986800000
05288024;690073200000
05167471;690418800000
05195852;690418800000
05181804;691196400000
05174689;692233200000
05213450;692578800000
05210935;693183600000
05226758;693442800000
05284405;693788400000
05174320;694393200000
05213451;694911600000
05332337;695343600000
05248227;696812400000
05181805;697071600000
05181806;697071600000
05226759;697158000000
05211513;698022000000
05199826;698022000000
05316179;698540400000
05190140;699145200000
05186166;699663600000
05258137;700095600000
05269461;700441200000
05205489;701046000000
05360297;701478000000
05252008;701650800000
05309703;701906400000
05288111;702511200000
05294218;702770400000
05287586;702770400000
05207536;703116000000
05273584;703202400000
05269635;703288800000
05236285;703288800000
05236286;703288800000
05429575;703893600000
05201877;704066400000
05247722;704066400000
05355962;704066400000
05228168;704412000000
05248228;704584800000
05269638;704930400000
05252007;704930400000
05215221;705189600000
05277492;705276000000
05186110;705535200000
05188486;705621600000
05244317;705880800000
05269463;706485600000
05269637;706485600000
05240355;706485600000
05238332;706917600000
05265983;707436000000
05224802;707608800000
05294217;708213600000
05323939;708213600000
05215261;708645600000
05192450;708732000000
05232315;708732000000
05238154;708818400000
05322074;709941600000
05324142;710373600000
05285735;711064800000
05304017;711237600000
05238333;711842400000
05312231;712879200000
05388704;714607200000
05307998;715384800000
05236287;715471200000
05246314;715903200000
05469994;715989600000
05403128;716421600000
05326194;717199200000
05340241;717721200000
05299891;717894000000
05271427;719449200000
05246097;719622000000
05226775;719708400000
05301534;720140400000
05222529;720399600000
05226757;720831600000
05299888;720918000000
05242250;721263600000
05238400;722041200000
05356280;722559600000
05318408;722646000000
05519420;724892400000
05320457;725583600000
05299889;725583600000
05265984;725583600000
05323819;726361200000
05372277;726793200000
05328301;727398000000
05271695;727570800000
05505566;727657200000
05433559;727657200000
05427491;728002800000
05324143;728175600000
05335828;728866800000
05273562;729471600000
05375730;730681200000
05378089;730940400000
05329660;731113200000
05443162;732409200000
05304027;732841200000
05326009;733100400000
05407139;733356000000
05386857;733442400000
05387058;733528800000
05494381;734047200000
05379706;734133600000
05417524;734565600000
05350260;734652000000
05310291;734738400000
05473114;734738400000
05363778;734824800000
05346101;735170400000
05353967;735256800000
05356243;735343200000
05567090;735429600000
05374141;736034400000
05407305;736034400000
05314094;736034400000
05364208;736380000000
05357688;736466400000
05437521;737244000000
05464310;737848800000
05286451;737935200000
05356577;737935200000
05487229;738540000000
05368417;738540000000
05341856;739749600000
05788425;740700000000
05478173;740872800000
05421678;741218400000
05738467;741218400000
05337795;741304800000
05551553;741909600000
05322393;742600800000
05470191;742600800000
05447394;743032800000
05386900;746229600000
05402876;746748000000
05381886;746748000000
05456556;746920800000
05538286;747352800000
05568755;748044000000
05381779;748130400000
05518344;748735200000
05467923;748735200000
05474111;751244400000
05466096;752108400000
05477953;752713200000
05345969;753318000000
05397062;753404400000
05390827;753663600000
05429156;754009200000
05484237;755478000000
05567919;756514800000
05474401;757033200000
05390501;758329200000
05350257;758329200000
05489166;758415600000
05573356;758502000000
05478174;758502000000
05582493;758847600000
05564868;759106800000
05385434;760057200000
05478172;761266800000
05487624;761526000000
05465822;761871600000
05538365;761871600000
05542789;761871600000
05516239;761871600000
05522555;762476400000
05562369;762994800000
05806397;763081200000
05524768;763686000000
05547331;763772400000
05487228;763772400000
05558474;764805600000
05382117;764805600000
05433924;765064800000
05421148;765151200000
05829649;765496800000
05503505;766188000000
05525015;766274400000
05472023;766706400000
06221318;766792800000
05378047;766792800000
05392722;767484000000
05501552;767570400000
05392996;767829600000
05556238;768175200000
05429278;768434400000
05562368;769125600000
05405219;769212000000
05511730;769212000000
05518545;769298400000
05542612;769298400000
05505567;769644000000
05615701;769730400000
05538162;769816800000
05458264;769903200000
05622457;770508000000
05442836;771026400000
05501553;771112800000
05535791;771199200000
05564630;771544800000
05462351;772063200000
05544983;772927200000
05507601;772927200000
05515795;773618400000
05549421;773964000000
05622458;774136800000
05505584;774741600000
05697488;775000800000
05702209;775173600000
05431410;775692000000
05536118;775778400000
05558473;776901600000
05611647;777074400000
05492453;777074400000
05490745;777506400000
05491913;777592800000
05575595;777765600000
05590984;777765600000
05540521;777765600000
05553980;777852000000
05564441;778456800000
05562591;778888800000
05769573;779407200000
05645381;779407200000
05562367;780271200000
05558472;781398000000
05615987;781398000000
05556237;781484400000
05507602;782089200000
05503198;782089200000
05451125;782694000000
06024304;782953200000
05540257;782953200000
05443333;783298800000
05584612;783730800000
05499898;783903600000
05478193;783903600000
05634744;783990000000
05538366;784767600000
05681132;784940400000
05540253;784940400000
05752788;786150000000
05573048;786582000000
05655853;787359600000
05468299;789606000000
05697116;790470000000
05669741;790556400000
05570812;790902000000
05531484;791420400000
05660506;791766000000
05529222;792975600000
05542790;793494000000
05575225;793839600000
05615832;794185200000
05667342;794530800000
05518529;795049200000
05570977;795049200000
05641250;795135600000
05522328;795222000000
05598647;795308400000
05518343;795999600000
05575596;795999600000
05678971;796172400000
05707198;797119200000
05549422;797205600000
05630547;798328800000
05593252;798674400000
05567091;799365600000
05480268;799970400000
05695070;800143200000
05863155;800834400000
05553599;801180000000
05593059;801871200000
05702655;802044000000
05562366;802389600000
05549423;802389600000
05556236;802476000000
05615980;802562400000
05722802;802648800000
05590916;803512800000
05588787;803772000000
05636947;804895200000
05497987;805932000000
05641339;806796000000
05647697;806796000000
05618136;807487200000
05647696;808696800000
05636946;809906400000
05651643;809992800000
05539958;810943200000
05568884;810943200000
05714043;811029600000
05871619;811029600000
05636710;811116000000
05967704;811720800000
05795388;812156400000
05529247;812156400000
05580193;812156400000
05678959;812329200000
05613510;813279600000
05660215;814748400000
05718539;816217200000
05836722;816908400000
05645379;816994800000
05636921;817686000000
05671869;818031600000
05634713;818118000000
05725124;818722800000
05711640;819241200000
05722801;819500400000
05709507;819586800000
05656305;819673200000
05645380;819759600000
05584615;820018800000
05634636;821314800000
05718461;821746800000
05657704;822351600000
05611648;822610800000
05706931;824857200000
05655677;824943600000
05642977;825375600000
05584614;825462000000
05704733;825634800000
05775851;825634800000
05727909;826066800000
05718017;826239600000
05669740;826671600000
05676494;826758000000
05695302;826844400000
05775852;826844400000
05584613;827449200000
05735644;827708400000
05741093;829519200000
05901966;829519200000
05647514;829951200000
05630680;830124000000
05725332;830728800000
05725160;830728800000
05700112;830815200000
05690450;830815200000
05819373;831333600000
05864485;832543200000
05651483;832888800000
05630679;832888800000
05749684;833752800000
05785464;833839200000
05709506;834098400000
05813801;835912800000
05813061;836517600000
05803673;836949600000
05765728;836949600000
05639188;837208800000
05795108;837468000000
05779398;837986400000
05718176;838591200000
05906858;839368800000
05908032;839541600000
05846031;840060000000
05853108;840146400000
05628588;840232800000
05595461;840405600000
05836721;841356000000
05765491;841874400000
05788163;842306400000
05749682;842306400000
06015246;842392800000
05810475;842824800000
05791829;842824800000
05765971;843516000000
05800578;843688800000
05758992;844034400000
05749683;844034400000
05882372;844207200000
05727908;844207200000
05720306;844380000000
05839669;844639200000
05904303;844725600000
05833287;844898400000
05685640;844984800000
05882149;845330400000
05842818;845330400000
05855456;845416800000
05919377;846716400000
06000995;847234800000
05791073;847753200000
05810902;848530800000
06036408;848876400000
05638940;848962800000
06260734;850431600000
05769572;850777200000
05931609;850777200000
05769571;851295600000
05934205;851295600000
05846275;851986800000
05955037;851986800000
05924823;852505200000
05853266;853455600000
05927908;854406000000
05993117;854406000000
06062773;854665200000
05810516;854665200000
05947647;854665200000
06033156;856220400000
05915887;856306800000
06068025;856479600000
06079547;856825200000
05947646;856825200000
05769286;858121200000
05741094;858812400000
06010280;859158000000
05865568;859417200000
06000884;859417200000
05820306;859845600000
05868528;859845600000
06012875;859932000000
06050750;860623200000
05738022;860709600000
05791830;863042400000
06012876;863388000000
05935283;863733600000
05931610;863992800000
05851493;864252000000
05713494;864684000000
06079911;864943200000
05829134;865461600000
05871308;865807200000
05984590;865807200000
05931611;865980000000
05951211;866412000000
06058567;866498400000
05839721;867103200000
05992772;867189600000
05888027;867189600000
06145247;867362400000
06123486;867362400000
06088968;867621600000
05944455;868312800000
05873680;869781600000
05918764;870040800000
06089794;870991200000
05997220;871250400000
05871027;871855200000
05980163;871855200000
05878679;871855200000
05947040;871855200000
05915312;872805600000
06053668;872805600000
06036407;873237600000
05941520;873237600000
06042107;873237600000
06056483;873842400000
06503026;874015200000
06036406;874274400000
06039513;874274400000
06039512;874533600000
06024208;874533600000
05862821;874965600000
05953892;875052000000
06089795;875829600000
05899641;876780000000
06155558;876866400000
05913642;878857200000
06068428;878857200000
05846029;880326000000
05846030;880326000000
06220056;880498800000
06109837;880498800000
05948341;881017200000
06155751;881794800000
05884126;882399600000
06074085;882572400000
05980735;882745200000
06200071;882745200000
06135676;882831600000
06089796;884127600000
06030152;884214000000
06082934;884300400000
05931093;884905200000
05988867;884905200000
06627174;885423600000
06062774;885423600000
06074136;885855600000
05996171;886028400000
05980164;886460400000
06146058;887670000000
06068429;887842800000
06034342;887929200000
06017180;887929200000
07269475;888793200000
06024518;888966000000
06276877;889657200000
06082923;890002800000
06296423;890089200000
05933920;892072800000
06045299;892418400000
06220790;892764000000
05947645;893282400000
05988436;893368800000
05964420;893887200000
05964551;893973600000
06202576;893973600000
06106202;894232800000
06152656;894837600000
06047652;894924000000
06224297;895096800000
05988631;895528800000
06176647;895701600000
05951006;895788000000
06398462;896824800000
06142714;897861600000
06085939;897948000000
06102629;898034400000
06073818;898207200000
06039510;898466400000
06053667;898552800000
06146057;898725600000
06250852;899762400000
05988951;899762400000
05953567;899935200000
06039511;899935200000
05979343;900540000000
06070758;901231200000
06158926;901749600000
06042307;901749600000
06116821;902095200000
06116822;902095200000
06120216;902095200000
06170819;902268000000
06213289;902268000000
05984591;902354400000
06074135;902440800000
06017446;902440800000
06247877;902959200000
06183169;902959200000
06216876;903564000000
06095742;905292000000
06210080;905464800000
06203249;907020000000
06247876;907538400000
06241428;907538400000
06120211;907711200000
06110242;908229600000
06197266;909529200000
06040553;909615600000
06155752;910134000000
06044693;910825200000
06139226;910825200000
06152310;911170800000
06287056;911516400000
06241427;911516400000
06318935;911775600000
06224298;912121200000
06352393;912985200000
06203250;913676400000
06210081;914367600000
06089489;914454000000
06445309;915058800000
06478514;916095600000
06345936;917218800000
06221001;917305200000
06360880;917564400000
06227770;918082800000
06234723;918687600000
06197080;919378800000
06079461;920329200000
06250853;920502000000
06296424;921020400000
06220791;921106800000
06170768;921193200000
06149495;921452400000
06293735;921798000000
06371711;921798000000
06238145;922744800000
06213690;922744800000
06085389;923004000000
06231273;924127200000
06273647;924472800000
06467497;924645600000
06413020;924645600000
06220793;925336800000
06053436;925423200000
06263802;925423200000
06290266;926632800000
06244788;928274400000
06190094;928274400000
06453644;929311200000
06213307;929397600000
06332740;929656800000
06287055;930002400000
06264404;931298400000
06325572;931730400000
06062398;932508000000
06827529;933285600000
06263883;933544800000
06116284;933890400000
06267540;933890400000
06257806;934236000000
06336775;934408800000
06109488;934495200000
06161784;934495200000
06257804;934495200000
06234722;934927200000
06045298;936309600000
06334653;936741600000
06251152;936914400000
06309144;936914400000
06223387;937432800000
06089378;937778400000
06113003;937864800000
06227769;937951200000
06170976;938383200000
06336774;938556000000
06227768;938642400000
06266945;938728800000
06435779;938988000000
06402500;939938400000
06343897;940284000000
06244075;940543200000
06220792;940802400000
06267539;941148000000
06398007;941583600000
06261030;941670000000
06257805;941756400000
06250851;942102000000
06116820;942793200000
06322295;942879600000
06312207;944002800000
06419217;944434800000
06443613;944607600000
06276826;944607600000
06290435;945212400000
06254315;945212400000
06293736;945385200000
06612785;945644400000
06315501;946249200000
06290434;946508400000
06276564;947631600000
06428245;947631600000
06332739;948150000000
06368029;948668400000
06409434;949014000000
06368028;949100400000
06585263;949446000000
06350086;950137200000
06375841;950569200000
06386800;950569200000
06488449;951433200000
06505483;951433200000
06528800;952038000000
06305884;952038000000
06491479;952988400000
06375393;953074800000
06379086;953506800000
06308375;953593200000
06755009;953852400000
06371125;954108000000
06449576;954280800000
06454497;954799200000
06368027;954972000000
06561691;955058400000
06338598;955317600000
06279329;955663200000
06367396;956268000000
06494151;956613600000
06402436;956872800000
06217261;957132000000
06368026;957391200000
06394708;957823200000
06468006;957909600000
06666627;959205600000
06547097;959292000000
06663325;959724000000
06343896;960156000000
06365858;960328800000
06364579;961020000000
06398461;961020000000
06210079;961106400000
06994497;961365600000
06357971;961365600000
06428246;961624800000
06299387;961711200000
06415909;962920800000
06447215;963180000000
06749374;963871200000
06354770;964044000000
06283680;964735200000
06409274;964994400000
06454495;965944800000
06443671;965944800000
06325571;965944800000
06299341;965944800000
06447216;966463200000
06374992;966981600000
06468005;967068000000
06516810;967068000000
06244833;967154400000
06812847;967154400000
06416051;968623200000
06383301;968796000000
06494646;969400800000
06454496;970178400000
06514014;970178400000
06494645;970437600000
06296425;970610400000
06361253;970696800000
06325103;970783200000
06485284;971647200000
06470737;971733600000
06595735;972252000000
06571573;972424800000
06386799;972511200000
06382881;972597600000
06283679;973119600000
06412524;974415600000
06461086;975366000000
06508610;976057200000
06354789;976230000000
06568882;976230000000
06585259;977094000000
06443669;977439600000
06273648;978044400000
06290433;978044400000
06601365;978649200000
06394733;979254000000
06685401;979772400000
06533504;979858800000
06655878;980118000000
06398463;980204400000
06361041;980377200000
06402437;980722800000
06416261;980809200000
06595350;980982000000
06461087;981414000000
06345935;981673200000
06425714;982018800000
06579041;982623600000
06330813;982710000000
06443670;982796400000
06419425;983314800000
06398464;983746800000
06514015;984006000000
06892063;984524400000
06461085;984697200000
06357361;984697200000
06935813;984697200000
06676365;984697200000
06435338;984956400000
06447217;985557600000
06669435;985730400000
06840468;985816800000
06591974;986335200000
06412421;986508000000
06412422;986508000000
06471447;986767200000
06390736;987026400000
06382880;987026400000
07104734;987372000000
06484902;988668000000
06474912;988668000000
06840715;988927200000
06345650;990482400000
06378443;990568800000
06582161;990655200000
06575347;991778400000
06971822;991864800000
06582160;991864800000
06557598;992210400000
06609871;992815200000
06729660;992815200000
06860989;992988000000
06592302;993160800000
06619889;993420000000
06971786;993506400000
06619525;993592800000
06564924;994629600000
06382882;994802400000
06630633;994975200000
06575668;995234400000
07104385;995580000000
06565290;995580000000
06454141;996012000000
06588989;996184800000
06715610;996184800000
06609857;997135200000
06588988;997653600000
06648558;998604000000
06390737;998863200000
06662722;999208800000
06848867;1000245600000
06877933;1000936800000
06398460;1001628000000
06386801;1001887200000
07186390;1002146400000
06604892;1002146400000
06588056;1002232800000
06719499;1002578400000
06575669;1003269600000
06581534;1003356000000
06609870;1003788000000
06609873;1004047200000
06632063;1005260400000
06542707;1005606000000
06682287;1006210800000
06554546;1006729200000
06626612;1006988400000
06634833;1007074800000
06659118;1007420400000
06685007;1007506800000
06481935;1008802800000
06802685;1009321200000
06726409;1009407600000
06878456;1009494000000
06511263;1010444400000
06612418;1010962800000
06637982;1010962800000
06637983;1010962800000
06789291;1011740400000
06616385;1011826800000
06616386;1011826800000
06502689;1011826800000
06692196;1012431600000
06582159;1013122800000
06588053;1013727600000
06868876;1013986800000
06779692;1014159600000
06811358;1014764400000
07066689;1014764400000
06792646;1014764400000
06659284;1015196400000
06478513;1015196400000
06695546;1015801200000
06588462;1016492400000
06558111;1016751600000
06666626;1017010800000
06623233;1017356400000
06666629;1017698400000
06634834;1017698400000
06832887;1018303200000
06840463;1018994400000
06652199;1019080800000
06709217;1021154400000
06708715;1021240800000
06508611;1021586400000
06659693;1021932000000
06764296;1021932000000
06491480;1021932000000
06666628;1022709600000
06786681;1023055200000
06652198;1023314400000
06634832;1023919200000
06890129;1024264800000
06632049;1025128800000
06890128;1026338400000
06616384;1026684000000
06682270;1027288800000
06779650;1027634400000
06719500;1029794400000
06722822;1029794400000
06941873;1029880800000
06976575;1029880800000
06796748;1029967200000
06726408;1030053600000
06883736;1030312800000
06732897;1031090400000
07080960;1031090400000
07163359;1031954400000
06584920;1032213600000
07153065;1032300000000
07144204;1032472800000
06644895;1032732000000
06712561;1032732000000
06588576;1032991200000
07018427;1033336800000
06936137;1033509600000
06623215;1033596000000
06669411;1034287200000
07303597;1034632800000
07048475;1035151200000
06715638;1035237600000
06736573;1035932400000
06827203;1036105200000
06742679;1036623600000
07223060;1037142000000
06729808;1037228400000
06939088;1037314800000
06662953;1037919600000
06749373;1039734000000
06854936;1040166000000
07553110;1041807600000
07094004;1042066800000
06988857;1043276400000
07226248;1043362800000
06669410;1044226800000
06764253;1045177200000
07524145;1045695600000
07121399;1045782000000
06821060;1046041200000
06789663;1046127600000
06923340;1046300400000
06823904;1047855600000
06641336;1047855600000
06702523;1047855600000
07275893;1048028400000
06857826;1048460400000
07114889;1048546800000
06830414;1048719600000
07037063;1049234400000
06709216;1049234400000
06698989;1049234400000
07044306;1049234400000
06702539;1049234400000
07435039;1049320800000
06921037;1050530400000
06948887;1051135200000
07204523;1051740000000
06709203;1052344800000
06736588;1052431200000
07311274;1053381600000
07500809;1054677600000
07082955;1054677600000
06988507;1054677600000
06892909;1054850400000
06805175;1055368800000
06808358;1055368800000
06817812;1055714400000
06672808;1055714400000
06672807;1055714400000
07364347;1056405600000
07014392;1057788000000
07347649;1057874400000
07044288;1058911200000
07278449;1059775200000
06923601;1061762400000
07413387;1061848800000
07302952;1063144800000
06996955;1063317600000
06789715;1063317600000
06851896;1063836000000
07150585;1064959200000
06974279;1065477600000
07066207;1066082400000
07581905;1066255200000
06964543;1066860000000
07033124;1067209200000
07125204;1067554800000
07186062;1068418800000
06814533;1069714800000
06776561;1069974000000
07718061;1069974000000
06910610;1070233200000
07150586;1070319600000
07134618;1070406000000
07097392;1071097200000
07597506;1071529200000
06951354;1072047600000
07037048;1072134000000
06796749;1072134000000
07063486;1072220400000
06948888;1072220400000
06827528;1072479600000
06843633;1073343600000
06852133;1073862000000
06905300;1074207600000
06953315;1074207600000
07411130;1074553200000
06846134;1075071600000
06939122;1075417200000
07350674;1078268400000
07128516;1078959600000
07597525;1079391600000
07241080;1079910000000
06955506;1079996400000
07846399;1079996400000
07264422;1080169200000
07338102;1080684000000
06932544;1081202400000
06986625;1081202400000
07097391;1081461600000
07108474;1081807200000
07052213;1082412000000
07090441;1083189600000
07326025;1083621600000
06979166;1084399200000
06843367;1085608800000
07380672;1085695200000
07134459;1086213600000
07393159;1086559200000
06979152;1086732000000
07360639;1087336800000
07547419;1087336800000
07104743;1087855200000
07544019;1088028000000
07329299;1089064800000
07410329;1089151200000
07392984;1089324000000
07488141;1089756000000
07448831;1089928800000
07004688;1090360800000
06964544;1090533600000
07140827;1090879200000
06942133;1091656800000
06892748;1092261600000
07344350;1092780000000
07021870;1092866400000
06945470;1093384800000
07284945;1093557600000
07296952;1093644000000
07431830;1094076000000
06990908;1094680800000
07101120;1095199200000
07465130;1095890400000
07300005;1097618400000
07484322;1098396000000
07290566;1098396000000
07234252;1098655200000
07407346;1099000800000
07311476;1099263600000
07275701;1100214000000
07243002;1100646000000
07380673;1100732400000
07243801;1100732400000
07182552;1100818800000
07588061;1101250800000
07556455;1101423600000
07337926;1101769200000
07270283;1101942000000
07300521;1102460400000
07004711;1102546800000
07156372;1102978800000
07191807;1102978800000
07228990;1103065200000
07318459;1106607600000
07316721;1106866800000
07264423;1107298800000
07399337;1108508400000
07751930;1109199600000
07182553;1109545200000
07137237;1109631600000
07270249;1109804400000
07185748;1110495600000
07540695;1110754800000
07628827;1111100400000
07108123;1111446000000
07080961;1111618800000
07604439;1113343200000
07300074;1114725600000
07052212;1115676000000
07192222;1115935200000
07080962;1117490400000
07476265;1118700000000
07296951;1118786400000
07416370;1118786400000
07704019;1119391200000
07077604;1120687200000
07204158;1120687200000
07213617;1121119200000
07407022;1122415200000
07607451;1124661600000
07073985;1124748000000
07260449;1124920800000
07708504;1125266400000
07476060;1125439200000
07144203;1126562400000
07331442;1127944800000
07144213;1128549600000
07140810;1128636000000
07220082;1128636000000
07278804;1128636000000
07850403;1129845600000
07128163;1131058800000
07559725;1131922800000
07234898;1132268400000
07264421;1132268400000
07530505;1133391600000
07462005;1133737200000
07395864;1133823600000
07328617;1134687600000
07497909;1135119600000
07520935;1135119600000
07690870;1135206000000
07520451;1135206000000
07137759;1135897200000
07413388;1137020400000
07326005;1137452400000
07428959;1137970800000
07828807;1138575600000
07452166;1138834800000
07530768;1139180400000
07438507;1139439600000
07740424;1139958000000
07377728;1141167600000
07455481;1141772400000
07303062;1142809200000
07683271;1143410400000
07585133;1144101600000
07552817;1144274400000
07643974;1144792800000
07785044;1144879200000
07833318;1145397600000
07360719;1146261600000
07284934;1146434400000
07661910;1147903200000
07165918;1148248800000
07759585;1148421600000
07401695;1149631200000
07241081;1149717600000
07431537;1149804000000
07635241;1150668000000
07731456;1151013600000
07303362;1151359200000
07674076;1152828000000
07363106;1153087200000
07789596;1156370400000
07320561;1156370400000
07517947;1156456800000
07329071;1156802400000
07318484;1157061600000
07686546;1158012000000
07314338;1158184800000
07314337;1158184800000
07341406;1158184800000
07316526;1158184800000
07318690;1158184800000
07306407;1158184800000
07309192;1158184800000
07320562;1158184800000
07311475;1158184800000
07311473;1158184800000
07311472;1158184800000
07311471;1158184800000
07481606;1158530400000
07303359;1158703200000
07478976;1158703200000
07661909;1161813600000
07686545;1162162800000
07544017;1162249200000
07337992;1164063600000
07314339;1164150000000
07524146;1164841200000
07311474;1167865200000
07541549;1168383600000
07407345;1168556400000
07424340;1168642800000
07654778;1169074800000
07544018;1171926000000
07650948;1173135600000
07513716;1173308400000
07790254;1176069600000
07516908;1176933600000
07553111;1182981600000
07637699;1183586400000
07780378;1184796000000
07509760;1184796000000
07462002;1185400800000
07740423;1185487200000
07534074;1185487200000
07798488;1186351200000
07736098;1187647200000
07615198;1188943200000
07537418;1189980000000
07845584;1189980000000
07836921;1190757600000
07690869;1191189600000
07588410;1193176800000
07597185;1193612400000
07785043;1196290800000
07611309;1196377200000
07600950;1196377200000
07674077;1196722800000
07806951;1202079600000
07665932;1203030000000
07686547;1204844400000
07695220;1206399600000
07481605;1207692000000
07540694;1211839200000
07591613;1216072800000
07798749;1218664800000
07857553;1222120800000
07547162;1223244000000
07841807;1225321200000
07648312;1228777200000
07841808;1233097200000
07789595;1240783200000
07849997;1247522400000
07815401;1248818400000
