03894168;41814000000
04051283;46911600000
03861941;47257200000
03997561;61599600000
04039712;67734000000
03864146;77238000000
03873340;81039600000
03867169;82594800000
03865613;85014000000
03870435;85705200000
03869307;87001200000
03900671;87174000000
03900669;88297200000
03874884;88988400000
03874895;89247600000
03864145;91839600000
03884506;94172400000
03963853;94258800000
03871972;94863600000
03875023;94863600000
04111702;95554800000
03900215;96505200000
03900216;97455600000
03895173;98578800000
03928686;99529200000
03906123;104367600000
03895168;104972400000
03861641;107737200000
03890156;107996400000
03919450;109292400000
04069365;109897200000
03969346;110502000000
03859112;110761200000
03900217;111193200000
03896255;111366000000
03936309;111798000000
03922463;111884400000
03871900;112316400000
03924049;112834800000
03920510;112921200000
03931443;113439600000
03939095;113612400000
03906141;114217200000
03900218;115513200000
03968320;115513200000
03937864;115945200000
03954799;115945200000
03934702;116722800000
04003589;118537200000
03934070;119574000000
03914511;119746800000
03936566;119833200000
03916068;121388400000
03931430;121474800000
03952132;122252400000
03859111;123721200000
03912831;123721200000
03952129;124930800000
03922457;125103600000
03957288;125794800000
03958815;125794800000
03954803;126313200000
03901986;128559600000
03965033;128818800000
03931228;131238000000
04273672;131756400000
03916070;132534000000
03914510;132966000000
03864684;133138800000
03930672;133398000000
03996397;134175600000
03930671;135385200000
03929825;135471600000
03962489;136162800000
04062567;136767600000
03947471;138236400000
03959571;138322800000
03957495;138582000000
03996156;138927600000
03940539;139705200000
03996060;140050800000
03925416;141519600000
03934069;141606000000
03989278;141865200000
03950600;142470000000
04050945;142470000000
03981821;143247600000
03970671;143766000000
04002631;143852400000
03936564;143852400000
04000087;144284400000
04308165;144370800000
03983292;144543600000
03952117;145148400000
04001480;145839600000
03988501;146358000000
04071469;146703600000
03929831;148690800000
04024157;149814000000
03955026;149900400000
03955025;149900400000
03970769;151023600000
03968301;152233200000
04041193;152406000000
03996405;153097200000
03985936;153961200000
03928685;154220400000
03930108;154220400000
04101690;154652400000
04039207;155775600000
04012554;156034800000
04016098;156121200000
04004065;157071600000
04021595;159058800000
04072690;159663600000
03995088;159663600000
04032690;159750000000
03989569;161218800000
04065158;161478000000
03968299;162169200000
04020068;162774000000
03963852;163292400000
03985376;163897200000
04038097;163983600000
04007310;164588400000
04020261;164588400000
03981523;164847600000
04003245;165020400000
04012538;165452400000
04010038;165538800000
04046776;165625200000
04025399;166057200000
04022771;166316400000
04026883;166316400000
04070508;167439600000
04021059;167439600000
04030934;167526000000
04022936;167871600000
04027065;167871600000
03989716;167958000000
03965282;167958000000
04034128;168476400000
03982251;168562800000
03988492;168649200000
04020232;169254000000
04022624;169254000000
04052218;169686000000
03980492;171846000000
04042412;172450800000
03984605;172710000000
04038445;172969200000
04023830;173401200000
03996061;173487600000
03993637;173919600000
03967835;174006000000
03979141;174092400000
04061497;174524400000
04111462;174610800000
04051303;174783600000
04232083;175215600000
04037007;175906800000
03998825;175993200000
04105225;176684400000
03983564;177548400000
04046941;177807600000
04013473;177807600000
04022735;177894000000
04199618;178844400000
04104437;179362800000
04069353;180054000000
04012292;180658800000
04035391;181177200000
04007195;181263600000
03996406;183250800000
04028113;183855600000
04100169;184374000000
04025490;184806000000
03978270;184978800000
04078493;186188400000
04011352;186361200000
04054684;186706800000
04082901;186966000000
03979550;187398000000
04028118;188521200000
04029467;189903600000
04040648;190249200000
03993500;190249200000
04087579;190594800000
04054718;191026800000
04075224;191113200000
04109937;191804400000
04131695;193878000000
03985930;194742000000
04036511;195087600000
04055358;195692400000
04060262;196470000000
04025455;197244000000
04047738;197503200000
04028133;197503200000
04061836;198194400000
04061831;198194400000
04114926;198712800000
04062799;198712800000
04109049;199404000000
04038101;200008800000
04097619;200268000000
04112138;200268000000
04063754;200268000000
04091122;200268000000
04074003;200613600000
04062866;201132000000
04098738;201823200000
04096314;202428000000
04087284;202946400000
04138508;203810400000
04082688;203896800000
04133933;204242400000
04045458;204415200000
04082879;205452000000
04125636;205538400000
04089547;206748000000
04170483;207525600000
04025089;207871200000
04124392;210895200000
04025090;211068000000
04081188;211759200000
04085949;212191200000
04053324;212191200000
04142404;213318000000
04097230;213577200000
04072692;214182000000
04073968;215218800000
04076887;215305200000
04119622;215650800000
04032545;215996400000
04094877;216428400000
04105823;216860400000
04046404;217810800000
04125675;217810800000
04098948;218329200000
04102893;218674800000
04143890;218674800000
04138522;218934000000
04089546;218934000000
04111461;219538800000
04140336;220057200000
04093278;220489200000
04295888;220489200000
04143891;220662000000
04087376;220748400000
04100103;220748400000
04089802;220748400000
04153609;221698800000
04165398;221871600000
04109048;222390000000
04138362;222390000000
04147830;222649200000
04210591;222649200000
04132436;223599600000
04142738;223686000000
04113282;224377200000
04186243;224463600000
04122089;225500400000
04097288;225673200000
04180405;226278000000
04084332;226537200000
04082713;227746800000
04098114;228351600000
04263344;229557600000
04121961;230162400000
04120518;230248800000
04121013;230421600000
04119776;230767200000
04171981;231112800000
04124227;231631200000
04138357;232236000000
04172605;232581600000
04110511;233359200000
04128263;233445600000
04134847;233532000000
04124526;235000800000
04162165;235260000000
04173677;235346400000
04166644;235692000000
04154462;235692000000
04115327;235692000000
04186224;236210400000
04109047;236988000000
04168378;239493600000
04182714;239493600000
04172727;240012000000
04132112;240184800000
04137343;241653600000
04139218;241653600000
04173684;242344800000
04202663;242344800000
04130299;242863200000
04186134;243468000000
04216112;243640800000
04120762;244422000000
04181328;244422000000
04236732;245458800000
04154463;245890800000
04217384;246063600000
04136229;246582000000
04216299;247186800000
04216300;247186800000
04181771;247446000000
04208460;248914800000
04151748;250988400000
04158648;251334000000
04268634;251679600000
04188456;251679600000
04165101;252284400000
04168845;252802800000
04147509;253148400000
04189171;253321200000
04187233;254962800000
04183553;254962800000
04172180;256431600000
04230743;256431600000
04251611;257122800000
04246312;258937200000
04219439;260146800000
04222891;260146800000
04191404;260748000000
04209188;261093600000
04211437;262303200000
04169183;262994400000
04228031;263080800000
04187193;263167200000
04284696;264031200000
04201404;264204000000
04205865;264204000000
04199619;264722400000
04202566;264808800000
04210345;264808800000
04165103;265413600000
04165102;265413600000
04238130;265500000000
04228216;265845600000
04820687;266191200000
04186115;266623200000
04228722;266796000000
04342473;267660000000
04257935;268005600000
04221690;268437600000
04243716;269560800000
04251386;269733600000
04217162;270252000000
04230514;270252000000
04250098;270338400000
04161589;271375200000
04174856;272498400000
04218506;272757600000
04195103;273276000000
04159208;273794400000
04234212;273880800000
04316036;274312800000
04191403;274485600000
04191690;274658400000
04187223;274917600000
04233178;275695200000
04197346;276822000000
04234213;276994800000
04262935;277513200000
04199174;278895600000
04211436;279327600000
04251092;280969200000
04223060;281314800000
04322466;281574000000
04239815;281833200000
04226962;282178800000
04211872;282178800000
04230776;282438000000
04219604;282783600000
04358067;282870000000
04245857;282870000000
04201821;283129200000
04218504;283561200000
04262936;284338800000
04235458;284598000000
04226912;286758000000
04296947;286758000000
04273602;287103600000
04203619;287794800000
04221710;287794800000
04230495;288831600000
04220356;289090800000
04219219;289436400000
04242513;289436400000
04232887;289436400000
04200313;290041200000
04253682;290127600000
04220357;291423600000
04246318;292456800000
04254032;292716000000
04253838;293407200000
04248919;293925600000
04226442;294012000000
04269893;295135200000
04349679;295135200000
04277400;295135200000
04219220;295221600000
04274660;295480800000
04334015;296258400000
04244604;296258400000
04262937;296258400000
04244605;296776800000
04299411;297381600000
04275905;297381600000
04260515;297381600000
04254971;297640800000
04243250;298159200000
04281855;299109600000
04303548;299368800000
04255491;301010400000
04283458;301010400000
04275906;301096800000
04275121;301183200000
04251593;301269600000
04269729;301528800000
04280718;301615200000
04247595;301874400000
04289332;302997600000
04260179;304120800000
04262938;304120800000
04287336;305762400000
04286017;305762400000
04263047;305848800000
04265978;306021600000
04291902;306367200000
04305838;306972000000
04339275;307231200000
04264365;307580400000
04349218;307753200000
04287234;308271600000
04272106;308358000000
04297235;310604400000
04302393;310950000000
04328119;311382000000
04357380;311554800000
04291901;311554800000
04451657;311554800000
04296948;312591600000
04327148;312591600000
04311750;313110000000
04317743;313196400000
04291102;313887600000
04356108;314492400000
04413843;315010800000
04268069;315442800000
04324420;316393200000
04275206;316825200000
04289806;317516400000
04363664;317602800000
04349454;317862000000
04356109;318726000000
04307898;321145200000
04283077;321145200000
04341402;321145200000
04287264;321231600000
04321092;321490800000
04299723;321490800000
04353809;321490800000
04374671;321750000000
04348234;321836400000
04351768;321836400000
04604436;322700400000
04322471;322786800000
04336067;322959600000
04298215;323305200000
04321093;323650800000
04341403;324856800000
04337169;327794400000
04315643;327880800000
04321309;328226400000
04333849;328744800000
04339492;329004000000
04354697;329608800000
04311740;329695200000
04327939;329954400000
04347282;330127200000
04295662;331941600000
04298651;331941600000
04324817;333151200000
04355823;333237600000
04303719;333669600000
04312522;335052000000
04343652;335397600000
04335013;335397600000
04339143;335397600000
04295663;336002400000
04328977;336175200000
04343493;336348000000
04368076;337039200000
04373013;337557600000
04359238;338421600000
04309047;339116400000
04406816;339116400000
04316621;339116400000
04409156;339289200000
04398954;339980400000
04372581;340844400000
04320039;341190000000
04360548;341190000000
04337968;341190000000
04349600;341535600000
04337280;342226800000
04337548;343263600000
04343494;343609200000
04330473;344041200000
04311758;344473200000
04390616;344473200000
04355070;344473200000
04343944;344818800000
04333984;345942000000
04379835;346287600000
04431213;346287600000
04387132;346892400000
04333990;347065200000
04480096;348966000000
04367071;350089200000
04361108;350866800000
04352855;351990000000
04347283;352594800000
04379721;352940400000
04396767;353545200000
04363503;353545200000
04379897;353631600000
04400492;354236400000
04383705;354751200000
04372582;354751200000
04411450;355010400000
04343939;356738400000
04381120;356738400000
04352860;358034400000
04376150;359071200000
04375492;359330400000
04370362;359676000000
04461494;360280800000
04370370;360799200000
04412959;360799200000
04387117;361058400000
04391850;361058400000
04390194;362095200000
04399188;362613600000
04405371;362700000000
04485242;365292000000
04403791;365896800000
04415633;365983200000
04411451;366415200000
04372583;366847200000
04387150;367106400000
04364999;367452000000
04351956;368056800000
04396684;368143200000
04387913;368316000000
04388362;371343600000
04397483;371948400000
04411700;372034800000
04411699;372034800000
04418941;372294000000
04408781;372639600000
04407886;373158000000
04416471;374367600000
04371634;374713200000
04401721;374972400000
04401717;375318000000
04480002;375922800000
04423091;376527600000
04383706;376614000000
04398753;377132400000
04454083;377737200000
04411946;377823600000
04415627;377910000000
04418942;378428400000
04420538;378601200000
04411979;379119600000
04535172;379292400000
04416939;379724400000
04842976;380156400000
04435340;380329200000
04412045;380761200000
04409374;380761200000
04431706;380847600000
04422670;381106800000
04417752;381970800000
04448445;382143600000
04431450;382316400000
04460722;383266800000
04444591;383266800000
04424245;383353200000
04444819;383353200000
04404251;383353200000
04477593;383871600000
04421839;383958000000
04454521;384390000000
04444833;384476400000
04391852;384476400000
04482606;384476400000
04558335;384649200000
04423116;384994800000
04403792;385945200000
04645705;386287200000
04436783;386892000000
04400437;387583200000
04411452;387756000000
04465728;388792800000
04467337;389311200000
04496961;389829600000
04447075;389916000000
04409272;390088800000
04426424;390607200000
04489336;390693600000
04422854;391730400000
04460199;391730400000
04467339;391989600000
04444844;391989600000
04453744;392248800000
04435002;392421600000
04435471;392508000000
04456669;392940000000
04482378;392940000000
04455346;393458400000
04450123;393804000000
04470058;394063200000
04422671;394236000000
04504837;394754400000
04535348;394754400000
04425386;394840800000
04461495;394927200000
04421344;395013600000
04501809;395445600000
04494989;395877600000
04407892;395964000000
04505975;396050400000
04461496;398383200000
04533930;398901600000
04416966;399074400000
04444808;400197600000
04435003;401493600000
04401722;401666400000
04460626;402015600000
04479138;402102000000
04480052;402102000000
04473831;402102000000
04466007;403484400000
04442179;403484400000
04484205;404002800000
04471073;404002800000
04490732;404089200000
04447487;404089200000
04511909;404694000000
04486762;405212400000
04562116;405298800000
04539579;405298800000
04462039;405558000000
04446209;405730800000
04462616;406422000000
04439512;406422000000
04509065;406422000000
04471074;406422000000
04473832;406508400000
04447616;407458800000
04486763;407545200000
04503446;407718000000
04510512;408236400000
04668790;408754800000
04474844;409186800000
04480260;409359600000
04470935;409359600000
04448446;409446000000
04531141;411606000000
04507669;412556400000
04891172;413420400000
04503095;413506800000
04511642;413593200000
04502065;413679600000
04524373;414284400000
04490434;415234800000
04597793;415580400000
04525214;416185200000
04594269;416444400000
04458922;416444400000
04470057;417308400000
04506073;417650400000
04484204;417736800000
04523207;417823200000
04435004;417996000000
04567114;418946400000
04485139;419810400000
04490435;421365600000
04505983;421538400000
04716424;421624800000
04587537;421624800000
04533567;422575200000
04544936;423180000000
04508897;423784800000
04525588;423784800000
04495509;423957600000
04575479;424044000000
04513302;424476000000
04567496;424648800000
04517141;424994400000
04459336;425167200000
04467338;425253600000
04500897;425685600000
04502067;425685600000
04521793;425772000000
04467336;426376800000
04482905;426463200000
04474898;426808800000
04536219;426895200000
04510513;426895200000
04586060;426981600000
04535050;427327200000
04520376;427500000000
04547788;427586400000
04639270;428104800000
04575734;428104800000
04550328;429400800000
04602264;429400800000
04502066;429919200000
04442176;430092000000
04576831;430437600000
04565764;430956000000
04502068;431042400000
04518977;431820000000
04594601;433116000000
04520377;434329200000
04532183;434847600000
04531139;435538800000
04522881;436402800000
04529992;436489200000
04508792;437007600000
04541830;437266800000
04532200;437785200000
04513052;437785200000
04523205;437958000000
04489337;438217200000
04533929;438217200000
04515877;438303600000
04523208;438303600000
04486764;438303600000
04536779;439081200000
04561000;439081200000
04513301;439599600000
04474855;440031600000
04609928;440118000000
04536220;440636400000
04549824;441586800000
04517580;442191600000
04527178;443660400000
04500896;443746800000
04507670;443746800000
04509064;444006000000
04721703;444956400000
04511908;445215600000
04591887;445474800000
04566907;445561200000
04539225;445820400000
04551738;445820400000
04559242;446252400000
04601920;446252400000
04590498;446338800000
04506278;447030000000
04507671;447634800000
04498091;448153200000
04556687;448498800000
04533599;448844400000
04525520;448844400000
04542394;449445600000
04554565;450050400000
04602265;450482400000
04511910;450568800000
04644377;450568800000
04613879;451087200000
04595768;451519200000
04587343;452210400000
04535347;452728800000
04537797;452988000000
04631204;452988000000
04554235;453592800000
04755501;453679200000
04520378;453679200000
04547222;453938400000
04585483;453938400000
04540998;454111200000
04546365;454111200000
04573063;454111200000
04551739;454111200000
04842981;454197600000
04577205;454284000000
04577204;454284000000
04529993;455320800000
04552811;455839200000
04567498;456098400000
04574294;456098400000
04520379;456098400000
04617582;456444000000
04670344;456616800000
04599259;456703200000
04568766;456962400000
04620874;457221600000
04540999;458258400000
04555427;459381600000
04626256;459381600000
04580153;459468000000
04574110;459468000000
04514745;459986400000
04570171;460072800000
04549192;460072800000
04561001;460072800000
04551740;460072800000
04578690;461196000000
04531140;461887200000
04590500;461887200000
04640714;461973600000
04579770;462664800000
04550329;462751200000
04602263;463096800000
04570169;463183200000
04583104;463183200000
04599271;463615200000
04605940;463701600000
04650740;463874400000
04539577;463960800000
04591888;463960800000
04554566;464565600000
04642662;464911200000
04570170;465170400000
04572860;465606000000
04612556;465778800000
04600930;465778800000
04614955;465778800000
04539578;466124400000
04597993;466642800000
04562448;466815600000
04580152;466902000000
04599111;467420400000
04623580;467852400000
04533615;467852400000
04587538;468198000000
04641160;468198000000
04542395;468457200000
04740494;468457200000
04650494;468457200000
04590497;468457200000
04604635;468716400000
04599630;468802800000
04571605;468802800000
04578340;469148400000
04538164;470444400000
04555471;470962800000
04615938;471049200000
04562449;471222000000
04622267;471654000000
04663266;472086000000
04659644;472258800000
04544604;473554800000
04717710;473554800000
04587539;474073200000
04640847;474246000000
04592957;474505200000
04636820;474764400000
04597795;475196400000
04601863;475714800000
04622565;475887600000
04596997;475974000000
04568956;476924400000
04596996;476924400000
04603339;476924400000
04585722;477702000000
04682193;477874800000
04626471;478134000000
04629800;478479600000
04567497;478825200000
04684574;478825200000
04573062;478911600000
04612254;478998000000
04619665;479343600000
04612558;479430000000
04628337;479602800000
04598035;480639600000
04616240;481240800000
04657557;481759200000
04623391;481932000000
04668966;482018400000
04740495;482623200000
04641159;482623200000
04693915;482623200000
04737484;482709600000
04777159;483660000000
04644376;483832800000
04631084;484351200000
04614521;484524000000
04586061;484783200000
04665411;485042400000
04608579;485560800000
04583103;486252000000
04668580;486597600000
04636818;486770400000
04614956;486856800000
04675705;487202400000
04672401;487375200000
04686548;487548000000
04660060;487807200000
04633277;488412000000
04762816;489103200000
04628336;489880800000
04732614;490226400000
04682192;490831200000
04688057;491436000000
04622566;491436000000
04638340;491436000000
04771032;491608800000
04610727;492040800000
04590499;492040800000
04644375;492127200000
04644374;492213600000
04680597;492300000000
04711874;493336800000
04696863;493855200000
04633276;494114400000
04696856;494114400000
04593298;494200800000
05827796;494200800000
04616239;495669600000
04727055;495928800000
04608580;496882800000
04620205;496882800000
04628335;496882800000
04722595;497228400000
04639751;497487600000
04620204;497660400000
04746644;497660400000
04664671;497746800000
04783439;497833200000
04917730;498265200000
04695640;498697200000
04659643;498697200000
04626877;498956400000
04717709;499302000000
04677449;499647600000
04630080;500079600000
04711749;500166000000
04614757;500252400000
04647952;500684400000
04613878;500857200000
04727054;501289200000
04612557;501462000000
04861699;501807600000
04748147;502066800000
04668560;502066800000
04675707;502326000000
04749796;502671600000
04686546;502930800000
04720301;503103600000
04686549;503535600000
04705776;503535600000
04642663;503535600000
04760108;503881200000
04630079;503881200000
04732810;504140400000
04721701;504745200000
04708947;505004400000
04675407;505350000000
04730057;505695600000
04703335;506646000000
04742043;506818800000
04680056;506818800000
04636819;507164400000
04742042;507164400000
04652512;507337200000
04749678;507769200000
04688060;507855600000
04682191;507942000000
04690858;508633200000
04663642;509238000000
04724228;509324400000
04639750;509583600000
04720480;509756400000
04689644;509842800000
04760048;509929200000
04704379;510188400000
04713364;510447600000
04675706;510534000000
04745097;510879600000
04682983;510966000000
04761397;511138800000
04663641;511398000000
04721702;511657200000
04758495;512175600000
04675249;512604000000
04680598;513295200000
04727056;513381600000
04665410;514159200000
04722921;514591200000
04746646;514764000000
04851384;515368800000
04806657;515628000000
04762818;515714400000
04745046;516405600000
04720449;516405600000
04646113;516492000000
04720450;516492000000
04642357;516924000000
04729792;517096800000
04668967;517615200000
04773778;517788000000
04719198;518220000000
04749679;518220000000
04686547;518392800000
04734395;518392800000
04737189;518392800000
04729983;518652000000
04749680;518652000000
04751213;518738400000
04658276;518824800000
04746467;518911200000
04820684;518997600000
04705774;519256800000
04721651;519256800000
04647951;519948000000
04742041;520120800000
04716145;520207200000
04752598;521762400000
04725284;522021600000
04902669;522540000000
04728633;522972000000
04798820;523058400000
04812439;523058400000
04753759;523231200000
04729984;523490400000
04748151;523576800000
04705775;523749600000
04757047;524095200000
04764178;524268000000
04721700;525045600000
04707463;525564000000
04758547;525996000000
04840927;526600800000
04743580;526860000000
04803194;527464800000
04743581;527724000000
06395681;527724000000
04695286;527810400000
04695287;528069600000
04731355;528937200000
04771034;529023600000
04734396;529110000000
04700207;529628400000
04791093;529628400000
04687862;529628400000
04814319;529801200000
04688059;530146800000
04870049;530492400000
04824823;530492400000
04698651;530751600000
04734359;531097200000
04740497;531356400000
04717712;531356400000
04717711;531356400000
04770973;531702000000
04792542;531961200000
04748148;532220400000
04791095;532566000000
04731354;532566000000
04682194;532566000000
04764496;532738800000
04688058;532738800000
04771031;532825200000
04737587;532825200000
04707464;532911600000
04740496;533170800000
04700208;533257200000
04727162;533257200000
04716144;533257200000
04778781;533775600000
04791094;533775600000
05196297;534121200000
04725493;534380400000
04738898;534553200000
04837199;534726000000
04746645;535071600000
04728631;535158000000
04746567;535590000000
04713365;536194800000
04738949;536194800000
04769305;537058800000
04839334;537404400000
04770904;537750000000
04783521;537750000000
04774367;537750000000
04767420;538354800000
04797385;538700400000
04829049;538786800000
04829047;538873200000
04885271;539478000000
04824755;539478000000
04761396;539478000000
04882311;539564400000
04731353;540082800000
04725574;540169200000
05053277;540601200000
04831063;541119600000
04783438;541119600000
04778782;541206000000
04728632;541983600000
04935401;542329200000
04888265;542329200000
04784932;542415600000
04743579;543020400000
04772532;543020400000
04800192;543193200000
04753830;543452400000
04795493;543711600000
04879268;544053600000
04786729;544399200000
04727057;544831200000
04857406;545004000000
04808567;545263200000
04835291;545263200000
04761255;546213600000
04792544;546472800000
04931420;546645600000
04759797;546732000000
04808568;547164000000
04764500;547855200000
04748146;548028000000
04770972;548373600000
04812438;548460000000
04849396;548632800000
04828957;548978400000
04840933;548978400000
04771035;549064800000
04816435;549064800000
04772581;549237600000
04795736;549496800000
04720479;549496800000
04794101;550101600000
04757046;550101600000
04743582;550101600000
04851383;550101600000
04814320;550101600000
04803148;550188000000
04800148;550188000000
04868151;550274400000
04855278;550360800000
04738950;550792800000
04792543;550879200000
04822770;550879200000
04857502;551052000000
04847237;551570400000
04747875;551656800000
04912080;552088800000
04833122;552088800000
04771033;552520800000
04808565;552607200000
04803192;552780000000
04861748;552780000000
04764501;553212000000
04859561;553212000000
04794069;553212000000
04824824;553298400000
04822767;553816800000
04775417;553816800000
04734397;553816800000
04774136;553816800000
04737485;553816800000
04748149;554076000000
04800193;554421600000
04826806;554508000000
04737486;554594400000
04820686;555199200000
04877767;555890400000
04895829;556322400000
04822769;556408800000
04837198;557013600000
04794102;557618400000
04808566;557618400000
04822771;558050400000
04822416;558050400000
04769360;558568800000
04748150;558655200000
04786629;558914400000
04855282;559260000000
04865648;559519200000
04775658;559519200000
04818742;559782000000
04839335;559782000000
04859650;559954800000
04879368;560127600000
04774223;560127600000
04914079;560386800000
04950638;560473200000
04820550;560473200000
04847152;560559600000
04929710;560559600000
04820682;560646000000
04833116;560732400000
04753921;561078000000
04753920;561078000000
04829046;561250800000
04839337;561769200000
04855281;561942000000
04822768;562201200000
04960901;562460400000
04760049;562460400000
04812440;562546800000
04775656;562546800000
04833121;563151600000
04842978;563670000000
04824825;564102000000
04784692;564188400000
04880767;564188400000
04753923;564361200000
04753922;564361200000
04845072;564361200000
04814321;564361200000
04774224;564361200000
04880762;564361200000
04791096;564793200000
04842979;565225200000
04831110;565484400000
04833117;565484400000
04833124;565570800000
04820683;565570800000
04923848;565916400000
04826807;566002800000
04835134;566175600000
04902670;566175600000
04847236;566434800000
04879267;566434800000
04987118;566434800000
04923846;566694000000
04824437;566694000000
04835135;566780400000
04880769;566780400000
04772582;567039600000
04786630;567126000000
04803193;567212400000
04837197;567298800000
04857501;567644400000
04898849;567730800000
04833119;567730800000
04965237;567903600000
04898780;568508400000
04889877;568508400000
04839332;569199600000
04820685;569718000000
04888321;569718000000
04936607;570236400000
04797384;570409200000
04913999;570409200000
04874740;570754800000
04853364;571014000000
04775657;571532400000
04933315;572050800000
04803191;572223600000
04910185;572482800000
04837196;572828400000
04835133;573260400000
04833118;573865200000
04870050;574038000000
04853256;574038000000
04871713;574297200000
04840870;574297200000
04845071;574470000000
04839336;574470000000
05001106;574470000000
04806521;574556400000
04904636;574556400000
04965025;574642800000
04886773;574902000000
04880766;575074800000
04782041;575247600000
04891297;575247600000
04956251;575503200000
04824822;575503200000
04855280;575762400000
04843058;576108000000
04885270;576108000000
04952551;576280800000
04853363;576280800000
04839333;576367200000
04870048;576453600000
04908345;576712800000
04853361;576972000000
04898696;577317600000
04904572;577317600000
04897377;577404000000
04912085;577404000000
04888334;577404000000
04839338;577404000000
04936916;577576800000
04829050;577576800000
04921832;577663200000
04895826;577922400000
04914078;577922400000
04918048;578008800000
04855277;578095200000
04918044;578268000000
04906605;578872800000
04857503;579477600000
04904635;579736800000
04943554;580428000000
04971941;580600800000
04912079;580687200000
04997741;580687200000
04925828;581032800000
04894359;581032800000
04935329;581119200000
04912084;581119200000
04940689;581292000000
04920092;581551200000
04921535;582156000000
04910188;582501600000
04959343;582501600000
04898848;582760800000
05047308;582847200000
04861749;582933600000
04960749;583452000000
04992412;583452000000
04871715;583711200000
04956120;583711200000
04957815;583711200000
04866028;583711200000
04866026;583711200000
04920027;584056800000
04927801;584661600000
04929531;584748000000
04865939;584748000000
04918045;584920800000
04889841;585180000000
04876238;585266400000
04876236;585266400000
04837200;585439200000
04975408;585871200000
04940690;585957600000
04892859;586044000000
04882211;586562400000
04859651;586562400000
04971886;586562400000
04952648;586648800000
04888322;586994400000
04942150;586994400000
04886774;587080800000
05094688;587340000000
04948775;587685600000
04929501;587772000000
04966883;587772000000
04931422;587772000000
04931362;587858400000
04853362;587944800000
05008239;588204000000
04847238;588290400000
04853365;588290400000
05021272;588463200000
04873220;588463200000
04902667;588463200000
04902668;588463200000
04871714;588981600000
04876234;588981600000
04876237;588981600000
04894358;588981600000
04910187;589068000000
04870047;589068000000
04916111;589068000000
04963458;589500000000
04880768;589586400000
04999332;589672800000
04957666;590104800000
04970193;590364000000
04906606;590623200000
04910184;590709600000
04923641;590709600000
04906604;590968800000
04866027;591577200000
04866025;591577200000
04963461;591836400000
04999333;591836400000
05028580;591836400000
04833123;591922800000
04829048;591922800000
04882310;592009200000
04935402;592182000000
04962009;592786800000
05087603;592786800000
04849397;593391600000
04923845;593650800000
04950641;593823600000
05104847;593823600000
04943555;594342000000
04855279;594946800000
04929591;595033200000
05037696;595119600000
04873219;595551600000
04892858;595638000000
04963522;595810800000
04892860;595810800000
04988666;596242800000
04954478;596242800000
04929411;596934000000
04898850;597020400000
04957847;597020400000
04910186;597366000000
04956309;597366000000
04927802;597625200000
04874832;597625200000
04876235;597884400000
04891351;597884400000
04927666;597970800000
04929592;598057200000
04876233;598143600000
05011634;598230000000
04918046;598230000000
04962079;598489200000
04977131;598662000000
04886775;598748400000
04985396;598748400000
04891354;598834800000
04891352;598834800000
04891353;598834800000
04940688;599180400000
04940739;599180400000
04920091;599180400000
04894310;599180400000
04895830;599266800000
04939117;599353200000
04981834;599785200000
04918047;600044400000
04962072;600649200000
05015527;600649200000
04895827;600994800000
04971942;600994800000
05001012;601513200000
04923847;601772400000
04977133;601858800000
04853366;602118000000
04866029;602118000000
04952553;602204400000
05013710;602204400000
05110848;602290800000
04968659;602377200000
04971854;602377200000
04965240;602895600000
04999331;602895600000
04910117;603068400000
04853367;603068400000
04904637;603414000000
04910189;603500400000
05035743;603500400000
04981748;603500400000
04946823;603500400000
04996182;604018800000
04885272;604537200000
04965166;604796400000
04929590;604796400000
05137865;604882800000
04962080;605142000000
04981837;605142000000
04992413;605314800000
04942107;605314800000
05017421;605487600000
04960750;605833200000
05008237;605833200000
04997806;605919600000
04914077;606006000000
04868152;606178800000
04990482;606351600000
04923844;606610800000
04996183;607039200000
04996184;607212000000
04910183;607298400000
04940692;607557600000
04879269;607557600000
05028582;607644000000
04962081;607816800000
04950637;607816800000
04985390;608248800000
05236800;608335200000
05002925;608508000000
04957898;608853600000
04985392;609112800000
05035844;609372000000
04954477;609372000000
04968657;609372000000
04988662;609631200000
04927803;609717600000
04925827;609976800000
05026590;609976800000
05039652;610149600000
04939116;610754400000
04895828;610840800000
05006502;610840800000
04946825;610927200000
05064743;611186400000
05070066;611272800000
04988665;611445600000
04940691;611532000000
04946824;611964000000
05008231;612050400000
04975410;612136800000
05024986;612136800000
05037798;612482400000
05017545;612655200000
04985391;613087200000
04939118;613605600000
05102858;613605600000
04963457;613864800000
05075279;613864800000
05019480;613951200000
05035977;613951200000
05034303;613951200000
04950639;613951200000
04950640;613951200000
04942141;613951200000
04971950;613951200000
04948777;613951200000
04948776;613951200000
05008238;614210400000
04912083;614296800000
04948778;614296800000
04978651;614383200000
05082824;614469600000
04977132;614469600000
05059579;614901600000
04933316;614988000000
05064806;615074400000
05084431;615160800000
04916112;615160800000
04948772;615160800000
05047384;615765600000
05028579;615765600000
04983569;616197600000
05093309;616197600000
05019550;616284000000
05139996;616284000000
04970192;616284000000
04977135;616370400000
04957778;616370400000
05037797;616629600000
04980337;616629600000
05011812;616716000000
04946826;616716000000
05032566;616888800000
05089371;616888800000
04988664;616975200000
04977134;616975200000
05034301;616975200000
04981835;617493600000
05064470;617493600000
05017225;617493600000
04929593;617580000000
04931423;617580000000
05141914;618098400000
04943684;618530400000
04959291;618530400000
05049538;618789600000
04940738;618789600000
05001104;619048800000
05028581;619048800000
05070067;619394400000
04981769;619394400000
05030281;619653600000
05019548;619912800000
04956332;620258400000
04994431;620604000000
05110740;621036000000
04950330;621122400000
04990484;621208800000
05071824;621640800000
05071823;622072800000
04923860;622072800000
04978652;622072800000
04991936;622072800000
04956333;622072800000
05013709;622159200000
04937224;622681200000
05015549;622681200000
05118657;622767600000
05014033;622854000000
05084492;622940400000
04992414;622940400000
04983568;622940400000
04973571;622940400000
05070069;623026800000
05093305;623026800000
05055373;623026800000
04987120;623286000000
04977136;623458800000
05087601;623458800000
05002924;623545200000
05089464;623977200000
04990483;624063600000
05079211;624063600000
05059580;624150000000
05073533;624150000000
05013712;624150000000
05112799;624582000000
05051279;625100400000
05013708;625186800000
05017710;625186800000
05053382;625273200000
05049472;625446000000
04980336;625446000000
04997807;625446000000
04981836;626050800000
04985399;626310000000
04968658;626482800000
04985398;626482800000
04975409;626569200000
04990486;626569200000
05011815;626569200000
04990485;626914800000
05011570;626914800000
05055595;627001200000
05124308;627260400000
05024987;627260400000
05024988;628210800000
04988663;628383600000
04987117;628383600000
05141679;628470000000
04988667;628815600000
05106817;628815600000
05092925;628902000000
04977060;628988400000
05034370;629074800000
04965241;629334000000
04965242;629334000000
04965238;629334000000
04965239;629334000000
04999335;629334000000
04985393;629334000000
04946827;629334000000
04933226;629334000000
05061677;629420400000
05000486;629420400000
05200385;629420400000
04985394;629506800000
05096781;629506800000
05013707;629593200000
05077264;629679600000
05091356;629679600000
04981833;630025200000
05128308;630198000000
05071825;630284400000
05023227;630284400000
04992351;630630000000
05008236;630802800000
05087283;631234800000
05008232;631753200000
04952552;631926000000
04973572;631926000000
04992411;632098800000
05180652;632617200000
04968580;632617200000
05032567;632703600000
05071821;632703600000
04985345;632962800000
05137864;633654000000
05091359;634172400000
05045523;634258800000
04973573;634345200000
05066633;634518000000
05093307;634777200000
05036041;635036400000
05130293;635036400000
04985395;635727600000
05030612;636073200000
05011814;636073200000
04987119;636073200000
05071480;636159600000
05130292;636246000000
04999334;636246000000
05024699;636332400000
05095000;636332400000
05093306;636591600000
05011811;636764400000
05033773;636850800000
05013711;636850800000
05043318;637196400000
05096874;637196400000
05006503;637282800000
05011816;637282800000
05188871;637369200000
05069944;637455600000
05137494;637542000000
05047383;637801200000
05011813;637801200000
05019475;638060400000
05154668;638060400000
05130290;638060400000
05043313;638146800000
05071707;638402400000
05034371;638488800000
05124309;638575200000
05106813;638575200000
05132271;638575200000
05096873;639180000000
05063198;639266400000
05214021;639266400000
05061410;639698400000
05030539;639784800000
05110786;639871200000
05075369;639871200000
05082823;640216800000
05021393;640216800000
05098883;640389600000
05128313;640389600000
05095001;640389600000
05036040;640562400000
05093304;640562400000
05057154;640562400000
05024989;640994400000
05106818;641080800000
05175139;641426400000
05286705;641426400000
05030538;641512800000
05132277;641772000000
05055444;641772000000
05089339;642031200000
05091360;642376800000
05026677;642895200000
05081098;642895200000
05187002;642981600000
05100861;643240800000
05094999;643932000000
05116804;644018400000
05198407;644191200000
05145827;645141600000
05466657;645228000000
05021394;645228000000
05023228;645228000000
05260254;645400800000
04997805;645660000000
05124306;645746400000
05128311;645919200000
05051333;645919200000
05017547;646351200000
05135776;646437600000
05096875;646524000000
05376451;646610400000
05158929;646610400000
05134113;646610400000
05084432;646956000000
05043314;647560800000
05168093;647560800000
05096877;647733600000
05143904;647820000000
05017546;647820000000
05141557;648165600000
05120702;648165600000
05220038;648252000000
05081099;648338400000
05116805;648684000000
05214024;648684000000
05095002;648684000000
05260252;648770400000
05157012;648770400000
05128309;648856800000
04985397;648943200000
05106815;649375200000
05139995;649461600000
05122498;650066400000
05110788;650152800000
05196287;650152800000
05141916;650152800000
05036039;650239200000
05091280;650498400000
05098882;651103200000
05079212;651103200000
05079365;651103200000
05070068;651189600000
05064807;651276000000
05096876;651362400000
05112798;651448800000
05155090;651448800000
05101035;651448800000
05001105;651535200000
05087602;651794400000
05472931;652053600000
05063197;652399200000
05091257;652658400000
05204184;652917600000
05157013;653263200000
05102693;653263200000
05294587;653522400000
05081100;653608800000
05071822;653695200000
05231117;653695200000
05097044;653781600000
05066634;654386400000
05112797;654472800000
05093308;654472800000
05118656;654735600000
05135905;654735600000
05158925;655426800000
05217941;655513200000
05116803;655513200000
05079214;655599600000
05130289;655945200000
05118658;656031600000
05268347;656204400000
05094998;656290800000
05260255;656636400000
05137797;656722800000
05082821;656722800000
05096872;656722800000
05019549;656809200000
05169826;656895600000
05102859;656895600000
05318938;656895600000
05178979;657241200000
05023229;657327600000
05061678;657327600000
05024990;657327600000
05077263;657327600000
05026678;657327600000
05278576;657327600000
05053381;657327600000
05134115;657327600000
05043315;657414000000
05043312;657500400000
05185316;657846000000
05102856;657932400000
05240897;658450800000
05110787;658450800000
05166127;658623600000
05190909;658623600000
05143891;658623600000
05157011;658623600000
05296442;658710000000
05252530;658710000000
05084433;659142000000
05164001;659142000000
05155003;659142000000
05061676;659142000000
05143890;659142000000
05223473;659142000000
05026679;659142000000
05278126;660178800000
05236883;660265200000
05182252;660351600000
05084435;660524400000
05122499;660524400000
05082822;660524400000
05043316;660524400000
05151404;660524400000
05134112;660524400000
05204185;660870000000
05217942;660956400000
05084593;661129200000
05045524;661129200000
05043317;661129200000
05037799;661129200000
05108980;661129200000
05041413;661129200000
05041412;661129200000
05041411;661129200000
05223476;661474800000
05268130;661647600000
05114904;661647600000
05108834;661647600000
05130291;661734000000
05210066;661734000000
05106814;662338800000
05102857;662943600000
05034302;663462000000
05196391;664153200000
05118443;664498800000
05116802;664585200000
05177053;664671600000
05283015;664758000000
05073534;665190000000
05132272;665190000000
05178669;665276400000
05273824;665362800000
05187144;665362800000
05139997;665622000000
05084434;665708400000
05145828;665708400000
05158928;665967600000
05210067;666226800000
05116806;666399600000
05189008;666399600000
05151403;666572400000
05091357;666572400000
05219821;666918000000
05126233;667004400000
05147846;667004400000
05151405;667090800000
05169404;667090800000
05185315;667090800000
05238903;667177200000
05141915;667436400000
05075278;668041200000
05164126;668127600000
05270727;668214000000
05214022;668214000000
05244769;668300400000
05250492;668300400000
05180705;668646000000
05252532;668732400000
05217841;668818800000
05106816;669337200000
05162289;669855600000
05178670;669855600000
05254522;669942000000
05258351;669942000000
05223314;669942000000
05250384;670028400000
05079213;670114800000
05081101;670114800000
05134116;670114800000
05250108;670456800000
05169828;671148000000
05246907;671148000000
05292458;671148000000
05206209;671234400000
05252531;671234400000
05214023;671407200000
05179069;671752800000
05162290;672271200000
05256621;672357600000
05234885;672357600000
05179064;672530400000
05276002;672530400000
05162293;672962400000
05166124;672962400000
05155088;672962400000
05168094;672962400000
05187145;673048800000
05162292;673480800000
05153169;673480800000
05236884;673480800000
05286706;673567200000
05229352;673740000000
05183474;674085600000
05143892;674172000000
05223475;674258400000
05264410;674258400000
05147843;674344800000
05244860;674690400000
05178949;674776800000
05155087;674863200000
05179067;674949600000
05122501;675036000000
05242887;675036000000
05300474;675036000000
05248653;675036000000
05258353;675640800000
05200386;675640800000
05164357;676072800000
05258352;676504800000
05229353;676677600000
05204312;676677600000
05098881;676764000000
05202304;676764000000
05175069;676850400000
05166128;676850400000
05166129;676850400000
05147844;676850400000
05175138;677109600000
05128310;677196000000
05206118;677282400000
05236886;677368800000
05188881;677368800000
05270282;677714400000
05212146;677714400000
05196149;677887200000
05322732;678060000000
05234886;678060000000
05171731;678060000000
05411798;678319200000
05256619;678492000000
05298476;678664800000
05155091;678924000000
05302194;678924000000
05234887;679096800000
05122502;679183200000
05173472;679269600000
05128312;679615200000
05183798;679615200000
05236782;679615200000
05229350;679788000000
05288687;679788000000
05258354;679874400000
05208208;680133600000
05100862;680133600000
05206210;680220000000
05242888;680306400000
05177052;680392800000
05260256;680392800000
05196392;680479200000
05208211;680824800000
05229232;681343200000
05227359;681343200000
05147845;681688800000
05204188;682034400000
05124307;682207200000
05169827;682293600000
05204311;682898400000
05194418;682898400000
05300398;682898400000
05175045;683157600000
05158926;683503200000
05215956;683848800000
05232892;683848800000
05316999;683848800000
05171730;683935200000
05356853;684021600000
05126311;684108000000
05126314;684108000000
05126312;684108000000
05126313;684108000000
05329006;684108000000
05264320;684108000000
05122413;684367200000
05270283;684367200000
05276003;684367200000
05318939;684540000000
05132267;684540000000
05132268;684540000000
05132276;684540000000
05132274;684540000000
05132275;684540000000
05132273;684540000000
05158924;684712800000
05221658;684972000000
05248555;685317600000
05208210;685576800000
05229349;685749600000
05284814;686358000000
05210065;686358000000
05198321;686444400000
05234798;686530800000
05250494;686876400000
05248652;686962800000
05376618;687049200000
05266549;687135600000
05334571;687740400000
05256622;687740400000
05418206;688086000000
05244770;688172400000
05196393;688258800000
05187143;688345200000
05254434;688604400000
05180637;688690800000
05196394;688777200000
05192737;689209200000
05192738;689209200000
05179068;689295600000
05286707;689382000000
05155089;689554800000
05114903;689554800000
05246908;689554800000
05164356;689900400000
05232893;690418800000
05206208;690591600000
05210064;690591600000
05231068;690678000000
05219820;690678000000
05286703;690678000000
05276004;690678000000
05210068;690678000000
05250493;690764400000
05254524;691110000000
05369077;691110000000
05187146;691110000000
05143893;691196400000
05236885;691196400000
05334573;691628400000
05387571;691714800000
05254523;691714800000
05284813;691714800000
05639708;691887600000
05177051;692233200000
05256623;692233200000
05189007;692492400000
05232817;692838000000
05223328;692838000000
05198406;692838000000
05246909;693010800000
05208209;693097200000
05173477;693097200000
05149689;693183600000
05296439;693529200000
05192736;693529200000
05246905;693529200000
05284812;694652400000
05318941;694652400000
05266550;694998000000
05232894;695430000000
05314860;695516400000
05250496;695602800000
05221583;696207600000
05273952;696207600000
05153168;696726000000
05258355;696726000000
05356854;696726000000
05283152;697330800000
05250497;697417200000
05185314;697417200000
05219703;697676400000
05190910;697849200000
05198409;698022000000
05254525;698454000000
05166125;698454000000
05166126;698454000000
05198410;698454000000
05198408;698454000000
05158927;698454000000
05318942;698454000000
05254428;698972400000
05281569;698972400000
05264271;698972400000
05296443;699058800000
05260257;699145200000
05276001;700182000000
05264409;700182000000
05162291;700354800000
05310719;700354800000
05308823;700441200000
05223474;700441200000
05292905;700441200000
05246910;700700400000
05340788;700959600000
05312797;701305200000
05252533;701391600000
05338718;701478000000
05278130;701564400000
05256624;701906400000
05338066;702079200000
05219822;702079200000
05364732;702165600000
05173473;702511200000
05283227;702597600000
05179066;702684000000
05262374;702856800000
05284815;703116000000
05350730;703288800000
05262377;703720800000
05225392;703720800000
05296444;703807200000
05215957;703980000000
05219823;703980000000
05286702;704066400000
05260258;704584800000
05250495;704584800000
05374601;704930400000
05302572;704930400000
05306686;704930400000
05242885;705016800000
05292711;705016800000
05229351;705276000000
05268348;705535200000
05312796;705794400000
05278131;706140000000
05330960;706399200000
05258274;706485600000
05318943;706485600000
05296440;706831200000
05283220;706917600000
05292709;706917600000
05891602;707090400000
05252534;707090400000
05179065;707436000000
05275912;707522400000
05380694;707522400000
05294588;707954400000
05244234;707954400000
05371058;708127200000
05382561;708213600000
05273951;708732000000
05324705;708818400000
05270281;709164000000
05366952;709164000000
05521138;709250400000
05308825;709336800000
05434119;709336800000
05468712;709423200000
05334574;709768800000
05420611;709768800000
05342817;709768800000
05260253;709855200000
05298477;709941600000
05260403;710028000000
05352649;710028000000
05317000;710028000000
05242886;711151200000
05292713;711151200000
05246906;711324000000
05328895;711324000000
05283221;711583200000
05376615;711583200000
05238900;711583200000
05292712;711583200000
05281570;711756000000
05384303;711756000000
05215958;711842400000
05212145;711842400000
05290750;712188000000
05234888;712360800000
05244861;712533600000
05244862;712533600000
05266551;712792800000
05296445;712965600000
05258350;713052000000
05283105;713397600000
05418110;713397600000
05308736;713656800000
05316852;714088800000
05342728;714088800000
05240899;714175200000
05322832;714261600000
05525572;714261600000
05397760;714261600000
05328887;714780000000
05364829;714866400000
05280005;714952800000
05294589;715212000000
05300475;715212000000
05401443;715298400000
05240898;715384800000
05336657;715384800000
05244859;715471200000
05330961;715557600000
05342556;715903200000
05340680;716076000000
05362701;716162400000
05362702;716421600000
05298063;716508000000
05318944;716508000000
05372987;716680800000
05342818;716767200000
05306688;716767200000
05306815;717026400000
05391535;717199200000
05283222;717285600000
05296446;717372000000
05286704;717634800000
05310611;717807600000
05256618;717980400000
05291218;718239600000
05270284;718412400000
05529972;718412400000
05314861;718585200000
05326740;719017200000
05300476;719017200000
05385879;720054000000
05294590;720226800000
05328885;720313200000
05268349;720399600000
05336658;720658800000
05428372;720831600000
05280006;720918000000
05281572;720918000000
05342819;721004400000
05278129;721004400000
05314862;721522800000
05330962;721522800000
05314859;721609200000
05328888;721609200000
05369078;721609200000
05284816;722127600000
05393725;722473200000
05242889;722559600000
05284817;722559600000
05283223;722559600000
05283224;722559600000
05283225;722559600000
05246911;722559600000
05273857;722559600000
05418207;723078000000
05378675;723078000000
05354725;723078000000
05374602;723164400000
05409882;723250800000
05318940;723250800000
05391720;723337200000
05231069;723423600000
05272127;723423600000
05328886;723423600000
05369079;723855600000
05322833;724028400000
05382560;724028400000
05262376;724374000000
05334575;724546800000
05240900;724546800000
05360780;724546800000
05256620;724546800000
05234889;724546800000
05234890;724546800000
05234891;724546800000
05372988;724633200000
05310718;724633200000
05332711;724978800000
05352651;725065200000
05302573;725065200000
05302574;725065200000
05409881;725065200000
05262378;725065200000
05317001;725065200000
05252535;725065200000
05424266;725151600000
05444037;725497200000
05302575;726102000000
05342649;727052400000
05294591;727398000000
05292710;727398000000
05328749;727916400000
05302576;728002800000
05242884;728089200000
05278127;728089200000
05348931;728175600000
05372985;729212400000
05292714;729298800000
05332712;729471600000
05283226;729471600000
05288686;729471600000
05599765;729644400000
05330959;729817200000
05304528;729903600000
05326677;730076400000
05324706;730422000000
05308824;730594800000
05296441;730594800000
05322831;730594800000
05326742;730594800000
05326741;730594800000
05427997;730940400000
05350729;731026800000
05494772;731545200000
05300473;731545200000
05328884;731545200000
05552364;731631600000
05268350;731718000000
05296331;731718000000
05612280;731718000000
05395948;731718000000
05278128;731718000000
05306689;731890800000
05294592;732150000000
05317002;732150000000
05352650;732236400000
05451560;732409200000
05364830;732495600000
05324601;732754800000
05288689;732754800000
05262379;732754800000
05330963;732754800000
05397764;732841200000
05288688;732927600000
05324704;733356000000
05302577;733356000000
05326676;733528800000
05326666;733528800000
05348930;733701600000
05324621;734220000000
05270285;734306400000
05342820;734565600000
05273950;734738400000
05418205;734824800000
05306690;734824800000
05340537;734911200000
05306687;734911200000
05354723;735170400000
05411930;735429600000
05432144;735429600000
05266441;735429600000
05420094;735516000000
05614461;735948000000
05281573;736034400000
05362703;736034400000
05352648;736466400000
05418208;736639200000
05409883;736725600000
05389596;736984800000
05376149;737071200000
05362565;737157600000
05457081;737157600000
05372986;737589600000
05401708;737589600000
05356857;737589600000
05409880;737676000000
05389489;737762400000
05523273;737762400000
05432040;738367200000
05376619;738453600000
05439869;738540000000
05288690;738540000000
05464803;739058400000
06656879;739058400000
05395815;739490400000
05510225;739663200000
05366951;739663200000
05332654;739749600000
05360781;739749600000
05356858;739749600000
05476746;739749600000
05302571;740008800000
05358922;740008800000
05880062;740181600000
05541633;740181600000
05418209;740872800000
05432145;740959200000
05288691;741218400000
05372917;741304800000
05401577;741564000000
05418210;741909600000
05346877;742082400000
05344807;742082400000
05358923;742168800000
05679616;742255200000
05468713;742687200000
05397761;742687200000
05448282;743378400000
05356465;743378400000
05435600;743810400000
05387572;743896800000
05393560;743896800000
05354724;743896800000
05387496;743983200000
05296447;743983200000
05612168;743983200000
05394231;743983200000
05503956;743983200000
05371059;744328800000
05424267;744588000000
05350634;744933600000
05350633;744933600000
05403811;745192800000
05296448;745538400000
05346878;745624800000
05342816;745624800000
05407893;745711200000
05401699;746143200000
05342815;746229600000
05344808;746229600000
05405821;746316000000
05512531;746402400000
05580693;746402400000
05372984;746748000000
05363179;747007200000
05352652;747007200000
05376150;747352800000
05427996;747439200000
05478793;747525600000
05489494;747525600000
05389597;747957600000
05518982;748476000000
05409879;748476000000
05674803;748476000000
05336659;748648800000
05306691;748648800000
05552259;748735200000
05393726;749170800000
05464804;749343600000
05510224;749862000000
05326739;750380400000
05407892;750380400000
05447902;750466800000
05443908;750553200000
05594480;750639600000
05360694;750898800000
05420097;751071600000
05486500;751071600000
05438030;751071600000
05334572;751158000000
05399218;751590000000
05426087;751676400000
05468711;751676400000
05342821;751849200000
05380607;752799600000
05489967;752886000000
05397762;753404400000
05491121;753490800000
05446009;753490800000
05403810;753663600000
05336660;754614000000
05430002;754614000000
05393727;754614000000
05411835;754700400000
05538933;754700400000
05378676;754873200000
05387573;755218800000
05332713;755218800000
05350731;755218800000
05569637;755305200000
05393332;755391600000
05482913;755910000000
05340790;755996400000
05340789;755996400000
05369081;755996400000
05369080;755996400000
05447790;756082800000
05397763;756082800000
05356859;756342000000
05376616;756601200000
05405822;757119600000
05514635;757119600000
05382562;757551600000
05405823;757724400000
05444036;757897200000
05489566;758156400000
05468714;759970800000
05430004;760230000000
05480855;760662000000
05587351;760748400000
05589433;760748400000
05472930;760834800000
05508248;761266800000
05352653;761353200000
05429906;761439600000
05350732;761439600000
05556827;761871600000
05482912;762130800000
05502024;762130800000
05458974;762390000000
05395814;762390000000
05416058;762735600000
05350733;762735600000
05525569;762994800000
05449657;762994800000
05427886;763167600000
05407891;763254000000
05503781;763686000000
05550099;763772400000
05409884;763858800000
05612278;764031600000
05407890;764290800000
05378674;764377200000
05405824;764377200000
05447811;764377200000
05395719;764463600000
05395720;764463600000
05457000;764892000000
05550098;764978400000
05380693;765151200000
05543381;765410400000
05380550;765410400000
05462909;765410400000
05991588;766101600000
05446010;766101600000
05643851;766188000000
05573995;766274400000
05438031;766879200000
05380695;766965600000
05494882;767311200000
05439871;767570400000
05446011;767570400000
05984363;767570400000
05426088;767829600000
05376617;767829600000
05445867;767829600000
05438032;768002400000
05438348;768002400000
05480765;768175200000
05529973;768434400000
05387574;768520800000
05508104;768607200000
05459120;768607200000
05604175;768607200000
05446012;768780000000
05424268;768780000000
05407894;769125600000
05384304;769384800000
05447899;769903200000
05422334;769989600000
05624882;770076000000
05451559;770335200000
05441921;770594400000
05430003;770853600000
05484759;770940000000
05470817;770940000000
05416059;771112800000
05468591;771544800000
05605873;771544800000
05595955;771544800000
05494759;771804000000
05427998;772063200000
05466655;772149600000
05439872;772322400000
05444035;772322400000
05496790;772322400000
05411931;772408800000
05391536;772754400000
05474970;772754400000
05466653;772840800000
05411929;772927200000
05474966;772927200000
05462597;772927200000
05476829;773013600000
05593940;773359200000
05470816;773445600000
05593937;774828000000
05614463;774914400000
05585321;775087200000
05472929;775346400000
05407895;775432800000
05470818;775692000000
05466654;775864800000
05476830;776469600000
05462910;776642400000
05401618;776988000000
05451561;777592800000
06218071;777679200000
05447901;777852000000
05476831;778111200000
05464723;778284000000
05468855;778284000000
05424269;778284000000
05426086;778456800000
05593939;778716000000
05426085;778802400000
05510311;779320800000
05478792;779407200000
05474968;779407200000
05525403;779580000000
05447900;779580000000
05482911;780098400000
05525573;780098400000
05462911;780098400000
05466656;780184800000
05508247;780534000000
05524934;780534000000
05538822;780620400000
05455217;780793200000
05484758;780793200000
05489567;781484400000
05459017;781830000000
05420095;781830000000
05460918;781830000000
05498772;781916400000
05489501;782434800000
05521140;782607600000
05610118;782780400000
05496791;783039600000
05686159;783126000000
05561098;783298800000
05593941;783644400000
05538934;783817200000
05501937;783903600000
05627126;784249200000
05424164;784422000000
05607895;784681200000
05547917;784767600000
05436217;784767600000
05532200;784940400000
05472932;785113200000
05545605;785372400000
05448284;785372400000
05507839;785458800000
05534477;785458800000
05576264;785458800000
05474969;785977200000
05474967;785977200000
05518981;786150000000
05529884;786927600000
05457080;787273200000
05525686;787273200000
05532201;787359600000
05536697;787446000000
05491045;787532400000
05466658;787532400000
05480701;787791600000
05543382;787878000000
05560796;787878000000
05521141;787878000000
05635440;787878000000
05597774;787964400000
05494883;787964400000
05457082;787964400000
05750462;787964400000
05567668;787964400000
05571765;788050800000
05527757;788050800000
05558699;788137200000
05532202;788569200000
05602073;788569200000
05545606;790297200000
05455218;790297200000
05525574;790297200000
05635211;790470000000
05494884;790902000000
05578545;790902000000
05658847;790988400000
05563110;791074800000
06060425;791161200000
05679494;792889200000
05494885;793321200000
05661099;793926000000
05702850;793926000000
05527759;794012400000
05518984;794185200000
05585320;794703600000
05552365;794790000000
05612282;794876400000
05567669;795135600000
05573996;795222000000
05547916;795308400000
05518985;795654000000
05741754;795654000000
05547500;795913200000
05700755;795999600000
05510314;795999600000
05512533;795999600000
05512532;795999600000
05514637;795999600000
05536696;796341600000
05602072;796773600000
05578352;796946400000
05698364;797292000000
05559075;797551200000
05646089;797637600000
05516746;797637600000
05633113;797810400000
05693766;798156000000
05698296;798156000000
05518983;798242400000
05545235;798242400000
05710096;798242400000
05547809;798415200000
05514638;798415200000
05688592;798501600000
05547915;798760800000
05629129;798760800000
05565403;798760800000
05576265;798847200000
05716900;799279200000
05510313;799538400000
05506189;800229600000
05589435;800316000000
05658845;800402400000
05672559;800402400000
05622909;800661600000
05506085;800661600000
05607809;800748000000
05556826;800748000000
05610119;801093600000
05665675;801093600000
05565406;801180000000
05527758;801266400000
05489568;801266400000
05514516;801352800000
05985416;801439200000
05538831;801439200000
05593938;801525600000
05550097;801784800000
05559077;802044000000
05627287;802130400000
05571766;802303200000
05705451;802303200000
05565404;802303200000
05559076;802389600000
05534478;802389600000
05534479;802389600000
05707925;802389600000
05523274;802389600000
05488026;802389600000
05741752;802476000000
05665676;802476000000
05538935;802476000000
05488025;802476000000
05726120;802476000000
05607894;802994400000
05672561;803340000000
05670448;803340000000
05569638;803685600000
05656569;803858400000
05627127;803944800000
05583088;804376800000
05604176;804463200000
05612279;804981600000
05565402;805500000000
05652195;805586400000
05605874;806191200000
05698490;806364000000
05589434;806623200000
05925593;807141600000
05698489;807228000000
05593803;807400800000
05679615;807919200000
05637552;808178400000
05607896;808869600000
05658848;809215200000
05658846;809388000000
05595956;809388000000
05948727;809647200000
05661100;809820000000
05753589;809820000000
05635441;810079200000
05587350;810511200000
05635319;810597600000
05589316;810943200000
05525571;810943200000
05521142;811029600000
05514636;811461600000
05597998;811634400000
05641724;811634400000
05681791;812070000000
05714434;812156400000
05585323;812156400000
05616534;812329200000
05624739;812502000000
05547914;812761200000
05607897;812847600000
05856268;812847600000
05683955;813020400000
05705452;813366000000
05658849;813366000000
05683954;813452400000
05650102;813538800000
05670447;813538800000
05858913;813538800000
05578548;813798000000
05759954;813884400000
05733844;813970800000
05576144;814489200000
05774164;814575600000
05710094;814748400000
05807623;815094000000
05674804;815439600000
05712222;815612400000
05830823;815698800000
05686382;816044400000
05578416;816822000000
05656570;816908400000
05663115;816994800000
05688737;817254000000
05674661;817599600000
05587352;817686000000
05585326;818377200000
05629259;818377200000
05776280;819241200000
05547815;819327600000
05776853;819327600000
05741592;819414000000
05614464;819414000000
05578549;819500400000
05637549;820105200000
05665514;821314800000
05703006;821401200000
05597775;821746800000
05798161;821833200000
05728645;822006000000
05585324;822524400000
05661101;822870000000
05919730;823734000000
05576266;824079600000
05700757;824338800000
05646088;824425200000
05616710;824598000000
05783517;824943600000
05718793;825289200000
05814580;825462000000
05846901;825634800000
05627128;825634800000
05637550;825721200000
05576140;826153200000
05585325;826239600000
06022648;826239600000
05773385;826498800000
05935901;826498800000
05707778;826585200000
05663116;826671600000
05695907;826758000000
05686184;826844400000
05677262;827362800000
05654079;827362800000
05618773;827362800000
05627129;828054000000
05698368;828140400000
05773170;828396000000
05670449;828396000000
05786836;828568800000
05643709;829087200000
05691272;829432800000
05725989;829519200000
05807624;829605600000
05627130;829605600000
05665670;829605600000
05576268;829605600000
05576267;829605600000
05683956;829605600000
05620941;829605600000
05693446;829692000000
05599766;829778400000
05635442;829864800000
05665677;830037600000
05646090;830037600000
05792724;830210400000
05731263;830383200000
05703005;830469600000
05733843;830469600000
05683475;830556000000
05691103;830642400000
05693447;830642400000
05748204;830728800000
05811366;830901600000
05710095;830988000000
05693589;831506400000
05672562;831506400000
05686383;831679200000
05637551;832024800000
05700746;832111200000
05762743;832111200000
05837648;832197600000
06264782;832197600000
05712221;832284000000
05614462;833148000000
05670446;833407200000
05849651;833493600000
05658850;833666400000
05709738;834012000000
06012800;834444000000
05620942;834616800000
05612283;834703200000
05747415;834703200000
05747414;834703200000
05700756;834876000000
05672560;834962400000
05858914;835567200000
05614465;835653600000
05710098;835740000000
05750465;835826400000
05710097;835826400000
05759738;835912800000
05824623;835912800000
05935902;835912800000
05837645;836172000000
05721190;836258400000
05869420;836344800000
05599647;836690400000
05698363;836949600000
05783518;837036000000
05876898;837468000000
05869422;837640800000
05804530;837640800000
05753588;838245600000
05668081;838245600000
05866504;838591200000
05846900;838764000000
05837649;838764000000
05733845;838764000000
05789340;838764000000
05728647;838936800000
05863859;839282400000
05814579;839282400000
05756187;839368800000
05712026;839455200000
05750323;840060000000
05885927;840492000000
05780387;840664800000
05739078;840664800000
05645920;840837600000
05866505;841269600000
05955204;841356000000
05972556;842220000000
05891552;842392800000
05712223;842824800000
05739077;842911200000
05726121;842911200000
05753587;842997600000
05817599;842997600000
05753586;843084000000
05834397;843084000000
05827590;843170400000
05932516;843170400000
05935899;843170400000
05792725;843516000000
05877111;843516000000
05688738;843861600000
05863629;844034400000
05776854;844293600000
05731262;844380000000
05691273;844552800000
05786297;844725600000
05856269;844898400000
05691271;844984800000
05726122;845935200000
05958832;846021600000
05714301;846108000000
05800960;846108000000
05811367;846457200000
06537720;846630000000
05783519;846802800000
05728646;847148400000
05902769;847148400000
05707924;847148400000
06081288;847407600000
05989772;847407600000
05994263;847753200000
05719016;847753200000
05851720;847753200000
05672563;847839600000
05780388;847926000000
06040268;847926000000
05804528;848358000000
05665498;848617200000
06028028;848617200000
05763356;848617200000
05858915;848876400000
05756418;849049200000
05811369;849049200000
05723405;849049200000
05674805;849049200000
05834396;849222000000
05759953;849222000000
05747412;849222000000
05817598;849222000000
05789135;849481200000
05668080;849567600000
05733846;849740400000
05811368;849826800000
05644352;850086000000
05712079;850258800000
06387584;850258800000
05919729;850690800000
06090747;850777200000
05891824;850777200000
05863860;850863600000
05866508;851295600000
05763354;851295600000
05977022;851295600000
05922642;851295600000
05885765;851554800000
05834154;851641200000
05885926;852850800000
05837348;853110000000
05837647;853282800000
05837646;853282800000
05880065;853887600000
05756240;854060400000
05747199;854060400000
05776641;854060400000
05834398;854319600000
05912205;854578800000
05928989;854578800000
05763358;854665200000
06326071;855183600000
05798315;855183600000
05977019;855183600000
05858916;855270000000
05759741;855615600000
05858917;855702000000
05840652;856306800000
05894069;856479600000
05843864;856738800000
05851951;856911600000
05773386;856911600000
05795844;857084400000
05830824;857084400000
05880063;857602800000
06084621;858812400000
05834151;859244400000
05811371;859417200000
05912204;859503600000
05863641;859503600000
05747413;859759200000
06090749;859759200000
05774160;859759200000
05789341;859845600000
05965485;859932000000
05821028;860104800000
05854175;860536800000
05821196;860623200000
06177384;861055200000
05948728;861228000000
05916842;861314400000
05750463;861660000000
05750464;861660000000
05852081;861746400000
05880064;861746400000
05955398;861919200000
05830562;861919200000
05786298;862178400000
05800973;862178400000
06048822;862351200000
05811370;863042400000
05804529;863128800000
05856266;863128800000
05962691;863128800000
06162517;863474400000
05916841;863560800000
05854174;863560800000
05750319;863560800000
05994021;864770400000
05902770;864943200000
05883042;864943200000
05885928;865202400000
05898018;865202400000
05840653;865375200000
05955225;865548000000
05891823;865548000000
05928987;866066400000
05874191;866066400000
05866285;866066400000
05885929;866498400000
05955399;866584800000
05858918;866584800000
05753590;866671200000
05744422;866671200000
05786300;866671200000
05786299;866671200000
05801118;866671200000
05789344;866671200000
05789343;866671200000
05789342;866671200000
05866506;867189600000
05977018;867621600000
05858583;867880800000
06020286;868485600000
05866507;868485600000
05856270;868485600000
05858919;868572000000
06306475;868917600000
05771431;869004000000
05789067;869090400000
05972836;869176800000
05972480;869781600000
05885930;870213600000
05935904;870645600000
05981429;870732000000
06015770;870732000000
05935903;870991200000
05908808;871336800000
05861355;871423200000
05935900;871509600000
05898017;871941600000
05869421;872114400000
06004900;872200800000
05968871;872460000000
05883043;872632800000
05874196;872805600000
05942377;872805600000
05866509;872805600000
05866510;872805600000
05792587;872805600000
05985792;873151200000
05922641;873324000000
05856267;873669600000
05858628;873928800000
06013601;874015200000
06127315;874447200000
05932053;874620000000
05916843;874879200000
06124236;874879200000
05976698;875052000000
05981428;875224800000
05902768;875397600000
06100217;875484000000
05970875;875484000000
05972837;875570400000
06008157;876261600000
05952263;877039200000
06096683;877644000000
05902771;878166000000
06104422;878857200000
06110864;879289200000
06265128;879462000000
05877301;879721200000
05935757;879980400000
05990042;880066800000
05900339;880066800000
05981112;880066800000
06001770;880326000000
05932515;880412400000
06300278;880498800000
05891826;880498800000
05891827;880498800000
05888929;880930800000
06291062;881017200000
05928988;881103600000
06057264;881103600000
06019866;881190000000
06008156;881276400000
06031586;881622000000
05977021;881708400000
05994264;882140400000
06046132;882140400000
06057265;882226800000
05981115;882399600000
05928990;882745200000
05834399;882745200000
05945374;882745200000
05932518;882745200000
05932517;882745200000
05804531;882745200000
06194347;882831600000
06124075;882831600000
06001547;882918000000
05942464;884559600000
05958833;884818800000
06034033;885250800000
06180198;885250800000
06114281;885855600000
06150008;885855600000
05874188;886028400000
06017983;886028400000
05958834;886114800000
06010808;886978800000
06040267;887151600000
06004901;887151600000
05945375;887929200000
06423464;887929200000
06028030;888966000000
06110865;888966000000
05942465;889052400000
06313067;889138800000
06037309;889398000000
05965484;889570800000
05981430;889743600000
06071851;889743600000
06071852;890607600000
05939355;890694000000
06004899;890694000000
06066593;890866800000
06251824;890866800000
06051318;891208800000
06380131;891295200000
06001518;892072800000
06159651;892504800000
05981431;892504800000
06015589;892677600000
06107244;892764000000
05948729;892764000000
06034704;893023200000
05943084;893023200000
06043192;893196000000
06586170;893714400000
06037308;893887200000
06103661;894319200000
06060428;894492000000
06162485;894492000000
06015772;894578400000
05932519;894578400000
06270940;894837600000
06025300;895010400000
06001771;895183200000
06114027;895528800000
06127314;895788000000
06103042;895788000000
06015771;895788000000
06132547;896392800000
05985791;896738400000
06063729;896824800000
05962368;896824800000
06096684;897256800000
05994262;897602400000
06007962;897861600000
05945376;898034400000
06043193;898552800000
05972838;898639200000
05962369;898639200000
06090748;898725600000
06068957;899071200000
06060426;899157600000
06156420;899157600000
06054246;899244000000
06124377;899244000000
06232267;899330400000
06130185;900021600000
05977020;900280800000
05968707;900367200000
06013602;900453600000
06013603;900453600000
06174836;900626400000
06165938;900972000000
06043190;900972000000
06214149;901058400000
06489266;901576800000
05998088;902095200000
05916844;902181600000
06071854;902354400000
06103662;902700000000
06060427;903045600000
06180560;903045600000
06090192;903304800000
06306572;903304800000
06093678;903391200000
06063730;903477600000
06296999;903564000000
06017848;903996000000
06140268;904514400000
06153558;904600800000
06362130;904687200000
06207348;904687200000
06310001;905810400000
06106910;905810400000
06180304;905983200000
06261994;905983200000
06066594;906069600000
06440896;906933600000
06197722;906933600000
06143693;906933600000
06165937;907106400000
06194348;907106400000
06136752;907279200000
06417138;908229600000
06365546;908402400000
06319878;908488800000
06107245;909093600000
06197723;909442800000
06132942;909702000000
06228804;909961200000
06153557;910825200000
06245710;910911600000
06051532;911170800000
06051531;911170800000
06043194;911343600000
06130024;911516400000
06136750;911516400000
06296983;911516400000
06071853;911862000000
06232266;911948400000
06458743;912380400000
06191069;912466800000
06197725;912466800000
06096685;912553200000
06127313;913935600000
06051530;913935600000
06239069;913935600000
06232268;914367600000
06022942;915490800000
06416853;915663600000
06114282;916009200000
06211117;916095600000
06114088;916354800000
06329317;916959600000
06235679;917305200000
06136751;917478000000
06281165;917564400000
06214766;917996400000
06202926;918082800000
06133195;918514800000
06207613;919119600000
06083872;919119600000
06326055;919292400000
06350508;919292400000
06197724;919378800000
06686314;920934000000
06352957;921711600000
06277785;921711600000
06335307;921711600000
06177383;922143600000
06172001;922230000000
06245429;922316400000
06613403;922402800000
06120948;922744800000
06071596;922744800000
06004718;922917600000
06214767;922917600000
06184180;923263200000
06281166;923263200000
06335306;923349600000
06060208;924472800000
06524000;925423200000
06184181;925423200000
06517239;925423200000
06184179;925941600000
06326330;926373600000
06107487;926373600000
06333295;926460000000
06197726;926632800000
06294502;926632800000
06261995;926892000000
06172002;926978400000
06043191;926978400000
06284706;927064800000
06140267;927496800000
06211116;928188000000
06352767;928706400000
06361839;928792800000
06194349;928792800000
06180561;928879200000
06187714;928879200000
06258747;929484000000
06254943;929916000000
06300277;930175200000
06126284;930520800000
06079812;930520800000
06265345;930520800000
06165687;930607200000
06284707;930693600000
06228805;930866400000
06211115;931730400000
06028029;932940000000
06187501;934236000000
06368684;934408800000
06328929;934754400000
06251825;934754400000
07569338;935532000000
06346316;935532000000
06248692;936741600000
06387846;936828000000
06407034;937173600000
06153351;937346400000
06071855;937346400000
06077810;937951200000
06355598;937951200000
06221806;938037600000
06239068;938037600000
06261992;938124000000
06337304;938642400000
06162761;938642400000
06190826;938728800000
06309696;939333600000
06180165;939765600000
06265344;939765600000
06127316;939852000000
06339041;939852000000
06121192;939852000000
06124239;939852000000
06124238;939852000000
06124237;939852000000
06440897;939938400000
06261993;940197600000
06382125;940456800000
06410479;941061600000
06245711;941148000000
06303540;941410800000
07151074;941756400000
06329318;942188400000
06309734;942620400000
07037575;942966000000
06348433;942966000000
06244766;943916400000
06326331;943916400000
06403527;943916400000
06313065;943916400000
06432875;944002800000
06395448;944002800000
06309452;944089200000
06258746;944607600000
06306573;945039600000
06191265;945126000000
06303539;945212400000
06291396;945212400000
06255026;945298800000
06255030;945385200000
06383983;945644400000
06309807;945644400000
06274284;945817200000
06432518;945817200000
06194119;946335600000
06420309;946508400000
06756192;946508400000
06207614;947026800000
06380132;949014000000
06362131;949359600000
06620764;949446000000
06509295;949618800000
06217643;949878000000
06284708;950742000000
06391440;951174000000
06448200;951174000000
06281167;951346800000
06544925;951951600000
06391825;952038000000
06391824;952297200000
06310002;952383600000
06686315;952470000000
06867167;952556400000
06348432;952642800000
06627297;953679600000
06562428;953766000000
06375784;953852400000
06326332;953852400000
06509296;954108000000
06313066;954367200000
06432876;954367200000
06300279;954453600000
06410200;954453600000
06331374;954453600000
06221553;955317600000
06486094;955490400000
06395680;955490400000
06232269;955922400000
06221807;955922400000
06383631;955922400000
06346502;956095200000
06440898;956786400000
06383982;957218400000
06432874;958514400000
06632773;958687200000
06372689;958946400000
06605567;959032800000
06344891;959292000000
06337303;959724000000
06894002;960156000000
06645910;960242400000
06335140;960328800000
06583086;960501600000
06395679;961106400000
06465392;961106400000
06291117;963957600000
06407035;964389600000
06921740;964648800000
06482768;964994400000
06514909;965167200000
06608002;966376800000
06623852;966463200000
06942912;967068000000
06596358;967068000000
06468395;967500000000
06410478;968104800000
06362132;968191200000
06690362;968968800000
06494950;969228000000
06696390;969400800000
06746986;969487200000
06607871;969487200000
06407037;969573600000
06537711;969919200000
06479431;970437600000
06489265;970783200000
06579828;971128800000
06417137;971301600000
06316385;971388000000
06576591;972511200000
06649564;972511200000
06562755;972946800000
06551961;972946800000
06407036;972946800000
06677275;972946800000
06482769;974156400000
06596669;974242800000
06514659;975366000000
06573216;975538800000
06592971;975625200000
06593272;975625200000
06455221;976057200000
06586364;976143600000
06746984;976143600000
06620227;976489200000
06613715;976748400000
06630424;976834800000
06566301;977180400000
06365547;977353200000
06403528;979081200000
06355408;979686000000
06503868;980463600000
06534443;980722800000
06541420;982105200000
06566302;983142000000
06635602;983142000000
06368766;983228400000
06465393;983228400000
07635662;983487600000
06596668;983487600000
06669765;983746800000
07833598;984006000000
06495490;984092400000
06498123;984092400000
06472131;985042800000
06579829;985644000000
06613716;985730400000
06620765;985816800000
06660687;986335200000
06673744;986508000000
06713430;986767200000
06364984;986853600000
06566303;987112800000
06579827;988063200000
06869907;988063200000
06656881;988236000000
06420310;988581600000
06586362;988927200000
06926790;989359200000
06624118;989532000000
06716793;990050400000
06596379;990655200000
06677274;990655200000
06680281;991173600000
06660688;991173600000
06794334;991951200000
06780820;992469600000
06689717;992815200000
06946423;993074400000
06515098;994024800000
06543808;994284000000
06977112;994629600000
06861388;994716000000
06635142;994802400000
06468709;994975200000
06787502;995493600000
06596116;997826400000
06797318;999122400000
06890881;999640800000
06616190;999640800000
06656880;999813600000
06660689;999813600000
06559097;1000072800000
06720286;1000245600000
06964807;1001368800000
07071144;1001628000000
06624117;1001887200000
06642175;1002060000000
06416923;1002232800000
07109146;1002232800000
06579826;1002664800000
06586107;1002751200000
06797670;1002751200000
07172991;1002751200000
06555258;1002751200000
06544926;1002751200000
06995117;1003183200000
06656546;1003269600000
06730633;1003356000000
06703111;1003960800000
06645909;1004047200000
07238410;1004482800000
06750175;1004482800000
07364636;1004482800000
06465167;1004655600000
06664212;1005260400000
06743750;1005606000000
06667275;1005606000000
07005407;1005865200000
06784136;1006210800000
06638678;1006210800000
06693061;1006297200000
06586363;1006815600000
06686313;1006902000000
06664211;1006988400000
06734138;1007074800000
06800588;1007420400000
06750174;1007593200000
07148022;1008111600000
06863940;1008543600000
06759366;1008630000000
06515051;1008630000000
07041364;1008889200000
06803344;1008889200000
06800429;1009321200000
06710016;1009321200000
06640717;1009407600000
06762150;1009407600000
06638893;1009407600000
07049267;1010098800000
06740622;1010617200000
06828274;1010962800000
06713432;1012172400000
06890882;1012345200000
06800589;1012518000000
06743751;1012950000000
06875726;1013122800000
06727203;1013468400000
06737152;1013641200000
07008902;1014159600000
06683026;1014591600000
06770592;1014678000000
06660452;1014678000000
07119048;1014850800000
06699817;1015282800000
06767862;1015455600000
06890592;1015974000000
06964836;1016146800000
06855666;1016406000000
07021846;1016492400000
06767861;1016578800000
06846619;1016751600000
06774084;1017097200000
06759367;1017183600000
06699648;1017183600000
07101825;1017698400000
06917375;1017698400000
06984281;1017698400000
06855473;1018562400000
06746985;1019772000000
06894000;1019772000000
07033973;1019772000000
06872501;1019772000000
06703345;1019772000000
06788378;1020031200000
06821556;1020117600000
06890879;1020204000000
06939827;1020204000000
07378491;1020290400000
07056860;1020895200000
06858565;1021240800000
06869909;1022018400000
07241719;1022018400000
06984608;1022191200000
07135431;1022796000000
07160840;1022796000000
06815397;1023400800000
06677273;1023400800000
06720287;1023919200000
07005166;1024351200000
06703344;1024351200000
06582876;1024610400000
07094731;1024956000000
06710015;1024956000000
06939826;1024956000000
06713431;1025042400000
06693062;1025128800000
06699816;1025560800000
06972272;1025647200000
07220705;1026424800000
06818591;1027029600000
06670010;1027375200000
06881704;1027375200000
06749908;1027461600000
06869910;1027634400000
06635601;1028152800000
06759369;1028671200000
06790809;1029448800000
06864216;1029708000000
06878670;1029794400000
06818592;1029880800000
06846776;1029880800000
06942950;1030312800000
06894001;1030399200000
06962893;1030572000000
07375057;1031090400000
06890880;1031263200000
06815138;1032127200000
06998213;1032213600000
06645706;1032213600000
06780819;1032732000000
06878671;1032904800000
07049269;1032991200000
06956010;1033336800000
07438959;1033682400000
06919297;1034719200000
07807076;1034805600000
06872687;1034892000000
06692879;1035151200000
06610384;1035324000000
06852672;1035846000000
06716504;1036364400000
06835693;1037055600000
06962773;1038351600000
06797671;1038783600000
07056861;1038783600000
06790477;1039042800000
06869908;1040166000000
06852671;1040252400000
06846538;1040252400000
06867168;1040338800000
07098168;1040338800000
07192904;1040338800000
06699629;1040598000000
06841514;1040857200000
06667148;1042498800000
07081435;1042585200000
06787503;1043362800000
06841320;1044313200000
07270865;1044831600000
06890883;1044918000000
06815679;1044918000000
06960553;1045004400000
07011922;1045609200000
06946424;1045695600000
07045178;1045782000000
06825150;1046214000000
07091157;1046214000000
06890884;1046214000000
06893592;1046214000000
07005406;1046214000000
06897183;1046214000000
06939828;1046214000000
07232791;1046386800000
07128955;1046818800000
06737227;1046991600000
07169737;1047510000000
06835691;1047942000000
06900158;1048028400000
07235512;1048546800000
06900159;1048633200000
06951832;1048719600000
07238643;1048806000000
06893999;1049148000000
07074495;1049925600000
06884759;1050012000000
06953645;1052172000000
07238644;1052690400000
06872688;1052949600000
06730632;1053640800000
06933029;1055800800000
07040929;1056319200000
07384891;1056664800000
06759368;1056924000000
07008901;1057183200000
07078366;1057528800000
07109147;1057528800000
06989350;1059343200000
07307042;1060120800000
06786993;1060207200000
07022823;1060293600000
06995116;1061244000000
06916765;1061503200000
07378374;1062021600000
07329630;1062712800000
06890614;1062712800000
06958181;1062712800000
07354884;1062972000000
07063888;1063058400000
07071142;1063231200000
07067457;1063749600000
06942956;1064354400000
07018772;1064354400000
06995118;1064786400000
06908505;1064959200000
07507452;1064959200000
07094732;1065045600000
07163728;1065045600000
06835692;1065391200000
07560415;1065477600000
07312176;1066946400000
07060654;1067295600000
07060655;1068418800000
07348024;1068764400000
07018952;1069801200000
07494703;1070492400000
07074545;1070492400000
07135433;1070578800000
06849392;1071097200000
07033743;1071529200000
07001868;1071615600000
07045487;1071702000000
07166559;1071788400000
07226890;1072134000000
07176162;1072220400000
06987081;1072738800000
07226889;1073430000000
07071143;1075244400000
07566682;1076886000000
07078368;1077231600000
07078367;1077231600000
07094733;1077231600000
06962763;1077663600000
07279264;1077836400000
07176161;1077836400000
07008759;1077836400000
07078365;1078095600000
07344764;1078268400000
07288301;1078786800000
07166558;1079996400000
07291579;1080169200000
07153812;1080255600000
07244690;1080511200000
06946425;1080597600000
07651975;1080684000000
06984418;1081288800000
07056570;1081288800000
07557065;1081375200000
07153628;1081375200000
06858564;1081893600000
07189676;1082498400000
07163909;1082671200000
07517397;1082930400000
07148182;1083016800000
07223717;1083189600000
07169542;1083276000000
07125824;1084917600000
07033974;1084917600000
07405179;1085608800000
07348296;1086127200000
07141360;1086732000000
07074741;1087336800000
07262150;1087768800000
07238642;1087855200000
07270943;1089237600000
07476642;1089928800000
07270869;1090274400000
07157407;1091484000000
07745374;1091570400000
07256004;1093384800000
07432224;1093989600000
07846871;1094076000000
07312177;1094162400000
07008748;1094508000000
07101826;1095285600000
07198838;1095372000000
07132387;1095631200000
07122504;1095631200000
07226891;1095717600000
07172992;1095976800000
07429552;1097013600000
07071145;1097100000000
07141349;1097532000000
07301012;1097532000000
07645719;1097618400000
07618920;1097791200000
07018953;1098396000000
06969695;1098655200000
06989349;1098655200000
07312178;1099000800000
07329631;1099954800000
07709417;1100214000000
07220469;1100732400000
07371444;1100732400000
07229726;1100818800000
07390771;1101769200000
07175977;1101769200000
07283195;1101942000000
07049268;1102028400000
07294605;1102460400000
07364780;1102460400000
07135432;1103065200000
07432223;1103238000000
07273830;1103497200000
06972139;1103497200000
07138359;1103497200000
07244691;1103497200000
07666815;1103497200000
07300699;1103756400000
07442670;1104102000000
07153629;1104102000000
07371708;1104188400000
07384890;1104361200000
07700258;1104793200000
07270928;1104966000000
07514028;1105570800000
07208449;1106089200000
07642219;1106175600000
07856143;1106262000000
07335624;1106780400000
07641817;1106866800000
07338919;1109718000000
07674748;1110841200000
07087276;1111014000000
07198834;1111446000000
07488701;1111960800000
07122503;1111960800000
07381684;1112047200000
07270944;1112047200000
07829498;1112133600000
07833937;1112133600000
07704922;1112133600000
07846984;1113170400000
07144672;1113516000000
07410932;1113516000000
07632781;1113775200000
07846870;1114034400000
07465695;1114207200000
07470649;1114639200000
07569674;1114725600000
07297940;1115071200000
07504190;1115762400000
07638462;1116280800000
07695762;1116367200000
07153626;1116799200000
07384001;1116885600000
07538070;1118095200000
07833573;1118354400000
07678739;1118700000000
07148181;1118786400000
07150896;1118786400000
07414010;1119304800000
07235513;1119477600000
07279443;1119564000000
07297658;1119564000000
07553797;1120168800000
07425523;1120168800000
07648943;1120687200000
07795177;1120687200000
07456132;1121119200000
07393811;1121637600000
07396800;1121637600000
07282468;1121637600000
07146909;1121724000000
07776789;1122501600000
07479470;1123020000000
07387984;1124834400000
07521106;1125266400000
07387824;1125525600000
07307041;1125957600000
07476643;1126216800000
07501381;1126648800000
07405180;1126735200000
07473450;1127772000000
07550409;1127858400000
07371709;1127858400000
07833938;1127858400000
07217449;1127858400000
07465694;1128031200000
07674749;1129068000000
07211364;1129845600000
07314704;1130104800000
07179768;1130104800000
07517833;1130191200000
07582405;1130277600000
07709416;1130799600000
07452847;1130799600000
07651976;1130886000000
07276465;1131058800000
07323285;1132009200000
07268098;1133132400000
07618922;1133823600000
07635661;1134428400000
07160664;1135206000000
07211544;1137625200000
07776788;1140044400000
07858555;1141340400000
07419935;1142204400000
07553796;1142463600000
07531481;1142895600000
07691784;1143669600000
07635660;1144015200000
07501382;1145311200000
07691783;1145916000000
07648944;1146002400000
07318977;1147039200000
07329632;1147212000000
07829497;1147384800000
07579300;1148248800000
07799735;1149026400000
07314705;1149199200000
07504361;1149544800000
07498291;1150063200000
07632554;1152050400000
07638461;1152482400000
07674747;1152741600000
07501172;1153346400000
07670450;1154296800000
07576036;1154469600000
07265077;1154556000000
07465693;1158098400000
07354885;1158530400000
07378373;1158530400000
07618921;1159221600000
07851409;1159912800000
07744985;1165273200000
07737084;1165446000000
07312012;1166050800000
07786039;1166482800000
07494954;1168470000000
07425522;1168902000000
07504360;1169420400000
07781373;1169679600000
07564030;1171321200000
07816064;1172617200000
07381685;1172617200000
07858557;1172617200000
07858556;1172617200000
07462383;1173049200000
07521173;1173308400000
07534546;1173394800000
07799736;1173394800000
07422996;1173913200000
07732373;1173999600000
07648842;1175637600000
07402365;1177365600000
07419934;1177970400000
07585813;1179698400000
07704667;1201647600000
07569515;1203030000000
07807607;1229986800000
07642218;1234998000000
07645396;1236121200000
07816302;1249250400000
07723264;1250546400000
