03904391;-118717200000
03869834;-40784400000
03972161;-6656400000
03909991;22806000000
03954930;24274800000
04018574;30150000000
03902873;31186800000
03906684;43542000000
03939612;44665200000
03928515;45788400000
04038047;50886000000
03957461;59698800000
04070796;62636400000
03871840;65055600000
03899560;66870000000
03876579;70498800000
04011063;71276400000
03864101;72486000000
03859407;74732400000
03872629;74732400000
03925323;77324400000
03860400;80175600000
03859057;80434800000
03877183;83804400000
03918218;88038000000
03868234;89420400000
04415510;92962800000
03949062;94258800000
03925035;95641200000
03888640;96505200000
03861892;97974000000
03874856;99529200000
03936577;100998000000
03924031;101602800000
03916584;101602800000
03918219;103762800000
03881890;104108400000
03868232;104540400000
03921344;106182000000
03883452;106268400000
03877891;106959600000
04112631;107478000000
03961104;108601200000
03868233;110415600000
03868235;111884400000
03891408;113612400000
03862522;113785200000
03893826;114044400000
03942959;114044400000
03894673;114130800000
03879901;116463600000
03948620;116809200000
03929432;117154800000
03963458;117327600000
03886254;117673200000
03874129;117759600000
04087943;117932400000
03963459;118450800000
03913279;119055600000
03894850;119833200000
03947555;120178800000
03881282;120265200000
03916585;120265200000
03912500;120438000000
03940276;120956400000
03939613;121561200000
04007020;122511600000
04078340;124066800000
03955324;124412400000
03909217;124585200000
03871891;124671600000
03918931;124930800000
03876751;125017200000
03863401;125276400000
03899307;126313200000
04083700;126399600000
03923476;127350000000
03913281;127436400000
03915671;129942000000
03885358;130460400000
03899050;130719600000
03918220;131238000000
03926585;131583600000
04018575;132793200000
03921616;132793200000
03973925;132966000000
03913280;132966000000
03985521;133484400000
03955942;134262000000
03918217;134262000000
03992178;134694000000
03928949;136594800000
03960516;137372400000
03916583;137372400000
03940512;137631600000
03950149;137890800000
03934988;139014000000
03966432;140396400000
04187082;140655600000
03922393;141951600000
04061699;144284400000
03950148;144543600000
03980453;144543600000
03944398;145580400000
03983357;147913200000
04036937;148258800000
03959934;150073200000
03971169;150073200000
03977132;150332400000
04000080;150678000000
03982911;151282800000
04163647;151542000000
03951619;151542000000
03943604;151542000000
03976525;151801200000
03976444;151887600000
03924362;151887600000
03975568;152319600000
04079552;152924400000
04042559;154911600000
03917761;155257200000
03925034;155430000000
04022625;157071600000
03960518;157590000000
04035163;158799600000
03960517;158886000000
03967418;162082800000
04021263;162687600000
04008055;162774000000
04203732;163033200000
03974971;163292400000
04122161;164329200000
04083891;165193200000
04194790;165625200000
03986847;166057200000
04128972;166662000000
04049397;166834800000
04010583;166921200000
04018944;167266800000
03982358;167439600000
03984214;167439600000
04054426;168649200000
03959194;168649200000
04018576;168735600000
03991526;169081200000
04261706;169254000000
03986303;169340400000
04021208;169426800000
03999962;170031600000
03997302;170377200000
04046517;170636400000
03982359;171586800000
04097636;172278000000
04001981;172969200000
04035961;173055600000
04021209;175302000000
03979858;175388400000
04011064;175734000000
04063907;175734000000
04246004;176338800000
04077808;176338800000
04049396;178239600000
04084942;178326000000
04062658;178930800000
04247303;179017200000
04117968;179017200000
04047903;179103600000
04063909;179449200000
03990868;179708400000
04081421;179967600000
04048765;180572400000
04023985;181177200000
04066422;181436400000
04031177;182732400000
04098878;183250800000
03989861;183682800000
04035162;184201200000
04046524;184460400000
04011099;184546800000
04054425;185151600000
04088729;185151600000
04039303;185410800000
04020820;186015600000
04073096;186620400000
04035962;186793200000
04057939;186966000000
04024675;187225200000
04042346;188607600000
04038046;189212400000
04240807;189385200000
04035161;189644400000
04089943;189730800000
04038048;190422000000
04035160;191026800000
04063908;191026800000
04042347;191199600000
04074471;193014000000
04060943;196383600000
04086067;196898400000
04084941;197071200000
04098253;198367200000
04110083;198453600000
04026867;198453600000
04184853;198885600000
04082640;200268000000
04022584;200613600000
04044507;200700000000
04062660;200786400000
04038380;201132000000
04046302;201218400000
04104441;201304800000
04239503;201477600000
03996702;201996000000
04111668;202428000000
04019873;202600800000
04059417;203205600000
04027435;203551200000
04047902;204415200000
04107125;205020000000
04097246;205020000000
04070797;205106400000
04111666;205452000000
04110085;205970400000
04062153;205970400000
04090925;208389600000
04082521;208735200000
04164527;208994400000
04064660;209080800000
04102085;210463200000
04091150;210895200000
04162900;211413600000
04128971;211500000000
04089933;212626800000
04078906;212799600000
04076506;212886000000
04122160;213231600000
04071333;214441200000
04095961;215996400000
04106915;216255600000
04181633;218242800000
04080228;219020400000
04099934;219366000000
04133144;219538800000
04073848;219970800000
04205964;222303600000
04125969;222994800000
04099935;223513200000
04115959;223513200000
04138228;223686000000
04118459;224118000000
04122636;224809200000
04132038;225068400000
04263790;226537200000
04142869;227833200000
04108614;228610800000
04086068;229298400000
04110084;229903200000
04111667;229903200000
04133145;230248800000
04129423;230508000000
04122025;230940000000
04156329;232322400000
04115076;233272800000
04130402;233272800000
04110939;235000800000
04117093;235346400000
04188194;236556000000
04115077;236556000000
04126429;236988000000
04119500;238197600000
04126428;239234400000
04133147;240098400000
04162899;240444000000
04142870;240444000000
04153661;241308000000
04133665;241912800000
04131436;242863200000
04150955;243468000000
04132554;244076400000
04132534;244162800000
04175931;244335600000
04230461;244335600000
04122635;245372400000
04138229;246150000000
04124401;246236400000
04140494;246236400000
04333743;246582000000
04142871;246582000000
04150514;246841200000
04145223;246841200000
04227350;247273200000
04132533;248655600000
04136830;248914800000
04126278;248914800000
04126277;248914800000
04126276;248914800000
04124690;249865200000
04128136;250470000000
04194887;250470000000
04174380;250902000000
04145385;250988400000
04268564;251593200000
04240232;252284400000
04225321;253148400000
04151686;253148400000
04142872;253148400000
04225322;253234800000
04341532;253494000000
04260396;253753200000
04158553;253753200000
04189395;254012400000
04212671;254703600000
04169796;255135600000
04187083;256431600000
04182616;256518000000
04157897;256863600000
04229186;257468400000
04215999;257468400000
04219339;257468400000
04221572;257641200000
04239501;258073200000
04154026;258764400000
04155721;259196400000
04173614;259369200000
04168957;259369200000
04173457;259455600000
04224380;259887600000
04169337;260060400000
04244989;260748000000
04167399;261007200000
04152165;261093600000
04157898;261352800000
04171339;261612000000
04181505;261612000000
04249914;261698400000
04211294;261957600000
04184854;262216800000
04175930;262476000000
04171973;263080800000
04225349;263080800000
04190986;263772000000
04339896;264031200000
04182686;264204000000
04172440;264722400000
04203262;264722400000
04303641;264808800000
04228942;265413600000
04186022;266709600000
04161394;267055200000
04196181;267660000000
04148863;267832800000
04187084;268264800000
04212137;269733600000
04162045;271634400000
04162044;271634400000
04274599;271634400000
04240806;272066400000
04203733;272066400000
04251408;272844000000
04246006;274399200000
04201757;274658400000
04244707;275781600000
04218852;276130800000
04220455;278031600000
04421526;278550000000
04239502;280105200000
04328646;280969200000
04190422;281314800000
04230462;281919600000
04231762;282351600000
04214877;282870000000
04226602;282956400000
04255165;283129200000
04222747;283561200000
04247304;283734000000
04242106;284079600000
04274840;284598000000
04282012;287017200000
04217113;287276400000
04241135;287362800000
04268276;287708400000
04246005;289695600000
04270932;289782000000
04234661;290041200000
04308035;292024800000
04285171;293061600000
04215516;293234400000
04255164;294271200000
04157387;294357600000
04236357;294962400000
04252544;295048800000
04204873;295135200000
04347153;295480800000
04250135;295740000000
04249913;296085600000
04421527;296258400000
04231195;296344800000
04229214;296863200000
04278448;296949600000
04289503;297900000000
04243395;298072800000
04264337;298591200000
04305898;300924000000
04247305;301874400000
04288233;302392800000
04246003;302479200000
04273561;302738400000
04242842;302911200000
04263016;303343200000
04335033;303602400000
04253850;303688800000
04248606;304207200000
04260397;304207200000
04280935;304898400000
04249347;306453600000
04280821;307666800000
04263755;308530800000
04303416;308530800000
04367253;309481200000
04331453;310258800000
04304576;310604400000
04275050;310863600000
04259089;310950000000
04280973;311382000000
04308088;311814000000
04259090;311814000000
04331627;312505200000
04307544;312591600000
04226623;313196400000
04278449;313282800000
04298356;313282800000
04478611;313974000000
04256467;314233200000
04264550;314492400000
04264548;314492400000
04227842;314492400000
04249955;316047600000
04279849;316738800000
04334928;318812400000
04319889;319244400000
04311489;321490800000
04325710;321577200000
04304575;322354800000
04358295;322959600000
04280822;323046000000
04322922;323564400000
04343910;325202400000
04317660;325720800000
04286905;325893600000
04279654;326325600000
04314827;327016800000
04292049;328226400000
04305779;328312800000
04334895;328399200000
04282011;328485600000
04297387;328917600000
04359335;329004000000
04333986;329436000000
04339272;330732000000
04386943;331164000000
04341533;331423200000
04518398;332719200000
04356107;332719200000
04373410;332978400000
04382803;333842400000
04315780;334188000000
04437269;334274400000
04405341;335397600000
04385907;335656800000
04332909;336002400000
04320203;336175200000
04323325;336348000000
04484644;336693600000
04591364;336952800000
04350497;337212000000
04372404;337384800000
04368788;337384800000
04355067;337557600000
04355489;337816800000
04420312;338508000000
04340583;338508000000
04364329;338767200000
04457766;339807600000
04369046;339980400000
04364746;340412400000
04448590;340585200000
04349517;340930800000
04338750;341535600000
04394170;343004400000
04476102;343868400000
04389819;343954800000
04338357;344041200000
04340584;344473200000
04353963;345855600000
04529410;346287600000
04311490;346287600000
04350498;346460400000
04380471;347497200000
04453951;348966000000
04370149;349052400000
04343628;349398000000
04361595;349484400000
04381188;349570800000
04381925;349570800000
04381271;349916400000
04389223;350521200000
04399167;350780400000
04356272;354236400000
04401442;355356000000
04339471;356565600000
04352836;356565600000
04355052;356565600000
04343909;357516000000
04366254;357516000000
04442180;358120800000
04373933;358725600000
04403001;358984800000
04362535;360885600000
04446657;360885600000
04352773;361058400000
04352787;362008800000
04375517;362700000000
04370148;363477600000
04411672;364514400000
04504284;364773600000
04378233;364773600000
04373934;365810400000
04378975;366415200000
04437800;368056800000
04477285;368056800000
04381931;370044000000
04374651;370479600000
04404003;372034800000
04428755;372380400000
04417906;372380400000
04534934;372380400000
04353714;372898800000
04388085;373590000000
04481016;375922800000
04460382;377305200000
04544517;377305200000
04465650;377305200000
04497639;377305200000
04698070;377305200000
04448591;377305200000
04440745;377391600000
04435189;379897200000
04389465;382748400000
04412980;383439600000
04433979;383785200000
04440573;388360800000
04426366;388792800000
04421525;390693600000
04421528;390693600000
04425141;390693600000
04424066;390693600000
04426209;390693600000
04440547;390693600000
04416670;390693600000
04431431;390693600000
04406670;390693600000
04406668;390693600000
04406669;390693600000
04406667;390693600000
04409004;390693600000
04409003;390693600000
04531595;391384800000
04462188;393458400000
04401443;394063200000
04518452;394236000000
04500325;395532000000
04588420;396136800000
04481126;396482400000
04514192;396568800000
04456500;396655200000
04439895;397087200000
04437865;399247200000
04407968;399247200000
04444570;399506400000
04482469;399852000000
04486200;400370400000
04396403;400716000000
04459779;400975200000
04465548;401666400000
04504283;402188400000
04521222;402188400000
04433980;402188400000
04946630;403225200000
04466938;404348400000
04535574;404348400000
04472173;405644400000
04483107;408063600000
04532737;408841200000
04560586;411346800000
04451269;411692400000
04457765;411778800000
04461799;414025200000
04460489;414025200000
04655795;415234800000
04525177;415494000000
04492737;415580400000
04490762;416098800000
04513543;417135600000
04779386;417308400000
04505721;417823200000
04496372;417823200000
04606738;417909600000
04466218;419810400000
04488882;419810400000
04563114;420069600000
04618349;421279200000
04518397;421970400000
04539017;422056800000
04474585;423180000000
04491457;423439200000
04497228;424994400000
04629373;425080800000
04505720;425685600000
04541842;426722400000
04490158;427068000000
04522633;428709600000
04491478;429228000000
04548617;429487200000
04537604;431128800000
04475926;431301600000
04515746;431647200000
04512946;431647200000
04465733;433029600000
04575396;433029600000
04518659;433116000000
04469489;433378800000
04441894;433378800000
04449989;433378800000
04457767;433638000000
04525179;434934000000
04682988;435884400000
04475981;436143600000
04592141;436402800000
04511373;437612400000
04606154;437958000000
04561810;440031600000
04550482;440895600000
04547998;441414000000
04534773;441500400000
04578087;442537200000
04526875;442796400000
04541843;443401200000
04501786;443833200000
04556403;444351600000
04478610;444870000000
04543343;446770800000
04554765;447894000000
04478609;448498800000
04544377;449445600000
04494964;449964000000
04557244;450655200000
04526589;450655200000
04525178;450914400000
04609633;451260000000
04626464;451692000000
04574003;452383200000
04539018;452728800000
04519811;454197600000
04555250;454629600000
04575384;454802400000
04576612;454888800000
04547204;455320800000
04572722;456616800000
04581042;456703200000
04690692;456703200000
04543106;456962400000
04610698;456962400000
04527998;456962400000
04561863;457048800000
04728552;457912800000
04539141;458517600000
04655847;458863200000
04601755;459986400000
04523930;460591200000
04543107;460764000000
04585648;460764000000
04867760;461541600000
04977910;464220000000
04848984;464479200000
04605343;464479200000
04536195;465433200000
04623364;466988400000
04647546;467938800000
04692365;467938800000
04800685;467938800000
04621031;469407600000
04544376;470530800000
04615151;471135600000
04609381;471740400000
04650498;471826800000
04643741;471826800000
04610699;473554800000
04537914;473641200000
04549374;474505200000
04579564;474850800000
04778486;476319600000
04810447;476319600000
04609382;476578800000
04588419;476665200000
04609380;476924400000
04642126;476924400000
04650776;477702000000
04598053;478306800000
04553982;478825200000
04568363;479084400000
04661180;480553200000
04666467;481240800000
04695294;482018400000
04666466;482364000000
04640693;482364000000
04604106;483573600000
04746563;483832800000
04865668;485042400000
04634453;485388000000
04797241;485388000000
04585464;485388000000
04588421;485388000000
04659341;485647200000
04607017;488066400000
04629473;488584800000
04605634;488671200000
04636481;489189600000
04682987;490226400000
04643983;490917600000
04591363;491608800000
04652274;492213600000
04652275;492213600000
04670025;492300000000
04581287;492386400000
04613345;492645600000
04663223;492904800000
04741743;493250400000
04731125;493423200000
04681600;495669600000
04670024;496274400000
04666465;496882800000
04654051;496969200000
04643740;498178800000
04671021;498697200000
04715940;498870000000
04745022;498870000000
04713286;499561200000
04657563;499561200000
04653236;500684400000
04664679;501721200000
04804488;501807600000
04690693;502585200000
04686080;502930800000
04631072;502930800000
04710425;503622000000
04770671;504745200000
04645561;505350000000
04828584;505609200000
04673414;507337200000
04795496;507337200000
04743274;507423600000
04668248;507510000000
04740423;507855600000
04696697;508114800000
04662897;508460400000
04694918;508633200000
04690691;509065200000
04662896;509151600000
04750915;509238000000
04702649;509842800000
04788166;509929200000
04672778;510447600000
04693840;510447600000
04697653;510534000000
04652276;510793200000
04674236;510879600000
04644703;510966000000
04743508;511398000000
04655794;511657200000
04927432;512089200000
04764448;512776800000
04734104;513813600000
04652277;514764000000
04685937;515023200000
06447896;515628000000
04729440;516837600000
04705566;517010400000
04753854;517788000000
04775393;517788000000
04874398;519516000000
04720941;519861600000
04755191;521157600000
04689242;522280800000
04786325;522280800000
04776861;522453600000
04705123;522972000000
04867758;523749600000
04751138;524095200000
04737162;524181600000
04705124;525045600000
04696130;525564000000
04777155;526860000000
04729771;527896800000
04751797;528069600000
04738689;529801200000
04737163;530146800000
04759774;530406000000
04770672;530492400000
04883778;531010800000
04711644;531356400000
04762533;532652400000
04788167;532825200000
04762534;533343600000
04793828;534034800000
04795480;534553200000
05092082;534553200000
04751016;535158000000
04802828;536194800000
04744802;536972400000
04702970;538095600000
04701384;538095600000
04832708;538873200000
04789650;538873200000
04772339;539391600000
04906185;540514800000
04743571;541292400000
04773920;543020400000
04799939;543106800000
04735632;544312800000
04729770;544658400000
04767644;545868000000
04736548;546732000000
04789385;547077600000
04797138;547682400000
04798026;548028000000
04786292;548028000000
04852999;549151200000
04750914;550706400000
05057152;551484000000
04942697;551570400000
04758290;551916000000
04808557;552002400000
04802895;552607200000
04776863;552780000000
04920704;553989600000
04805586;554594400000
05035771;554594400000
04769046;555112800000
04839315;556149600000
04826508;558223200000
04783933;558568800000
04761163;558568800000
04799938;559260000000
04908996;559260000000
04875907;559346400000
04769073;559782000000
04881950;560386800000
04770673;560732400000
04770907;561423600000
04765801;561769200000
04931069;562546800000
04799473;563151600000
04850156;563410800000
04913840;564274800000
04848041;564620400000
04821461;564620400000
04853000;564793200000
04772294;565398000000
04802896;565916400000
04776862;565916400000
04842619;566175600000
04871376;566434800000
04797139;566607600000
04867759;566780400000
04959929;567212400000
04836307;567730800000
04919901;567903600000
04838899;570063600000
04871377;570841200000
04828582;570841200000
05032147;571273200000
04866885;571273200000
04852998;571273200000
04807402;571618800000
04828583;572137200000
04899922;572482800000
04863490;572482800000
04850523;572482800000
04789277;572569200000
04784671;573433200000
04811801;574470000000
04867761;574642800000
04836832;576194400000
04813976;576367200000
04855264;577058400000
04817341;578008800000
04881951;578527200000
04832706;578786400000
04960441;579132000000
04826509;579132000000
04832707;579996000000
04832705;581292000000
04849381;581292000000
04861349;581551200000
04842618;581637600000
04913247;581810400000
04956238;581810400000
04824442;582242400000
04900409;582328800000
04907377;582415200000
04910924;583020000000
04902652;584316000000
04941891;584748000000
04941892;584748000000
04877420;584834400000
04904280;585180000000
05151107;586130400000
04916869;586389600000
05078754;586389600000
04882878;586735200000
04918874;586735200000
04988369;587080800000
04868069;587253600000
04861350;587858400000
04876227;588376800000
04898597;588463200000
04931068;588808800000
04931102;589068000000
04927431;589672800000
04944773;589759200000
04867757;589759200000
04991362;590104800000
04883501;590623200000
04929256;590623200000
04948388;591318000000
05100045;591836400000
04932166;591836400000
05395407;591922800000
05015266;592182000000
04883502;592527600000
04938784;592527600000
04972637;592527600000
05011508;592786800000
04866886;593650800000
04883500;593737200000
04898598;593910000000
04960735;594514800000
04965231;594514800000
04959331;594514800000
04959332;594514800000
04954138;594860400000
05024680;594860400000
05038500;594946800000
04925458;595465200000
05010043;595551600000
04956315;595638000000
05002828;595638000000
05030276;595810800000
04913708;595810800000
04943488;595810800000
04950557;596070000000
05151109;596070000000
04903440;596242800000
05143522;596761200000
05009673;596847600000
04944772;596847600000
05041173;597020400000
05110574;597452400000
05124143;597452400000
04964883;597884400000
05007207;597970800000
04852789;598143600000
04923490;598230000000
04961807;598489200000
04906255;600390000000
04919974;600562800000
04907665;600649200000
04956015;601081200000
04954140;601513200000
04954141;601686000000
04925457;602118000000
04977710;602290800000
04950346;603414000000
04908046;603414000000
04974373;604623600000
04919689;604623600000
04954142;605228400000
04947945;605487600000
05109638;605746800000
04960442;605833200000
04964884;605833200000
04902305;605919600000
04915710;606006000000
04945686;606351600000
04944774;606952800000
04929257;607212000000
04954139;607298400000
04949511;607557600000
04880755;607557600000
04995887;607644000000
04964209;607730400000
04968327;607816800000
04966609;607903200000
04922675;608421600000
04935039;608508000000
04957886;609112800000
05035723;609717600000
05009676;609717600000
05103598;609717600000
05066335;610063200000
04911254;610149600000
05075181;610322400000
05014468;610322400000
04936875;611359200000
05527368;611359200000
04930266;611532000000
04910171;611877600000
05045092;612136800000
04951427;612482400000
05011513;612568800000
05059564;613000800000
05009675;613260000000
05015265;613778400000
04952240;613864800000
05095665;613951200000
05028242;614383200000
04988554;614556000000
04987800;614815200000
04973338;615074400000
04906528;615765600000
05011514;616111200000
05061292;616284000000
04997460;616370400000
05105586;616975200000
05000760;616975200000
04945687;617320800000
05011511;617407200000
04988370;617493600000
05079877;617580000000
05011509;618444000000
05011515;618444000000
04985050;619135200000
04951888;619912800000
05066312;619999200000
05030250;620431200000
05037451;620431200000
04945073;620604000000
04966055;621036000000
05054246;621122400000
04997461;621468000000
05037453;621640800000
05034022;622159200000
05011510;622332000000
04971602;622767600000
05025873;623026800000
04968326;623977200000
05022894;624150000000
05015290;624150000000
05055113;624236400000
05022895;624668400000
05275633;625100400000
05090969;625100400000
05057124;625100400000
05053369;625273200000
04961757;625359600000
05104423;625446000000
04991359;625705200000
05023212;625791600000
05106674;625791600000
05026960;625791600000
05009674;625964400000
05007943;626050800000
04985051;626914800000
04956318;627519600000
05062865;627692400000
05383945;628297200000
05030596;628470000000
05013330;628729200000
05026404;628988400000
05096465;629506800000
04992082;629593200000
05181939;630111600000
05068148;630198000000
05116392;630716400000
05092910;630716400000
05009705;630802800000
05225275;631407600000
05049164;631494000000
04984940;631753200000
04947591;631839600000
05094672;632444400000
04962618;632703600000
05225177;632703600000
05049165;632962800000
05026405;632962800000
05011512;633222000000
05133782;633308400000
05155945;633567600000
05129197;633567600000
05131924;633913200000
05039203;634431600000
05110321;634863600000
05110320;634863600000
05002218;635036400000
05000761;635468400000
05084071;635727600000
05084326;635727600000
05049166;636073200000
05039311;636332400000
05028451;636332400000
05064445;636591600000
05067969;636937200000
05042991;637196400000
05030299;637369200000
05100581;637887600000
05141527;638146800000
05108966;638146800000
05051112;638575200000
05397370;639352800000
05110322;639612000000
05137544;639698400000
05066553;639698400000
05123933;639957600000
05111895;640216800000
05074623;640908000000
05085671;641599200000
05129919;641599200000
05194072;641599200000
05185012;641599200000
05118326;641772000000
05035724;642204000000
05061293;642636000000
05106393;642722400000
05097637;642808800000
05123958;643586400000
05104424;644450400000
05104420;644450400000
05090970;644450400000
05131923;645055200000
05096464;645141600000
05094671;645228000000
05095885;645400800000
05139536;646869600000
05196037;646869600000
05076815;646956000000
05089032;647128800000
05106391;647215200000
05002439;647560800000
05145739;647733600000
05162147;647820000000
05104422;647820000000
05152809;648079200000
05219806;648079200000
05108463;648079200000
05058562;648424800000
05126207;648424800000
05024976;648684000000
05174795;648943200000
05135546;650152800000
05161335;650584800000
05176720;650671200000
05102429;651708000000
05233794;651967200000
05123934;652399200000
05273557;652399200000
05177910;653263200000
05250367;653522400000
05061294;654127200000
05096466;654213600000
05215551;654735600000
05106394;654735600000
05127923;654908400000
05137542;655426800000
05078753;655426800000
05124184;655599600000
05141901;656031600000
05076023;656204400000
05061295;656550000000
05133783;656895600000
05114438;657154800000
05104421;658537200000
05079875;659314800000
05137540;660265200000
05035725;660265200000
05100506;660265200000
05120455;660351600000
05123935;660524400000
05186725;660783600000
05147416;660783600000
05037452;661647600000
05106792;661647600000
05227229;661647600000
05175965;661993200000
05079878;663202800000
05090968;663289200000
05313742;663548400000
05196385;663807600000
05210982;664498800000
05181938;665622000000
05045091;665708400000
05152917;665794800000
05107626;665794800000
05190567;666226800000
05098449;666918000000
05120328;666918000000
05236472;667177200000
05213731;667177200000
05134032;667436400000
05094670;667522800000
05227104;667522800000
05119714;667782000000
05185184;667782000000
05173090;667782000000
05120327;668127600000
05366579;668300400000
05230873;668646000000
05106392;668905200000
05211726;668905200000
05131926;668991600000
05137541;669250800000
05170593;669250800000
05178849;669596400000
05135545;669596400000
05137543;669942000000
05100845;670374000000
05139372;670456800000
05151108;670629600000
05162856;671839200000
05139571;672444000000
05137398;672530400000
05127197;672530400000
05256227;673740000000
05163976;674085600000
05411923;674258400000
05160547;674431200000
05177037;674776800000
05178643;674776800000
05254141;674863200000
05160509;674863200000
05641469;675381600000
05188489;675640800000
05173091;675986400000
05106791;676504800000
05129189;676591200000
05139537;676764000000
05161627;676850400000
05152810;677282400000
05266389;677973600000
05110770;678060000000
05127924;678319200000
05167673;679615200000
05209760;679788000000
05149338;680133600000
05247765;680220000000
05201923;680392800000
05194071;680392800000
05188643;680997600000
05114891;681429600000
05106788;681429600000
05190568;681516000000
05125933;681602400000
05203883;681948000000
05203886;681948000000
05211725;681948000000
05166103;682034400000
05330853;682552800000
05254194;682725600000
05188869;682898400000
05114437;683244000000
05266122;683330400000
05203881;683416800000
05232318;683416800000
05266388;683416800000
05228886;683503200000
05211727;684108000000
05133332;684367200000
05178647;685231200000
05143523;685317600000
05248317;685836000000
05197999;686185200000
05201917;686271600000
05178645;686790000000
05273547;686790000000
05209613;686790000000
05261924;686790000000
05248318;686962800000
05266236;686962800000
05264283;687135600000
05129918;687481200000
05186724;687481200000
05171332;687481200000
05139539;688086000000
05304225;688345200000
05221291;688950000000
05183479;688950000000
05194073;689554800000
05223337;690678000000
05139538;690764400000
05164348;691196400000
05112406;691714800000
05334019;691974000000
05235879;691974000000
05310596;693010800000
05316559;693010800000
05316812;693183600000
05243811;693442800000
05336280;694393200000
05203885;694825200000
05648139;695084400000
05219462;695257200000
05437754;695257200000
05449388;695516400000
05208102;695602800000
05254142;695948400000
05256170;696034800000
05178644;696121200000
05160508;696207600000
05203882;696466800000
05239784;696466800000
05308438;696726000000
05246624;696726000000
05257478;696812400000
05163975;696812400000
05454750;697244400000
05279901;697244400000
05213589;697417200000
05286549;698367600000
05269821;698540400000
05302564;698540400000
05215552;699058800000
05221293;699058800000
05281260;699231600000
05234470;699231600000
05193311;699577200000
05192339;699836400000
05238334;699836400000
05366800;700095600000
05199227;700354800000
05226930;700700400000
05282900;700959600000
05173089;701046000000
05230718;701305200000
05232469;701478000000
05250086;701478000000
05346517;701478000000
05232470;701906400000
05238467;701906400000
05492548;701992800000
05264297;702079200000
05231060;702597600000
05317886;702770400000
05167674;703116000000
05224969;703116000000
05213592;703116000000
05213588;703202400000
05261930;704066400000
05221294;704325600000
05264010;704325600000
05219463;704930400000
05232468;704930400000
05224970;704930400000
05221295;705535200000
05226929;705880800000
05266087;706917600000
05271964;707004000000
05318605;707522400000
05203884;707608800000
05178646;707608800000
05298285;708127200000
05304342;708213600000
05197998;708559200000
05236471;708732000000
05286478;708904800000
05273558;709941600000
05224968;710460000000
05310455;710719200000
05318836;710719200000
05328761;711064800000
05337844;711237600000
05279191;711237600000
05194070;711669600000
05201916;711842400000
05366523;711842400000
05203880;711928800000
05296085;712188000000
05250084;712274400000
05213591;712274400000
06500488;712879200000
05266304;713397600000
05328716;713484000000
05295332;713743200000
05230833;714175200000
05344688;714175200000
05308367;714261600000
05363604;714348000000
05269874;714780000000
05213590;714952800000
05244477;715557600000
05264011;715903200000
05286541;716076000000
05271547;716508000000
05965253;716767200000
05226955;716767200000
05358741;717199200000
05266088;717199200000
05314513;717634800000
05355636;717894000000
05304224;717894000000
05221296;718412400000
05334335;719449200000
05269820;719535600000
05372873;719708400000
05338523;720054000000
05326380;720054000000
05439492;720226800000
05271749;720745200000
05366522;720745200000
05368618;720745200000
05318603;720745200000
05328875;721522800000
05413869;721609200000
05312789;721868400000
05288297;722041200000
05318604;722041200000
05304226;722041200000
05256603;722127600000
05367068;722646000000
05374471;722818800000
05466269;723078000000
05370716;723078000000
05320988;723164400000
05366542;723682800000
05306320;723769200000
05281244;724546800000
05273559;724546800000
05304331;724546800000
05336282;724892400000
05342419;725756400000
05296008;726188400000
05398455;726966000000
05250085;727052400000
05382273;727052400000
05300129;727398000000
05308403;727570800000
05308404;727570800000
05332447;727570800000
05316587;727570800000
05344494;727570800000
05273566;728002800000
05318840;728089200000
05449389;728175600000
05312540;728262000000
05356543;728262000000
05418049;728780400000
05364422;729212400000
05514192;729212400000
05351772;729298800000
05286684;729298800000
05259147;729990000000
05439499;730681200000
05336279;730681200000
05343656;730940400000
05456736;731286000000
05277702;731545200000
05304223;731545200000
05288554;731631600000
05306318;732322800000
05616411;732495600000
05322531;732754800000
05443418;733356000000
05346119;733528800000
05437700;733701600000
05282875;734220000000
05314514;734220000000
05431239;734220000000
05370718;734738400000
05441549;735170400000
05403795;735170400000
05366526;735343200000
05344472;735775200000
05318927;736034400000
05453329;736120800000
05612020;736380000000
05387457;736552800000
05403652;736639200000
05364423;736639200000
05427987;736984800000
05326381;736984800000
05326382;737157600000
05306319;737157600000
05305560;737244000000
05401560;737589600000
05352254;737848800000
05427595;737935200000
05578099;738194400000
05380390;738280800000
05460883;738280800000
05374293;738367200000
05299471;738453600000
05436071;739490400000
05322532;739663200000
05387268;740181600000
05366525;740613600000
05409415;741304800000
05435815;741304800000
05549962;741391200000
06120878;743205600000
05300130;743637600000
05352277;743637600000
05360462;743896800000
05401284;743983200000
05460635;743983200000
05439493;744328800000
05453105;744501600000
05370717;744588000000
05380688;744847200000
05314512;744933600000
05379854;745538400000
05367734;746402400000
05397369;746402400000
05429545;746661600000
05378252;747007200000
05432137;747007200000
05382272;747007200000
05322735;747352800000
05378251;747871200000
05489235;747871200000
05355637;747957600000
05389119;748044000000
05346516;748130400000
05379853;748476000000
05589194;748476000000
05429648;748735200000
05516588;748821600000
05385591;749257200000
05543176;749343600000
05401424;749689200000
05462570;749775600000
05456628;749862000000
05359745;750380400000
05443604;750466800000
05348920;750553200000
05401283;750553200000
05387447;750985200000
05407615;750985200000
05431704;751503600000
05453312;751849200000
05454844;751849200000
05565010;752194800000
05372979;752281200000
05445887;752281200000
05340370;752281200000
05439527;752367600000
05505749;752713200000
05366524;753058800000
05370719;753404400000
05389118;753490800000
05326731;753577200000
05453104;754095600000
05355750;754527600000
05487625;754614000000
05411773;754786800000
05372620;755737200000
05391210;755996400000
05409645;756342000000
05472376;756514800000
05409868;756601200000
05435816;757206000000
05503913;757206000000
05368619;757724400000
05443603;758242800000
05418197;758329200000
05420083;758329200000
05505747;758415600000
05429647;758415600000
05492550;758934000000
05472461;759106800000
05336281;760230000000
05338323;760230000000
05376157;760230000000
05417726;760230000000
05380347;760230000000
05472459;760230000000
06123743;760316400000
05376444;761266800000
05458211;761353200000
05637030;761439600000
05618625;761785200000
05512071;762130800000
05645476;762130800000
05424133;762649200000
05509803;762735600000
05474583;763340400000
05427854;763599600000
05525420;763599600000
05462568;763599600000
05669942;763772400000
05498268;763772400000
05456735;764463600000
05415674;764463600000
05489233;765756000000
05531799;767484000000
05431705;767916000000
05498480;768088800000
05565156;768088800000
05456734;768175200000
05516400;768434400000
05489318;768520800000
05516346;768780000000
05529590;769298400000
05449647;769298400000
05432132;769816800000
05470362;769903200000
05505748;769989600000
05468268;769989600000
05518512;770421600000
05443605;770421600000
05470368;770421600000
05549980;771199200000
05527370;771804000000
05520712;772063200000
05545490;772149600000
05505750;772236000000
05543210;772408800000
05501715;772408800000
05476606;772668000000
05490878;772927200000
05589232;773013600000
05578362;773964000000
05439740;774136800000
05573561;774655200000
05584898;774828000000
05735729;775260000000
05523158;775432800000
05472370;775432800000
05541144;775432800000
05752829;775692000000
05484581;775951200000
05500248;775951200000
05536485;776556000000
05595578;776556000000
05573448;777160800000
05595804;777506400000
05551959;777679200000
05496638;778111200000
05591239;778197600000
05535469;778284000000
05465314;778370400000
05647879;778370400000
05711840;778456800000
05529589;778456800000
05480476;778802400000
05486219;778802400000
05576093;778888800000
05575825;779493600000
05611825;779580000000
05567503;779925600000
05556438;780098400000
05633084;780357600000
05603920;780534000000
05567522;781311600000
05527423;781398000000
05453106;781916400000
05651729;782175600000
05544713;782348400000
05674122;783212400000
05536282;784249200000
05593467;784594800000
05603738;784854000000
05527369;785026800000
05578095;785372400000
05643343;785545200000
05681651;785890800000
05626909;786754800000
05443906;786841200000
05503648;786927600000
05554068;787273200000
05585175;787878000000
05580634;787878000000
05685769;787964400000
05573560;788050800000
05679445;788137200000
05624756;788223600000
05766782;788655600000
05573844;789346800000
05637386;789692400000
05525134;789865200000
05616386;789865200000
05496385;790470000000
05509971;791161200000
05589268;791593200000
05505751;791679600000
05595579;791766000000
05597625;792370800000
05639551;792370800000
05562745;792370800000
05571317;792716400000
05632789;792889200000
05637123;793148400000
05660881;793321200000
05584897;793407600000
06063149;793580400000
05656564;795394800000
05584896;795481200000
05542961;796341600000
05516347;797032800000
05582672;797896800000
05491028;798156000000
05643523;798156000000
05679067;799020000000
05651958;799365600000
05589160;799365600000
05658553;799365600000
05614177;799452000000
05614176;799452000000
05616316;799452000000
05567214;799452000000
05626512;799538400000
05711698;799624800000
05580653;800316000000
05491025;800488800000
05507850;800488800000
05639285;800488800000
05520711;800488800000
05549961;800488800000
05564511;800488800000
05551960;800488800000
05697994;800488800000
05571615;800575200000
05525135;800661600000
05654078;800748000000
05770145;800834400000
05500273;800834400000
05632790;801007200000
05607488;801007200000
05598621;801093600000
05478634;801180000000
05588975;801352800000
05536283;801352800000
05547479;801439200000
05498269;801439200000
05516348;801439200000
05643055;801525600000
05518794;801957600000
05582625;801957600000
05571296;801957600000
05571297;802389600000
05560753;802389600000
05496386;802389600000
05578343;802476000000
05656045;802476000000
05551961;802476000000
05551964;802476000000
05840435;802476000000
05791330;802476000000
05603739;802648800000
05560754;802994400000
05622535;803167200000
05590727;803253600000
05643497;803340000000
05622233;803426400000
05633087;804549600000
05566779;804722400000
05861210;804895200000
05767016;805068000000
05496387;805932000000
05593468;806709600000
05624472;807055200000
05882777;807228000000
05658360;807314400000
05669940;807919200000
05578096;808005600000
05674620;808092000000
05549719;808524000000
05556437;808524000000
05630479;808610400000
05649984;808610400000
05605760;808956000000
05641921;809042400000
05685935;809215200000
05679058;809474400000
05637388;809560800000
05578097;809560800000
05609286;809560800000
05645617;810338400000
05804522;810511200000
05763087;810770400000
05672097;810943200000
05912217;811116000000
05756217;811116000000
05700551;811202400000
05697359;811202400000
05643068;812156400000
05693239;813279600000
05624068;813366000000
05567526;813366000000
05633068;813625200000
05702811;814143600000
05667842;814748400000
05624652;814834800000
05868953;815094000000
05660936;815180400000
05551963;815612400000
05928771;815871600000
05651801;816130800000
05616155;816130800000
05645618;816130800000
05669944;816217200000
05565011;816303600000
05702808;816390000000
05552225;816562800000
05626639;816735600000
05693408;816908400000
05584045;816994800000
05628806;816994800000
05611828;817513200000
05641330;817513200000
05648119;817686000000
05690706;818204400000
05578098;818204400000
05766394;818204400000
05820985;818290800000
05879823;818722800000
05855996;818722800000
05628862;819068400000
05707492;819241200000
05580647;819414000000
05700383;819500400000
05776593;819500400000
05676714;819586800000
05690707;819673200000
05672382;819673200000
05755299;820018800000
05652045;820105200000
05669941;820796400000
05681361;821314800000
05776355;821314800000
05667540;821487600000
05672186;821487600000
05624303;822265200000
05551962;822351600000
05662720;822610800000
05653775;822610800000
05731079;823042800000
05715899;823215600000
05665127;823561200000
05643669;823734000000
06106585;824252400000
05855997;824252400000
05634982;824425200000
05700569;824511600000
05681612;824943600000
05609657;824943600000
05769689;825462000000
05697992;825548400000
05611826;825634800000
05833021;826585200000
05729823;826758000000
06333098;826758000000
05700302;826844400000
05862873;826844400000
05750247;826844400000
05639283;827535600000
05702800;828140400000
05711772;828309600000
05762660;828482400000
05948541;828568800000
05976716;828568800000
05620489;828914400000
05584146;829087200000
05658194;829260000000
05626640;829346400000
05736601;830296800000
05672185;830556000000
05738698;830815200000
06030599;831074400000
05667542;831506400000
05713968;832197600000
05681362;832629600000
05676496;832716000000
05660604;833148000000
05667567;833493600000
05871850;833752800000
05993686;834012000000
05669943;834098400000
05871392;834616800000
05643406;834616800000
05611829;835221600000
05645619;835221600000
05895616;835308000000
05854311;835567200000
05834109;835653600000
05780619;835740000000
05728184;835740000000
05607489;835912800000
05690705;836085600000
05628952;836085600000
05902671;836344800000
05863640;836344800000
05776290;836344800000
05851658;836517600000
05840141;837122400000
05885149;837381600000
06193771;837468000000
05609656;837554400000
05624471;837986400000
05738696;838332000000
05738697;838332000000
05679119;838677600000
05647878;839109600000
05846269;839368800000
05692950;839455200000
05800895;839541600000
05635256;839714400000
05669945;839800800000
05707409;840060000000
05824123;840060000000
05704952;840146400000
06245443;841183200000
05786069;841183200000
05697991;841269600000
05695533;841960800000
05865902;842306400000
05928760;842997600000
05776214;842997600000
05779743;842997600000
05766277;843170400000
05783489;843516000000
05817585;843516000000
05766279;843602400000
05976707;843688800000
05639284;843861600000
05718736;844207200000
05916412;844812000000
05711774;844812000000
05955186;845330400000
05756409;845848800000
05788900;845935200000
05928773;846457200000
05935665;846543600000
05700303;846716400000
05766742;846716400000
05697993;846802800000
05611827;846889200000
05904159;847407600000
05889219;847753200000
05868604;847753200000
05792544;847753200000
05701578;848444400000
05785579;848444400000
05830248;848530800000
05667541;848617200000
05733825;849049200000
05919549;849049200000
RE039999;849222000000
RE039884;849222000000
05976205;849481200000
05849052;850086000000
05821184;850172400000
05804095;850345200000
06287682;850431600000
05702492;850690800000
05856626;851036400000
06299521;851382000000
05713969;851641200000
05759917;851900400000
05691260;851900400000
05607264;851900400000
05855869;851986800000
05840088;852678000000
06206942;852764400000
05902360;852764400000
05893935;852764400000
05868885;852850800000
06017265;853110000000
05759216;853455600000
05830813;853887600000
05730764;854060400000
05876490;854060400000
05985427;854060400000
05816902;854492400000
05783303;854665200000
05738695;855183600000
05856254;855788400000
06733577;856220400000
05738940;856220400000
05984989;856479600000
05782940;856825200000
05910471;857689200000
06106754;857948400000
05921330;858121200000
05756398;858553200000
05861055;858812400000
05725617;858898800000
05876845;859158000000
05934900;859158000000
05711773;859244400000
05916855;859330800000
06039641;860104800000
05801110;860364000000
05980775;860450400000
05814113;860450400000
05879222;860536800000
05888258;861314400000
05976204;861919200000
05897675;861919200000
05752996;862437600000
05944127;862783200000
05891206;863042400000
05827337;863042400000
06010777;863560800000
05922091;863733600000
05908350;864165600000
05853268;864252000000
05891204;864338400000
05928070;864943200000
05885311;865461600000
05855633;865548000000
05858140;865548000000
05865620;866066400000
05958569;866412000000
05885312;866498400000
05908477;867103200000
05914181;867621600000
06013117;867621600000
05972495;867794400000
05849646;868226400000
05770103;868312800000
RE040026;868312800000
05935278;868399200000
05863306;868831200000
05875862;868831200000
06024824;869090400000
05948523;869090400000
05800577;869090400000
05785784;869608800000
05981057;869695200000
05962343;869695200000
06013222;869781600000
06165239;870040800000
05840089;870127200000
05880382;870300000000
05876470;870386400000
05782939;870991200000
05975988;871250400000
05925154;871509600000
05891205;871509600000
05868806;871509600000
05934978;871596000000
06099604;872114400000
05785722;872200800000
06152976;872632800000
RE039998;872632800000
06170917;872632800000
05804513;872805600000
05932508;873237600000
06176888;873237600000
05945207;873410400000
05833724;873928800000
05840090;874274400000
05914299;874620000000
06121143;874620000000
05858037;874965600000
05851247;875052000000
06171351;875138400000
06736714;875570400000
05932040;875656800000
05961674;875743200000
05908476;875829600000
06063148;876088800000
06087025;876175200000
06027554;876780000000
06126533;877039200000
06001730;877298400000
05897375;877298400000
05928394;878166000000
05863308;878252400000
06290735;878252400000
06083622;878252400000
06033768;878511600000
06007592;878511600000
05912216;878684400000
06149696;878770800000
06003505;879116400000
05849051;879289200000
05863305;879289200000
06017831;879289200000
06007590;879289200000
06033449;879721200000
06010546;879721200000
06096377;879894000000
05981049;879980400000
06042463;879980400000
05871555;880326000000
06110240;880412400000
06001470;880498800000
05895509;880930800000
05942015;881622000000
05968213;881708400000
06086980;882399600000
06090476;882399600000
06689692;882486000000
05954844;882745200000
05855632;882745200000
05981078;883436400000
06420269;883436400000
06019806;884214000000
06036579;884559600000
06138779;884905200000
06007591;885769200000
05877089;885855600000
05976206;886114800000
06004362;886374000000
06080215;886546800000
06007909;886978800000
06022264;887065200000
06025076;887670000000
05989301;887756400000
06719818;888274800000
05997597;888274800000
06004363;888361200000
05951724;888447600000
06012971;889743600000
06120570;889743600000
06029760;890089200000
06432828;890175600000
06117783;890607600000
06062967;890607600000
06099394;890953200000
06022268;891554400000
05846270;891813600000
06086648;891900000000
05980597;892072800000
06139594;892418400000
06103357;892591200000
06123612;892591200000
06120571;892677600000
05984988;892764000000
06042886;892764000000
06322600;893196000000
06080216;893196000000
06228134;893196000000
06172025;893282400000
06039631;893368800000
06007639;893368800000
06042462;893800800000
06042627;893800800000
06019805;893973600000
06228133;893973600000
06251149;894578400000
06037260;894924000000
06071601;894924000000
06045605;895096800000
05863307;895442400000
06022400;895528800000
06053956;895528800000
06217432;895528800000
05971087;895615200000
06726990;896220000000
06210257;896392800000
06077596;897343200000
06287352;897948000000
06132482;898207200000
06533832;898812000000
06261682;899157600000
05908478;899330400000
06471734;899935200000
06059850;900453600000
06066188;900540000000
06299658;901144800000
05972817;902095200000
06083290;902181600000
06299508;902268000000
06183346;902268000000
05938801;903564000000
06432549;904168800000
06200671;904600800000
06177178;904600800000
06207262;904687200000
06492011;904687200000
06231629;904860000000
06007766;905464800000
06465076;905810400000
06149830;905983200000
06117001;906069600000
06015442;906415200000
06095902;906501600000
06120569;906501600000
06270395;906588000000
06972096;907020000000
06423419;907279200000
05994252;907538400000
06039775;907624800000
06187068;907624800000
06083001;908229600000
06148938;908834400000
06159257;908920800000
06056795;909093600000
06231277;909529200000
06051646;909529200000
05968239;909961200000
06193770;910134000000
06210726;910306800000
06206756;910652400000
06060016;910738800000
06203588;910738800000
06284694;911775600000
06140388;911775600000
05989111;911775600000
06139921;911775600000
05997620;912121200000
06152977;912380400000
06077337;912466800000
06183846;912639600000
06333099;913071600000
06117533;913158000000
06066028;913590000000
06048375;913762800000
06066189;913849200000
06110015;913849200000
06312484;914281200000
06238449;914281200000
06672952;914367600000
06099603;914886000000
06165061;915663600000
06238469;915663600000
06187071;916268400000
06197084;916354800000
06248143;917391600000
06224469;918169200000
06290736;918514800000
06179887;919206000000
06354929;919206000000
06447560;919378800000
06187292;919378800000
06254658;919810800000
06076248;919983600000
06235071;919983600000
06475253;919983600000
06146697;920329200000
06179886;920502000000
06056794;920588400000
06214069;920588400000
06149695;920847600000
06126514;920934000000
06171352;921452400000
06214068;922057200000
06168640;922658400000
06752844;922658400000
06120568;922744800000
06277486;922831200000
06197076;923263200000
06284356;923608800000
06200360;923954400000
06190240;924040800000
06221479;924559200000
06302225;924645600000
06300249;924732000000
06395379;924732000000
06458018;924818400000
06030425;925164000000
06347982;925423200000
06162268;925682400000
06312487;925941600000
06375693;926028000000
06248149;926373600000
06336945;926546400000
06143280;926978400000
06217992;927237600000
06514301;927583200000
06228484;927669600000
06251150;927756000000
06202769;927756000000
06394888;927842400000
06284366;928188000000
06399176;928188000000
06123744;928274400000
06193790;928447200000
06224972;928706400000
06099605;928706400000
06099954;928792800000
06234875;928879200000
06312485;929311200000
06554878;929311200000
06270543;930261600000
06187421;930520800000
06231628;930780000000
06372003;931471200000
06254468;931816800000
06221119;931903200000
06193777;932594400000
06258136;932940000000
06273924;933112800000
06375692;933199200000
06176887;933199200000
06309433;933199200000
06322425;933285600000
06302765;933544800000
06268045;933804000000
06110241;933890400000
06221118;934236000000
06261329;934236000000
06238448;934754400000
06299992;935532000000
06190443;936050400000
06325698;936136800000
06387502;936223200000
06309738;936741600000
06286498;937778400000
06155910;937778400000
06482308;937864800000
06214067;937951200000
06197951;938037600000
06416560;938124000000
06258140;938383200000
06187069;938383200000
06280490;938383200000
06287353;938469600000
06277161;938469600000
06270393;938728800000
06652888;938988000000
06306187;939074400000
06258137;939160800000
06398901;939160800000
06241586;939160800000
06203589;939679200000
06093225;940197600000
06328773;940370400000
06733876;940370400000
06273786;940370400000
06447563;940543200000
06347978;940543200000
06196341;940802400000
06435944;940975200000
06280489;941148000000
06333103;941756400000
06319096;942620400000
06453899;943225200000
06530967;943398000000
06623876;943398000000
06315803;944002800000
06334880;944521200000
06235070;944694000000
06361403;945385200000
06217434;945385200000
06258139;945644400000
06375791;945644400000
06293980;945644400000
06447890;945730800000
06402883;946335600000
06375543;946335600000
06348076;946335600000
06096107;946854000000
06187070;947113200000
06302930;947458800000
06338744;947545200000
06313039;947545200000
06284315;947804400000
06350191;947804400000
06409780;947804400000
06454819;948150000000
06746311;948668400000
06447372;948754800000
06337152;948927600000
06315502;948927600000
06463921;949359600000
06210254;949446000000
06333100;949446000000
06572991;949618800000
06355075;950223600000
06261328;950569200000
06214098;950569200000
06779951;950655600000
06386950;950742000000
06328774;951260400000
06352567;951433200000
06410121;951433200000
06599837;951778800000
06337281;952470000000
06454027;952556400000
06383239;952556400000
06740590;953247600000
06428392;953679600000
06258205;953852400000
06250855;953852400000
06364919;954108000000
06340374;954108000000
06406504;954194400000
06478878;954194400000
06372001;954367200000
06338743;954712800000
06422926;954712800000
06354916;954972000000
06332831;954972000000
06656018;955317600000
06561883;955490400000
06881130;956181600000
06364920;956268000000
06841497;956268000000
06238450;956268000000
06464740;956786400000
06409781;957132000000
06258138;957304800000
06372336;957304800000
06413286;957304800000
06402978;957391200000
06299659;957391200000
06391072;957391200000
06383624;957391200000
06413441;957391200000
06264710;957477600000
06277160;957477600000
06290933;957823200000
06432150;958082400000
06395045;958082400000
06319608;958341600000
06358624;958428000000
06325165;958514400000
06382951;958600800000
06375694;958946400000
06610113;958946400000
06372002;959032800000
06478836;959292000000
06338894;959724000000
06383332;959724000000
06589106;959810400000
06866691;960501600000
06547842;960760800000
06258141;960760800000
06447562;960847200000
06443827;960933600000
07122581;960933600000
06503612;960933600000
06443811;961452000000
06454821;961538400000
06447373;961538400000
06780096;961538400000
06312486;962056800000
06261156;962056800000
06413287;962143200000
06398827;962229600000
06319109;962316000000
06452957;962834400000
06579332;962920800000
06447561;963180000000
06755720;963180000000
06447569;963352800000
06248144;963525600000
06440187;963871200000
06454822;963957600000
06666750;963957600000
06589305;963957600000
06669749;963957600000
07384438;963957600000
06592640;963957600000
06607570;963957600000
06451077;963957600000
06582488;963957600000
06346689;963957600000
06583080;963957600000
06361832;964130400000
06527817;964476000000
06929851;964735200000
06485533;964994400000
06641628;965340000000
06443812;965685600000
06471735;965685600000
06855266;965858400000
06575671;965944800000
06554548;965944800000
06383238;965944800000
06440319;966376800000
06652611;966549600000
06403059;966549600000
06419174;966549600000
06432151;966895200000
06607424;966895200000
06447912;967068000000
06439327;967068000000
06562090;967413600000
06736869;967413600000
06423125;967413600000
06602117;967586400000
06592443;967586400000
06342291;967672800000
06528159;967759200000
06309434;968277600000
06343976;968364000000
06521214;968623200000
06527482;968796000000
06477926;968968800000
06485822;969228000000
06629884;969314400000
06749485;969400800000
06488570;969400800000
06213860;969487200000
06471733;969919200000
06506682;969919200000
06840851;970092000000
06676717;970092000000
06770218;970178400000
06722559;970178400000
06488729;970178400000
06383240;970178400000
06860959;970610400000
06551176;970696800000
06461230;971301600000
06398826;971388000000
06638601;971388000000
06521004;971647200000
06562089;971733600000
06461227;971733600000
06402606;971906400000
06520840;971906400000
06364747;972511200000
06568995;972946800000
06706083;973119600000
06805615;973119600000
06551366;973810800000
06500870;974242800000
06632514;974847600000
06346144;975279600000
06375552;975366000000
06497164;975366000000
06737178;975625200000
06409782;975884400000
06479036;975970800000
06540800;976143600000
06436159;976230000000
06379406;976489200000
06872234;976489200000
06428586;976489200000
06402604;976834800000
06353205;976834800000
06478831;976834800000
06953388;977094000000
06485532;977353200000
06500049;977785200000
06450863;977785200000
06325705;977958000000
06482244;977958000000
06478832;977958000000
06875098;978649200000
06440185;978908400000
06800105;978994800000
06750257;979513200000
06450870;979858800000
06478835;980204400000
06617058;980290800000
06544307;980377200000
06596041;980809200000
06454820;980895600000
06679769;981068400000
06666753;981068400000
07029509;981327600000
06494927;981414000000
06702654;981500400000
07169198;981586800000
06527818;981586800000
06416878;981673200000
06572461;982018800000
06863700;982018800000
06705934;982710000000
06669745;982710000000
06517424;982796400000
06821624;982882800000
06541115;983142000000
06565618;983228400000
06875091;983314800000
06758872;983746800000
06530824;984092400000
07083411;984610800000
06500493;984697200000
06605128;985042800000
06582487;985042800000
06689450;985644000000
06627335;985903200000
06565957;985903200000
06511713;986162400000
06568997;986421600000
06478837;986421600000
06733553;987026400000
06702650;987026400000
06569215;987458400000
06568996;987631200000
07258706;988063200000
06676484;988322400000
06571889;988668000000
06413288;988840800000
06488730;989186400000
06555510;989445600000
06478833;989445600000
06551175;989532000000
06514302;989877600000
06616717;989964000000
06726536;990050400000
06559056;990050400000
06632259;990136800000
06626968;990396000000
06641627;990482400000
06645263;990482400000
06857950;990568800000
06569216;990741600000
07001252;991087200000
06575824;991260000000
06551367;991260000000
06524357;991346400000
06569214;991346400000
06783432;991605600000
06656241;992469600000
06908372;992469600000
06610114;992469600000
06783434;992901600000
06451076;993074400000
06458016;993679200000
06547843;994024800000
06561890;994024800000
06586122;994975200000
06860914;996530400000
07033408;996789600000
06428587;996789600000
06918937;997740000000
07029373;997740000000
06716092;997740000000
06440186;997826400000
06692546;997999200000
06616725;998344800000
06679243;998431200000
06620491;998863200000
06623850;998863200000
06645624;999036000000
06544308;999122400000
06939607;999813600000
06425929;1000332000000
06656025;1000936800000
06616718;1001282400000
06893325;1001282400000
06685756;1001282400000
06562091;1001368800000
06638326;1001368800000
06887562;1001541600000
06572666;1001628000000
06533831;1001628000000
06446740;1001628000000
06890591;1001973600000
06387139;1002060000000
06458023;1002232800000
06395044;1002232800000
06790126;1002232800000
06620214;1002232800000
06913633;1002578400000
06802877;1002751200000
07416680;1002837600000
07074247;1003096800000
06875099;1003269600000
06736905;1003442400000
06645264;1003788000000
06706324;1004133600000
06638609;1004310000000
06530826;1004396400000
06811581;1004482800000
06663683;1004569200000
06713172;1004655600000
06905526;1005001200000
06979357;1005001200000
06645051;1005087600000
06645471;1005174000000
06541124;1005606000000
06544306;1005606000000
06475254;1005865200000
06596042;1005865200000
06478834;1006210800000
06530968;1006210800000
06585786;1006210800000
06685755;1006297200000
06585568;1006297200000
07150897;1006470000000
06615499;1006902000000
07122064;1006988400000
06705935;1007074800000
06562092;1007074800000
06986798;1007074800000
06756110;1007074800000
06676718;1007420400000
06692822;1007938800000
06621052;1007938800000
06786801;1008025200000
07037352;1008111600000
06838149;1008198000000
06655478;1008284400000
06527819;1008630000000
06669746;1008716400000
06869676;1008889200000
07175679;1008889200000
06620215;1008889200000
06676719;1008889200000
06613113;1009494000000
06949128;1009494000000
07033682;1009494000000
06846232;1009494000000
07182882;1009926000000
06811580;1010358000000
06612911;1010703600000
06679929;1011135600000
06613114;1011222000000
06743268;1011308400000
06746314;1011654000000
07524346;1011913200000
06949129;1012345200000
06896876;1012431600000
06843816;1012431600000
06852009;1012518000000
06730140;1012777200000
06641631;1012950000000
06500053;1013122800000
06776810;1013382000000
06869668;1013554800000
06699920;1013554800000
06669747;1013727600000
06706082;1014073200000
06500220;1014073200000
06656240;1014159600000
07169322;1014246000000
06749653;1014246000000
06685757;1014246000000
06464741;1014246000000
06821309;1014332400000
06726534;1014850800000
06769975;1014850800000
07235296;1015282800000
06682575;1015282800000
06946009;1015542000000
06676501;1015974000000
06805944;1016665200000
06770358;1017183600000
06855405;1017356400000
07402094;1017871200000
06692547;1017957600000
06959771;1018216800000
06679758;1018476000000
06709317;1018476000000
06568998;1018476000000
06679928;1018562400000
06835220;1018562400000
06773474;1019167200000
06818031;1019599200000
06638328;1019685600000
06860913;1020376800000
06679761;1020636000000
06689178;1020636000000
07037179;1020981600000
06648933;1020981600000
06797023;1021327200000
06620037;1021327200000
06749490;1021500000000
06641463;1021845600000
07404832;1021932000000
06783562;1022018400000
06673430;1022018400000
06494928;1022191200000
06905527;1022191200000
06947243;1022191200000
07364667;1022536800000
06723142;1023228000000
06641630;1023314400000
07700195;1023400800000
06855041;1023487200000
06881475;1023746400000
06962751;1023746400000
06811579;1024005600000
07377943;1024005600000
06596040;1024437600000
07108598;1026079200000
06620036;1026252000000
06521005;1026338400000
06702866;1026338400000
06685918;1026424800000
07169014;1026943200000
06585787;1026943200000
06645265;1027029600000
07021993;1027029600000
06773476;1027375200000
06767658;1027375200000
07153369;1027375200000
06833014;1027634400000
06887336;1027634400000
06857948;1027720800000
06800019;1028066400000
07101819;1028239200000
07563293;1028239200000
07563294;1028239200000
07510585;1028239200000
07147544;1028239200000
07501001;1028239200000
07501000;1028239200000
07507268;1028239200000
06755878;1028239200000
06743269;1028584800000
07465431;1028584800000
06773814;1028671200000
06723143;1028671200000
06814766;1028757600000
06638327;1029189600000
06589304;1029276000000
06620216;1029362400000
06872448;1029448800000
06641629;1029794400000
06673132;1029794400000
06607571;1029880800000
07799420;1029967200000
07004817;1030053600000
06811582;1030485600000
06733874;1030485600000
06660250;1031004000000
06858292;1031263200000
06702867;1031608800000
06773475;1031695200000
06682574;1031781600000
06893477;1031781600000
06743267;1032213600000
06786810;1032818400000
06830598;1032818400000
06818030;1032904800000
06669748;1032991200000
07124753;1033077600000
06705928;1033336800000
06805722;1033423200000
06565619;1033682400000
07718102;1033941600000
06858333;1034114400000
06793569;1034200800000
06818029;1034287200000
06761747;1035410400000
06719819;1035759600000
07150925;1035759600000
06913517;1035759600000
06626967;1035932400000
06873270;1035932400000
06790543;1036623600000
06783442;1036710000000
06863592;1036710000000
06652612;1037055600000
06773473;1037055600000
07029507;1037055600000
06998173;1037142000000
06869595;1037142000000
07008617;1037314800000
06641632;1037574000000
06846340;1037574000000
06967600;1037919600000
07169199;1038178800000
06979713;1038178800000
06811583;1038265200000
07229484;1038351600000
06723144;1038870000000
06758727;1039129200000
07732066;1039302000000
06893476;1039388400000
06746498;1039647600000
07097549;1039734000000
06840971;1040252400000
07255843;1040598000000
06663682;1040598000000
06824447;1040943600000
06953489;1041202800000
06663467;1042153200000
07094479;1042498800000
07087295;1042498800000
06942555;1043017200000
06852020;1043190000000
06866565;1043794800000
06770107;1043881200000
07144639;1043881200000
06860912;1044313200000
06767377;1044399600000
07258707;1044399600000
06846233;1044831600000
07029508;1044918000000
06761746;1045004400000
06776811;1045004400000
06946119;1045177200000
06913634;1045177200000
06830503;1045522800000
07217180;1045609200000
07189032;1045695600000
07179023;1045695600000
06958082;1045782000000
07186654;1045782000000
07138928;1046041200000
06910951;1046041200000
06846341;1046127600000
06916742;1046300400000
07097541;1046300400000
07112235;1046386800000
06887137;1046386800000
06824578;1046905200000
06866921;1046991600000
06893333;1047337200000
06827752;1047423600000
06848973;1047510000000
06875077;1047855600000
07156888;1047942000000
06890632;1047942000000
06884497;1047942000000
06699299;1048114800000
07217466;1048114800000
06780212;1048114800000
07192637;1048201200000
07491252;1048546800000
07033599;1048806000000
06776868;1049234400000
06786944;1050271200000
07112125;1050271200000
06858050;1050357600000
06802878;1050530400000
07044836;1050876000000
07318847;1050962400000
07303600;1051135200000
07367870;1051480800000
06848986;1051653600000
07163735;1052344800000
06901684;1052690400000
07736405;1052690400000
06814775;1052863200000
07267701;1053468000000
07300478;1053554400000
06743078;1054072800000
07048081;1054072800000
07141086;1054591200000
06887288;1054591200000
07010939;1054677600000
06740169;1054677600000
06994615;1054764000000
07090821;1054764000000
07011689;1055196000000
06933049;1055282400000
06998166;1055800800000
07429152;1055800800000
07060345;1055800800000
07025668;1055887200000
07250069;1055887200000
07258933;1056060000000
06887287;1056578400000
07067203;1056664800000
07201784;1056924000000
06861137;1057010400000
07037350;1058133600000
07014669;1058133600000
07192336;1058220000000
07311965;1058824800000
06902591;1058997600000
07261753;1059084000000
07261752;1059084000000
07097677;1059429600000
06899601;1059429600000
07534277;1059516000000
06884499;1060034400000
06890655;1060120800000
07196010;1060639200000
06786945;1060725600000
07198553;1060898400000
07413832;1061244000000
06929669;1061762400000
07579071;1061848800000
07029747;1061935200000
07056602;1062540000000
07083868;1062540000000
06843815;1062626400000
07238618;1063231200000
06869350;1063231200000
06902590;1063749600000
06890244;1063836000000
07040965;1063836000000
06869336;1063836000000
07297171;1063836000000
06969313;1063922400000
07033409;1064181600000
07077723;1064268000000
07300479;1064268000000
07267700;1064268000000
06921422;1064268000000
06951577;1064268000000
07300480;1064440800000
07195817;1064786400000
07052522;1064786400000
07211122;1064786400000
06824579;1064872800000
06814767;1064872800000
06947306;1064872800000
06849099;1064872800000
07087529;1065045600000
06955586;1065132000000
06896710;1065132000000
07255852;1065132000000
07578862;1065391200000
06939211;1065650400000
07153335;1065736800000
07214623;1065996000000
07195658;1066341600000
06984167;1066600800000
06918938;1066687200000
06855413;1066687200000
07431758;1067295600000
07005382;1067382000000
07407525;1067900400000
07344573;1068073200000
07264641;1068418800000
07335239;1069023600000
06903668;1069110000000
06866692;1069282800000
07025796;1069369200000
07192461;1069628400000
06911059;1069801200000
07147682;1070492400000
07303601;1070578800000
07368079;1070924400000
07037351;1071442800000
07553345;1071702000000
07163444;1072134000000
07212900;1072825200000
07097678;1073257200000
06910952;1073602800000
07077880;1074207600000
07179319;1074207600000
06966825;1074207600000
07008312;1074553200000
07153562;1074639600000
07138073;1074812400000
07381231;1075330800000
06932687;1075935600000
06881483;1076454000000
07172807;1076972400000
07086394;1076972400000
07097901;1077145200000
06887289;1077145200000
06971945;1077490800000
07201956;1077750000000
07323049;1078095600000
06935931;1078268400000
06896593;1078268400000
06899598;1078268400000
06954155;1078700400000
07455918;1079046000000
06805955;1079305200000
07001253;1079391600000
06835446;1079564400000
06869349;1080082800000
07306636;1080082800000
07211121;1080597600000
07044990;1080770400000
07465699;1081202400000
07393371;1081807200000
07576022;1081980000000
07226670;1081980000000
07431998;1082671200000
07854777;1082930400000
07422803;1082930400000
07192660;1082930400000
07119039;1083276000000
07435276;1084140000000
07047702;1084226400000
06913843;1084744800000
07320716;1084831200000
07150772;1084831200000
07754168;1085090400000
07303599;1085436000000
07306637;1085608800000
07629280;1086904800000
07794821;1086904800000
07077879;1087336800000
07294048;1087509600000
07150771;1087509600000
07150770;1087509600000
07524569;1088028000000
06919288;1088546400000
07303993;1088632800000
07384871;1088632800000
07060119;1088719200000
07264787;1089583200000
07067191;1090533600000
07125432;1090533600000
07709053;1091052000000
07182798;1091052000000
07332453;1091052000000
07588609;1091138400000
07247179;1092002400000
07303030;1092348000000
06923840;1092693600000
07482303;1092693600000
07703710;1092866400000
07244519;1092952800000
07384436;1093298400000
07404857;1093384800000
07128774;1093471200000
07306638;1093903200000
07204865;1094162400000
07056192;1095112800000
07365101;1095199200000
07754333;1095717600000
07070635;1095976800000
07485162;1096408800000
07131901;1096408800000
06887135;1096408800000
06946010;1096495200000
07708788;1097532000000
07097679;1097791200000
07344988;1098741600000
07135221;1098828000000
07524347;1098914400000
07222555;1099350000000
07081424;1099436400000
06969412;1100041200000
07294158;1100041200000
07195550;1100559600000
07820308;1100646000000
07163644;1100732400000
07291188;1101164400000
07175680;1101164400000
07276301;1101250800000
07686881;1101250800000
07267814;1101250800000
07086935;1101250800000
07749322;1101769200000
07410707;1101942000000
07473287;1102287600000
07285145;1102374000000
07575805;1102546800000
06936083;1102633200000
07169029;1103151600000
07044989;1103497200000
07273665;1103583600000
07368387;1103670000000
07608333;1103670000000
07517589;1103670000000
07134953;1104102000000
07799438;1104188400000
07497884;1104361200000
07258708;1104361200000
07446046;1104966000000
07524785;1105052400000
07182677;1105657200000
07052373;1106089200000
07241325;1106089200000
07527662;1106521200000
07297176;1106694000000
07435478;1106780400000
07655299;1106866800000
07429367;1107385200000
07537833;1108076400000
07368182;1108076400000
07758975;1108594800000
07524345;1109026800000
07485364;1109545200000
07267604;1109890800000
07510760;1110150000000
07300874;1110409200000
07858067;1110409200000
07470295;1110495600000
07736733;1110495600000
07442646;1110495600000
07527457;1110927600000
06945846;1111960800000
07611552;1111960800000
07267702;1112306400000
07785700;1113343200000
07704611;1113775200000
07059946;1113948000000
07691496;1114380000000
07647993;1115157600000
07645308;1115676000000
07364600;1115762400000
07090914;1117144800000
07160174;1117576800000
07553344;1118095200000
07435486;1119218400000
07427587;1119218400000
07396371;1119564000000
07344575;1119823200000
07344574;1119823200000
07223297;1119909600000
07348051;1120082400000
07368013;1120514400000
07476437;1120514400000
07348074;1121032800000
07470296;1121205600000
07550020;1121292000000
07553350;1122328800000
07169031;1122501600000
07494519;1122501600000
07422806;1123106400000
07252694;1123192800000
07258705;1123192800000
07744666;1123711200000
07470297;1124143200000
07635035;1124834400000
07503949;1125525600000
07498089;1125957600000
07713612;1126044000000
07749594;1126216800000
07302946;1126216800000
07838132;1126216800000
07507267;1126821600000
07244170;1126821600000
07316603;1127685600000
07722691;1128031200000
07708904;1128290400000
07416778;1128290400000
07491251;1128463200000
07553346;1128981600000
07384437;1128981600000
07217179;1128981600000
07297170;1128981600000
07270878;1128981600000
07410410;1129154400000
07399330;1129586400000
07594845;1129759200000
07431977;1130713200000
07431542;1130713200000
07429151;1130713200000
07169028;1130886000000
07513920;1130886000000
07455900;1130886000000
07442432;1130886000000
07442431;1130886000000
07311862;1130886000000
07666239;1132268400000
07547335;1133132400000
07201641;1133218800000
07217305;1133218800000
07431988;1133305200000
07497212;1133478000000
07226345;1134082800000
07404831;1134428400000
07283073;1134946800000
07285146;1135724400000
07632323;1135810800000
07598188;1135897200000
07517375;1136329200000
07419519;1136415600000
07442433;1136502000000
07247082;1136847600000
07841927;1136934000000
07431747;1137020400000
07422513;1137020400000
07347882;1137452400000
07591865;1138316400000
07842191;1138316400000
07510761;1139439600000
07655293;1140649200000
07544412;1141081200000
07241324;1141599600000
07811342;1141772400000
07235114;1142463600000
07465217;1142809200000
07597951;1142809200000
07820067;1143068400000
07270803;1143068400000
07510032;1143756000000
07722692;1144101600000
07112119;1144274400000
07541101;1144965600000
07427305;1145311200000
07121923;1145484000000
07592076;1146088800000
07410413;1146088800000
07585340;1146088800000
07687401;1146434400000
07521132;1146434400000
07771498;1147816800000
07527050;1147903200000
07771847;1148940000000
07267784;1149458400000
RE039986;1149717600000
RE039814;1149717600000
RE039893;1149717600000
RE040025;1149717600000
RE039912;1149804000000
RE039894;1149804000000
RE040005;1149804000000
07338355;1150149600000
07794830;1151359200000
07575615;1151618400000
RE039987;1152482400000
07393370;1153260000000
07833297;1153260000000
07585342;1154037600000
07858541;1154556000000
07654323;1155852000000
07300338;1156284000000
07467989;1156284000000
07655057;1156888800000
07670674;1156975200000
07674520;1156975200000
07524475;1157061600000
07396581;1157061600000
07241204;1157580000000
07659224;1158098400000
07510034;1160517600000
07838622;1162335600000
07252695;1162940400000
07435487;1163026800000
07396372;1163372400000
07837888;1163372400000
07731832;1163372400000
07762872;1163631600000
07763346;1163718000000
07727621;1165273200000
07585366;1166050800000
07374592;1166137200000
07407523;1166569200000
07736734;1166569200000
07438636;1166655600000
07371160;1166655600000
07780751;1166655600000
07723257;1167346800000
07648933;1168556400000
RE041972;1168902000000
07857985;1170111600000
07582127;1170284400000
07497885;1170630000000
07824249;1170630000000
07803203;1170975600000
07815496;1171494000000
07553214;1171494000000
07556555;1171494000000
07810588;1172185200000
07799443;1172617200000
07628829;1174345200000
07467988;1174518000000
07588620;1174860000000
07621974;1174946400000
07588102;1174946400000
07857680;1177452000000
07381232;1178488800000
07449253;1178488800000
07851075;1179266400000
07651386;1179266400000
07767319;1179871200000
07585341;1179871200000
07819722;1180389600000
07799413;1181253600000
07597729;1182981600000
07695829;1183932000000
07740673;1184104800000
07717972;1185314400000
07547243;1187301600000
07690968;1188338400000
07569205;1189116000000
07811683;1190844000000
07695345;1190930400000
07833343;1190930400000
07754316;1192572000000
07695542;1196377200000
07666238;1196377200000
07618720;1202338800000
07700186;1206572400000
07699901;1208469600000
07814679;1208728800000
07842111;1209420000000
07762873;1210629600000
07753974;1210716000000
07828088;1211839200000
07645186;1216332000000
07712553;1216332000000
07820005;1216332000000
07757792;1216332000000
07638105;1218578400000
RE041111;1221516000000
07704593;1222380000000
07678703;1223330400000
07597511;1230073200000
07794860;1232060400000
07820310;1233183600000
07846842;1233529200000
07857876;1239141600000
07828633;1282514400000
