03970733;40604400000
03930587;103417200000
03868011;108082800000
03859693;108687600000
03863441;109465200000
03864906;109551600000
03870094;112230000000
03877250;112489200000
03881314;114217200000
03886727;115945200000
03913374;117154800000
03885383;121647600000
03901024;122166000000
03975003;122511600000
03937006;124326000000
03885384;126486000000
03899873;126745200000
03879935;126745200000
03916616;127350000000
03866410;129769200000
03863440;130460400000
03946515;132879600000
03869856;134262000000
03940844;134262000000
03874165;135212400000
03924418;138236400000
03974641;140828400000
03903688;141606000000
03894174;142038000000
03905304;142642800000
03930364;143679600000
03880014;144889200000
03902313;145234800000
03943607;145666800000
03959909;146098800000
03962755;146098800000
03962811;146098800000
03961474;146876400000
03906716;147049200000
03910333;147394800000
03915487;147567600000
04086013;147654000000
03934407;148863600000
03908963;149727600000
03948041;149986800000
03965670;151282800000
03945198;151628400000
03969889;151801200000
03940038;151887600000
04015423;152233200000
03905190;152319600000
03965769;152751600000
04000627;153356400000
03958617;153702000000
03943702;154220400000
03950941;154652400000
03958411;155257200000
03921388;155343600000
03965671;155430000000
03939648;155516400000
03914831;156380400000
03994373;156380400000
03931706;156726000000
03995598;158972400000
04044725;159750000000
03911671;161391600000
03937005;161910000000
03958825;161910000000
03959965;162082800000
04012618;162514800000
03994127;163033200000
04041790;164329200000
03977181;164415600000
04018411;165452400000
04000763;166057200000
03954125;166230000000
03969949;167007600000
03985093;168044400000
03948040;168649200000
04009765;168649200000
03978746;169340400000
04036072;171759600000
04020712;172364400000
03976233;173055600000
04020631;174006000000
04050496;175993200000
03977180;176598000000
03973389;176943600000
04035095;177548400000
03986602;177721200000
03983692;177894000000
03964252;179017200000
04257638;181782000000
04020630;182732400000
04024748;184287600000
04008632;185410800000
04034556;185670000000
04011715;186361200000
03984899;186620400000
03996737;187398000000
04042001;187830000000
03974640;188089200000
04002509;188434800000
04006875;188521200000
04050323;190249200000
04027471;190594800000
04030287;191199600000
03994126;192063600000
04020629;192322800000
04000606;192668400000
04056929;194742000000
04051667;195346800000
04010604;195865200000
04007584;196297200000
04036010;197244000000
04086855;197503200000
04056928;199576800000
04043215;200008800000
04104870;201391200000
04047378;201996000000
04189828;202082400000
04076433;202600800000
04066165;203205600000
04095416;204242400000
04070823;205452000000
04063583;205452000000
04123899;205970400000
04102124;205970400000
04122666;206575200000
04030286;206575200000
04102378;206834400000
04068467;207439200000
04107917;210981600000
04018333;211068000000
04068960;211759200000
04067188;212364000000
04051668;212886000000
04080782;213231600000
04037403;214441200000
04063412;215910000000
04079584;215996400000
04074518;216860400000
04133999;219020400000
04095415;219452400000
04089161;222303600000
04094141;222390000000
04110971;223772400000
04106542;223858800000
04129277;224118000000
04061388;224463600000
04089160;225068400000
04060978;225586800000
04148109;225932400000
04134256;227142000000
04129285;227487600000
04100658;227919600000
04063413;228092400000
04127987;228351600000
04074519;228610800000
04118995;229557600000
04096688;229903200000
04104871;230767200000
04084369;231372000000
04104872;232236000000
04123900;232840800000
04112674;232840800000
04145874;233186400000
04117667;233359200000
04105111;233445600000
04273486;233877600000
04142808;233877600000
04081954;235346400000
04090357;236383200000
04084370;236469600000
04100729;237420000000
04149369;237592800000
04149058;238888800000
04114367;238975200000
04164118;239407200000
04179878;239839200000
04106284;239839200000
04123947;241394400000
04137704;243208800000
04139982;244767600000
04132063;246150000000
04165775;247100400000
04144709;248482800000
04134255;249001200000
04147023;250470000000
04141211;251679600000
04158288;251679600000
04182153;253148400000
04135360;255740400000
04175379;256172400000
04157594;256863600000
04143512;256863600000
04161100;257036400000
04151708;257382000000
04193349;257382000000
04141116;257554800000
04172701;257727600000
04218877;258591600000
04157009;259801200000
04180971;262562400000
04221252;262562400000
04186553;263426400000
04160361;264808800000
04171841;265932000000
04182116;266018400000
04209978;266450400000
04185454;266450400000
04264097;267141600000
04265134;268005600000
04176874;268524000000
04247966;269474400000
04234990;269820000000
04193258;269820000000
04198813;271288800000
04219065;271893600000
04170872;271980000000
04170871;271980000000
04238935;272066400000
04198814;273362400000
04241575;273794400000
04177635;273794400000
04163363;275176800000
04274461;277945200000
04198812;278204400000
04235073;281574000000
04211068;282870000000
04222418;289522800000
04308419;290905200000
04250764;290991600000
04232419;291250800000
04216070;291423600000
04328665;291852000000
04263779;292024800000
04237951;293320800000
04229496;293666400000
04221113;293839200000
04244687;294271200000
04272952;294962400000
04290236;295480800000
04275555;296172000000
04280257;296258400000
04315352;296258400000
04237717;296344800000
04220052;296431200000
04275556;296431200000
04275813;297295200000
04274252;297295200000
04229962;297640800000
04235074;298072800000
04273371;298677600000
04271663;298850400000
04300346;299109600000
04245461;299282400000
04266400;299973600000
04311293;300319200000
04265084;300924000000
04243088;301788000000
04269026;304207200000
04360969;305762400000
04342191;306021600000
04279122;306540000000
04348861;307317600000
04297839;307580400000
04297840;307580400000
04282707;309049200000
04307567;310777200000
04267691;311295600000
04346554;311295600000
04315751;312418800000
04276040;313974000000
04335489;315010800000
04339961;315010800000
04290762;318812400000
04317264;319071600000
04337614;319762800000
04311003;319762800000
04353459;320540400000
04289015;320626800000
04358875;321145200000
04286360;321490800000
04267421;322182000000
04358924;323305200000
04354344;324165600000
04300380;325461600000
04330990;328226400000
04355501;328744800000
04320620;328831200000
04361303;332460000000
04352382;332546400000
04373324;336693600000
04357975;339289200000
04327516;340844400000
04365401;340844400000
04394810;343263600000
04473365;344041200000
04371202;346287600000
04372993;346374000000
04338779;346374000000
04349101;346460400000
04355502;346460400000
04332425;347065200000
04411131;347497200000
04363509;350521200000
04353203;351471600000
04380145;351471600000
04349060;352940400000
04400933;353545200000
04366850;354150000000
04467598;357256800000
04428187;357429600000
04417437;358984800000
04397145;360194400000
04357694;361663200000
04392344;362700000000
04490970;364773600000
04441389;365724000000
04411132;368056800000
04408450;368056800000
04373910;368143200000
04403639;369007200000
04463550;369871200000
04435956;374367600000
04429526;376786800000
04458478;377132400000
04530534;378342000000
04444144;378946800000
04418526;382316400000
04501447;382834800000
04429785;383266800000
04429525;383439600000
04398387;384390000000
04431042;385340400000
04428186;388360800000
04423591;388620000000
04448017;388620000000
04400932;390175200000
04426854;390434400000
04408645;391039200000
04498284;391125600000
04489548;394063200000
04449357;395445600000
04716989;397260000000
04391313;400370400000
04493183;401580000000
04428781;401666400000
04549829;401666400000
04570436;402188400000
04545098;402188400000
04415625;406508400000
04452036;408063600000
04617001;411174000000
04462565;411606000000
04503664;411692400000
04452290;411778800000
04499720;411778800000
04484438;411865200000
04571934;412383600000
04505103;413593200000
04543818;414370800000
04487013;414716400000
04506501;415494000000
04476673;416185200000
04457131;418255200000
04482264;418428000000
04505465;418514400000
04497169;422143200000
04466238;423180000000
04512070;423266400000
04582281;423698400000
04503665;424303200000
04552035;425253600000
04548031;425512800000
04575914;426204000000
04554783;426722400000
04531355;428536800000
04590758;429832800000
04510746;430956000000
04561797;433378800000
04509323;436143600000
04600817;437266800000
04604002;437266800000
04543803;438994800000
04556246;439426800000
04517913;444610800000
04513681;445820400000
04493354;446252400000
04572588;446684400000
04590882;447548400000
04515198;452124000000
04616590;452728800000
04570437;453592800000
04525994;455839200000
04606732;456098400000
04673015;458431200000
04552481;459381600000
04510032;460591200000
04606188;461282400000
04594847;461800800000
04578941;462405600000
04718228;463096800000
04627231;468630000000
04569472;472258800000
04604786;472258800000
04627232;473554800000
04682467;477097200000
04602414;477183600000
04669154;477788400000
04625507;478393200000
04635438;478479600000
04625508;479430000000
04649977;479516400000
04658576;480898800000
04644743;480898800000
04626233;482536800000
04724929;484869600000
04594846;485042400000
04638627;485560800000
04600331;487980000000
04621491;488412000000
04612765;488671200000
04664229;488757600000
04642982;491090400000
04635903;491436000000
04660611;491608800000
04664733;492818400000
04651517;492904800000
04590961;492991200000
04608227;495064800000
04628708;496015200000
04674311;496882800000
04679391;496882800000
04671055;497228400000
04676076;499302000000
04680926;500166000000
04694644;500252400000
04658577;500252400000
04685555;500770800000
04638906;501202800000
04615171;501721200000
04635437;506646000000
04696336;507164400000
04713946;508719600000
04683834;509151600000
04672805;509324400000
04669507;509324400000
04744211;509583600000
04695015;510447600000
04706451;511052400000
04669907;512863200000
04724669;515196000000
04815271;515282400000
04815270;515282400000
04654936;517528800000
04693406;518220000000
04679392;518997600000
04763489;519516000000
04722179;522453600000
04813224;525391200000
04747261;526687200000
04689904;528332400000
04769985;528505200000
04781037;528505200000
04750445;528678000000
04769884;533862000000
04799522;534034800000
04718592;535244400000
04779411;536194800000
04708382;538095600000
04773437;538354800000
04787601;539391600000
04781035;540169200000
04813225;540169200000
04723406;544831200000
04750325;544917600000
04770008;547682400000
04800714;548546400000
04781038;548978400000
04757681;550965600000
04809496;552520800000
04869061;554076000000
04795408;554594400000
04776454;556754400000
04878345;558655200000
04840023;558655200000
04766720;559782000000
04852342;560473200000
04833875;563151600000
04759177;563151600000
04796420;563756400000
04858425;567039600000
04807432;567817200000
04907326;569631600000
04788927;570409200000
04946185;570754800000
04840044;570841200000
04903475;571014000000
04872306;572569200000
04850542;574642800000
04932927;575247600000
04833876;576367200000
04850768;577404000000
04889372;579477600000
04947912;581551200000
04819137;582328800000
04836125;582415200000
04870739;583020000000
04885908;584316000000
04813170;584920800000
04924925;585439200000
04860532;585525600000
04858424;587599200000
04872305;590018400000
04926529;590277600000
04893463;590882400000
04944147;592527600000
04910955;593650800000
04944172;595465200000
04988838;595724400000
04882901;596242800000
04885907;596415600000
04893464;597020400000
04928504;598143600000
04934135;598489200000
04941698;599180400000
04881365;600044400000
04932203;601686000000
04941315;603327600000
04863418;603327600000
04954939;603327600000
04941316;607557600000
04914903;609544800000
04986067;611877600000
04951492;613864800000
04930304;614556000000
05058252;619740000000
04910954;619826400000
04972670;619826400000
04989486;620949600000
04999989;621468000000
04962639;622767600000
05056306;626310000000
04951457;626482800000
04979276;628902000000
04996835;631234800000
04988031;631494000000
05038557;632962800000
05092120;633049200000
04948098;634345200000
05027595;634431600000
04967435;634777200000
05038556;635122800000
05058645;637369200000
04993779;638661600000
04978327;639180000000
05077965;640821600000
04999990;642981600000
05060468;643932000000
05134251;644104800000
05199197;645055200000
05140806;645660000000
05069028;645746400000
05152133;646869600000
05016841;648684000000
05048283;649634400000
05020313;649634400000
05014506;649634400000
05003765;649634400000
05095995;652485600000
05012842;653176800000
05077966;655513200000
05042244;657932400000
05127219;661129200000
05092118;663375600000
05154047;664498800000
05155990;664671600000
05046881;665362800000
05035040;666399600000
05108350;668214000000
05193872;668646000000
05056305;669337200000
05249415;670716000000
05186569;670802400000
05115959;673048800000
05178247;673480800000
05107672;673826400000
05114260;674085600000
05176301;676850400000
05243814;676850400000
05131723;677109600000
05154046;677887200000
05157912;679010400000
05193336;685231200000
05133179;686185200000
05208929;686530800000
05197274;687481200000
05203158;688690800000
05185995;689554800000
05125225;690073200000
05129220;690073200000
05201171;691110000000
05212939;691801200000
05247789;692924400000
05140761;693529200000
05220780;694047600000
05327715;696207600000
05320443;696553200000
05269129;698022000000
05201885;698626800000
05157913;698626800000
05174104;698626800000
05169149;698972400000
05163281;699663600000
05140736;699663600000
05215616;700268400000
05201789;701305200000
05197273;701391600000
05214909;701391600000
05214908;701391600000
05214907;701391600000
05201269;701906400000
05184454;705103200000
05748571;706312800000
05301498;708732000000
05487264;709336800000
05408820;709336800000
05353584;709423200000
05280816;709509600000
05244256;709768800000
05285625;711151200000
05331802;711237600000
05309704;711324000000
05220779;711583200000
05412933;716680800000
05285659;717721200000
05332865;717980400000
05279106;718326000000
05240209;721954800000
05222354;723337200000
05303540;723769200000
05365753;725497200000
05341634;726188400000
05299416;726793200000
05307852;727052400000
05363640;727570800000
05303539;728262000000
05438851;728262000000
05299613;728607600000
05338127;728694000000
05293916;729298800000
05319918;730594800000
05361575;731718000000
05307618;732409200000
05251341;732409200000
05360305;732495600000
05345754;732754800000
05414991;733014000000
05339655;733100400000
05308292;734220000000
05291730;734220000000
05381649;739144800000
05343912;739404000000
05399042;739404000000
05421874;740700000000
05309705;741909600000
05303439;742082400000
05412935;742168800000
05305594;742428000000
05309706;743032800000
05345753;743810400000
05375407;745192800000
05362282;747007200000
05469697;747352800000
05347498;747612000000
05339618;749257200000
05468376;749689200000
05381650;753922800000
05460418;755737200000
05441686;756082800000
05388750;758156400000
05404707;760575600000
05427559;760834800000
05433547;761871600000
05437148;763686000000
05412934;764550000000
05542244;765669600000
05469652;766706400000
05461852;767916000000
05531065;768175200000
05537812;768175200000
05419379;769212000000
05400585;769298400000
05461820;770421600000
05502962;773532000000
05461851;773618400000
05535796;774828000000
05459993;776469600000
05437149;777765600000
05425228;778111200000
05626013;780534000000
05535583;781830000000
05638672;782002800000
05635675;782089200000
05596869;782175600000
05597260;785199600000
05660036;787186800000
05607248;788742000000
05452572;789087600000
05554073;789346800000
05465568;790297200000
05630676;791074800000
05605038;791679600000
05649415;791679600000
05655300;791766000000
05592809;792716400000
05511596;792889200000
05542245;792975600000
05529011;793494000000
05471830;795740400000
05526639;795740400000
05463862;795740400000
05724803;799538400000
05601326;800143200000
05531625;800748000000
06105358;801266400000
06105357;801871200000
05682736;803340000000
05667442;804376800000
05824957;806536800000
05533328;806623200000
05638879;808351200000
05632086;809820000000
05590516;814402800000
05544477;814489200000
05581993;816303600000
05581992;816390000000
05642612;819327600000
05775088;822265200000
05697206;822351600000
05745974;826239600000
05653100;826498800000
05692270;827794800000
05626012;831247200000
05711144;833234400000
05664410;833407200000
05611144;833493600000
05915337;833839200000
05724804;834444000000
05647198;834530400000
05628178;836863200000
05689947;837727200000
05592810;838245600000
05836148;839196000000
05615577;839714400000
05799480;840060000000
05758484;844034400000
05778656;845330400000
05771676;846021600000
05875538;846716400000
05727376;846802800000
05636506;849049200000
05797258;849222000000
05836199;849654000000
05768882;850086000000
05737910;850086000000
05801351;850950000000
05732545;851036400000
05829810;851036400000
05765891;851036400000
05709075;853974000000
05799479;855615600000
05755088;856479600000
05771551;858207600000
06000304;858380400000
05836147;860018400000
05924274;861228000000
05986215;861573600000
05778655;863992800000
05787700;864943200000
05829243;867276000000
05913906;867708000000
05873232;869522400000
05860274;870213600000
05775660;870818400000
05934062;870991200000
05842338;870991200000
06215068;871423200000
05752377;872114400000
05865021;872460000000
05809767;873324000000
06029342;873669600000
05845478;873928800000
06192297;874447200000
05900586;875484000000
05881548;876693600000
06094939;877039200000
05941059;877384800000
05916124;877471200000
05934061;877906800000
05797820;878079600000
06094903;879721200000
06068568;879980400000
05806297;879980400000
06053009;880930800000
06012683;881535600000
05878565;882140400000
05787701;882745200000
05961241;885942000000
05890357;886114800000
05950416;886719600000
06128262;887324400000
05966922;887670000000
06016844;887670000000
05857318;888274800000
05970701;888793200000
06006513;889398000000
05938388;890262000000
06241572;890866800000
06101842;891208800000
05987873;893973600000
05966924;895615200000
06065278;896652000000
05943855;897429600000
05966921;898207200000
06092358;898207200000
06023927;898725600000
05983620;900021600000
05996330;900280800000
05920962;903477600000
06010421;905810400000
05911677;906415200000
06021634;906933600000
06107565;911257200000
06029437;911343600000
06112510;911862000000
06227006;913590000000
06195977;913849200000
05956936;916182000000
05974779;917564400000
05966923;919119600000
06079196;919292400000
06170250;919810800000
06026637;920329200000
06105356;920847600000
06067788;921538800000
05966811;922057200000
07082722;922316400000
06156974;923349600000
06145293;923349600000
06209306;923436000000
06158555;924213600000
06254300;924213600000
06141892;924645600000
06178732;925250400000
06226973;925682400000
06006514;925768800000
06170248;925855200000
06173560;926546400000
06952916;928965600000
06032455;929656800000
06560955;929916000000
06170249;930088800000
06289664;930520800000
06293127;930780000000
06158205;931903200000
06186900;931903200000
06094902;932680800000
06176072;933285600000
06205622;933544800000
06311469;933544800000
06158206;934840800000
06216434;934840800000
06311470;935359200000
06270258;935704800000
06167689;937173600000
06161373;937173600000
06270173;937346400000
06387002;937778400000
06161372;937951200000
06176073;938037600000
06128893;938988000000
06185923;938988000000
06055802;938988000000
06263658;939679200000
06370860;940456800000
06272837;942361200000
06321524;942620400000
06308510;944002800000
06457304;944694000000
06098394;944694000000
06354070;945385200000
06371876;945644400000
06389790;946422000000
06237318;948150000000
06349534;948236400000
06243929;948409200000
06338238;948927600000
06223516;949532400000
06442970;950137200000
06223515;950482800000
06460323;950742000000
06453657;951778800000
06212869;951951600000
06349773;951951600000
06328903;952383600000
06381942;952383600000
06220011;953074800000
06223517;953074800000
06216435;953074800000
06321523;953247600000
06532725;953506800000
06481196;953506800000
06526740;953506800000
06220010;954280800000
06408888;954367200000
06406177;955490400000
06520709;956527200000
06448498;957218400000
06256974;957477600000
06330788;958946400000
06378283;959205600000
06298650;959724000000
06260345;960847200000
06374589;962834400000
06237319;963352800000
06416022;963525600000
06412303;964562400000
06272836;964735200000
06282879;965080800000
06463728;966981600000
06473945;967586400000
06454016;967845600000
06244032;970005600000
06427433;970092000000
06393819;971301600000
06374590;971647200000
06318063;971906400000
06272835;972597600000
06425238;972860400000
06367238;973119600000
07024886;973465200000
06286296;973465200000
06481195;975279600000
06513346;976230000000
06418871;977094000000
06564539;977094000000
06318064;978044400000
06786032;980204400000
06579200;981068400000
06553751;981586800000
06890278;982105200000
06459037;982623600000
06345492;984438000000
06539700;984956400000
06412267;986162400000
06527106;986335200000
06490853;987026400000
06339922;987631200000
06393818;987631200000
06513316;987717600000
06516602;988668000000
06393820;988840800000
06550232;989877600000
06470665;990396000000
06571578;993160800000
06488404;993765600000
07088847;994370400000
06609684;995580000000
06612103;996184800000
06925794;996876000000
06622469;997653600000
06477861;998431200000
06494030;998517600000
06539699;999122400000
06568165;999208800000
06874206;999295200000
06510682;1000332000000
06612104;1000936800000
06945027;1000936800000
06736922;1002751200000
06550233;1003356000000
06578350;1003442400000
07047721;1003874400000
06564540;1003960800000
06658837;1005606000000
06508001;1005865200000
06484488;1005865200000
06418706;1006815600000
06676552;1007074800000
06679648;1008543600000
06729119;1009494000000
06837036;1010530800000
06612001;1010703600000
06782687;1011913200000
06978595;1012863600000
06826900;1013382000000
06807800;1013468400000
07055343;1015542000000
06928835;1016406000000
06895739;1017010800000
06993896;1017183600000
06904746;1017183600000
07427251;1017356400000
07290384;1017871200000
06745555;1018821600000
06640534;1019772000000
06637182;1020895200000
06598382;1021500000000
06951096;1021932000000
06849016;1021932000000
06772580;1022191200000
07749119;1023400800000
07083858;1025215200000
06880323;1025301600000
06581367;1025820000000
06810654;1027029600000
06615573;1027634400000
06662544;1028066400000
06694721;1028239200000
06745554;1028757600000
06655832;1030312800000
06789383;1030312800000
06852052;1030399200000
06714400;1030485600000
06782690;1031868000000
06708480;1031868000000
07065952;1032386400000
06711886;1033509600000
06938732;1033682400000
06644008;1033941600000
06855081;1034114400000
06799415;1035237600000
06607850;1035759600000
07107754;1035932400000
06881500;1036105200000
06789384;1036450800000
06895738;1036450800000
06662545;1036450800000
06779331;1036710000000
06886323;1036969200000
07536849;1037919600000
06829882;1037919600000
06695014;1038783600000
06684619;1038870000000
06802177;1039129200000
06892521;1039388400000
06619024;1039388400000
06931830;1040598000000
06964153;1040684400000
06993841;1041807600000
07310935;1042066800000
07600719;1042671600000
06945028;1043967600000
07111447;1044918000000
06781058;1045695600000
06782688;1046041200000
06666013;1046905200000
07201687;1046905200000
06688096;1046905200000
06837037;1047855600000
06824484;1047855600000
07000292;1047855600000
07040080;1047942000000
06725642;1048460400000
07278253;1048806000000
07040120;1049148000000
06860097;1049320800000
07650743;1049407200000
06959769;1049925600000
06730850;1050012000000
06941622;1050876000000
06779294;1052690400000
07294078;1054072800000
06908065;1054245600000
06951124;1055368800000
07032466;1055455200000
06787702;1055887200000
06996967;1056664800000
06883300;1057874400000
06782689;1060293600000
06918242;1064181600000
06966527;1065391200000
06948752;1065736800000
07082852;1066428000000
06896344;1066687200000
06916062;1067209200000
06925795;1067209200000
06846986;1068159600000
06978596;1068591600000
07150141;1068764400000
06912836;1070233200000
07043895;1070319600000
07036338;1072047600000
06871486;1072134000000
06973770;1072738800000
06990796;1072738800000
07007451;1073862000000
07055555;1076626800000
06864425;1077058800000
06863632;1077231600000
07269937;1077663600000
07140173;1078354800000
07392666;1078441200000
07013630;1079046000000
07117575;1080597600000
06988288;1081720800000
06984782;1081893600000
07047720;1081893600000
07020934;1082498400000
07263821;1083103200000
07251923;1083103200000
07200984;1084226400000
07082747;1085436000000
07441397;1085608800000
06895737;1086559200000
07174702;1087164000000
07150206;1087596000000
06997412;1088200800000
07032372;1089324000000
06966170;1089324000000
07496981;1090188000000
07178364;1090447200000
07086951;1090447200000
07191586;1091138400000
07370465;1091743200000
07334388;1091743200000
07045705;1094508000000
06940019;1095026400000
07234292;1095112800000
07017328;1095112800000
07448823;1096322400000
07634900;1096581600000
07387046;1096840800000
07393033;1097100000000
07730633;1097532000000
07231759;1098050400000
07343730;1098914400000
07272922;1099000800000
06968671;1099868400000
07019214;1100041200000
07207168;1100818800000
07377097;1101164400000
07784259;1106175600000
07040081;1106521200000
07354330;1107730800000
07021041;1108076400000
07150142;1108767600000
07237376;1110495600000
07299514;1111014000000
07013631;1111446000000
06992254;1112220000000
07426823;1112824800000
07176375;1114380000000
07669401;1114639200000
07137239;1115762400000
07594330;1118268000000
07024849;1118700000000
07306394;1118872800000
07104041;1119477600000
07409818;1121378400000
07444801;1123106400000
07343729;1123106400000
07143571;1123538400000
07100353;1124056800000
07086218;1124316000000
07195116;1125266400000
07503102;1126476000000
07757473;1127858400000
07441396;1128031200000
07207162;1128636000000
07451589;1129068000000
07119273;1129586400000
07146793;1131318000000
07334434;1131318000000
07204075;1131490800000
07134268;1132095600000
07131258;1132614000000
07155895;1133737200000
07267220;1135119600000
07444836;1136502000000
07535072;1137538800000
07409763;1139526000000
07503163;1140649200000
07490715;1141945200000
07240477;1142809200000
07320211;1143756000000
07526910;1144360800000
07849667;1144706400000
07644571;1144792800000
07340878;1144965600000
07484351;1145570400000
07434382;1146434400000
07216472;1147125600000
07310936;1147989600000
07546725;1149199200000
07856805;1149458400000
07426824;1150927200000
07251924;1152482400000
07254935;1153951200000
07806794;1154037600000
07380394;1154383200000
07249452;1154642400000
07317160;1154642400000
07388154;1158271200000
07243486;1158530400000
07310937;1160604000000
07571595;1161295200000
07272923;1165186800000
07305815;1165273200000
07392650;1165791600000
07310934;1166137200000
07775030;1166742000000
07385136;1167174000000
07237375;1167778800000
07568334;1168210800000
07562518;1169506800000
07437870;1169506800000
07406819;1170111600000
07428808;1170198000000
07513096;1170370800000
07722492;1170630000000
07752797;1170889200000
07373770;1171580400000
07845154;1172530800000
07325391;1172790000000
07685801;1173826800000
07770374;1173999600000
07389634;1174518000000
07343731;1176069600000
07690183;1176242400000
07497072;1177020000000
07444800;1177020000000
07500346;1177020000000
07451590;1177020000000
07343728;1179093600000
07669402;1182117600000
07607320;1182204000000
07472539;1184709600000
07472538;1184709600000
07559190;1184709600000
07467509;1184709600000
07418812;1185400800000
07497071;1187820000000
07506495;1189634400000
07454891;1189807200000
07409817;1191708000000
07576283;1192399200000
07735309;1193090400000
07854109;1193176800000
07841571;1193958000000
07467510;1194994800000
07513097;1196204400000
07461501;1197586800000
07493750;1200697200000
07617668;1201734000000
07559340;1201820400000
07520122;1202338800000
07823942;1204153200000
07543437;1206831600000
07677024;1207346400000
07591128;1207432800000
07610744;1207864800000
07845155;1208124000000
07797920;1208124000000
07540140;1209506400000
07430849;1210888800000
07673441;1213826400000
07546726;1214344800000
07654594;1214863200000
07594385;1214949600000
07621114;1216245600000
07640722;1219096800000
07743597;1219701600000
07614209;1219701600000
07552581;1220997600000
07673440;1222034400000
07584597;1223330400000
07730710;1225666800000
07716911;1227654000000
07634899;1232060400000
07637092;1232665200000
07617669;1234652400000
07721520;1239746400000
07712298;1245103200000
