03859108;158281200000
03860452;158886000000
03860395;158886000000
03864166;160700400000
03867194;161910000000
03867195;161910000000
03868355;162514800000
03873694;164934000000
03873033;164934000000
03875140;165538800000
03874924;165538800000
03874925;165538800000
03875317;165538800000
03876467;166143600000
03876466;166143600000
03878195;166748400000
03878851;167353200000
03879215;167353200000
03880668;167958000000
03880667;167958000000
03881991;168562800000
03883365;169167600000
03884714;169772400000
03887391;170982000000
03891624;172796400000
03890888;172796400000
03893842;174006000000
03897262;175820400000
03899386;177030000000
03901725;178239600000
03901724;178239600000
03904429;179449200000
03906114;180054000000
03909288;181263600000
03909287;181263600000
03910821;181868400000
03912533;182473200000
03914410;183078000000
03915736;183682800000
03917866;184287600000
03918986;184892400000
03922173;186102000000
03922196;186102000000
03925097;187311600000
03926661;187916400000
03926662;187916400000
03928322;188521200000
03928631;188521200000
03928055;188521200000
03928062;188521200000
03928121;188521200000
03929503;189126000000
03931433;189730800000
03930878;189730800000
03932615;190335600000
03939286;193359600000
03939005;193359600000
03943000;195174000000
03948677;197589600000
03949104;197589600000
03950551;198194400000
03951938;198799200000
03953224;199404000000
03954497;200008800000
03955754;200613600000
03956009;200613600000
03958037;201218400000
03959009;201823200000
03961081;202428000000
03962465;203032800000
03962077;203032800000
03961980;203032800000
03961981;203032800000
03963513;203637600000
03966489;204847200000
03967975;205452000000
03970712;206661600000
03970470;206661600000
03970469;206661600000
03970244;206661600000
03971667;207266400000
03972725;207871200000
03973984;208476000000
03973986;208476000000
03973985;208476000000
03975547;209080800000
03975204;209080800000
03975205;209080800000
03975206;209080800000
03976498;209685600000
03976499;209685600000
03977897;210290400000
03980493;211500000000
03981739;212104800000
03981738;212104800000
03982956;212713200000
03983862;213318000000
03985912;213922800000
03985815;213922800000
03986890;214527600000
03989536;215737200000
03990904;216342000000
03990905;216342000000
03992260;216946800000
03993243;217551600000
03994743;218156400000
03996060;218761200000
03996061;218761200000
03997357;219366000000
04000001;220575600000
04004977;222994800000
04006032;223599600000
04007052;224204400000
04008098;224809200000
04008285;224809200000
04009045;225414000000
04009046;225414000000
04009263;225414000000
04009291;225414000000
04009706;226018800000
04013482;227833200000
04013775;227833200000
04014711;228438000000
04016001;229039200000
04017022;229644000000
04017363;229644000000
04018620;230248800000
04021260;231458400000
04022637;232063200000
04023982;232668000000
04025357;233272800000
04025356;233272800000
04025657;233272800000
04029515;235087200000
04029516;235087200000
04029878;235087200000
04033879;236901600000
04033755;236901600000
04036694;238111200000
04036664;238111200000
04038481;238716000000
04039348;239320800000
04040861;239925600000
04040862;239925600000
04042414;240530400000
04043832;241135200000
04045242;241740000000
04046789;242344800000
04046590;242344800000
04049466;243554400000
04049386;243554400000
04050952;244162800000
04050953;244162800000
04052304;244767600000
04052226;244767600000
04053638;245372400000
04056364;247186800000
04057437;247791600000
04058410;248396400000
04058411;248396400000
04059460;249001200000
04061859;250210800000
04062695;250815600000
04063960;251420400000
04063959;251420400000
04064043;251420400000
04067748;253234800000
04069103;253839600000
04069104;253839600000
04069065;253839600000
04070232;254444400000
04071616;255049200000
04072266;255654000000
04072628;255654000000
04072538;255654000000
04072535;255654000000
04073310;256258800000
04074751;256863600000
04076552;257468400000
04081288;259887600000
04082564;260488800000
04083733;261093600000
04083732;261093600000
04086135;262303200000
04087316;262908000000
04089848;264117600000
04089701;264117600000
04093516;265932000000
04094700;266536800000
04094740;266536800000
04096036;267141600000
04097303;267746400000
04099982;268956000000
04099983;268956000000
04100025;268956000000
04101338;269560800000
04101285;269560800000
04102705;270165600000
04104463;270770400000
04104078;270770400000
04105467;271375200000
04106487;271980000000
04111714;273794400000
04113509;274399200000
04115145;275004000000
04115147;275004000000
04115146;275004000000
04116770;275608800000
04116712;275608800000
04118248;276217200000
04119436;276822000000
04119435;276822000000
04120983;277426800000
04120982;277426800000
04120745;277426800000
04125379;279846000000
04125528;279846000000
04131507;283474800000
04131482;283474800000
04132566;284079600000
04133375;284684400000
04133696;284684400000
04135946;285894000000
04137094;286498800000
04138271;287103600000
04138272;287103600000
04140541;288313200000
04141747;288918000000
04142916;289522800000
04144087;290127600000
04145230;290732400000
04147557;291938400000
04148753;292543200000
04149901;293148000000
04151004;293752800000
04154623;295567200000
04155884;296172000000
04155774;296172000000
04156759;296776800000
04156618;296776800000
04157267;297381600000
04158574;298591200000
04158573;298591200000
04159210;299196000000
04160675;300405600000
04160695;300405600000
04162972;302220000000
04162926;302220000000
04162927;302220000000
04164429;303429600000
04165240;304034400000
04168988;307058400000
04171384;308876400000
04171383;308876400000
04174976;311900400000
04181796;315529200000
04181748;315529200000
04181534;315529200000
04181535;315529200000
04182632;316134000000
04182633;316134000000
04182634;316134000000
04187120;318553200000
04187356;318553200000
04187354;318553200000
04189380;319762800000
04192900;321577200000
04193817;322182000000
04194557;322786800000
04196017;323391600000
04196385;323391600000
04197372;323992800000
04199374;325202400000
04199373;325202400000
04199372;325202400000
04199371;325202400000
04201596;326412000000
04202859;327016800000
04205999;328831200000
04206242;328831200000
04207118;329436000000
04209341;330645600000
04211579;331855200000
04213249;333064800000
04216025;334274400000
04221609;337298400000
04221876;337298400000
04223829;338508000000
04225432;339116400000
04226638;339721200000
04226639;339721200000
04228150;340326000000
04229342;340930800000
04229489;340930800000
04230503;341535600000
04233153;342745200000
04234350;343350000000
04234349;343350000000
04235968;343954800000
04237226;344559600000
04237110;344559600000
04238243;345164400000
04239906;345769200000
04242145;346978800000
04244748;348188400000
04244941;348188400000
04246431;348793200000
04247568;349398000000
04247638;349398000000
04247341;349398000000
04247340;349398000000
04248737;350002800000
04249316;350607600000
04252832;351817200000
04252900;351817200000
04252571;351817200000
04255518;353026800000
04255204;353026800000
04256582;353631600000
04256509;353631600000
04256771;353631600000
04257818;354236400000
04260642;355442400000
04260685;355442400000
04263052;356652000000
04264373;357256800000
04265675;357861600000
04266027;357861600000
04266348;358466400000
04266981;358466400000
04269864;359676000000
04270956;360280800000
04273922;361490400000
04273590;361490400000
04272299;361490400000
04278438;363909600000
04278471;363909600000
04279931;364514400000
04279663;364514400000
04279658;364514400000
04280851;365119200000
04280997;365119200000
04280718;365119200000
04281063;365119200000
04281028;365119200000
04283232;366328800000
04284425;366933600000
04285735;367538400000
04286058;367538400000
04287001;368143200000
04287304;368143200000
04288551;368748000000
04288619;368748000000
04289540;369352800000
04289734;369352800000
04290818;369957600000
04292089;370566000000
04293346;371170800000
04293570;371170800000
04294623;371775600000
04294624;371775600000
04295994;372380400000
04297146;372985200000
04298400;373590000000
04298501;373590000000
04299677;374194800000
04299857;374194800000
04302475;375404400000
04303452;376009200000
04303451;376009200000
04304608;376614000000
04304649;376614000000
04304854;376614000000
04307121;377823600000
04308075;378428400000
04308236;378428400000
04310361;379638000000
04311673;380242800000
04311714;380242800000
04312678;380847600000
04312677;380847600000
04313752;381452400000
04313966;381452400000
04314854;382057200000
04316749;383266800000
04316748;383266800000
04316747;383266800000
04318748;384476400000
04319928;385081200000
04319929;385081200000
04325743;388101600000
04325742;388101600000
04326892;388706400000
04328043;389311200000
04329183;389916000000
04330409;390520800000
04330561;390520800000
04330625;390520800000
04331482;391125600000
04331483;391125600000
04332623;391730400000
04332622;391730400000
04332621;391730400000
04334026;392335200000
04333770;392335200000
04333768;392335200000
04333769;392335200000
04334934;392940000000
04337171;394149600000
04338350;394754400000
04339280;395359200000
04340724;395964000000
04342831;397173600000
04342604;397173600000
04342603;397173600000
04343819;397778400000
04346116;398988000000
04345946;398988000000
04345948;398988000000
04345947;398988000000
04349542;400802400000
04349668;400802400000
04350766;401407200000
04351672;402015600000
04352451;402620400000
04357171;405039600000
04357172;405039600000
04358322;405644400000
04358469;405644400000
04359430;406249200000
04359528;406249200000
04359532;406249200000
04360669;406854000000
04362571;408063600000
04362757;408063600000
04363671;408668400000
04363672;408668400000
04363575;408668400000
04366060;409878000000
04368079;411087600000
04368212;411087600000
04370172;412297200000
04371402;412902000000
04371117;412902000000
04373025;413506800000
04375990;415926000000
04376023;415926000000
04378253;417736800000
04378432;417736800000
04379751;418946400000
04380476;419551200000
04381345;420156000000
04381318;420156000000
04382121;420760800000
04382823;421365600000
04382967;421365600000
04384897;422575200000
04384898;422575200000
04384963;422575200000
04386012;423180000000
04389324;424994400000
04390375;425599200000
04391836;426204000000
04391649;426204000000
04393202;426808800000
04394178;427413600000
04394399;427413600000
04395292;428018400000
04395543;428018400000
04400468;430437600000
04400219;430437600000
04400218;430437600000
04402832;431647200000
04404038;432252000000
04404037;432252000000
04405265;432856800000
04405378;432856800000
04405377;432856800000
04405361;432856800000
04405600;432856800000
04407955;434070000000
04409033;434674800000
04409032;434674800000
04409031;434674800000
04410368;435279600000
04411796;435884400000
04412865;436489200000
04412866;436489200000
04412867;436489200000
04414330;437094000000
04416700;438303600000
04416701;438303600000
04418090;438908400000
04419173;439513200000
04421567;440722800000
04421568;440722800000
04421650;440722800000
04421852;440722800000
04421856;440722800000
04422881;441327600000
04423085;441327600000
04424078;441932400000
04426232;443142000000
04427454;443746800000
04427453;443746800000
04427584;443746800000
04428972;444351600000
04428969;444351600000
04428967;444351600000
04431456;445561200000
04432805;446166000000
04432806;446166000000
04438262;448585200000
04439414;449186400000
04440792;449791200000
04442285;450396000000
04443267;451000800000
04443266;451000800000
04444665;451605600000
04445938;452210400000
04447532;452815200000
04448881;453420000000
04448790;453420000000
04452641;455234400000
04452640;455234400000
04452703;455234400000
04459316;458258400000
04461648;459468000000
04461649;459468000000
04464204;460677600000
04465702;461282400000
04465698;461282400000
04465521;461282400000
04468256;462492000000
04468409;462492000000
04469524;463096800000
04471114;463701600000
04470851;463701600000
04472203;464306400000
04472450;464306400000
04475954;466124400000
04477480;466729200000
04478644;467334000000
04478645;467334000000
04478721;467334000000
04482761;469148400000
04484012;469753200000
04486458;470962800000
04486308;470962800000
04486395;470962800000
04487198;471567600000
04488912;472172400000
04491483;473382000000
04492601;473986800000
04494530;475196400000
04497896;476406000000
04498991;477010800000
04500465;477615600000
04502890;478825200000
04505756;480034800000
04505757;480034800000
04508576;481240800000
04508745;481240800000
04508627;481240800000
04510166;481845600000
04511433;482450400000
04511654;482450400000
04514560;483660000000
04515770;484264800000
04517022;484869600000
04517021;484869600000
04516566;484869600000
04518436;485474400000
04519845;486079200000
04520105;486079200000
04521252;486684000000
04523960;487893600000
04523959;487893600000
04523999;487893600000
04525218;488498400000
04526621;489103200000
04529608;490312800000
04533398;492127200000
04534800;492732000000
04536221;493336800000
04537637;493941600000
04538451;494546400000
04541873;495756000000
04543129;496360800000
04543330;496360800000
04544778;496969200000
04547226;498178800000
04549909;499388400000
04551177;499993200000
04555271;501807600000
04555270;501807600000
04556432;502412400000
04556431;502412400000
04556430;502412400000
04556429;502412400000
04560416;504226800000
04562086;504831600000
04564004;506041200000
04564595;506041200000
04565582;506646000000
04566910;507250800000
04566909;507250800000
04572916;509670000000
04572742;509670000000
04572741;509670000000
04575395;510879600000
04578353;512089200000
04579944;512690400000
04579595;512690400000
04581447;513295200000
04584024;514504800000
04587332;515714400000
04587953;516319200000
04589924;516924000000
04589923;516924000000
04591388;517528800000
04591387;517528800000
04591386;517528800000
04594110;518738400000
04595418;519343200000
04596602;519948000000
04597832;520552800000
04599115;521157600000
04600472;521762400000
04603000;522972000000
04608245;525391200000
04609405;525996000000
04612286;527205600000
04613377;527810400000
04614548;528418800000
04614662;528418800000
04615742;529023600000
04617191;529628400000
04620880;531442800000
04627880;534466800000
04629575;535071600000
04631258;535676400000
04631129;535676400000
04634472;536886000000
04636263;537490800000
04636343;537490800000
04637835;538095600000
04640717;539305200000
04642287;539910000000
04643773;540514800000
04645658;541119600000
04645541;541119600000
04645540;541119600000
04649113;542329200000
04650689;542934000000
04651715;543538800000
04659390;545954400000
04664718;547768800000
04664717;547768800000
04664716;547768800000
04665025;547768800000
04666527;548373600000
04667654;548978400000
04668340;548978400000
04670611;549583200000
04672034;550188000000
04676991;552002400000
04681935;553816800000
04681639;553816800000
04681771;553816800000
04689158;556840800000
04695326;559260000000
04698101;560473200000
04699669;561078000000
04699670;561078000000
04699124;561078000000
04706903;564102000000
04707190;564102000000
04708746;564706800000
04710231;565311600000
04713118;566521200000
04717696;568335600000
04717425;568335600000
04718405;568940400000
04718946;568940400000
04718945;568940400000
04724006;571359600000
04728367;573174000000
04734162;575589600000
04735193;576194400000
04737368;576799200000
04738727;577404000000
04743307;579218400000
04742814;579218400000
04745096;579823200000
04746368;580428000000
04752579;582847200000
04758282;585266400000
04758283;585266400000
04761185;586476000000
04761186;586476000000
04762570;587080800000
04767849;588895200000
04769081;589500000000
04769082;589500000000
04768425;589500000000
04770784;590104800000
04770710;590104800000
04772334;590709600000
04774328;591318000000
04774096;591318000000
04774183;591318000000
04774009;591318000000
04778531;593132400000
04780149;593737200000
04782143;594342000000
04784696;595551600000
04785794;596156400000
04787939;596761200000
04787940;596761200000
04788145;596761200000
04789738;597366000000
04792362;598575600000
04795494;599785200000
04799965;601599600000
04799966;601599600000
04802926;602809200000
04802925;602809200000
04804418;603414000000
04804419;603414000000
04806475;604018800000
04808232;604623600000
04810827;605228400000
04810785;605228400000
04810307;605228400000
04812444;605833200000
04812257;605833200000
04816077;607039200000
04816076;607039200000
04816075;607039200000
04816079;607039200000
04816078;607039200000
04816445;607039200000
04815445;607039200000
04818295;607644000000
04818296;607644000000
04819615;608248800000
04820348;608248800000
04826825;610063200000
04831127;611272800000
04837315;613087200000
04838944;613692000000
04839088;613692000000
04839060;613692000000
04840679;614296800000
04840678;614296800000
04840807;614296800000
04842877;614901600000
04846139;616111200000
04848321;616716000000
04849023;616716000000
04857642;619135200000
04859248;619740000000
04859484;619740000000
04861383;620344800000
04861382;620344800000
04861381;620344800000
04867998;622159200000
04870059;622767600000
04871397;623372400000
04871398;623372400000
04875940;625186800000
04880473;627001200000
04880919;627001200000
04885035;628815600000
04886672;629420400000
04888060;630025200000
04895601;633049200000
04900716;634863600000
04900361;634863600000
04904307;636073200000
04904306;636073200000
04904235;636073200000
04908067;637282800000
04916064;639698400000
04921795;641512800000
04923980;642117600000
04923976;642117600000
04929361;643932000000
04931589;644536800000
04931101;644536800000
04935567;645746400000
04936919;646351200000
04938804;646956000000
04941921;648165600000
04941944;648165600000
04950752;651189600000
04950332;651189600000
04953538;652399200000
04954178;652399200000
04955363;653004000000
04957565;653608800000
04957564;653608800000
04957563;653608800000
04959467;654213600000
04959468;654213600000
04961952;655426800000
04963382;656031600000
04968353;657846000000
04969955;658450800000
04970002;658450800000
04971128;659055600000
04971723;659055600000
04973447;659660400000
04978397;661474800000
04985082;663894000000
04986855;664498800000
04989305;665708400000
04990259;665708400000
04992105;666313200000
04994115;666918000000
04995911;667522800000
04995943;667522800000
04997488;668127600000
04997489;668127600000
04999058;668732400000
05000794;669337200000
05003061;669942000000
05002614;669942000000
05002613;669942000000
05002612;669942000000
05004507;670543200000
05008189;671752800000
05007967;671752800000
05007966;671752800000
05009911;672357600000
05011535;672962400000
05011959;672962400000
05010685;672962400000
05015296;674172000000
05015297;674172000000
05019542;675381600000
05023097;676591200000
05023092;676591200000
05023103;676591200000
05026430;677800800000
05026569;677800800000
05032509;679615200000
05032182;679615200000
05034064;680220000000
05034421;680220000000
05039346;682034400000
05047088;684453600000
05047255;684453600000
05049199;685058400000
05051132;685663200000
05051133;685663200000
05057157;687481200000
05061320;688690800000
05064539;689900400000
05066218;690505200000
05067982;691110000000
05069893;691714800000
05069919;691714800000
05071530;692319600000
05073200;692924400000
05073201;692924400000
05075291;693529200000
05076853;694134000000
05078796;694738800000
05080923;695343600000
05084104;696553200000
05089171;698367600000
05089607;698367600000
05091015;698972400000
05093004;699577200000
05094694;700182000000
05094872;700182000000
05096499;700786800000
05096594;700786800000
05096500;700786800000
05100475;701992800000
05102553;702597600000
05104452;703202400000
05104453;703202400000
05110612;705016800000
05110363;705016800000
05112610;705621600000
05112407;705621600000
05112638;705621600000
05114590;706226400000
05114489;706226400000
05114488;706226400000
05114492;706226400000
05114491;706226400000
05114490;706226400000
05116422;706831200000
05118353;707436000000
05118354;707436000000
05120562;708040800000
05122275;708645600000
05125977;709855200000
05126334;709855200000
05128323;710460000000
05127957;710460000000
05127956;710460000000
05131953;711669600000
05133807;712274400000
05137744;713484000000
05139575;714088800000
05139809;714088800000
05139795;714088800000
05139034;714088800000
05144024;715298400000
05156736;719535600000
05158770;720140400000
05158615;720140400000
05160546;720745200000
05164014;721954800000
05164013;721954800000
05164215;721954800000
05173122;724978800000
05175275;725583600000
05174816;725583600000
05176832;726188400000
05183578;728607600000
05187272;729817200000
05188674;730422000000
05188673;730422000000
05192576;731631600000
05194093;732236400000
05194094;732236400000
05196068;732841200000
05196069;732841200000
05198035;733442400000
05198074;733442400000
05198120;733442400000
05200516;734047200000
05200517;734047200000
05200228;734047200000
05201957;734652000000
05206355;735861600000
05209856;737071200000
05209821;737071200000
05213832;738280800000
05215591;738885600000
05217537;739490400000
05221478;740700000000
05221357;740700000000
05223143;741304800000
05223040;741304800000
05230742;743724000000
05232510;744328800000
05234503;744933600000
05241059;746748000000
05244553;747957600000
05244502;747957600000
05246718;748562400000
05252117;750380400000
05252136;750380400000
05254174;750985200000
05262328;753404400000
05264568;754009200000
05266120;754614000000
05266161;754614000000
05269849;755823600000
05270177;755823600000
05273820;757033200000
05275774;757638000000
05275666;757638000000
05277823;758242800000
05281276;759452400000
05281275;759452400000
05281279;759452400000
05281432;759452400000
05286299;761266800000
05286298;761266800000
05288317;761871600000
05291877;763081200000
05294453;763686000000
05294341;763686000000
05298611;764892000000
05300145;765496800000
05300150;765496800000
05304389;766706400000
05304388;766706400000
05304251;766706400000
05315003;769730400000
05318794;770940000000
05318635;770940000000
05320035;771544800000
05320681;771544800000
05320669;771544800000
05326405;773359200000
05328562;773964000000
05334253;775778400000
05336328;776383200000
05336414;776383200000
05338365;776988000000
05338366;776988000000
05340403;777592800000
05340405;777592800000
05340404;777592800000
05342932;778197600000
05346892;779407200000
05350456;780620400000
05352264;781225200000
05354856;781830000000
05356808;782434800000
05356650;782434800000
05358571;783039600000
05358729;783039600000
05362329;784249200000
05362868;784249200000
05362777;784249200000
05364471;784854000000
05366558;785458800000
05374316;787878000000
05376386;788482800000
05378286;789087600000
05378491;789087600000
05382294;790297200000
05384035;790902000000
05384400;790902000000
05385608;791506800000
05387347;792111600000
05387426;792111600000
05389209;792716400000
05391299;793321200000
05395640;794530800000
05395455;794530800000
05399201;795740400000
05405449;797551200000
05407580;798156000000
05409542;798760800000
05409541;798760800000
05409726;798760800000
05410021;798760800000
05411594;799365600000
05411945;799365600000
05415695;800575200000
05424418;802994400000
05424417;802994400000
05424407;802994400000
05423288;802994400000
05430141;804808800000
05430140;804808800000
05433793;806018400000
05436329;806623200000
05436019;806623200000
05435851;806623200000
05437169;807228000000
05439526;807832800000
05441644;808437600000
05443650;809042400000
05445678;809647200000
05451262;811461600000
05451673;811461600000
05454874;812674800000
05454875;812674800000
05454911;812674800000
05458803;813884400000
05464760;815698800000
05464514;815698800000
05466294;816303600000
05468301;816908400000
05468300;816908400000
05468491;816908400000
05470391;817513200000
05470968;817513200000
05472511;818118000000
05474718;818722800000
05476550;819327600000
05480490;820537200000
05480491;820537200000
05482560;821142000000
05482631;821142000000
05489340;823561200000
05491227;824166000000
05493014;824770800000
05492567;824770800000
05494525;825375600000
05498709;826585200000
05501797;827794800000
05504196;828396000000
05503680;828396000000
05505783;829000800000
05512464;830815200000
05512287;830815200000
05519011;832629600000
05518551;832629600000
05518533;832629600000
05518710;832629600000
05521305;833234400000
05523111;833839200000
05525281;834444000000
05525154;834444000000
05525151;834444000000
05530106;835653600000
05534075;836863200000
05536325;837468000000
05536326;837468000000
05538637;838072800000
05543162;839282400000
05547513;840492000000
05549757;841096800000
05550227;841096800000
05554227;842306400000
05556546;842911200000
05560827;844120800000
05562777;844725600000
05565037;845330400000
05569483;846543600000
05571334;847148400000
05573794;847753200000
05576048;848358000000
05578339;848962800000
05580390;849567600000
05580389;849567600000
05583215;850172400000
05584937;850777200000
05587197;851382000000
05589590;851986800000
05593868;853196400000
05593503;853196400000
05593502;853196400000
05597416;854406000000
05597714;854406000000
05601076;855615600000
05603977;856220400000
05605577;856825200000
05611956;858639600000
05614243;859244400000
05618352;860450400000
05620877;861055200000
05620871;861055200000
05624500;862264800000
05629090;863474400000
05628830;863474400000
05628907;863474400000
05630882;864079200000
05635150;865288800000
05635614;865288800000
05637225;865893600000
05645647;868312800000
05648111;868917600000
05650014;869522400000
05650390;869522400000
05651829;870127200000
05651828;870127200000
05653815;870732000000
05656094;871336800000
05658390;871941600000
05667693;874360800000
05667593;874360800000
05674322;876175200000
05679395;877384800000
05679396;877384800000
05680663;877993200000
05688923;879807600000
05693296;881017200000
05695803;881622000000
05702749;883436400000
05705634;884041200000
05705369;884041200000
05705216;884041200000
05711986;885855600000
05711817;885855600000
05718770;887670000000
05720822;888274800000
05725676;889484400000
05726046;889484400000
05728225;890089200000
05728825;890089200000
05728670;890089200000
05730876;890694000000
05730877;890694000000
05730837;890694000000
05739015;892504800000
05747089;894319200000
05755890;896133600000
05759581;896738400000
05759283;896738400000
05766366;897948000000
05772775;899157600000
05772774;899157600000
05779806;900367200000
05779805;900367200000
05782982;900972000000
05783096;900972000000
05795397;903391200000
05795398;903391200000
05797985;903996000000
05797984;903996000000
05800624;904600800000
05804209;905205600000
05804232;905205600000
05817180;907624800000
05820687;908229600000
05827563;909442800000
05827372;909442800000
05831082;910047600000
05831123;910047600000
05830278;910047600000
05833755;910652400000
05833757;910652400000
05837060;911257200000
05840850;911862000000
05840881;911862000000
05843238;912466800000
05843922;912466800000
05846786;913071600000
05846333;913071600000
05849233;913676400000
05849090;913676400000
05851301;914281200000
05851300;914281200000
05853487;914886000000
05853488;914886000000
05855688;915490800000
05855946;915490800000
05863341;917305200000
05863342;917305200000
05865899;917910000000
05865898;917910000000
05868851;918514800000
05873943;919724400000
05876505;920329200000
05876506;920329200000
05876778;920329200000
05879463;920934000000
05879637;920934000000
05882713;921538800000
05882906;921538800000
05882420;921538800000
05886168;922143600000
05885359;922143600000
05888781;922744800000
05888307;922744800000
05888306;922744800000
05891254;923349600000
05891347;923349600000
05893947;923954400000
05895545;924559200000
05897714;925164000000
05900066;925768800000
05900156;925768800000
05902408;926373600000
05902409;926373600000
05902410;926373600000
05901584;926373600000
05904941;926978400000
05904940;926978400000
05916780;930607200000
05916371;930607200000
05919574;931212000000
05925190;932421600000
05928707;933026400000
05928429;933026400000
05929231;933026400000
05932106;933631200000
05932018;933631200000
05932015;933631200000
05932017;933631200000
05932016;933631200000
05944905;936050400000
05948170;936655200000
05951777;937260000000
05954883;937864800000
05958142;938469600000
05959102;938469600000
05958500;938469600000
05964950;939679200000
05968362;940284000000
05968365;940284000000
05972118;940888800000
05972119;940888800000
05972121;940888800000
05972120;940888800000
05980639;942102000000
05980640;942102000000
05980875;942102000000
05985037;942706800000
05986133;942706800000
05989617;943311600000
05989351;943311600000
05989352;943311600000
05989350;943311600000
05997652;944521200000
06004616;945730800000
06007636;946335600000
06007862;946335600000
06010574;946940400000
06013299;947545200000
06015466;948150000000
06019851;949359600000
06022419;949964400000
06022394;949964400000
06030816;951778800000
06039813;953593200000
06051700;956008800000
06051075;956008800000
06056816;957218400000
06063204;958428000000
06068705;959637600000
06068869;959637600000
06074489;960847200000
06077358;961452000000
06086681;963266400000
06090595;963871200000
06090429;963871200000
06093326;964476000000
06096136;965080800000
06099822;965685600000
06099654;965685600000
06103516;966290400000
06106632;966895200000
06106438;966895200000
06110323;967500000000
06117247;968709600000
06120612;969314400000
06123980;969919200000
06126754;970524000000
06126962;970524000000
06129788;971128800000
06132797;971733600000
06136571;972338400000
06136097;972338400000
06147175;974156400000
06146465;974156400000
06159302;976575600000
06174443;979599600000
06174378;979599600000
06176935;980204400000
06179926;980809200000
06184003;981414000000
06187842;982018800000
06187204;982018800000
06190461;982623600000
06190462;982623600000
06193805;983228400000
06200623;984438000000
06200390;984438000000
06206977;985644000000
06214124;986853600000
06214125;986853600000
06218155;987458400000
06217664;987458400000
06224776;988668000000
06224684;988668000000
06224683;988668000000
06228178;989272800000
06228177;989272800000
06228213;989272800000
06231675;989877600000
06238486;991087200000
06245153;992296800000
06251193;993506400000
06254914;994111200000
06258175;994716000000
06258176;994716000000
06261376;995320800000
06267899;996530400000
06274727;997740000000
06280526;998949600000
06281351;998949600000
06288222;1000159200000
06296772;1001973600000
06299969;1002578400000
06299694;1002578400000
06303346;1003183200000
06306218;1003788000000
06312756;1005001200000
06322632;1006815600000
06329182;1008025200000
06344591;1012863600000
06348264;1014073200000
06352733;1015282800000
06355110;1015887600000
06361809;1017097200000
06365140;1017698400000
06368413;1018303200000
06372049;1018908000000
06375751;1019512800000
06379554;1020117600000
06379467;1020117600000
06383540;1020722400000
06387186;1021327200000
06391352;1021932000000
06391368;1021932000000
06391376;1021932000000
06391204;1021932000000
06406546;1024351200000
06406547;1024351200000
06406548;1024351200000
06409922;1024956000000
06409840;1024956000000
06409841;1024956000000
06410075;1024956000000
06413567;1025560800000
06413494;1025560800000
06416791;1026165600000
06416585;1026165600000
06419978;1026770400000
06419828;1026770400000
06419788;1026770400000
06423145;1027375200000
06428836;1028584800000
06432276;1029189600000
06436678;1029794400000
06440222;1030399200000
06444128;1031004000000
06444044;1031004000000
06447615;1031608800000
06447614;1031608800000
06451121;1032213600000
06451122;1032213600000
06451123;1032213600000
06455091;1032818400000
06454946;1032818400000
06469161;1035237600000
06468355;1035237600000
06475552;1036450800000
06475390;1036450800000
06479636;1037055600000
06482323;1037660400000
06482267;1037660400000
06482268;1037660400000
06485574;1038265200000
06485575;1038265200000
06488980;1038870000000
06488858;1038870000000
06498248;1040684400000
06500342;1041289200000
06506258;1042498800000
06508939;1043103600000
06508886;1043103600000
06507966;1043103600000
06512110;1043708400000
06521120;1045522800000
06527868;1046732400000
06531592;1047337200000
06566125;1053381600000
06569488;1053986400000
06572775;1054591200000
06579375;1055800800000
06580088;1055800800000
06586019;1057010400000
06602420;1060034400000
06607603;1061244000000
06613152;1062453600000
06613898;1062453600000
06617447;1063058400000
06619076;1063663200000
06620292;1063663200000
06623943;1064268000000
06630586;1065477600000
06632286;1066082400000
06638360;1067295600000
06648978;1069110000000
06649066;1069110000000
06656287;1070319600000
06660099;1070924400000
06660506;1070924400000
06663717;1071529200000
06663780;1071529200000
06664389;1071529200000
06670470;1072738800000
06676984;1073948400000
06677386;1073948400000
06685781;1075762800000
06689389;1076367600000
06689755;1076367600000
06692578;1076972400000
06692577;1076972400000
06695924;1077577200000
06703057;1078786800000
06709527;1079996400000
06709526;1079996400000
06716280;1081202400000
06723170;1082412000000
06723367;1082412000000
06736903;1084831200000
06743456;1086040800000
06746541;1086645600000
06746542;1086645600000
06753023;1087855200000
06755915;1088460000000
06755914;1088460000000
06756490;1088460000000
06761821;1089669600000
06770148;1091484000000
06770147;1091484000000
06770757;1091484000000
06773512;1092088800000
06780990;1093298400000
06790288;1095112800000
06802977;1097532000000
06805895;1098136800000
06809197;1098741600000
06821547;1101164400000
06830613;1102978800000
06843854;1106002800000
06844022;1106002800000
06863737;1110236400000
06864063;1110236400000
06872414;1112047200000
06872316;1112047200000
06875349;1112652000000
06877249;1113256800000
06878212;1113256800000
06881432;1113861600000
06890571;1115676000000
06896811;1116885600000
06896915;1116885600000
06897354;1116885600000
06916369;1121119200000
06916381;1121119200000
06919446;1121724000000
06928800;1124143200000
06929815;1124143200000
06929817;1124143200000
06931629;1124143200000
06932991;1124748000000
06933382;1124748000000
06936173;1125352800000
06936110;1125352800000
06936109;1125352800000
06946282;1127167200000
06982237;1136242800000
06987183;1137452400000
06989140;1138057200000
07001469;1140476400000
07001939;1140476400000
RE039005;1141686000000
07008485;1141686000000
07016265;1142895600000
07022239;1144101600000
07033426;1145916000000
07037377;1146520800000
07037378;1146520800000
07041175;1147125600000
07041369;1147125600000
07045003;1147730400000
07060188;1150149600000
07067013;1151359200000
07067014;1151359200000
07077953;1153173600000
07078003;1153173600000
07081261;1153778400000
07086161;1154988000000
07107019;1158012000000
07108885;1158616800000
07115170;1159826400000
07120992;1161036000000
07125455;1161640800000
07134208;1163458800000
07138519;1164063600000
07150793;1166482800000
07150794;1166482800000
07160394;1168297200000
07163711;1168902000000
07181179;1171926000000
07179336;1171926000000
07182818;1172530800000
07189288;1173740400000
07192524;1174345200000
07195674;1174946400000
07195675;1174946400000
07198695;1175551200000
07198679;1175551200000
07208048;1177365600000
07226511;1180994400000
07229558;1181599200000
07238242;1183413600000
07241465;1184018400000
07244312;1184623200000
07276126;1191276000000
07300679;1196118000000
07306679;1197327600000
07314528;1199142000000
07338561;1204585200000
07338562;1204585200000
07361273;1208815200000
07422638;1220911200000
07435564;1223935200000
07442359;1225148400000
07449330;1226358000000
07452425;1226962800000
07455997;1227567600000
07456614;1227567600000
07465398;1229382000000
07481890;1233010800000
07488390;1234220400000
07501025;1236639600000
07503981;1237244400000
07507391;1237849200000
07514552;1239055200000
07524379;1240869600000
07531199;1242079200000
07547539;1245103200000
07575640;1250546400000
07582444;1251756000000
07585652;1252360800000
07605255;1255989600000
07618672;1258412400000
07619134;1258412400000
07632479;1260831600000
07662234;1266274800000
07666261;1266879600000
07670813;1267484400000
07674381;1268089200000
07695566;1271109600000
07704328;1272319200000
07718070;1274133600000
07722722;1274738400000
07722721;1274738400000
07731991;1275948000000
07745378;1277762400000
07754457;1278972000000
07754017;1278972000000
07763570;1280181600000
07763116;1280181600000
07765920;1280786400000
07780792;1282600800000
07785646;1283205600000
07794547;1284415200000
07794548;1284415200000
07815876;1287439200000
07815741;1287439200000
07819976;1288044000000
07819977;1288044000000
07829031;1289257200000
07833356;1289862000000
07842853;1291071600000
07851289;1292281200000
