03858264;158281200000
03859481;158281200000
03859000;158281200000
03859682;158886000000
03863771;160700400000
03863895;160700400000
03864777;161305200000
03864776;161305200000
03866771;161910000000
03870170;163724400000
03871045;164329200000
03872532;164934000000
03872948;164934000000
03874527;165538800000
03875603;166143600000
03877102;166748400000
03880539;167958000000
03879784;167958000000
03881207;168562800000
03881206;168562800000
03882563;169167600000
03882564;169167600000
03883918;169772400000
03883917;169772400000
03884043;169772400000
03886613;170982000000
03886614;170982000000
03886615;170982000000
03887292;170982000000
03894515;174610800000
03894307;174610800000
03896517;175820400000
03899261;177030000000
03902213;178844400000
03902212;178844400000
03904303;179449200000
03906067;180054000000
03906687;180658800000
03906571;180658800000
03908054;180658800000
03908580;181263600000
03908217;181263600000
03909863;181868400000
03912408;182473200000
03913757;183078000000
03916588;184287600000
03919762;185497200000
03921241;186102000000
03921240;186102000000
03924907;187311600000
03925840;187916400000
03927772;188521200000
03927775;188521200000
03928882;189126000000
03933256;190940400000
03934295;191545200000
03937165;192754800000
03936898;192754800000
03938852;193359600000
03943589;195778800000
03944087;195778800000
03950913;198799200000
03952886;199404000000
03952528;199404000000
03953980;200008800000
03956788;201218400000
03962747;203637600000
03964119;204242400000
03964118;204242400000
03967337;205452000000
03970169;206661600000
03971090;207266400000
03971598;207266400000
03974537;209080800000
03974609;209080800000
03974614;209080800000
03975476;209080800000
03976209;209685600000
03977802;210290400000
03978812;210895200000
03979787;211500000000
03981601;212104800000
03981464;212104800000
03981038;212104800000
03982295;212713200000
03983590;213318000000
03984889;213922800000
03984891;213922800000
03986222;214527600000
03989218;215737200000
03992121;216946800000
03994036;218156400000
03995915;218761200000
03995342;218761200000
03997932;219970800000
03999879;220575600000
03999397;220575600000
04002125;221785200000
04003473;222390000000
04004311;222994800000
04006505;224204400000
04007507;224809200000
04007994;224809200000
04008506;225414000000
04010505;226623600000
04011615;227228400000
04012804;227833200000
04014059;228438000000
04014486;228438000000
04015302;229039200000
04015303;229039200000
04016991;229644000000
04017932;230248800000
04020517;231458400000
04020957;231458400000
04020954;231458400000
04021875;232063200000
04023226;232668000000
04024595;233272800000
04024969;233272800000
04030156;235692000000
04032092;236296800000
04033006;236901600000
04033005;236901600000
04034716;237506400000
04035861;238111200000
04039163;239320800000
04042308;240530400000
04043468;241135200000
04043288;241135200000
04042992;241135200000
04042991;241135200000
04047258;242949600000
04047257;242949600000
04047256;242949600000
04051570;244767600000
04058867;249001200000
04062081;250815600000
04063840;251420400000
04065825;252630000000
04065824;252630000000
04068338;253839600000
04068770;253839600000
04069765;254444400000
04073025;256258800000
04074384;256863600000
04075729;257468400000
04075728;257468400000
04075727;257468400000
04076134;257468400000
04076440;257468400000
04079165;258678000000
04078678;258678000000
04079476;259282800000
04080771;259887600000
04080681;259887600000
04081874;260488800000
04083072;261093600000
04084713;261698400000
04087220;262908000000
04087191;262908000000
04087876;263512800000
04088288;263512800000
04088235;263512800000
04091488;265327200000
04097948;268351200000
04097949;268351200000
04102102;270165600000
04103861;270770400000
04106150;271980000000
04106149;271980000000
04107932;272584800000
04110860;273794400000
04110859;273794400000
04111145;273794400000
04111583;273794400000
04111582;273794400000
04112958;274399200000
04114219;275004000000
04116327;275608800000
04117582;276217200000
04118817;276822000000
04118816;276822000000
04119387;276822000000
04120066;277426800000
04120065;277426800000
04120067;277426800000
04121393;278031600000
04123031;278636400000
04123485;278636400000
04123912;279241200000
04123815;279241200000
04126909;281055600000
04127201;281055600000
04127856;281055600000
04129915;282870000000
04129917;282870000000
04129916;282870000000
04133283;284684400000
04133067;284684400000
04137587;287103600000
04141668;288918000000
04142640;289522800000
04142468;289522800000
04143439;290127600000
04143440;290127600000
04144979;290732400000
04145786;291337200000
04151025;293752800000
04151695;294357600000
04152799;294962400000
04155468;296172000000
04157742;297986400000
04161049;301010400000
04161795;301615200000
04162551;302220000000
04169296;307666800000
04170293;308271600000
04171550;309481200000
04172600;310086000000
04177531;313714800000
04181995;316134000000
04184298;317343600000
04186901;318553200000
04187573;319158000000
04188681;319762800000
04191503;320972400000
04192120;321577200000
04198187;324597600000
04200341;325807200000
04200946;326412000000
04208969;330645600000
04209869;331250400000
04209868;331250400000
04210698;331250400000
04211171;331855200000
04214546;333669600000
04222140;337903200000
04223495;338508000000
04223623;338508000000
04225267;339116400000
04224709;339116400000
04229138;340930800000
04233356;342745200000
04235399;343954800000
04235370;343954800000
04242032;346978800000
04245925;348793200000
04248557;350002800000
04252482;351817200000
04253210;352422000000
04253780;352422000000
04257137;354236400000
04257136;354236400000
04259759;355442400000
04262381;356652000000
04265398;357861600000
04264996;357861600000
04271555;360885600000
04274172;362095200000
04279050;364514400000
04280243;365119200000
04282621;366328800000
04282620;366328800000
04282619;366328800000
04282978;366328800000
04285514;367538400000
04285612;367538400000
04288881;369352800000
04290382;369957600000
04293967;371775600000
04293969;371775600000
04295315;372380400000
04296516;372985200000
04297759;373590000000
04297964;373590000000
04299002;374194800000
04300320;374799600000
04301565;375404400000
04304518;376614000000
04305172;377218800000
04307876;378428400000
04307974;378428400000
04308697;379033200000
04311273;380242800000
04312601;380847600000
04318361;384476400000
04318197;384476400000
04318198;384476400000
04319855;385081200000
04319374;385081200000
04319375;385081200000
04319376;385081200000
04320548;385686000000
04320549;385686000000
04325667;388101600000
04325155;388101600000
04328602;389916000000
04330056;390520800000
04329752;390520800000
04332504;391730400000
04332118;391730400000
04333195;392335200000
04333196;392335200000
04333194;392335200000
04337545;394754400000
04339214;395359200000
04341371;396568800000
04343058;397778400000
04343123;397778400000
04344200;398383200000
04345536;398988000000
04347638;400197600000
04348780;400802400000
04352220;402620400000
04353190;403225200000
04354447;403830000000
04355431;404434800000
04356581;405039600000
04357860;405644400000
04359795;406854000000
04359846;406854000000
04362586;408063600000
04363149;408668400000
04363150;408668400000
04364137;409273200000
04365374;409878000000
04366590;410482800000
04366591;410482800000
04368553;411692400000
04369538;412297200000
04372075;413506800000
04373847;414111600000
04373837;414111600000
04374442;414716400000
04376319;416530800000
04379354;418946400000
04382307;421365600000
04386441;423784800000
04392769;426808800000
04393533;427413600000
04394888;428018400000
04397579;429228000000
04398315;429832800000
04400127;430437600000
04402100;431647200000
04403362;432252000000
04406564;433465200000
04411036;435884400000
04411037;435884400000
04413369;437094000000
04421051;440722800000
04420849;440722800000
04422199;441327600000
04426949;443746800000
04429450;444956400000
04433525;446770800000
04441449;450396000000
04443905;451605600000
04449263;454024800000
04450598;454629600000
04451950;455234400000
04453283;455839200000
04453282;455839200000
04454620;456444000000
04455703;457048800000
04457035;457653600000
04458620;458258400000
04460291;458863200000
04461328;459468000000
04464803;461282400000
04472099;464306400000
04473916;465519600000
04473915;465519600000
04480348;468543600000
04482284;469148400000
04484425;470358000000
04487151;471567600000
04488326;472172400000
04488325;472172400000
04488324;472172400000
04488833;472172400000
04489659;472777200000
04490869;473382000000
04493177;474591600000
04493122;474591600000
04493284;474591600000
04495737;475801200000
04497153;476406000000
04498836;477010800000
04501042;478220400000
04510637;482450400000
04510638;482450400000
04513465;483660000000
04514941;484264800000
04516284;484869600000
04517698;485474400000
04520523;486684000000
04521932;487288800000
04525887;489103200000
04526090;489103200000
04528711;490312800000
04531857;491522400000
04531859;491522400000
04531248;491522400000
04534079;492732000000
04535498;493336800000
04538314;494546400000
04543677;496969200000
04551877;500598000000
04553895;501202800000
04553720;501202800000
04554695;501807600000
04555211;501807600000
04557008;503017200000
04557007;503017200000
04559660;504226800000
04559659;504226800000
04560315;504226800000
04561376;504831600000
04564967;506646000000
04566143;507250800000
04566821;507250800000
04569708;508460400000
04569615;508460400000
04570277;509065200000
04572702;509670000000
04572550;509670000000
04574543;510879600000
04581784;513900000000
04587279;515714400000
04587684;516319200000
04589157;516924000000
04589156;516924000000
04590634;517528800000
04593424;518738400000
04601079;522367200000
04601632;522367200000
04602697;522972000000
04602399;522972000000
04604962;524181600000
04604841;524181600000
04605106;524181600000
04606090;524786400000
04607996;525391200000
04610486;526600800000
04612680;527810400000
04615063;529023600000
04615160;529023600000
04616373;529628400000
04616954;529628400000
04619008;530838000000
04620400;531442800000
04620339;531442800000
04621385;532047600000
04624619;533257200000
04625354;533862000000
04628561;535071600000
04628560;535071600000
04630989;535676400000
04630709;535676400000
04630798;535676400000
04631772;536281200000
04633540;536886000000
04634334;536886000000
04634145;536886000000
04635311;537490800000
04636423;537490800000
04637085;538095600000
04638612;538700400000
04641388;539910000000
04642830;540514800000
04644978;541119600000
04646379;541724400000
04648146;542329200000
04648147;542329200000
04649587;542934000000
04649588;542934000000
04649688;542934000000
04651375;543538800000
04653242;544140000000
04660243;546559200000
04660800;546559200000
04662019;547164000000
04662020;547164000000
04662021;547164000000
04664582;547768800000
04663793;547768800000
04665579;548373600000
04665578;548373600000
04665577;548373600000
04665829;548373600000
04665830;548373600000
04669143;549583200000
04670928;550188000000
04672781;550792800000
04673326;550792800000
04674941;551397600000
04674601;551397600000
04675931;552002400000
04677799;552607200000
04679364;553212000000
04681482;553816800000
04682382;554421600000
04689846;557445600000
04691399;558050400000
04692955;558655200000
04694522;559260000000
04695169;559260000000
04697294;560473200000
04698866;561078000000
04700421;561682800000
04703534;562892400000
04704754;563497200000
04706436;564102000000
04706317;564102000000
04706318;564102000000
04706319;564102000000
04709435;565311600000
04709456;565311600000
04710994;565916400000
04711059;565916400000
04712264;566521200000
04712335;566521200000
04712339;566521200000
04715077;567730800000
04718136;568940400000
04718812;568940400000
04718965;568940400000
04721412;570150000000
04721426;570150000000
04720882;570150000000
04722109;570754800000
04722108;570754800000
04723333;571359600000
04726516;572569200000
04728242;573174000000
04727613;573174000000
04727612;573174000000
04727695;573174000000
04730974;574383600000
04730574;574383600000
04730359;574383600000
04738707;577404000000
04741063;578613600000
04742590;579218400000
04742591;579218400000
04744121;579823200000
04750299;582242400000
04751758;582847200000
04759673;585871200000
04759682;585871200000
04761847;587080800000
04761846;587080800000
04765792;588290400000
04767254;588895200000
04767238;588895200000
04776052;592527600000
04776534;592527600000
04777686;593132400000
04779298;593737200000
04780021;593737200000
04784567;595551600000
04784516;595551600000
04787111;596761200000
04792274;598575600000
04795304;599785200000
04799307;601599600000
04799279;601599600000
04800604;602204400000
04807317;604623600000
04815490;607039200000
04817223;607644000000
04817224;607644000000
04823522;609458400000
04823421;609458400000
04825493;610063200000
04825492;610063200000
04825494;610063200000
04827548;610668000000
04827549;610668000000
04831675;611877600000
04831966;611877600000
04833750;612482400000
04835806;613087200000
04838735;613692000000
04837885;613692000000
04839935;614296800000
04845792;616111200000
04847935;616716000000
04850788;617320800000
04852197;617925600000
04853998;618530400000
04853999;618530400000
04854631;618530400000
04856254;619135200000
04861217;620344800000
04860975;620344800000
04862547;620949600000
04865507;621554400000
04865508;621554400000
04865486;621554400000
04864672;621554400000
04864673;621554400000
04866803;622159200000
04873738;624582000000
04874284;624582000000
04876759;625791600000
04879843;627001200000
04882998;628210800000
04884838;628815600000
04886411;629420400000
04897103;633654000000
04900217;634863600000
04907312;637282800000
04912796;639093600000
04912794;639093600000
04912795;639093600000
04913615;639093600000
04915568;639698400000
04918777;640908000000
04920596;641512800000
04920595;641512800000
04920598;641512800000
04920597;641512800000
04922568;642117600000
04923357;642117600000
04923360;642117600000
04927288;643327200000
04928339;643932000000
04928340;643932000000
04935979;646351200000
04938648;646956000000
04938647;646956000000
04937906;646956000000
04940379;647560800000
04944062;649375200000
04946330;649980000000
04945594;649980000000
04945595;649980000000
04951946;651794400000
04953249;652399200000
04955923;653004000000
04955098;653004000000
04961241;655426800000
04963056;656031600000
04962556;656031600000
04965903;657241200000
04966516;657241200000
04972539;659660400000
04972538;659660400000
04972537;659660400000
04972540;659660400000
04974276;660265200000
04977635;661474800000
04977636;661474800000
04979253;662079600000
04984321;663894000000
04986051;664498800000
04986405;664498800000
04987629;665103600000
04990114;665708400000
04990029;665708400000
04991248;666313200000
04993341;666918000000
04993095;666918000000
04993094;666918000000
04995130;667522800000
04995129;667522800000
04998313;668732400000
05001798;669942000000
05001799;669942000000
05004188;670543200000
05008967;672357600000
05010614;672962400000
05014381;674172000000
05014474;674172000000
05016309;674776800000
05018630;675381600000
05025522;677800800000
05026242;677800800000
05026243;677800800000
05027736;678405600000
05032040;679615200000
05033145;680220000000
05033147;680220000000
05033146;680220000000
05035565;680824800000
05037265;681429600000
05040258;682639200000
05040257;682639200000
05042103;683244000000
05042102;683244000000
05042101;683244000000
05042957;683244000000
05044829;683848800000
05049000;685058400000
05051024;685663200000
05052860;686271600000
05054251;686876400000
05054414;686876400000
05060332;688690800000
05062174;689295600000
05063630;689900400000
05066188;690505200000
05065468;690505200000
05065467;690505200000
05067191;691110000000
05068938;691714800000
05070566;692319600000
05071261;692319600000
05071306;692319600000
05072474;692924400000
05077852;694738800000
05084936;697158000000
05085165;697158000000
05085555;697158000000
05088142;698367600000
05088143;698367600000
05090335;698972400000
05096362;700786800000
05096359;700786800000
05097557;701391600000
05097558;701391600000
05103523;703202400000
05105915;703807200000
05105495;703807200000
05105494;703807200000
05107561;704412000000
05107781;704412000000
05111546;705621600000
05113543;706226400000
05118099;707436000000
05118241;707436000000
05117525;707436000000
05117526;707436000000
05121518;708645600000
05123777;709250400000
05123135;709250400000
05125763;709855200000
05133634;712274400000
05134741;712879200000
05137114;713484000000
05140716;714693600000
05145278;715903200000
05145310;715903200000
05144710;715903200000
05149017;717112800000
05148751;717112800000
05152370;718326000000
05154569;718930800000
05157801;720140400000
05160236;720745200000
05165823;722559600000
05168267;723164400000
05170976;724374000000
05174075;725583600000
05174084;725583600000
05173982;725583600000
05173981;725583600000
05179751;727398000000
05179752;727398000000
05183372;728607600000
05184366;729212400000
05186421;729817200000
05195204;732841200000
05195205;732841200000
05197157;733442400000
05199150;734047200000
05205010;735861600000
05208077;736466400000
05208932;737071200000
05212846;738280800000
05215401;738885600000
05215382;738885600000
05214818;738885600000
05214817;738885600000
05216773;739490400000
05219259;740095200000
05226204;742514400000
05241721;747352800000
05241722;747352800000
05251354;750380400000
05253410;750985200000
05253381;750985200000
05255996;751590000000
05257431;752194800000
05259081;752799600000
05261137;753404400000
05261138;753404400000
05263217;754009200000
05265392;754614000000
05267368;755218800000
05267367;755218800000
05269036;755823600000
05273335;757033200000
05273239;757033200000
05274867;757638000000
05277436;758242800000
05276931;758242800000
05276930;758242800000
05284414;760662000000
05287580;761871600000
05287579;761871600000
05287578;761871600000
05293658;763686000000
05295759;764290800000
05297308;764892000000
05302050;766101600000
05301483;766101600000
05303443;766706400000
05306112;767311200000
05305486;767311200000
05305575;767311200000
05307533;767916000000
05311629;769125600000
05311628;769125600000
05313681;769730400000
05317775;770940000000
05319818;771544800000
05324117;772754400000
05323503;772754400000
05325558;773359200000
05325557;773359200000
05327695;773964000000
05327605;773964000000
05329652;774568800000
05331701;775173600000
05331700;775173600000
05333340;775778400000
05333339;775778400000
05335386;776383200000
05339475;777592800000
05340267;777592800000
05341533;778197600000
05343583;778802400000
05347672;780012000000
05349712;780620400000
05351353;781225200000
05359746;783644400000
05363527;784854000000
05365712;785458800000
05374154;787878000000
05375283;788482800000
05380123;789692400000
05380145;789692400000
05380144;789692400000
05382130;790297200000
05381575;790297200000
05385219;791506800000
05388947;792716400000
05390386;793321200000
05390620;793321200000
05393192;793926000000
05392481;793926000000
05394583;794530800000
05396676;795135600000
05400846;796341600000
05400733;796341600000
05400454;796341600000
05402546;796946400000
05406662;798156000000
05406663;798156000000
05412915;799970400000
05414885;800575200000
05414886;800575200000
05416941;801180000000
05419652;801784800000
05418993;801784800000
05418992;801784800000
05421051;802389600000
05421052;802389600000
05423101;802994400000
05425152;803599200000
05425593;803599200000
05431521;805413600000
05430903;805413600000
05437072;807228000000
05441376;808437600000
05440772;808437600000
05440773;808437600000
05443584;809042400000
05442825;809042400000
05444885;809647200000
05446937;810252000000
05446938;810252000000
05447387;810252000000
05450643;811461600000
05452489;812070000000
05454128;812674800000
05454127;812674800000
05454196;812674800000
05457840;813884400000
05457837;813884400000
05457836;813884400000
05457839;813884400000
05457838;813884400000
05460460;814489200000
05461743;815094000000
05462249;815094000000
05463786;815698800000
05466068;816303600000
05468114;816908400000
05467493;816908400000
05471694;818118000000
05471693;818118000000
05475888;819327600000
05479671;820537200000
05481773;821142000000
05481774;821142000000
05483716;821746800000
05483715;821746800000
05487199;822956400000
05490754;824166000000
05491861;824770800000
05493746;825375600000
05494393;825375600000
05494741;825375600000
05495631;825980400000
05499419;827190000000
05500968;827794800000
05505237;829000800000
05505026;829000800000
05505663;829000800000
05504956;829000800000
05507057;829605600000
05509243;830210400000
05511268;830815200000
05511267;830815200000
05511266;830815200000
05511922;830815200000
05513408;831420000000
05517708;832629600000
05517921;832629600000
05519909;833234400000
05522108;833839200000
05522107;833839200000
05524318;834444000000
05524310;834444000000
05526544;835048800000
05526545;835048800000
05533221;836863200000
05535696;837468000000
05535470;837468000000
05537790;838072800000
05539946;838677600000
05544381;839887200000
05546623;840492000000
05549418;841096800000
05551113;841701600000
05553343;842306400000
05553341;842306400000
05553342;842306400000
05553427;842306400000
05553439;842306400000
05553989;842306400000
05560063;844120800000
05560733;844120800000
05566414;845935200000
05568667;846543600000
05570486;847148400000
05574658;847753200000
05577284;848962800000
05586355;851382000000
05586356;851382000000
05588782;851986800000
05590433;852591600000
05597240;854406000000
05599235;855010800000
05598594;855010800000
05598595;855010800000
05600860;855615600000
05600859;855615600000
05603343;856220400000
05603134;856220400000
05604949;856825200000
05606929;857430000000
05608937;858034800000
05613797;859244400000
05615436;859845600000
05617598;860450400000
05617599;860450400000
05621938;861660000000
05625985;862869600000
05628582;863474400000
05634308;865288800000
05634228;865288800000
05636399;865893600000
05640733;867103200000
05640732;867103200000
05642592;867708000000
05642549;867708000000
05644812;868312800000
05647081;868917600000
05649333;869522400000
05649784;869522400000
05651154;870127200000
05651155;870127200000
05651656;870127200000
05655457;871336800000
05655472;871336800000
05655347;871336800000
05655243;871336800000
05655244;871336800000
05655644;871336800000
05657502;871941600000
05657716;871941600000
05667018;874360800000
05671496;875570400000
05673449;876175200000
05676515;876780000000
05678374;877384800000
05678984;877384800000
05680664;877993200000
05682635;878598000000
05697754;882226800000
05704086;884041200000
05720067;888274800000
05724691;889484400000
05727491;890089200000
05727272;890089200000
05732430;891295200000
05735008;891900000000
05740575;893109600000
05762460;897343200000
05761757;897343200000
05765248;897948000000
05768733;898552800000
05771518;899157600000
05774920;899762400000
05775038;899762400000
05781954;900972000000
05781953;900972000000
05784741;901576800000
05784740;901576800000
05784738;901576800000
05784739;901576800000
05791717;902786400000
05791003;902786400000
05794291;903391200000
05794292;903391200000
05794537;903391200000
05794402;903391200000
05795125;903391200000
05803523;905205600000
05803641;905205600000
05802652;905205600000
05802650;905205600000
05802651;905205600000
05806121;905810400000
05809710;906415200000
05810507;906415200000
05813070;907020000000
05813071;907020000000
05813072;907020000000
05816767;907624800000
05815871;907624800000
05815870;907624800000
05826291;909442800000
05826290;909442800000
05829947;910047600000
05831540;910047600000
05832554;910652400000
05832555;910652400000
05832678;910652400000
05836028;911257200000
05836029;911257200000
05839852;911862000000
05846020;913071600000
05845356;913071600000
05845579;913071600000
05851099;914281200000
05850653;914281200000
05850652;914281200000
05853150;914886000000
05855035;915490800000
05863148;917305200000
05862884;917305200000
05862556;917305200000
05862557;917305200000
05864910;917910000000
05867855;918514800000
05867854;918514800000
05871329;919119600000
05870789;919119600000
05870788;919119600000
05881414;921538800000
05887308;922744800000
05890948;923349600000
05893698;923954400000
05893187;923954400000
05894618;924559200000
05896609;925164000000
05897285;925164000000
05901395;926373600000
05901396;926373600000
05903943;926978400000
05906084;927583200000
05907276;927583200000
05911538;929397600000
05913340;930002400000
05915423;930607200000
05918339;931212000000
05920938;931816800000
05920936;931816800000
05920937;931816800000
05924152;932421600000
05924250;932421600000
05926889;933026400000
05926890;933026400000
05934199;934236000000
05933898;934236000000
05938397;934840800000
05937468;934840800000
05941656;935445600000
05940916;935445600000
05940917;935445600000
05946756;936655200000
05950266;937260000000
05950267;937260000000
05960502;939074400000
05967694;940284000000
05966764;940284000000
05971692;940888800000
05975829;941497200000
05978997;942102000000
05978998;942102000000
05980152;942102000000
05984569;942706800000
05987680;943311600000
05988973;943311600000
05992125;943916400000
05996156;944521200000
06000358;945126000000
06003183;945730800000
06006389;946335600000
06009586;946940400000
06009587;946940400000
06012191;947545200000
06018834;949359600000
06018833;949359600000
06022169;949964400000
06023806;950569200000
06035475;952988400000
06039503;953593200000
06042923;954194400000
06042480;954194400000
06044511;954799200000
06049932;956008800000
06055692;957218400000
06055691;957218400000
06055693;957218400000
06058666;957823200000
06061859;958428000000
06065257;959032800000
06065172;959032800000
06067681;959637600000
06070832;960242400000
06070283;960242400000
06073293;960847200000
06076215;961452000000
06079072;962056800000
06081954;962661600000
06081955;962661600000
06085375;963266400000
06092350;964476000000
06098227;965685600000
06099233;965685600000
06101781;966290400000
06102648;966290400000
06109854;967500000000
06108998;967500000000
06112629;968104800000
06112353;968104800000
06119634;969314400000
06120234;969314400000
06120208;969314400000
06122789;969919200000
06125491;970524000000
06131357;971733600000
06131225;971733600000
06131224;971733600000
06135532;972338400000
06139249;972946800000
06138309;972946800000
06145270;974156400000
06151743;975366000000
06154910;975970800000
06161359;977180400000
06163913;977785200000
06167582;978390000000
06170106;978994800000
06170105;978994800000
06176192;980204400000
06175982;980204400000
06179545;980809200000
06178706;980809200000
06182319;981414000000
06186734;982018800000
06185775;982018800000
06192541;983228400000
06195826;983833200000
06199236;984438000000
06205605;985644000000
06205606;985644000000
06212724;986853600000
06216303;987458400000
06234716;990482400000
06234103;990482400000
06234272;990482400000
06240587;991692000000
06241452;991692000000
06244608;992296800000
06243994;992296800000
06249925;993506400000
06264416;995925600000
06267398;996530400000
06267082;996530400000
06269508;997135200000
06276016;998344800000
06293748;1001368800000
06292968;1001368800000
06292967;1001368800000
06301735;1003183200000
06301736;1003183200000
06308357;1004396400000
06309140;1004396400000
06311352;1005001200000
06314602;1005606000000
06317914;1006210800000
06317915;1006210800000
06325576;1007420400000
06327733;1008025200000
06330726;1008630000000
06338175;1011049200000
06345950;1013468400000
06345403;1013468400000
06347424;1014073200000
06349441;1014678000000
06352400;1015282800000
06357990;1016492400000
06360394;1017097200000
06360393;1017097200000
06363564;1017698400000
06368043;1018303200000
06370719;1018908000000
06371719;1018908000000
06374445;1019512800000
06381792;1020722400000
06381793;1020722400000
06386819;1021327200000
06389629;1021932000000
06393644;1022536800000
06398456;1023141600000
06397423;1023141600000
06401285;1023746400000
06401286;1023746400000
06405397;1024351200000
06407348;1024351200000
06409458;1024956000000
06412132;1025560800000
06412982;1025560800000
06416258;1026165600000
06418675;1026770400000
06418583;1026770400000
06418582;1026770400000
06421863;1027375200000
06421864;1027375200000
06425157;1027980000000
06427395;1028584800000
06431815;1029189600000
06430769;1029189600000
06439823;1030399200000
06442783;1031004000000
06446292;1031608800000
06449791;1032213600000
06449790;1032213600000
06453495;1032818400000
06453494;1032818400000
06460213;1034028000000
06460214;1034028000000
06460212;1034028000000
06463613;1034632800000
06467118;1035237600000
06467117;1035237600000
06470631;1035846000000
06470523;1035846000000
06470524;1035846000000
06473926;1036450800000
06476572;1036450800000
06481176;1037660400000
06481037;1037660400000
06481036;1037660400000
06481039;1037660400000
06481038;1037660400000
06484343;1038265200000
06484344;1038265200000
06487741;1038870000000
06487743;1038870000000
06487742;1038870000000
06490745;1039474800000
06491473;1039474800000
06493895;1040079600000
06497076;1040684400000
06496996;1040684400000
06499169;1041289200000
06499170;1041289200000
06502268;1041894000000
06502267;1041894000000
06507163;1042498800000
06516487;1044918000000
06517051;1044918000000
06520523;1045522800000
06523207;1046127600000
06526615;1046732400000
06526614;1046732400000
06526706;1046732400000
06530101;1047337200000
06533525;1047942000000
06533671;1047942000000
06536063;1048546800000
06536064;1048546800000
06536363;1048546800000
06539572;1049148000000
06539571;1049148000000
06543077;1049752800000
06543076;1049752800000
06552327;1050962400000
06557201;1052172000000
06560807;1052776800000
06561728;1052776800000
06564414;1053381600000
06568019;1053986400000
06574818;1055196000000
06574844;1055196000000
06575516;1055196000000
06578343;1055800800000
06578328;1055800800000
06581231;1056405600000
06588041;1057615200000
06588160;1057615200000
06591567;1058220000000
06592135;1058220000000
06594842;1058824800000
06598253;1059429600000
06609265;1061848800000
06611982;1062453600000
06626587;1064872800000
06629328;1065477600000
06631591;1066082400000
06631530;1066082400000
06634049;1066687200000
06634848;1066687200000
06637063;1067295600000
06643880;1068505200000
06643879;1068505200000
06643878;1068505200000
06644628;1068505200000
06654976;1070319600000
06654977;1070319600000
06658685;1070924400000
06658684;1070924400000
06659686;1070924400000
06659704;1070924400000
06663322;1071529200000
06666618;1072134000000
06668412;1072738800000
06668411;1072738800000
06672968;1073343600000
06675422;1073948400000
06676358;1073948400000
06678910;1074553200000
06681432;1075158000000
06681431;1075158000000
06682259;1075158000000
06682294;1075158000000
06684443;1075762800000
06691361;1076972400000
06691645;1076972400000
06692191;1076972400000
06695707;1077577200000
06698051;1078182000000
06698052;1078182000000
06698053;1078182000000
06701563;1078786800000
06701564;1078786800000
06701562;1078786800000
06704963;1079391600000
06708362;1079996400000
06708361;1079996400000
06708623;1079996400000
06711774;1080597600000
06715177;1081202400000
06715176;1081202400000
06718588;1081807200000
06718902;1081807200000
06721985;1082412000000
06722088;1082412000000
06722612;1082412000000
06722721;1082412000000
06722931;1082412000000
06724314;1082412000000
06725488;1083016800000
06725487;1083016800000
06728987;1083621600000
06739011;1085436000000
06739279;1085436000000
06742211;1086040800000
06742210;1086040800000
06745421;1086645600000
06745423;1086645600000
06745422;1086645600000
06747212;1086645600000
06751821;1087855200000
06757926;1089064800000
06757927;1089064800000
06760944;1089669600000
06769149;1091484000000
06772464;1092088800000
06781516;1093298400000
06782665;1093903200000
06782577;1093903200000
06785925;1094508000000
06789286;1095112800000
06792638;1095717600000
06793039;1095717600000
06795992;1096322400000
06799345;1096927200000
06802095;1097532000000
06802096;1097532000000
06804927;1098136800000
06804850;1098136800000
06813792;1099954800000
06814523;1099954800000
06817444;1100559600000
06820296;1101164400000
06820295;1101164400000
06825444;1101769200000
06827543;1102374000000
06832403;1103583600000
06834409;1104188400000
06837669;1104793200000
06842930;1106002800000
06847750;1106607600000
06851149;1107817200000
06854147;1108422000000
06857155;1109026800000
06857156;1109026800000
06862768;1110236400000
06863243;1110236400000
06868574;1111446000000
06875116;1112652000000
06874192;1112652000000
06878881;1113256800000
06880301;1113861600000
06880193;1113861600000
06880194;1113861600000
06883198;1114466400000
06887028;1115071200000
06892409;1116280800000
06892411;1116280800000
06892410;1116280800000
06895622;1116885600000
06895623;1116885600000
06898816;1117490400000
06898815;1117490400000
06904636;1118700000000
06907635;1119304800000
06907838;1119304800000
06910239;1119909600000
06912751;1120514400000
06912750;1120514400000
06918151;1121724000000
06918152;1121724000000
06920658;1122328800000
06921339;1122328800000
06922955;1122933600000
06923140;1122933600000
06928683;1124143200000
06928684;1124143200000
06928959;1124143200000
06929217;1124143200000
06929553;1124143200000
06931686;1124748000000
06931687;1124748000000
06942062;1126562400000
06942271;1126562400000
06948440;1127772000000
06951041;1128376800000
RE038804;1128376800000
06954959;1129586400000
06955134;1129586400000
06957716;1130191200000
06971795;1133823600000
06972687;1133823600000
06973693;1134428400000
06979145;1135638000000
06983720;1136847600000
06986319;1137452400000
06988289;1138057200000
06993801;1139266800000
06993802;1139266800000
06993881;1139266800000
06997640;1139871600000
07000279;1140476400000
07003837;1141081200000
07003835;1141081200000
07003836;1141081200000
07010824;1142290800000
07010825;1142290800000
07010890;1142290800000
07013520;1142895600000
07013519;1142895600000
07013518;1142895600000
07017220;1143496800000
07017219;1143496800000
07018109;1143496800000
07020924;1144101600000
RE039063;1145311200000
07029198;1145311200000
07030354;1145311200000
07032268;1145916000000
07032267;1145916000000
07036707;1146520800000
07039978;1147125600000
07043789;1147730400000
07043790;1147730400000
07047584;1148335200000
07055251;1149544800000
07062811;1150754400000
07062812;1150754400000
07062813;1150754400000
07062814;1150754400000
07069612;1151964000000
07069611;1151964000000
07069614;1151964000000
07069613;1151964000000
07070540;1151964000000
07070220;1151964000000
07082637;1154383200000
07093314;1156197600000
07100232;1157407200000
07100231;1157407200000
07100233;1157407200000
07103935;1158012000000
07104524;1158012000000
07104895;1158012000000
07114210;1159826400000
D0530362;1161036000000
07120959;1161036000000
07121226;1161036000000
07124460;1161640800000
07128186;1162249200000
07131160;1162854000000
07131161;1162854000000
07134159;1163458800000
RE039404;1164063600000
07137162;1164063600000
D0532817;1164668400000
07143560;1165273200000
07145078;1165273200000
07145079;1165273200000
07146673;1165878000000
07146672;1165878000000
07152726;1167087600000
07159261;1168297200000
07159262;1168297200000
07162762;1168902000000
07162761;1168902000000
07162760;1168902000000
D0535659;1169506800000
07168119;1170111600000
07174682;1171321200000
07174591;1171321200000
07174592;1171321200000
07180509;1171926000000
07179042;1171926000000
07185382;1173135600000
07185381;1173135600000
07188383;1173740400000
07191528;1174345200000
07192240;1174345200000
07194779;1174946400000
07195301;1174946400000
D0539337;1174946400000
07200887;1176156000000
07200886;1176156000000
07204058;1176760800000
07207079;1177365600000
07210183;1177970400000
07213286;1178575200000
07213285;1178575200000
07213798;1178575200000
07216392;1179180000000
07216391;1179180000000
07225493;1180994400000
07225492;1180994400000
07228582;1181599200000
07237294;1183413600000
07240388;1184018400000
07240389;1184018400000
07240387;1184018400000
07241078;1184018400000
07252454;1186437600000
07255314;1187042400000
07258384;1187647200000
07260861;1188252000000
07261614;1188252000000
07263736;1188856800000
07269871;1190066400000
07278242;1191880800000
07281287;1192485600000
07296317;1195513200000
07299517;1196118000000
07299516;1196118000000
07302725;1196722800000
07305730;1197327600000
07308726;1197932400000
07309836;1197932400000
07310843;1198537200000
07310842;1198537200000
07316043;1199746800000
RE040064;1203375600000
07334963;1203980400000
07334282;1203980400000
07334281;1203980400000
07338052;1204585200000
07347556;1206399600000
07350255;1207000800000
07350254;1207000800000
07350843;1207000800000
07353558;1207605600000
07354219;1207605600000
07360268;1208815200000
07363671;1209420000000
07363670;1209420000000
07367075;1210024800000
07371030;1210629600000
07373683;1211234400000
07373760;1211234400000
07380305;1212444000000
07383600;1213048800000
07389555;1214258400000
07392561;1214863200000
07395570;1215468000000
07401371;1216677600000
07409739;1218492000000
07415746;1219701600000
07418804;1220306400000
07421825;1220911200000
07422263;1220911200000
07428765;1222725600000
07430775;1223330400000
07435034;1223935200000
07436400;1223935200000
07441380;1225148400000
07441295;1225148400000
07444785;1225753200000
07448103;1226358000000
07448104;1226358000000
07451512;1226962800000
07454811;1227567600000
07458122;1228172400000
07461427;1228777200000
07467436;1229986800000
07469958;1230591600000
07469439;1230591600000
07469438;1230591600000
07475446;1231801200000
07478449;1232406000000
07478450;1232406000000
07481176;1233010800000
07484259;1233615600000
07497494;1236034800000
07503089;1237244400000
07506879;1237849200000
07509702;1238450400000
07509701;1238450400000
07513832;1239055200000
07520014;1240264800000
07523516;1240869600000
07524136;1240869600000
07526826;1241474400000
07533433;1242684000000
07533434;1242684000000
07533431;1242684000000
07533432;1242684000000
07543347;1244498400000
07546655;1245103200000
07546656;1245103200000
07546654;1245103200000
07552495;1246312800000
07555799;1246917600000
07555800;1246917600000
07557510;1246917600000
07564367;1248127200000
07568252;1249336800000
07568253;1249336800000
07571507;1249941600000
07571577;1249941600000
07572084;1249941600000
07574764;1250546400000
07584517;1252360800000
07592547;1253570400000
07594290;1254175200000
07595450;1254175200000
07596825;1254780000000
07596826;1254780000000
07597287;1254780000000
07600283;1255384800000
07600282;1255384800000
07603733;1255989600000
07603735;1255989600000
07603734;1255989600000
07603737;1255989600000
07603736;1255989600000
07607186;1256598000000
07614585;1257807600000
07621236;1259017200000
07627921;1260226800000
07631384;1260831600000
07631612;1260831600000
07634832;1261436400000
07647664;1263855600000
07653957;1265065200000
07657957;1265670000000
07661171;1266274800000
07665170;1266879600000
07669269;1267484400000
07669270;1267484400000
07669271;1267484400000
07669272;1267484400000
07670096;1267484400000
07674980;1268089200000
07677494;1268694000000
07681272;1269298800000
07681271;1269298800000
07685800;1269900000000
07690862;1270504800000
07690065;1270504800000
07690957;1270504800000
07694374;1271109600000
07694375;1271109600000
07708497;1272924000000
07721369;1274738400000
07731472;1275948000000
07739766;1277157600000
07743445;1277762400000
07743446;1277762400000
07743444;1277762400000
07748068;1278367200000
07752696;1278972000000
07753323;1278972000000
07757450;1279576800000
07770250;1281391200000
07779499;1282600800000
07784134;1283205600000
07793374;1284415200000
07795329;1284415200000
07795535;1284415200000
07802337;1285624800000
07810197;1286834400000
07810196;1286834400000
07810198;1286834400000
07814600;1287439200000
07814599;1287439200000
07814724;1287439200000
RE041851;1288044000000
07819619;1288044000000
07823240;1288652400000
07823239;1288652400000
07827641;1289257200000
07827642;1289257200000
07836536;1290466800000
07838772;1290466800000
07845117;1291676400000
07850189;1292281200000
07854032;1292886000000
07857543;1293490800000
