03858392;158281200000
03860477;158886000000
03860462;158886000000
03860463;158886000000
03860677;158886000000
03860678;158886000000
03861970;159490800000
03861138;159490800000
03863176;160095600000
03862865;160095600000
03862866;160095600000
03862864;160095600000
03864177;160700400000
03864178;160700400000
03865035;161305200000
03865660;161305200000
03865659;161305200000
03865658;161305200000
03865657;161305200000
03865656;161305200000
03867354;161910000000
03867215;161910000000
03867213;161910000000
03867214;161910000000
03868282;162514800000
03869544;163119600000
03869320;163119600000
03870577;163724400000
03870578;163724400000
03871875;164329200000
03872192;164329200000
03872158;164329200000
03872159;164329200000
03873676;164934000000
03873617;164934000000
03873626;164934000000
03873579;164934000000
03873517;164934000000
03873727;164934000000
03873385;164934000000
03873386;164934000000
03875189;165538800000
03874957;165538800000
03876478;166143600000
03876477;166143600000
03876676;166143600000
03876754;166143600000
03878396;166748400000
03878004;166748400000
03878002;166748400000
03878003;166748400000
03878233;166748400000
03878121;166748400000
03878791;167353200000
03879322;167353200000
03879504;167353200000
03880683;167958000000
03880595;167958000000
03881970;168562800000
03881968;168562800000
03881969;168562800000
03881420;168562800000
03882037;168562800000
03882324;168562800000
03882323;168562800000
03882208;168562800000
03882784;169167600000
03883376;169167600000
03883377;169167600000
03883374;169167600000
03883375;169167600000
03883378;169167600000
03883373;169167600000
03883641;169167600000
03883644;169167600000
03883645;169167600000
03883542;169167600000
03884734;169772400000
03884736;169772400000
03884735;169772400000
03886010;170377200000
03886007;170377200000
03886008;170377200000
03886009;170377200000
03886006;170377200000
03886173;170377200000
03888177;171586800000
03888707;171586800000
03890171;172191600000
03890168;172191600000
03890175;172191600000
03890174;172191600000
03890173;172191600000
03890172;172191600000
03891482;172796400000
03891816;172796400000
03892610;173401200000
03894068;174006000000
03894894;174610800000
03895098;174610800000
03895980;175215600000
03895979;175215600000
03895578;175215600000
03896865;175820400000
03897237;175820400000
03897283;175820400000
03897284;175820400000
03897285;175820400000
03897733;176425200000
03898076;176425200000
03898254;176425200000
03898112;176425200000
03898111;176425200000
03898798;177030000000
03899374;177030000000
03899375;177030000000
03901152;178239600000
03901747;178239600000
03902891;178844400000
03902934;178844400000
03902935;178844400000
03902933;178844400000
03903219;178844400000
03904452;179449200000
03904451;179449200000
03904674;179449200000
03904715;179449200000
03905846;180054000000
03907619;180658800000
03907907;180658800000
03909323;181263600000
03909322;181263600000
03909324;181263600000
03909497;181263600000
03910805;181868400000
03912560;182473200000
03912561;182473200000
03912562;182473200000
03914139;183078000000
03914141;183078000000
03914140;183078000000
03914143;183078000000
03914142;183078000000
03914209;183078000000
03914206;183078000000
03915768;183682800000
03917767;184287600000
03917809;184287600000
03917496;184287600000
03919016;184892400000
03919015;184892400000
03919014;184892400000
03919013;184892400000
03919012;184892400000
03919011;184892400000
03920575;185497200000
03920494;185497200000
03921394;186102000000
03922311;186102000000
03922279;186102000000
03923565;186706800000
03923564;186706800000
03923804;186706800000
03923830;186706800000
03924405;187311600000
03925125;187311600000
03925124;187311600000
03925123;187311600000
03925122;187311600000
03926696;187916400000
03926697;187916400000
03926698;187916400000
03927103;187916400000
03928514;188521200000
03928546;188521200000
03928964;189126000000
03929530;189126000000
03931374;189730800000
03931040;189730800000
03930844;189730800000
03930911;189730800000
03930910;189730800000
03932353;190335600000
03932240;190335600000
03932241;190335600000
03932242;190335600000
03933542;190940400000
03933543;190940400000
03936330;192150000000
03937727;192754800000
03937770;192754800000
03938440;193359600000
03939018;193359600000
03940298;193964400000
03940297;193964400000
03940258;193964400000
03941626;194569200000
03941812;194569200000
03942445;195174000000
03943209;195174000000
03943208;195174000000
03943017;195174000000
03943820;195778800000
03944448;195778800000
03945202;196383600000
03946085;196383600000
03947300;196984800000
03947301;196984800000
03947523;196984800000
03948698;197589600000
03948697;197589600000
03948699;197589600000
03948245;197589600000
03948700;197589600000
03950196;198194400000
03950009;198194400000
03951703;198799200000
03951704;198799200000
03951705;198799200000
03951706;198799200000
03953256;199404000000
03953261;199404000000
03953260;199404000000
03953262;199404000000
03953258;199404000000
03953257;199404000000
03953259;199404000000
03953192;199404000000
03954822;200008800000
03954530;200008800000
03954532;200008800000
03954531;200008800000
03954527;200008800000
03954526;200008800000
03954529;200008800000
03954528;200008800000
03954533;200008800000
03954667;200008800000
03955509;200613600000
03956038;200613600000
03956039;200613600000
03956040;200613600000
03956980;201218400000
03956890;201218400000
03957551;201218400000
03957550;201218400000
03957549;201218400000
03957548;201218400000
03959044;201823200000
03959043;201823200000
03959042;201823200000
03959041;201823200000
03958417;201823200000
03960088;202428000000
03960083;202428000000
03960087;202428000000
03961106;202428000000
03960621;202428000000
03960946;202428000000
03960993;202428000000
03962349;203032800000
03962347;203032800000
03962382;203032800000
03962297;203032800000
03962001;203032800000
03963545;203637600000
03963544;203637600000
03963543;203637600000
03963542;203637600000
03963541;203637600000
03964256;204242400000
03964255;204242400000
03965081;204242400000
03965951;204847200000
03965676;204847200000
03966853;204847200000
03966516;204847200000
03967989;205452000000
03967990;205452000000
03968139;205452000000
03968126;205452000000
03968160;205452000000
03968158;205452000000
03968150;205452000000
03968723;206056800000
03969067;206056800000
03969166;206056800000
03969167;206056800000
03970588;206661600000
03969979;206661600000
03971729;207266400000
03971681;207266400000
03972291;207871200000
03972673;207871200000
03972820;207871200000
03972856;207871200000
03972967;207871200000
03974004;208476000000
03976522;209685600000
03976521;209685600000
03976466;209685600000
03977922;210290400000
03977921;210290400000
03977924;210290400000
03977923;210290400000
03979236;210895200000
03979486;210895200000
03980710;211500000000
03980741;211500000000
03980509;211500000000
03980510;211500000000
03980580;211500000000
03981756;212104800000
03981899;212104800000
03982975;212713200000
03982930;212713200000
03983149;212713200000
03984265;213318000000
03984264;213318000000
03983818;213318000000
03983816;213318000000
03985592;213922800000
03985593;213922800000
03985594;213922800000
03985595;213922800000
03986910;214527600000
03986906;214527600000
03986907;214527600000
03986908;214527600000
03986909;214527600000
03989560;215737200000
03989683;215737200000
03989776;215737200000
03989792;215737200000
03991565;216946800000
03991680;216946800000
03993514;217551600000
03993524;217551600000
03993632;217551600000
03993838;217551600000
03994946;218156400000
03994756;218156400000
03994757;218156400000
03996078;218761200000
03996079;218761200000
03996080;218761200000
03995673;218761200000
03995559;218761200000
03998749;219970800000
03998597;219970800000
03998676;219970800000
04000021;220575600000
04000022;220575600000
04000023;220575600000
04000024;220575600000
04000025;220575600000
04001287;221180400000
04001291;221180400000
04001135;221180400000
04001136;221180400000
04001191;221180400000
04001057;221180400000
04001058;221180400000
04001059;221180400000
04001060;221180400000
04002681;221785200000
04002515;221785200000
04002514;221785200000
04003771;222390000000
04004415;222994800000
04006206;223599600000
04005876;223599600000
04008109;224809200000
04008108;224809200000
04008110;224809200000
04009060;225414000000
04011265;226623600000
04011289;226623600000
04011116;226623600000
04011117;226623600000
04011114;226623600000
04011115;226623600000
04011818;227228400000
04012246;227228400000
04012245;227228400000
04012244;227228400000
04012384;227228400000
04013596;227833200000
04013491;227833200000
04013490;227833200000
04013743;227833200000
04013061;227833200000
04014720;228438000000
04014721;228438000000
04014719;228438000000
04014655;228438000000
04016199;229039200000
04016018;229039200000
04015355;229039200000
04017342;229644000000
04018676;230248800000
04018635;230248800000
04018637;230248800000
04018636;230248800000
04019934;230853600000
04019932;230853600000
04019933;230853600000
04021514;231458400000
04021362;231458400000
04021275;231458400000
04022705;232063200000
04023352;232668000000
04023996;232668000000
04023995;232668000000
04023994;232668000000
04023935;232668000000
04025591;233272800000
04025370;233272800000
04025369;233272800000
04024818;233272800000
04026739;233877600000
04026738;233877600000
04026912;233877600000
04028154;234482400000
04028153;234482400000
04028152;234482400000
04029529;235087200000
04029530;235087200000
04031172;235692000000
04031150;235692000000
04032377;236296800000
04032376;236296800000
04032375;236296800000
04032374;236296800000
04033502;236901600000
04033264;236901600000
04033799;236901600000
04033798;236901600000
04034676;237506400000
04034675;237506400000
04038374;238716000000
04038116;238716000000
04038115;238716000000
04038112;238716000000
04038114;238716000000
04038113;238716000000
04039361;239320800000
04039360;239320800000
04039640;239320800000
04040879;239925600000
04040880;239925600000
04041217;239925600000
04042432;240530400000
04042431;240530400000
04042430;240530400000
04042619;240530400000
04043850;241135200000
04045260;241740000000
04045261;241740000000
04047990;242949600000
04047989;242949600000
04047988;242949600000
04047987;242949600000
04048219;242949600000
04050347;244162800000
04050970;244162800000
04050968;244162800000
04050969;244162800000
04051207;244162800000
04052943;245372400000
04053567;245372400000
04053566;245372400000
04053433;245372400000
04053337;245372400000
04055449;246582000000
04055450;246582000000
04055516;246582000000
04055881;247186800000
04056416;247186800000
04057441;247791600000
04057442;247791600000
04057509;247791600000
04058420;248396400000
04059644;249001200000
04060435;249606000000
04060434;249606000000
04061658;250210800000
04061512;250210800000
04061511;250210800000
04062897;250815600000
04062708;250815600000
04062709;250815600000
04063508;251420400000
04063975;251420400000
04064180;251420400000
04065529;252025200000
04065332;252025200000
04066833;252630000000
04069365;253839600000
04068589;253839600000
04070212;254444400000
04070213;254444400000
04071467;255049200000
04072702;255654000000
04072546;255654000000
04073977;256258800000
04075246;256863600000
04076563;257468400000
04076562;257468400000
04077820;258073200000
04078495;258678000000
04078955;258678000000
04078953;258678000000
04078954;258678000000
04080227;259282800000
04080177;259282800000
04080178;259282800000
04080179;259282800000
04080411;259282800000
04080902;259887600000
04081299;259887600000
04082584;260488800000
04082583;260488800000
04084078;261093600000
04083726;261093600000
04084992;261698400000
04084993;261698400000
04084994;261698400000
04084995;261698400000
04085123;261698400000
04086286;262303200000
04086110;262303200000
04088518;263512800000
04088517;263512800000
04089715;264117600000
04089716;264117600000
04090894;264722400000
04090895;264722400000
04090893;264722400000
04092336;265327200000
04092383;265327200000
04092189;265327200000
04092188;265327200000
04092187;265327200000
04092186;265327200000
04092190;265327200000
04091729;265327200000
04093478;265932000000
04094028;266536800000
04094710;266536800000
04094711;266536800000
04094712;266536800000
04094713;266536800000
04094714;266536800000
04096004;267141600000
04096003;267141600000
04096005;267141600000
04097316;267746400000
04097317;267746400000
04097315;267746400000
04098193;268351200000
04098872;268351200000
04098835;268351200000
04098625;268351200000
04098626;268351200000
04098627;268351200000
04099376;268956000000
04100000;268956000000
04100102;268956000000
04101352;269560800000
04102240;270165600000
04102953;270165600000
04104092;270770400000
04104093;270770400000
04105480;271375200000
04107275;271980000000
04106478;271980000000
04106960;271980000000
04108696;272584800000
04108697;272584800000
04108965;272584800000
04110134;273189600000
04110135;273189600000
04110136;273189600000
04110409;273189600000
04111727;273794400000
04111729;273794400000
04111728;273794400000
04112849;274399200000
04113775;274399200000
04113811;274399200000
04113841;274399200000
04114591;275004000000
04115165;275004000000
04115167;275004000000
04115166;275004000000
04115168;275004000000
04115522;275004000000
04116131;275608800000
04116734;275608800000
04115999;275608800000
04118414;276217200000
04119468;276822000000
04120920;277426800000
04120710;277426800000
04120709;277426800000
04120708;277426800000
04122124;278031600000
04122671;278636400000
04123303;278636400000
04124418;279241200000
04124368;279241200000
04124663;279241200000
04124657;279241200000
04124538;279241200000
04126497;280450800000
04127068;281055600000
04128443;281660400000
04128441;281660400000
04128442;281660400000
04128583;281660400000
04128996;282265200000
04129465;282265200000
04130082;282870000000
04130061;282870000000
04130585;282870000000
04130449;282870000000
04131064;283474800000
04131499;283474800000
04131498;283474800000
04132740;284079600000
04132742;284079600000
04132574;284079600000
04133706;284684400000
04133707;284684400000
04134780;285289200000
04135956;285894000000
04136770;286498800000
04137255;286498800000
04138282;287103600000
04138281;287103600000
04138225;287103600000
04137849;287103600000
04139404;287708400000
04139403;287708400000
04140562;288313200000
04140561;288313200000
04141766;288918000000
04141768;288918000000
04141767;288918000000
04141769;288918000000
04141910;288918000000
04142928;289522800000
04142927;289522800000
04144107;290127600000
04145361;290732400000
04145969;291337200000
04148674;292543200000
04149917;293148000000
04149916;293148000000
04150182;293148000000
04151233;293752800000
04151022;293752800000
04152406;294357600000
04152360;294357600000
04152271;294357600000
04152988;294962400000
04152891;294962400000
04154633;295567200000
04154606;295567200000
04154605;295567200000
04156761;296776800000
04156700;296776800000
04157270;297381600000
04157648;297986400000
04157928;297986400000
04157927;297986400000
04158583;298591200000
04160062;299800800000
04161142;301010400000
04161104;301010400000
04163682;302824800000
04163681;302824800000
04163774;302824800000
04163773;302824800000
04164513;303429600000
04165247;304034400000
04165773;304639200000
04166045;304639200000
04166843;305244000000
04167428;305848800000
04168363;306453600000
04168273;306453600000
04168191;306453600000
04169132;307058400000
04169863;307666800000
04169864;307666800000
04170178;308271600000
04171232;308876400000
04172088;309481200000
04172866;310086000000
04172881;310086000000
04172884;310086000000
04172743;310086000000
04175990;312505200000
04177227;313110000000
04177217;313110000000
04177070;313110000000
04179327;314319600000
04180424;314924400000
04180425;314924400000
04181545;315529200000
04181546;315529200000
04183775;316738800000
04184031;316738800000
04184901;317343600000
04186040;317948400000
04185557;317948400000
04187129;318553200000
04186664;318553200000
04187781;319158000000
04190611;320367600000
04190610;320367600000
04190471;320367600000
04190413;320367600000
04192837;321577200000
04193388;322182000000
04193261;322182000000
04193827;322182000000
04193952;322182000000
04195548;323391600000
04196129;323391600000
04196026;323391600000
04197104;323992800000
04198307;324597600000
04198253;324597600000
04198209;324597600000
04201605;326412000000
04201606;326412000000
04201731;326412000000
04201853;326412000000
04202668;327016800000
04202714;327016800000
04202712;327016800000
04202713;327016800000
04203930;327621600000
04203787;327621600000
04203786;327621600000
04204895;328226400000
04206006;328831200000
04206705;329436000000
04207080;329436000000
04207124;329436000000
04207125;329436000000
04207126;329436000000
04208226;330040800000
04209351;330645600000
04209823;330645600000
04210474;331250400000
04211874;331855200000
04213393;333064800000
04213809;333064800000
04214438;333669600000
04214927;333669600000
04214929;333669600000
04214928;333669600000
04215084;333669600000
04216041;334274400000
04216040;334274400000
04216039;334274400000
04218272;335484000000
04219374;336088800000
04221616;337298400000
04221617;337298400000
04221618;337298400000
04221736;337298400000
04222330;337903200000
04225368;339116400000
04225735;339116400000
04225736;339116400000
04226777;339721200000
04226792;339721200000
04229612;340930800000
04229196;340930800000
04229182;340930800000
04230509;341535600000
04231891;342140400000
04231822;342140400000
04231821;342140400000
04232608;342745200000
04233094;342745200000
04233095;342745200000
04234363;343350000000
04234364;343350000000
04235649;343954800000
04238255;345164400000
04238254;345164400000
04238253;345164400000
04237787;345164400000
04239073;345769200000
04239561;345769200000
04241661;346978800000
04242529;346978800000
04243444;347583600000
04243443;347583600000
04243442;347583600000
04244295;348188400000
04244701;348188400000
04244758;348188400000
04246051;348793200000
04246052;348793200000
04247494;349398000000
04248644;350002800000
04250294;350607600000
04251726;351212400000
04251301;351212400000
04253889;352422000000
04255358;353026800000
04256521;353631600000
04256038;353631600000
04260437;355442400000
04261750;356047200000
04263071;356652000000
04263070;356652000000
04263069;356652000000
04263068;356652000000
04263444;356652000000
04263850;357256800000
04265406;357861600000
04266991;358466400000
04267132;358466400000
04268450;359071200000
04269637;359676000000
04270435;360280800000
04273049;361490400000
04273147;361490400000
04274894;362095200000
04274893;362095200000
04276100;362700000000
04276353;362700000000
04277636;363304800000
04278823;363909600000
04278480;363909600000
04279672;364514400000
04280409;365119200000
04283237;366328800000
04284442;366933600000
04284592;366933600000
04284617;366933600000
04285743;367538400000
04286109;367538400000
04287010;368143200000
04286498;368143200000
04288262;368748000000
04289551;369352800000
04291171;369957600000
04292098;370566000000
04293352;371170800000
04293351;371170800000
04294633;371775600000
04297152;372985200000
04297303;372985200000
04298412;373590000000
04298411;373590000000
04298552;373590000000
04299636;374194800000
04300962;374799600000
04300961;374799600000
04302259;375404400000
04302258;375404400000
04302208;375404400000
04303731;376009200000
04303413;376009200000
04304906;376614000000
04304614;376614000000
04304185;376614000000
04305766;377218800000
04306993;377823600000
04307665;378428400000
04308081;378428400000
04309303;379033200000
04309229;379033200000
04309230;379033200000
04310364;379638000000
04315787;382662000000
04315786;382662000000
04315785;382662000000
04315784;382662000000
04315830;382662000000
04317691;383871600000
04318270;384476400000
04318344;384476400000
04318760;384476400000
04320027;385081200000
04320238;385081200000
04321220;385686000000
04322258;386287200000
04323518;386892000000
04324599;387496800000
04324819;387496800000
04325759;388101600000
04326901;388706400000
04326900;388706400000
04328117;389311200000
04329131;389916000000
04329330;389916000000
04329393;389916000000
04329522;389916000000
04330346;390520800000
04331490;391125600000
04331080;391125600000
04332632;391730400000
04332631;391730400000
04332744;391730400000
04334060;392335200000
04333737;392335200000
04334939;392940000000
04336145;393544800000
04336085;393544800000
04336084;393544800000
04336408;393544800000
04337102;394149600000
04337103;394149600000
04337218;394149600000
04338146;394754400000
04339288;395359200000
04340755;395964000000
04341573;396568800000
04341712;396568800000
04341651;396568800000
04342590;397173600000
04343663;397778400000
04343664;397778400000
04346222;398988000000
04347087;399592800000
04348242;400197600000
04349396;400802400000
04349612;400802400000
04350542;401407200000
04352397;402620400000
04352700;402620400000
04352699;402620400000
04353758;403225200000
04354884;403830000000
04355194;403830000000
04356044;404434800000
04355577;404434800000
04357184;405039600000
04357185;405039600000
04356768;405039600000
04358327;405644400000
04357856;405644400000
04359353;406249200000
04359399;406249200000
04360394;406854000000
04361450;407458800000
04361526;407458800000
04362583;408063600000
04362584;408063600000
04362868;408063600000
04363679;408668400000
04363678;408668400000
04363273;408668400000
04364782;409273200000
04366010;409878000000
04365558;409878000000
04367351;410482800000
04367103;410482800000
04367104;410482800000
04369125;411692400000
04369079;411692400000
04370181;412297200000
04369689;412297200000
04371408;412902000000
04371409;412902000000
04372210;413506800000
04372213;413506800000
04373976;414111600000
04374112;414111600000
04374241;414111600000
04374686;414716400000
04375522;415321200000
04376083;415926000000
04376001;415926000000
04376002;415926000000
04376665;416530800000
04376666;416530800000
04377426;417135600000
04377678;417135600000
04379007;418341600000
04379903;418946400000
04380482;419551200000
04381270;420156000000
04381207;420156000000
04381206;420156000000
04381958;420760800000
04383873;421970400000
04383874;421970400000
04384903;422575200000
04385948;423180000000
04386979;423784800000
04386977;423784800000
04386978;423784800000
04388126;424389600000
04388254;424389600000
04388458;424389600000
04389263;424994400000
04389265;424994400000
04389264;424994400000
04390452;425599200000
04390380;425599200000
04391660;426204000000
04391659;426204000000
04393014;426808800000
04393199;426808800000
04392895;426808800000
04394199;427413600000
04394198;427413600000
04394197;427413600000
04394329;427413600000
04394528;427413600000
04397700;429228000000
04399226;429832800000
04398977;429832800000
04398976;429832800000
04398978;429832800000
04401809;431042400000
04401837;431042400000
04401490;431042400000
04402268;431647200000
04402705;431647200000
04402776;431647200000
04402774;431647200000
04402775;431647200000
04404050;432252000000
04404051;432252000000
04405392;432856800000
04405534;432856800000
04405762;432856800000
04406718;433465200000
04406815;433465200000
04406210;433465200000
04406228;433465200000
04407200;434070000000
04407119;434070000000
04408534;434674800000
04409044;434674800000
04410470;435279600000
04410376;435279600000
04410378;435279600000
04410377;435279600000
04411837;435884400000
04411718;435884400000
04411717;435884400000
04412874;436489200000
04412875;436489200000
04412492;436489200000
04414044;437094000000
04414384;437094000000
04415728;437698800000
04416710;438303600000
04416711;438303600000
04416712;438303600000
04417930;438908400000
04417900;438908400000
04419285;439513200000
04419286;439513200000
04419153;439513200000
04419155;439513200000
04419154;439513200000
04420440;440118000000
04420349;440118000000
04420350;440118000000
04421578;440722800000
04421727;440722800000
04420931;440722800000
04424398;441932400000
04424085;441932400000
04424087;441932400000
04424086;441932400000
04425170;442537200000
04426238;443142000000
04426540;443142000000
04426539;443142000000
04427465;443746800000
04427466;443746800000
04427467;443746800000
04427468;443746800000
04428786;444351600000
04428785;444351600000
04428784;444351600000
04428913;444351600000
04428292;444351600000
04429634;444956400000
04430241;444956400000
04430251;444956400000
04430132;444956400000
04430131;444956400000
04431468;445561200000
04432818;446166000000
04432819;446166000000
04432816;446166000000
04432817;446166000000
04432814;446166000000
04432815;446166000000
04432902;446166000000
04434017;446770800000
04435481;447375600000
04435232;447375600000
04435233;447375600000
04439254;449186400000
04438700;449186400000
04440687;449791200000
04441942;450396000000
04441943;450396000000
04441428;450396000000
04444606;451605600000
04445948;452210400000
04445947;452210400000
04446920;452815200000
04447278;452815200000
04447407;452815200000
04449000;453420000000
04448619;453420000000
04450110;454024800000
04452653;455234400000
04452145;455234400000
04452739;455234400000
04453021;455234400000
04453989;455839200000
04453860;455839200000
04455178;456444000000
04455179;456444000000
04455150;456444000000
04455252;456444000000
04456492;457048800000
04456493;457048800000
04456494;457048800000
04457791;457653600000
04460411;458863200000
04461660;459468000000
04461213;459468000000
04462848;460072800000
04464989;461282400000
04468263;462492000000
04469647;463096800000
04469623;463096800000
04470855;463701600000
04472214;464306400000
04472215;464306400000
04472311;464306400000
04473418;464911200000
04474629;465519600000
04474628;465519600000
04474715;465519600000
04476060;466124400000
04475965;466124400000
04477297;466729200000
04478151;467334000000
04478656;467334000000
04481048;468543600000
04481371;468543600000
04482410;469148400000
04482411;469148400000
04482403;469148400000
04482405;469148400000
04482404;469148400000
04482407;469148400000
04482406;469148400000
04482409;469148400000
04482408;469148400000
04483978;469753200000
04484960;470358000000
04484961;470358000000
04485237;470358000000
04486251;470962800000
04486317;470962800000
04487938;471567600000
04488916;472172400000
04490195;472777200000
04490196;472777200000
04490194;472777200000
04491489;473382000000
04493741;474591600000
04496405;475801200000
04496471;475801200000
04497676;476406000000
04499309;477010800000
04500369;477615600000
04500370;477615600000
04503004;478825200000
04503229;478825200000
04507516;480639600000
04507161;480639600000
04508580;481240800000
04509998;481845600000
04511414;482450400000
04511412;482450400000
04510958;482450400000
04514318;483660000000
04514341;483660000000
04515912;484264800000
04517035;484869600000
04519855;486079200000
04519774;486079200000
04521260;486684000000
04521261;486684000000
04522190;487288800000
04522756;487288800000
04522665;487288800000
04523967;487893600000
04525226;488498400000
04525225;488498400000
04525313;488498400000
04526633;489103200000
04528049;489708000000
04527389;489708000000
04529801;490312800000
04530728;490917600000
04531013;490917600000
04531989;491522400000
04532851;492127200000
04533415;492127200000
04533416;492127200000
04534810;492732000000
04534809;492732000000
04536236;493336800000
04536235;493336800000
04536237;493336800000
04537645;493941600000
04539430;494546400000
04540419;495151200000
04543137;496360800000
04543136;496360800000
04543220;496360800000
04545829;497574000000
04547235;498178800000
04547234;498178800000
04547233;498178800000
04547232;498178800000
04548659;498783600000
04548660;498783600000
04552598;500598000000
04552597;500598000000
04552706;500598000000
04552736;500598000000
04554031;501202800000
04554032;501202800000
04555280;501807600000
04555277;501807600000
04555276;501807600000
04555279;501807600000
04555278;501807600000
04557771;503017200000
04560425;504226800000
04560779;504226800000
04564405;506041200000
04564404;506041200000
04567296;507250800000
04566921;507250800000
04566920;507250800000
04566919;507250800000
04568481;507855600000
04568813;507855600000
04568399;507855600000
04570540;509065200000
04579695;512690400000
04581082;513295200000
04585496;515109600000
04585495;515109600000
04590019;516924000000
04591399;517528800000
04594118;518738400000
04595430;519343200000
04597924;520552800000
04597810;520552800000
04597811;520552800000
04600536;521762400000
04600450;521762400000
04600452;521762400000
04600451;521762400000
04600453;521762400000
04601344;522367200000
04601862;522367200000
04601767;522367200000
04602970;522972000000
04604248;523576800000
04604151;523576800000
04605453;524181600000
04608102;525391200000
04609415;525996000000
04614146;528418800000
04615751;529023600000
04615752;529023600000
04620046;530838000000
04619722;530838000000
04619721;530838000000
04623409;532652400000
04631096;535676400000
04632714;536281200000
04632715;536281200000
04634479;536886000000
04634480;536886000000
04637848;538095600000
04637849;538095600000
04637847;538095600000
04638735;538700400000
04640947;539305200000
04640724;539305200000
04640035;539305200000
04642147;539910000000
04647628;541724400000
04650617;542934000000
04653380;544140000000
04653690;544140000000
04654093;544140000000
04655860;544744800000
04655858;544744800000
04655859;544744800000
04657607;545349600000
04659387;545954400000
04659403;545954400000
04659402;545954400000
04658578;545954400000
04660474;546559200000
04661179;546559200000
04663065;547164000000
04664730;547768800000
04664729;547768800000
04664728;547768800000
04664674;547768800000
04668495;548978400000
04668313;548978400000
04670068;549583200000
04673528;550792800000
04674409;551397600000
04675059;551397600000
04676849;552002400000
04678524;552607200000
04681643;553816800000
04683085;554421600000
04685375;555631200000
04689185;556840800000
04689097;556840800000
04689096;556840800000
04692259;558050400000
04693181;558655200000
04693764;558655200000
04693763;558655200000
04693765;558655200000
04696641;559868400000
04696705;559868400000
04698108;560473200000
04698107;560473200000
04698106;560473200000
04698105;560473200000
04697521;560473200000
04699741;561078000000
04698965;561078000000
04701557;561682800000
04701227;561682800000
04701228;561682800000
04705899;563497200000
04705582;563497200000
04705655;563497200000
04706567;564102000000
04707540;564102000000
04707199;564102000000
04708913;564706800000
04708754;564706800000
04708753;564706800000
04710227;565311600000
04710248;565311600000
04711678;565916400000
04711679;565916400000
04711680;565916400000
04713127;566521200000
04713232;566521200000
04714051;567126000000
04714572;567126000000
04714503;567126000000
04718955;568940400000
04718954;568940400000
04718953;568940400000
04719856;569545200000
04719857;569545200000
04722280;570754800000
04722757;570754800000
04722814;570754800000
04724018;571359600000
04724017;571359600000
04726919;572569200000
04728376;573174000000
04728375;573174000000
04729317;573778800000
04732627;574988400000
04732626;574988400000
04733610;575589600000
04734141;575589600000
04736683;576799200000
04737207;576799200000
04743512;579218400000
04745208;579823200000
04746380;580428000000
04747892;581032800000
04747891;581032800000
04751289;582242400000
04755398;584056800000
04756777;584661600000
04756776;584661600000
04756779;584661600000
04756778;584661600000
04756250;584661600000
04758288;585266400000
04758289;585266400000
04758287;585266400000
04758387;585266400000
04759179;585871200000
04761250;586476000000
04764316;587685600000
04764229;587685600000
04764230;587685600000
04764231;587685600000
04764586;587685600000
04763576;587685600000
04767476;588895200000
04767577;588895200000
04768439;589500000000
04770728;590104800000
04774888;591922800000
04775432;591922800000
04775431;591922800000
04776993;592527600000
04780156;593737200000
04782130;594342000000
04783379;594946800000
04784706;595551600000
04790890;597970800000
04790891;597970800000
04793955;599180400000
04794682;599785200000
04795593;599785200000
04797168;600390000000
04798636;600994800000
04798637;600994800000
04799980;601599600000
04799979;601599600000
04803019;602809200000
04804424;603414000000
04806613;604018800000
04806180;604018800000
04808689;604623600000
04808251;604623600000
04812179;605833200000
04812180;605833200000
04815386;607039200000
04818309;607644000000
04820362;608248800000
04820361;608248800000
04821511;608853600000
04822433;608853600000
04824495;609458400000
04826637;610063200000
04828633;610668000000
04830687;611272800000
04832766;611877600000
04834818;612482400000
04834817;612482400000
04836255;613087200000
04836870;613087200000
04836961;613087200000
04839420;613692000000
04840687;614296800000
04843121;614901600000
04842658;614901600000
04842659;614901600000
04841865;614901600000
04841856;614901600000
04844845;615506400000
04844756;615506400000
04846113;616111200000
04849540;616716000000
04853051;617925600000
04853052;617925600000
04853050;617925600000
04855436;618530400000
04854981;618530400000
04854982;618530400000
04861397;620344800000
04863534;620949600000
04865667;621554400000
04867813;622159200000
04867920;622159200000
04870884;623372400000
04872929;623977200000
04873928;624582000000
04874441;624582000000
04875948;625186800000
04875949;625186800000
04875951;625186800000
04875950;625186800000
04877466;625791600000
04878968;626396400000
04878431;626396400000
04880483;627001200000
04881993;627606000000
04881994;627606000000
04881464;627606000000
04882994;628210800000
04886560;629420400000
04889571;630630000000
04889570;630630000000
04892597;631839600000
04895609;633049200000
04899202;634258800000
04900851;634863600000
04902539;635468400000
04903604;636073200000
04907368;637282800000
04908080;637282800000
04908079;637282800000
04909868;637887600000
04909549;637887600000
04911770;638488800000
04913753;639093600000
04915753;639698400000
04915754;639698400000
04915755;639698400000
04915756;639698400000
04916206;639698400000
04919178;640908000000
04919179;640908000000
04919737;640908000000
04920079;640908000000
04920743;641512800000
04923535;642117600000
04923536;642117600000
04925909;642722400000
04925600;642722400000
04925505;642722400000
04925503;642722400000
04925504;642722400000
04929291;643932000000
04929290;643932000000
04931229;644536800000
04931111;644536800000
04931112;644536800000
04931110;644536800000
04933029;645141600000
04933028;645141600000
04935544;645746400000
04936931;646351200000
04936932;646351200000
04936933;646351200000
04937340;646351200000
04938812;646956000000
04938814;646956000000
04938813;646956000000
04940497;647560800000
04941931;648165600000
04942800;648770400000
04942817;648770400000
04944815;649375200000
04944816;649375200000
04946522;649980000000
04946521;649980000000
04948440;650584800000
04948439;650584800000
04948438;650584800000
04948897;650584800000
04949641;651189600000
04950341;651189600000
04950342;651189600000
04952341;651794400000
04952255;651794400000
04952254;651794400000
04956028;653004000000
04956029;653004000000
04958027;653608800000
04957569;653608800000
04959108;654213600000
04960475;654822000000
04960564;654822000000
04961380;655426800000
04963296;656031600000
04963201;656031600000
04963203;656031600000
04963202;656031600000
04963204;656031600000
04964929;656636400000
04968365;657846000000
04968364;657846000000
04971640;659055600000
04973658;659660400000
04976793;660870000000
04976795;660870000000
04976794;660870000000
04978400;661474800000
04978482;661474800000
04979999;662079600000
04980000;662079600000
04981534;662684400000
04981535;662684400000
04981536;662684400000
04983235;663289200000
04983234;663289200000
04985093;663894000000
04985094;663894000000
04986940;664498800000
04986858;664498800000
04988397;665103600000
04992119;666313200000
04992118;666313200000
04994212;666918000000
04994125;666918000000
04994123;666918000000
04994124;666918000000
04995925;667522800000
04997499;668127600000
04997498;668127600000
04997495;668127600000
04997494;668127600000
04997497;668127600000
04997496;668127600000
04999063;668732400000
04999062;668732400000
05000802;669337200000
05000803;669337200000
05000885;669337200000
05002797;669942000000
05007973;671752800000
05009729;672357600000
05009728;672357600000
05011614;672962400000
05013856;673567200000
05015309;674172000000
05015311;674172000000
05015310;674172000000
05014623;674172000000
05017251;674776800000
05019192;675381600000
05019220;675381600000
05020731;675986400000
05024708;677196000000
05026443;677800800000
05026442;677800800000
05028283;678405600000
05028284;678405600000
05028385;678405600000
05030301;679010400000
05030763;679010400000
05031539;679615200000
05034073;680220000000
05034071;680220000000
05034072;680220000000
05034070;680220000000
05035363;680824800000
05035756;680824800000
05035757;680824800000
05035843;680824800000
05038295;681429600000
05039752;682034400000
05039812;682034400000
05041177;682639200000
05043031;683244000000
05043030;683244000000
05042386;683244000000
05045132;683848800000
05047098;684453600000
05047097;684453600000
05049212;685058400000
05049213;685058400000
05049214;685058400000
05051143;685663200000
05051142;685663200000
05053087;686271600000
05053088;686271600000
05053086;686271600000
05054399;686876400000
05056435;687481200000
05056405;687481200000
05059260;688086000000
05059261;688086000000
05060973;688690800000
05061330;688690800000
05061329;688690800000
05061409;688690800000
05064483;689900400000
05066039;690505200000
05067996;691110000000
05067995;691110000000
05069132;691714800000
05071495;692319600000
05071497;692319600000
05071496;692319600000
05071499;692319600000
05074940;693529200000
05074938;693529200000
05074939;693529200000
05074937;693529200000
05076867;694134000000
05076868;694134000000
05078813;694738800000
05080735;695343600000
05084117;696553200000
05084118;696553200000
05084218;696553200000
05083615;696553200000
05085717;697158000000
05088412;698367600000
05089069;698367600000
05090322;698972400000
05092945;699577200000
05092944;699577200000
05098488;701391600000
05098683;701391600000
05099042;701391600000
05099763;701992800000
05101729;702597600000
05104466;703202400000
05105031;703202400000
05112417;705621600000
05114506;706226400000
05120375;708040800000
05120479;708040800000
05120887;708040800000
05122298;708645600000
05123981;709250400000
05124051;709250400000
05124493;709250400000
05125684;709855200000
05129972;711064800000
05129326;711064800000
05130381;711064800000
05133877;712274400000
05139588;714088800000
05139587;714088800000
05139589;714088800000
05140908;714693600000
05143566;715298400000
05143567;715298400000
05145535;715903200000
05147476;716508000000
05149384;717112800000
05151138;717721200000
05155281;718930800000
05154782;718930800000
05156779;719535600000
05159153;720140400000
05160387;720745200000
05160386;720745200000
05164521;721954800000
05167736;723164400000
05171385;724374000000
05174837;725583600000
05178696;726793200000
05180452;727398000000
05180853;727398000000
05183520;728607600000
05183938;728607600000
05186770;729817200000
05187320;729817200000
05189228;730422000000
05189249;730422000000
05189247;730422000000
05188682;730422000000
05192379;731631600000
05194219;732236400000
05194103;732236400000
05194659;732236400000
05196599;732841200000
05198046;733442400000
05198188;733442400000
05197758;733442400000
05202508;734652000000
05205983;735861600000
05208419;736466400000
05210153;737071200000
05212343;737676000000
05211777;737676000000
05216199;738885600000
05218166;739490400000
05220107;740095200000
05223184;741304800000
05223057;741304800000
05223056;741304800000
05226986;742514400000
05230841;743724000000
05232526;744328800000
05236526;745538400000
05238512;746143200000
05237928;746143200000
05240523;746748000000
05240524;746748000000
05243057;747352800000
05243913;747957600000
05244475;747957600000
05254324;750985200000
05254186;750985200000
05253584;750985200000
05256220;751590000000
05256792;751590000000
05259899;752799600000
05261327;753404400000
05266242;754614000000
05266132;754614000000
05268046;755218800000
05269224;755823600000
05271779;756428400000
05271778;756428400000
05273313;757033200000
05274105;757033200000
05273785;757033200000
05279492;758847600000
05281286;759452400000
05284995;760662000000
05286701;761266800000
05292959;763081200000
05292387;763081200000
05291831;763081200000
05305598;767311200000
05310433;768520800000
05314550;769730400000
05316600;770335200000
05320174;771544800000
05320043;771544800000
05320692;771544800000
05320691;771544800000
05322576;772149600000
05324075;772754400000
05325783;773359200000
05325782;773359200000
05331106;774568800000
05334270;775778400000
05336343;776383200000
05335577;776383200000
05338712;776988000000
05339624;777592800000
05346564;779407200000
05346512;779407200000
05345873;779407200000
05348596;780012000000
05348597;780012000000
05347930;780012000000
05349892;780620400000
05352829;781225200000
05353707;781830000000
05354520;781830000000
05358587;783039600000
05360162;783644400000
05364526;784854000000
05366571;785458800000
05366572;785458800000
05368662;786063600000
05372069;787273200000
05372070;787273200000
05372664;787273200000
05380380;789692400000
05382050;790297200000
05382265;790297200000
05385098;791506800000
05385619;791506800000
05387295;792111600000
05387296;792111600000
05387297;792111600000
05386775;792111600000
05389308;792716400000
05389263;792716400000
05388519;792716400000
05388518;792716400000
05392713;793926000000
05395559;794530800000
05397399;795135600000
05397405;795135600000
05398612;795740400000
05401340;796341600000
05401341;796341600000
05403035;796946400000
05404813;797551200000
05405971;797551200000
05407500;798156000000
05407608;798156000000
05409556;798760800000
05410079;798760800000
05411615;799365600000
05414198;799970400000
05413048;799970400000
05413812;799970400000
05417160;801180000000
05417895;801180000000
05423384;802994400000
05425886;803599200000
05429691;804808800000
05430229;804808800000
05431104;805413600000
05431757;805413600000
05431756;805413600000
05434335;806018400000
05434336;806018400000
05433932;806018400000
05433899;806018400000
05433802;806018400000
05435249;806623200000
05437229;807228000000
05439251;807832800000
05439537;807832800000
05441720;808437600000
05445690;809647200000
05447104;810252000000
05449424;810856800000
05449423;810856800000
05449835;810856800000
05451277;811461600000
05454363;812674800000
05454891;812674800000
05454890;812674800000
05454889;812674800000
05456775;813279600000
05458912;813884400000
05458706;813884400000
05458707;813884400000
05461012;814489200000
05460670;814489200000
05460671;814489200000
05460667;814489200000
05460668;814489200000
05460669;814489200000
05463169;815094000000
05462306;815094000000
05464248;815698800000
05464699;815698800000
05466537;816303600000
05466313;816303600000
05466314;816303600000
05466315;816303600000
05465664;816303600000
05468312;816908400000
05468311;816908400000
05468313;816908400000
05467715;816908400000
05467714;816908400000
05470408;817513200000
05470406;817513200000
05470407;817513200000
05473059;818118000000
05472535;818118000000
05472534;818118000000
05472536;818118000000
05472531;818118000000
05472530;818118000000
05472533;818118000000
05472532;818118000000
05472529;818118000000
05472647;818118000000
05473987;818722800000
05474625;818722800000
05476557;819327600000
05480500;820537200000
05482581;821142000000
05482579;821142000000
05486248;822351600000
05486247;822351600000
05486246;822351600000
05487798;822956400000
05489349;823561200000
05490887;824166000000
05490888;824166000000
05492577;824770800000
05495819;825980400000
05495807;825980400000
05498303;826585200000
05500059;827190000000
05500062;827190000000
05500060;827190000000
05500061;827190000000
05501132;827794800000
05501751;827794800000
05501750;827794800000
05501823;827794800000
05505800;829000800000
05505799;829000800000
05505877;829000800000
05506366;829000800000
05507891;829605600000
05507890;829605600000
05507893;829605600000
05507892;829605600000
05507889;829605600000
05509480;830210400000
05509981;830210400000
05514230;831420000000
05516378;832024800000
05516377;832024800000
05516971;832024800000
05516970;832024800000
05518054;832629600000
05520826;833234400000
05520756;833234400000
05520757;833234400000
05522320;833839200000
05523516;833839200000
05523517;833839200000
05525166;834444000000
05525171;834444000000
05525170;834444000000
05527498;835048800000
05527405;835048800000
05530175;835653600000
05529600;835653600000
05529649;835653600000
05529647;835653600000
05529648;835653600000
05531473;836258400000
05531941;836258400000
05531843;836258400000
05531845;836258400000
05531844;836258400000
05534090;836863200000
05536340;837468000000
05536339;837468000000
05536897;837468000000
05538567;838072800000
05538568;838072800000
05538569;838072800000
05538530;838072800000
05540846;838677600000
05540794;838677600000
05540793;838677600000
05542688;839282400000
05542704;839282400000
05542999;839282400000
05542998;839282400000
05542997;839282400000
05544687;839887200000
05545272;839887200000
05547528;840492000000
05547526;840492000000
05547527;840492000000
05547525;840492000000
05549769;841096800000
05552093;841701600000
05552001;841701600000
05552000;841701600000
05552462;841701600000
05552257;841701600000
05554818;842306400000
05554820;842306400000
05557015;842911200000
05557061;842911200000
05557062;842911200000
05561260;844120800000
05563367;844725600000
05565710;845330400000
05565651;845330400000
05565650;845330400000
05566543;845935200000
05567910;845935200000
05567911;845935200000
05567912;845935200000
05567905;845935200000
05567252;845935200000
05569875;846543600000
05571988;847148400000
05574240;847753200000
05574248;847753200000
05574203;847753200000
05574125;847753200000
05574126;847753200000
05578275;848962800000
05578789;848962800000
05578785;848962800000
05579634;849567600000
05583315;850172400000
05585594;850777200000
05585048;850777200000
05587552;851382000000
05587553;851382000000
05589662;851986800000
05589661;851986800000
05589660;851986800000
05591936;852591600000
05592812;853196400000
05596165;853801200000
05596168;853801200000
05596232;853801200000
05597977;854406000000
05597978;854406000000
05600088;855010800000
05600089;855010800000
05602360;855615600000
05606146;856825200000
05608184;857430000000
05608185;857430000000
05608182;857430000000
05608183;857430000000
05610367;858034800000
05610359;858034800000
05612507;858639600000
05613562;859244400000
05616882;859845600000
05619011;860450400000
05623168;861660000000
05623120;861660000000
05623121;861660000000
05625165;862264800000
05627339;862869600000
05629494;863474400000
05631406;864079200000
05633476;864684000000
05635668;865288800000
05635666;865288800000
05639987;866498400000
05639988;866498400000
05639984;866498400000
05641938;867103200000
05646367;868312800000
05648634;868917600000
05647924;868917600000
05650590;869522400000
05652408;870127200000
05652409;870127200000
05654520;870732000000
05656793;871336800000
05656794;871336800000
05659150;871941600000
05661261;872546400000
05663524;873151200000
05665935;873756000000
05665276;873756000000
05668345;874360800000
05668240;874360800000
05668241;874360800000
05670098;874965600000
05670735;874965600000
05670739;874965600000
05670741;874965600000
05670740;874965600000
05672219;875570400000
05672843;875570400000
05675119;876175200000
05673935;876175200000
05677510;876780000000
05679921;877384800000
05682013;877993200000
05682014;877993200000
05682004;877993200000
05681904;877993200000
05684268;878598000000
05684269;878598000000
05690868;880412400000
05693252;881017200000
05693794;881017200000
05696407;881622000000
05695216;881622000000
05698718;882226800000
05700970;882831600000
05700974;882831600000
05703323;883436400000
05705771;884041200000
05712511;885855600000
05714711;886460400000
05714714;886460400000
05717159;887065200000
05717158;887065200000
05716557;887065200000
05721313;888274800000
05720794;888274800000
05723812;888879600000
05725699;889484400000
05726382;889484400000
05728464;890089200000
05728964;890089200000
05728969;890089200000
05727368;890089200000
05731540;890694000000
05734124;891295200000
05734123;891295200000
05735118;891900000000
05739460;892504800000
05739325;892504800000
05741465;893109600000
05741998;893109600000
05741997;893109600000
05741999;893109600000
05743557;893714400000
05747603;894319200000
05747730;894319200000
05747729;894319200000
05747665;894319200000
05750922;894924000000
05750920;894924000000
05750921;894924000000
05750057;894924000000
05753853;895528800000
05756006;896133600000
05756930;896133600000
05756929;896133600000
05756928;896133600000
05763814;897343200000
05763821;897343200000
05763736;897343200000
05771679;899157600000
05773748;899157600000
05773754;899157600000
05780765;900367200000
05780768;900367200000
05780767;900367200000
05780769;900367200000
05783773;900972000000
05783768;900972000000
05783769;900972000000
05783732;900972000000
05789697;902181600000
05792982;902786400000
05798480;903996000000
05798481;903996000000
05801326;904600800000
05801325;904600800000
05804760;905205600000
05808234;905810400000
05811726;906415200000
05811725;906415200000
05811724;906415200000
05817972;907624800000
05821451;908229600000
05827996;909442800000
05831209;910047600000
05831208;910047600000
05831207;910047600000
05831339;910047600000
05834539;910652400000
05834680;910652400000
05834685;910652400000
05834679;910652400000
05837930;911257200000
05837931;911257200000
05841065;911862000000
05844165;912466800000
05844164;912466800000
05847314;913071600000
05847315;913071600000
05847311;913071600000
05849984;913676400000
05850053;913676400000
05854442;914886000000
05859384;916095600000
05861571;916700400000
05866842;917910000000
05867981;918514800000
05868424;918514800000
05872328;919119600000
05872329;919119600000
05872554;919119600000
05880399;920934000000
05882036;921538800000
05883330;921538800000
05886293;922143600000
05889161;922744800000
05892067;923349600000
05898126;925164000000
05900578;925768800000
05907119;927583200000
05910638;928792800000
05912430;929397600000
05917146;930607200000
05920031;931212000000
05920030;931212000000
05924047;931816800000
05925846;932421600000
05932837;933631200000
05932835;933631200000
05936195;934236000000
05936196;934236000000
05936194;934236000000
05939661;934840800000
05942720;935445600000
05942722;935445600000
05942721;935445600000
05949016;936655200000
05948944;936655200000
05958299;938469600000
05959242;938469600000
05962808;939074400000
05970703;940888800000
05970877;940888800000
05972136;940888800000
05972137;940888800000
05976283;941497200000
05985060;942706800000
05989514;943311600000
05989367;943311600000
05993577;943916400000
05993578;943916400000
05997668;944521200000
05997667;944521200000
05997666;944521200000
05996501;944521200000
05998691;944521200000
06001197;945126000000
06004411;945730800000
06004410;945730800000
06007648;946335600000
06007647;946335600000
06009810;946940400000
06013144;947545200000
06013143;947545200000
06013794;947545200000
06015898;948150000000
06017404;948754800000
06019861;949359600000
06022428;949964400000
06024889;950569200000
06024810;950569200000
06024811;950569200000
06024812;950569200000
06027588;951174000000
06026749;951174000000
06030473;951778800000
06033500;952383600000
06036794;952988400000
06036894;952988400000
06039819;953593200000
06039820;953593200000
06042664;954194400000
06042663;954194400000
06045637;954799200000
06045638;954799200000
06045726;954799200000
06048985;955404000000
06048419;955404000000
06051087;956008800000
06051086;956008800000
06053108;956613600000
06059906;957823200000
06062143;958428000000
06063219;958428000000
06066772;959032800000
06066214;959032800000
06066213;959032800000
06065774;959032800000
06071364;960242400000
06073962;960847200000
06073438;960847200000
06074502;960847200000
06077371;961452000000
06077372;961452000000
06080248;962056800000
06083331;962661600000
06086692;963266400000
06086693;963266400000
06093269;964476000000
06096147;965080800000
06101947;966290400000
06103029;966290400000
06103030;966290400000
06110306;967500000000
06110308;967500000000
06110307;967500000000
06113712;968104800000
06113713;968104800000
06113714;968104800000
06113715;968104800000
06117254;968709600000
06117255;968709600000
06120626;969314400000
06120627;969314400000
06120058;969314400000
06121506;969314400000
06123790;969919200000
06123789;969919200000
06123359;969919200000
06126763;970524000000
06126764;970524000000
06129023;971128800000
06132480;971733600000
06132536;971733600000
06132537;971733600000
06132538;971733600000
06136114;972338400000
06136115;972338400000
06136112;972338400000
06136113;972338400000
06136111;972338400000
06136224;972338400000
06139054;972946800000
06143104;973551600000
06143103;973551600000
06143102;973551600000
06143101;973551600000
06147209;974156400000
06149746;974761200000
06149745;974761200000
06149193;974761200000
06153749;975366000000
06156136;975970800000
06156137;975970800000
06156230;975970800000
06160113;976575600000
06165307;977785200000
06165293;977785200000
06165294;977785200000
06165295;977785200000
06165296;977785200000
06165297;977785200000
06168677;978390000000
06170399;978994800000
06174391;979599600000
06176950;980204400000
06176517;980204400000
06177028;980204400000
06177033;980204400000
06179937;980809200000
06183574;981414000000
06190474;982623600000
06190475;982623600000
06197135;983833200000
06200357;984438000000
06200398;984438000000
06206988;985644000000
06209457;986248800000
06211392;986248800000
06210504;986248800000
06210505;986248800000
06214137;986853600000
06214138;986853600000
06214139;986853600000
06214140;986853600000
06218577;987458400000
06218554;987458400000
06217682;987458400000
06217799;987458400000
06217788;987458400000
06221186;988063200000
06221187;988063200000
06225503;988668000000
06224696;988668000000
06224697;988668000000
06224099;988668000000
06227116;989272800000
06227118;989272800000
06228190;989272800000
06228191;989272800000
06228192;989272800000
06228193;989272800000
06230624;989877600000
06230628;989877600000
06230491;989877600000
06232479;989877600000
06231702;989877600000
06231701;989877600000
06231816;989877600000
06235132;990482400000
06237940;991087200000
06238500;991087200000
06238501;991087200000
06238499;991087200000
06241833;991692000000
06241281;991692000000
06250072;993506400000
06251200;993506400000
06255512;994111200000
06254705;994111200000
06258188;994716000000
06261393;995320800000
06264772;995925600000
06265573;995925600000
06270836;997135200000
06272992;997740000000
06274064;997740000000
06276276;998344800000
06277296;998344800000
06277221;998344800000
06287400;1000159200000
06293201;1001368800000
06296678;1001973600000
06296724;1001973600000
06298789;1002578400000
06299711;1002578400000
06299654;1002578400000
06300498;1002578400000
06302979;1003183200000
06302978;1003183200000
06306232;1003788000000
06305286;1003788000000
06310253;1004396400000
06309484;1004396400000
06313334;1005001200000
06312625;1005001200000
06312537;1005001200000
06312538;1005001200000
06316125;1005606000000
06315930;1005606000000
06315847;1005606000000
06319341;1006210800000
06320092;1006210800000
06322648;1006815600000
06322649;1006815600000
06325876;1007420400000
06328906;1008025200000
06328830;1008025200000
06328831;1008025200000
06331220;1008630000000
06334961;1009839600000
06334917;1009839600000
06334395;1009839600000
06336981;1010444400000
06340401;1011654000000
06340175;1011654000000
06350330;1014678000000
06358339;1016492400000
06362311;1017097200000
06361630;1017097200000
06361631;1017097200000
06361629;1017097200000
06364975;1017698400000
06368552;1018303200000
06368431;1018303200000
06368434;1018303200000
06368432;1018303200000
06383319;1020722400000
06383318;1020722400000
06386296;1021327200000
06388163;1021327200000
06388087;1021327200000
06391130;1021932000000
06391082;1021932000000
06395859;1022536800000
06395899;1022536800000
06395112;1022536800000
06398889;1023141600000
06398888;1023141600000
06402864;1023746400000
06409854;1024956000000
06410682;1024956000000
06414143;1025560800000
06414040;1025560800000
06416600;1026165600000
06416601;1026165600000
06416599;1026165600000
06417290;1026165600000
06419771;1026770400000
06425966;1027980000000
06425965;1027980000000
06428724;1028584800000
06431597;1029189600000
06430920;1029189600000
06432231;1029189600000
06436210;1029794400000
06436211;1029794400000
06435552;1029794400000
06438191;1029794400000
06444062;1031004000000
06454886;1032818400000
06454887;1032818400000
06453816;1032818400000
06458227;1033423200000
06468370;1035237600000
06468369;1035237600000
06472525;1035846000000
06475312;1036450800000
06476286;1036450800000
06479614;1037055600000
06478904;1037055600000
06478903;1037055600000
06481746;1037660400000
06485588;1038265200000
06485586;1038265200000
06485587;1038265200000
06487974;1038870000000
06497774;1040684400000
06503350;1041894000000
06505562;1042498800000
06509473;1043103600000
06508894;1043103600000
06508177;1043103600000
06512113;1043708400000
06513602;1044313200000
06513834;1044313200000
06514361;1044313200000
06516840;1044918000000
06517647;1044918000000
06521063;1045522800000
06521064;1045522800000
06523477;1046127600000
06524706;1046127600000
06527297;1046732400000
06527885;1046732400000
06527886;1046732400000
06527887;1046732400000
06533878;1047942000000
06537399;1048546800000
06539870;1049148000000
06543327;1049752800000
06544363;1049752800000
06547899;1050357600000
06547900;1050357600000
06547993;1050357600000
06550808;1050962400000
06552051;1050962400000
06552201;1050962400000
06554928;1051567200000
06554927;1051567200000
06557650;1052172000000
06558488;1052172000000
06558487;1052172000000
06562087;1052776800000
06562159;1052776800000
06562160;1052776800000
06562161;1052776800000
06562497;1052776800000
06572717;1054591200000
06572833;1054591200000
06576072;1055196000000
06588797;1057615200000
06589375;1057615200000
06589374;1057615200000
06591752;1058220000000
06592691;1058220000000
06592692;1058220000000
06592778;1058220000000
06599380;1059429600000
06599379;1059429600000
06602365;1060034400000
06602366;1060034400000
06605167;1060639200000
06605233;1060639200000
06607567;1061244000000
06607617;1061244000000
06607618;1061244000000
06610158;1061848800000
06610157;1061848800000
06610156;1061848800000
06613168;1062453600000
06617064;1063058400000
06620267;1063663200000
06620266;1063663200000
06620269;1063663200000
06620268;1063663200000
06623574;1064268000000
06627013;1064872800000
06627014;1064872800000
06630040;1065477600000
06632305;1066082400000
06632378;1066082400000
06635130;1066687200000
06635131;1066687200000
06641683;1067900400000
06641622;1067900400000
06645325;1068505200000
06645326;1068505200000
06647851;1069110000000
06648998;1069110000000
06651563;1069714800000
06651564;1069714800000
06651565;1069714800000
06652682;1069714800000
06652683;1069714800000
06653506;1069714800000
06657059;1070319600000
06660112;1070924400000
06663731;1071529200000
06664409;1071529200000
06666476;1072134000000
06666934;1072134000000
06666935;1072134000000
06666936;1072134000000
06669753;1072738800000
06673173;1073343600000
06673172;1073343600000
06673174;1073343600000
06673924;1073343600000
06675716;1073948400000
06679959;1074553200000
06679960;1074553200000
06682616;1075158000000
06682615;1075158000000
06682614;1075158000000
06684624;1075762800000
06689236;1076367600000
06689237;1076367600000
06689285;1076367600000
06692655;1076972400000
06695938;1077577200000
06702909;1078786800000
06706849;1079391600000
06709537;1079996400000
06712917;1080597600000
06712918;1080597600000
06719861;1081807200000
06723191;1082412000000
06723190;1082412000000
06726788;1083016800000
06730181;1083621600000
06736913;1084831200000
06736912;1084831200000
06740180;1085436000000
06748868;1087250400000
06749702;1087250400000
06755990;1088460000000
06758922;1089064800000
06761781;1089669600000
06764562;1090274400000
06777309;1092693600000
06777586;1092693600000
06779464;1093298400000
06780209;1093298400000
06782827;1093903200000
06783613;1093903200000
06783614;1093903200000
06783615;1093903200000
06783616;1093903200000
06786986;1094508000000
06787119;1094508000000
06790299;1095112800000
06792867;1095717600000
06800154;1096927200000
06802533;1097532000000
06805760;1098136800000
06808572;1098741600000
06808573;1098741600000
06811626;1099350000000
06818081;1100559600000
06818082;1100559600000
06824626;1101769200000
06833037;1103583600000
06835255;1104188400000
06839815;1104793200000
06841015;1105398000000
06841016;1105398000000
06843868;1106002800000
06843869;1106002800000
06846372;1106607600000
06846373;1106607600000
06846926;1106607600000
06848366;1107212400000
06849247;1107212400000
06849103;1107212400000
06849140;1107212400000
06852182;1107817200000
06854395;1108422000000
06855219;1108422000000
06860208;1109631600000
06860951;1109631600000
06863751;1110236400000
06872265;1112047200000
06872266;1112047200000
06875294;1112652000000
06875295;1112652000000
06877435;1113256800000
06878221;1113256800000
06880326;1113861600000
06881283;1113861600000
06881284;1113861600000
06884307;1114466400000
06887326;1115071200000
06887325;1115071200000
06887324;1115071200000
06887323;1115071200000
06893518;1116280800000
06893517;1116280800000
06893516;1116280800000
06896751;1116885600000
06896752;1116885600000
06899827;1117490400000
06902637;1118095200000
06905561;1118700000000
06905562;1118700000000
06913661;1120514400000
06913660;1120514400000
06916388;1121119200000
06916389;1121119200000
06916390;1121119200000
06918340;1121724000000
06918976;1121724000000
06919453;1121724000000
06929707;1124143200000
06932878;1124748000000
06936120;1125352800000
06940743;1125957600000
06939420;1125957600000
06941868;1126562400000
06942743;1126562400000
06942744;1126562400000
06946042;1127167200000
06949236;1127772000000
06949152;1127772000000
06949153;1127772000000
06951589;1128376800000
06955731;1129586400000
06955732;1129586400000
06958100;1130191200000
06958101;1130191200000
06960267;1130799600000
06960268;1130799600000
06962634;1131404400000
06962633;1131404400000
06964715;1132009200000
06964716;1132009200000
06964714;1132009200000
06969435;1133218800000
06969433;1133218800000
06969434;1133218800000
06972059;1133823600000
06976430;1135033200000
06979022;1135638000000
06982013;1136242800000
06982015;1136242800000
06982014;1136242800000
06984274;1136847600000
06984275;1136847600000
06984273;1136847600000
06986819;1137452400000
06986818;1137452400000
06989064;1138057200000
06992185;1138662000000
06997997;1139871600000
06997998;1139871600000
06997996;1139871600000
07011722;1142290800000
07022196;1144101600000
07025840;1144706400000
07030237;1145311200000
07033449;1145916000000
07041286;1147125600000
07051658;1148940000000
07052562;1148940000000
07056401;1149544800000
07067024;1151359200000
07077044;1153173600000
07081175;1153778400000
07083690;1154383200000
07094296;1156197600000
07101955;1157407200000
07101449;1157407200000
07108758;1158616800000
07114946;1159826400000
07128005;1162249200000
07129348;1162249200000
07147733;1165878000000
07150855;1166482800000
07192055;1174345200000
07192497;1174345200000
07220328;1179784800000
07240618;1184018400000
07261748;1188252000000
07279572;1191880800000
07288648;1193698800000
07335270;1203980400000
07338540;1204585200000
07338711;1204585200000
07344610;1205794800000
07347906;1206399600000
07365034;1209420000000
07370565;1210629600000
07393423;1214863200000
07399841;1216072800000
07404867;1217282400000
07407598;1217887200000
07422618;1220911200000
07441503;1225148400000
07445948;1225753200000
07455741;1227567600000
07459043;1228172400000
07470337;1230591600000
07469640;1230591600000
07473330;1231196400000
07491279;1234825200000
07494705;1235430000000
07503987;1237244400000
07507308;1237849200000
07521585;1240264800000
07524355;1240869600000
07537002;1243288800000
07544260;1244498400000
07556702;1246917600000
07568432;1249336800000
07575648;1250546400000
07578895;1251151200000
07585381;1252360800000
07597046;1254780000000
07604705;1255989600000
07618506;1258412400000
07632364;1260831600000
07632365;1260831600000
07638006;1262041200000
07641748;1262646000000
07645351;1263250800000
07648602;1263855600000
07651126;1264460400000
07651577;1264460400000
07662248;1266274800000
07670446;1267484400000
07678210;1268694000000
07678209;1268694000000
07682411;1269298800000
07686901;1269900000000
07690308;1270504800000
07694628;1271109600000
07695007;1271109600000
07704340;1272319200000
07707819;1272924000000
07722782;1274738400000
07727347;1275343200000
07743807;1277762400000
07744710;1277762400000
07745635;1277762400000
07749345;1278367200000
07749344;1278367200000
07754036;1278972000000
07758709;1279576800000
07763133;1280181600000
07767045;1280786400000
07771550;1281391200000
07771549;1281391200000
07776169;1281996000000
07784403;1283205600000
07785430;1283205600000
07789981;1283810400000
07789980;1283810400000
07789983;1283810400000
07789982;1283810400000
07789984;1283810400000
07793592;1284415200000
07806999;1286229600000
07806954;1286229600000
07807000;1286229600000
07811397;1286834400000
07815759;1287439200000
07824511;1288652400000
07833365;1289862000000
07833366;1289862000000
07837813;1290466800000
07842144;1291071600000
07847102;1291676400000
07854811;1292886000000
07857922;1293490800000
07857921;1293490800000
07857920;1293490800000
