03858759;158281200000
03858277;158281200000
03858278;158281200000
03858275;158281200000
03858276;158281200000
03862867;160095600000
03862472;160095600000
03862473;160095600000
03863295;160700400000
03863296;160700400000
03866849;161910000000
03867741;162514800000
03869759;163724400000
03869758;163724400000
03871205;164329200000
03871087;164329200000
03872545;164934000000
03872546;164934000000
03874831;165538800000
03874033;165538800000
03875616;166143600000
03877111;166748400000
03877110;166748400000
03877628;166748400000
03879820;167958000000
03881223;168562800000
03881222;168562800000
03881225;168562800000
03881224;168562800000
03881227;168562800000
03881226;168562800000
03881308;168562800000
03882211;168562800000
03884026;169772400000
03885264;170377200000
03885272;170377200000
03887063;170982000000
03886629;170982000000
03887429;170982000000
03889319;172191600000
03889318;172191600000
03890677;172796400000
03894386;174610800000
03894315;174610800000
03894314;174610800000
03895089;174610800000
03895417;175215600000
03896523;175820400000
03896636;175820400000
03897185;175820400000
03897018;175820400000
03898710;177030000000
03898712;177030000000
03900302;177634800000
03900920;178239600000
03900921;178239600000
03902224;178844400000
03902225;178844400000
03902223;178844400000
03903570;179449200000
03903568;179449200000
03903569;179449200000
03904050;179449200000
03905864;180054000000
03905067;180054000000
03906588;180658800000
03906589;180658800000
03906590;180658800000
03908232;181263600000
03912432;182473200000
03911696;182473200000
03911539;182473200000
03913176;183078000000
03913177;183078000000
03914080;183078000000
03914822;183682800000
03916045;183682800000
03916485;184287600000
03916486;184287600000
03916687;184287600000
03917448;184287600000
03918128;184892400000
03918127;184892400000
03918126;184892400000
03919742;185497200000
03922756;186706800000
03922757;186706800000
03924297;187311600000
03925850;187916400000
03925849;187916400000
03928892;189126000000
03928986;189126000000
03930285;189730800000
03932163;190335600000
03932081;190335600000
03932915;190940400000
03934312;191545200000
03937661;192754800000
03936910;192754800000
03936911;192754800000
03938222;193359600000
03938221;193359600000
03938223;193359600000
03938310;193359600000
03939240;193359600000
03939532;193964400000
03940216;193964400000
03940302;193964400000
03940831;194569200000
03941530;194569200000
03942223;195174000000
03943605;195778800000
03943604;195778800000
03943596;195778800000
03945085;196383600000
03945188;196383600000
03945545;196383600000
03946462;196984800000
03946464;196984800000
03946548;196984800000
03947923;197589600000
03947922;197589600000
03949448;198194400000
03950822;198799200000
03951282;198799200000
03952134;198799200000
03952372;199404000000
03953161;199404000000
03955244;200613600000
03955243;200613600000
03958305;201823200000
03959851;202428000000
03959993;202428000000
03960024;202428000000
03961397;203032800000
03961396;203032800000
03962753;203637600000
03963392;203637600000
03963111;203637600000
03965401;204242400000
03966858;204847200000
03968543;206056800000
03968542;206056800000
03968541;206056800000
03968662;206056800000
03968877;206056800000
03969910;206661600000
03971103;207266400000
03971104;207266400000
03971521;207266400000
03971695;207266400000
03972092;207871200000
03973291;208476000000
03975798;209685600000
03976074;209685600000
03976412;209685600000
03977268;210290400000
03977045;210290400000
03977046;210290400000
03978552;210895200000
03979893;211500000000
03979926;211500000000
03981651;212104800000
03981047;212104800000
03981055;212104800000
03981137;212104800000
03982302;212713200000
03982301;212713200000
03983273;212713200000
03984895;213922800000
03984896;213922800000
03984897;213922800000
03984898;213922800000
03986623;214527600000
03987615;215132400000
03987517;215132400000
03988807;215737200000
03988806;215737200000
03988881;215737200000
03988882;215737200000
03991442;216946800000
03991443;216946800000
03992754;217551600000
03992753;217551600000
03992755;217551600000
03994047;218156400000
03994046;218156400000
03994147;218156400000
03995004;218156400000
03995351;218761200000
03996731;219366000000
03997936;219970800000
03997942;219970800000
03999695;220575600000
03999250;220575600000
03999249;220575600000
04000541;221180400000
04001916;221785200000
04001917;221785200000
04003104;222390000000
04003773;222390000000
04004323;222994800000
04006277;223599600000
04005505;223599600000
04005513;223599600000
04005957;223599600000
04006610;224204400000
04006609;224204400000
04007457;224204400000
04008511;225414000000
04009508;226018800000
04009803;226018800000
04010056;226018800000
04010527;226623600000
04011631;227228400000
04011952;227228400000
04012893;227833200000
04012810;227833200000
04014648;228438000000
04014076;228438000000
04015452;229039200000
04016626;229644000000
04016627;229644000000
04016628;229644000000
04016629;229644000000
04017580;229644000000
04017942;230248800000
04019225;230853600000
04021520;231458400000
04021795;231458400000
04021887;232063200000
04024699;233272800000
04025989;233877600000
04027358;234482400000
04028872;235087200000
04028776;235087200000
04031003;235692000000
04030281;235692000000
04030280;235692000000
04030165;235692000000
04030635;235692000000
04031593;236296800000
04033104;236901600000
04035871;238111200000
04035884;238111200000
04035869;238111200000
04038723;239320800000
04040948;239925600000
04040145;239925600000
04040146;239925600000
04041573;240530400000
04041574;240530400000
04042093;240530400000
04043464;241135200000
04043004;241135200000
04043005;241135200000
04045091;241740000000
04044427;241740000000
04044404;241740000000
04050119;244162800000
04051653;244767600000
04051577;244767600000
04051576;244767600000
04051575;244767600000
04054628;245977200000
04057876;248396400000
04057877;248396400000
04059185;249001200000
04058965;249001200000
04060360;249606000000
04060966;250210800000
04062175;250815600000
04063858;251420400000
04064636;252025200000
04064605;252025200000
04064600;252025200000
04064598;252025200000
04064599;252025200000
04064597;252025200000
04065832;252630000000
04065831;252630000000
04067181;253234800000
04067088;253234800000
04067086;253234800000
04068351;253839600000
04070235;254444400000
04070811;255049200000
04070730;255049200000
04070731;255049200000
04070732;255049200000
04071925;255654000000
04073125;256258800000
04074546;256863600000
04074393;256863600000
04074394;256863600000
04074395;256863600000
04074391;256863600000
04074392;256863600000
04075732;257468400000
04075739;257468400000
04075738;257468400000
04075942;257468400000
04077531;258073200000
04078733;258678000000
04079632;259282800000
04079483;259282800000
04080778;259887600000
04080688;259887600000
04081305;259887600000
04081856;259887600000
04083085;261093600000
04083170;261093600000
04084627;261698400000
04086279;262303200000
04085977;262303200000
04085881;262303200000
04087699;262908000000
04087882;263512800000
04087888;263512800000
04088016;263512800000
04089086;264117600000
04089720;264117600000
04090521;264722400000
04090276;264722400000
04090277;264722400000
04091161;264722400000
04091507;265327200000
04092764;265932000000
04092763;265932000000
04094043;266536800000
04095063;266536800000
04095062;266536800000
04095400;267141600000
04095312;267141600000
04097209;267746400000
04097039;267746400000
04097965;268351200000
04097964;268351200000
04099295;268956000000
04099296;268956000000
04099297;268956000000
04100006;268956000000
04100650;269560800000
04100651;269560800000
04100649;269560800000
04101254;269560800000
04102017;270165600000
04102016;270165600000
04103398;270770400000
04103396;270770400000
04103397;270770400000
04104765;271375200000
04106166;271980000000
04106163;271980000000
04107820;272584800000
04107821;272584800000
04107822;272584800000
04109453;273189600000
04109357;273189600000
04109875;273189600000
04112668;274399200000
04112548;274399200000
04112549;274399200000
04113827;274399200000
04115903;275608800000
04117571;276217200000
04117572;276217200000
04118832;276822000000
04119447;276822000000
04122656;278636400000
04122657;278636400000
04122582;278636400000
04123211;278636400000
04124921;279846000000
04126914;281055600000
04126913;281055600000
04126915;281055600000
04127061;281055600000
04127920;281660400000
04128917;282265200000
04129924;282870000000
04130915;283474800000
04130984;283474800000
04133073;284684400000
04133079;284684400000
04133455;284684400000
04135355;285894000000
04135275;285894000000
04135276;285894000000
04136911;286498800000
04137487;286498800000
04140503;288313200000
04140450;288313200000
04141115;288918000000
04142280;289522800000
04143559;290127600000
04143470;290127600000
04144619;290732400000
04144618;290732400000
04146417;291337200000
04145792;291337200000
04149303;293148000000
04151129;293752800000
04150534;293752800000
04150462;293752800000
04150461;293752800000
04153212;294962400000
04153488;294962400000
04152812;294962400000
04153976;295567200000
04153977;295567200000
04153978;295567200000
04154021;295567200000
04154485;295567200000
04154889;295567200000
04157236;297381600000
04156954;297381600000
04157724;297986400000
04157601;297986400000
04158253;298591200000
04158555;298591200000
04158932;299196000000
04160059;299800800000
04161052;301010400000
04161862;301615200000
04161805;301615200000
04162559;302220000000
04163305;302824800000
04163304;302824800000
04163927;302824800000
04166399;305244000000
04167803;306453600000
04169019;307058400000
04169348;307666800000
04169301;307666800000
04169699;307666800000
04171552;309481200000
04172342;310086000000
04172307;310086000000
04173057;310690800000
04175371;312505200000
04175939;312505200000
04176425;313110000000
04176426;313110000000
04176427;313110000000
04176988;313110000000
04178652;314319600000
04179776;314924400000
04179773;314924400000
04180390;314924400000
04180378;314924400000
04183127;316738800000
04184611;317343600000
04184361;317343600000
04186470;318553200000
04186463;318553200000
04187587;319158000000
04187588;319158000000
04187584;319158000000
04187585;319158000000
04187586;319158000000
04190933;320972400000
04190932;320972400000
04192041;321577200000
04192042;321577200000
04193169;322182000000
04193168;322182000000
04193170;322182000000
04194270;322786800000
04194269;322786800000
04195388;323391600000
04195389;323391600000
04196496;323992800000
04196497;323992800000
04196498;323992800000
04197614;324597600000
04199400;325202400000
04198731;325202400000
04198730;325202400000
04198729;325202400000
04199844;325807200000
04199843;325807200000
04202079;327016800000
04202078;327016800000
04202855;327016800000
04202163;327016800000
04203254;327621600000
04205921;328831200000
04206860;329436000000
04206823;329436000000
04208000;330040800000
04208366;330040800000
04208762;330645600000
04208769;330645600000
04208766;330645600000
04208768;330645600000
04208767;330645600000
04210075;331250400000
04211583;331855200000
04212216;332460000000
04213553;333064800000
04214347;333669600000
04214346;333669600000
04214348;333669600000
04216616;334879200000
04217159;334879200000
04217387;334879200000
04217680;335484000000
04219289;336088800000
04219911;336693600000
04219908;336693600000
04221023;337298400000
04221022;337298400000
04221109;337298400000
04221838;337298400000
04222154;337903200000
04223423;338508000000
04223422;338508000000
04225244;339116400000
04224719;339116400000
04224718;339116400000
04224717;339116400000
04224720;339116400000
04227285;340326000000
04227848;340326000000
04228564;340930800000
04228563;340930800000
04229628;340930800000
04229285;340930800000
04229286;340930800000
04229861;341535600000
04231136;342140400000
04232426;342745200000
04233711;343350000000
04236278;344559600000
04236279;344559600000
04237180;344559600000
04237582;345164400000
04237685;345164400000
04240181;346374000000
04240182;346374000000
04240180;346374000000
04241474;346978800000
04241475;346978800000
04243446;347583600000
04244082;348188400000
04245444;348793200000
04247270;349398000000
04248927;350002800000
04249286;350607600000
04253243;352422000000
04253215;352422000000
04254536;353026800000
04255108;353026800000
04256130;353631600000
04257148;354236400000
04257147;354236400000
04257221;354236400000
04258455;354837600000
04258454;354837600000
04258453;354837600000
04258557;354837600000
04259765;355442400000
04259766;355442400000
04259764;355442400000
04261079;356047200000
04262390;356652000000
04264241;357256800000
04263696;357256800000
04266324;358466400000
04266323;358466400000
04266327;358466400000
04267620;359071200000
04268340;359071200000
04268936;359676000000
04268937;359676000000
04270888;360280800000
04270245;360280800000
04270246;360280800000
04271565;360885600000
04271564;360885600000
04272866;361490400000
04272865;361490400000
04272868;361490400000
04272867;361490400000
04274179;362095200000
04274177;362095200000
04274178;362095200000
04275482;362700000000
04275483;362700000000
04276106;362700000000
04276678;363304800000
04276677;363304800000
04276682;363304800000
04278113;363909600000
04279060;364514400000
04280253;365119200000
04280251;365119200000
04280252;365119200000
04280250;365119200000
04280249;365119200000
04281438;365724000000
04281437;365724000000
04283814;366933600000
04284395;366933600000
04284595;366933600000
04284090;366933600000
04285100;367538400000
04285452;367538400000
04285647;367538400000
04286357;368143200000
04287643;368748000000
04288498;368748000000
04288889;369352800000
04290169;369957600000
04290170;369957600000
04291438;370566000000
04291437;370566000000
04292712;371170800000
04293982;371775600000
04293983;371775600000
04295248;372380400000
04295249;372380400000
04296527;372985200000
04296528;372985200000
04297766;373590000000
04297768;373590000000
04297767;373590000000
04299011;374194800000
04300267;374799600000
04300265;374799600000
04300266;374799600000
04300968;374799600000
04300876;374799600000
04301574;375404400000
04301573;375404400000
04301572;375404400000
04302968;376009200000
04304817;376614000000
04306337;377823600000
04306450;377823600000
04306555;377823600000
04308640;379033200000
04309796;379638000000
04310950;380242800000
04310949;380242800000
04313242;381452400000
04314387;382057200000
04314388;382057200000
04315346;382662000000
04315347;382662000000
04316314;383266800000
04317261;383871600000
04317260;383871600000
04319235;384476400000
04318206;384476400000
04320560;385686000000
04322380;386287200000
04322027;386287200000
04321732;386287200000
04321731;386287200000
04321788;386287200000
04324021;387496800000
04326371;388706400000
04327044;388706400000
04332058;391730400000
04332059;391730400000
04334340;392940000000
04336684;394149600000
04338233;394754400000
04338705;395359200000
04339852;395964000000
04339851;395964000000
04340563;395964000000
04340556;395964000000
04342137;397173600000
04343070;397778400000
04343069;397778400000
04344272;398383200000
04344208;398383200000
04345355;398988000000
04345356;398988000000
04346504;399592800000
04346500;399592800000
04347647;400197600000
04347960;400197600000
04350007;401407200000
04351793;402015600000
04351089;402015600000
04352223;402620400000
04352224;402620400000
04352649;402620400000
04353492;403225200000
04353148;403225200000
04353149;403225200000
04355439;404434800000
04355438;404434800000
04356598;405039600000
04356597;405039600000
04356690;405039600000
04357793;405644400000
04357737;405644400000
04357738;405644400000
04357739;405644400000
04359859;406854000000
04361006;407458800000
04363585;408668400000
04364151;409273200000
04364152;409273200000
04364153;409273200000
04364154;409273200000
04365764;409878000000
04365388;409878000000
04365389;409878000000
04365395;409878000000
04366601;410482800000
04368561;411692400000
04369550;412297200000
04369548;412297200000
04369549;412297200000
04369622;412297200000
04371449;412902000000
04370781;412902000000
04372010;413506800000
04373233;414111600000
04373529;414111600000
04374448;414716400000
04377021;417135600000
04379357;418946400000
04380104;419551200000
04380095;419551200000
04382315;421365600000
04382316;421365600000
04383349;421970400000
04384708;422575200000
04384388;422575200000
04384450;422575200000
04387486;424389600000
04387487;424389600000
04389751;425599200000
04389753;425599200000
04389752;425599200000
04391021;426204000000
04392275;426808800000
04392276;426808800000
04392903;426808800000
04393547;427413600000
04394789;428018400000
04394790;428018400000
04397065;429228000000
04397246;429228000000
04398319;429832800000
04398318;429832800000
04398320;429832800000
04399589;430437600000
04399590;430437600000
04399591;430437600000
04400850;431042400000
04400854;431042400000
04400853;431042400000
04400852;431042400000
04400851;431042400000
04403374;432252000000
04404711;432856800000
04404710;432856800000
04406039;433465200000
04406038;433465200000
04407047;434070000000
04408371;434674800000
04408370;434674800000
04411562;435884400000
04412367;436489200000
04413378;437094000000
04414710;437698800000
04416035;438303600000
04417369;438908400000
04419791;440118000000
04424927;442537200000
04425109;442537200000
04427404;443746800000
04426753;443746800000
04428097;444351600000
04428209;444351600000
04430774;445561200000
04432118;446166000000
04432195;446166000000
04433455;446770800000
04433454;446770800000
04434533;447375600000
04434532;447375600000
04434531;447375600000
04434530;447375600000
04435953;447980400000
04436564;447980400000
04437917;448585200000
04438547;449186400000
04438549;449186400000
04438548;449186400000
04439894;449791200000
04440700;449791200000
04442062;450396000000
04441232;450396000000
04443913;451605600000
04445252;452210400000
04446602;452815200000
04449272;454024800000
04450677;454629600000
04452134;455234400000
04454189;455839200000
04454631;456444000000
04455549;456444000000
04455713;457048800000
04455714;457048800000
04457049;457653600000
04457058;457653600000
04458506;458258400000
04458381;458258400000
04458382;458258400000
04461141;459468000000
04461058;459468000000
04462140;460072800000
04463479;460677600000
04463480;460677600000
04466237;461887200000
04467502;462492000000
04470253;463701600000
04470172;463701600000
04471607;464306400000
04472859;464911200000
04473924;465519600000
04475270;466124400000
04475271;466124400000
04475272;466124400000
04475269;466124400000
04476611;466729200000
04477526;466729200000
04477944;467334000000
04477945;467334000000
04479286;467938800000
04479285;467938800000
04480354;468543600000
04480355;468543600000
04481694;469148400000
04483668;469753200000
04484376;470358000000
04484377;470358000000
04485528;470962800000
04486921;471567600000
04486922;471567600000
04489461;472777200000
04489462;472777200000
04493132;474591600000
04493131;474591600000
04494204;474591600000
04494278;475196400000
04494919;475196400000
04495677;475801200000
04497087;476406000000
04497086;476406000000
04497089;476406000000
04497088;476406000000
04497085;476406000000
04498215;477010800000
04498216;477010800000
04499633;477615600000
04499632;477615600000
04501046;478220400000
04501047;478220400000
04501048;478220400000
04503430;478825200000
04502195;478825200000
04502185;478825200000
04503589;479430000000
04505005;480034800000
04506413;480639600000
04506414;480639600000
04507827;481240800000
04507826;481240800000
04509230;481845600000
04510773;482450400000
04510949;482450400000
04510645;482450400000
04510648;482450400000
04510646;482450400000
04510647;482450400000
04512061;483055200000
04512060;483055200000
04513481;483660000000
04513480;483660000000
04513479;483660000000
04514880;484264800000
04514881;484264800000
04516292;484869600000
04519201;486079200000
04519114;486079200000
04519199;486079200000
04520531;486684000000
04520532;486684000000
04520530;486684000000
04520529;486684000000
04523351;487893600000
04523350;487893600000
04525393;488498400000
04525385;488498400000
04524492;488498400000
04525897;489103200000
04528050;489708000000
04527307;489708000000
04527306;489708000000
04528721;490312800000
04528722;490312800000
04528723;490312800000
04528724;490312800000
04528725;490312800000
04530133;490917600000
04530134;490917600000
04531262;491522400000
04532678;492127200000
04532780;492127200000
04534086;492732000000
04535510;493336800000
04535511;493336800000
04535512;493336800000
04536852;493336800000
04538329;494546400000
04538328;494546400000
04540454;495151200000
04539728;495151200000
04539729;495151200000
04541144;495756000000
04541825;495756000000
04542560;496360800000
04543690;496969200000
04544106;496969200000
04545093;497574000000
04547263;498178800000
04546622;498178800000
04547935;498783600000
04547934;498783600000
04547933;498783600000
04547936;498783600000
04548131;498783600000
04549428;499388400000
04552803;500598000000
04551887;500598000000
04553290;501202800000
04553288;501202800000
04553289;501202800000
04554709;501807600000
04554708;501807600000
04557022;503017200000
04557021;503017200000
04558491;503622000000
04559674;504226800000
04559673;504226800000
04559903;504226800000
04559906;504226800000
04561151;504831600000
04561152;504831600000
04563794;506041200000
04564979;506646000000
04566154;507250800000
04566153;507250800000
04566152;507250800000
04568581;507855600000
04569104;508460400000
04569192;508460400000
04569811;508460400000
04574433;510879600000
04574583;510879600000
04575903;511484400000
04575902;511484400000
04577372;512089200000
04580960;513295200000
04580318;513295200000
04583266;514504800000
04583267;514504800000
04586218;515714400000
04586217;515714400000
04586212;515714400000
04587691;516319200000
04589166;516924000000
04589168;516924000000
04589167;516924000000
04589169;516924000000
04591073;517528800000
04590757;517528800000
04590645;517528800000
04590647;517528800000
04590646;517528800000
04592708;518133600000
04592213;518133600000
04592114;518133600000
04592115;518133600000
04593436;518738400000
04593437;518738400000
04593438;518738400000
04595149;519343200000
04598441;521157600000
04599766;521762400000
04601084;522367200000
04606177;524786400000
04606095;524786400000
04611366;527205600000
04615080;529023600000
04615170;529023600000
04619723;530838000000
04622645;532047600000
04623099;532652400000
04625368;533862000000
04625367;533862000000
04625366;533862000000
04625365;533862000000
04627131;534466800000
04628571;535071600000
04630336;535676400000
04630337;535676400000
04630434;535676400000
04631781;536281200000
04635322;537490800000
04635321;537490800000
04635323;537490800000
04637104;538095600000
04637096;538095600000
04641397;539910000000
04641792;539910000000
04642851;540514800000
04642852;540514800000
04642850;540514800000
04644609;541119600000
04646387;541724400000
04646388;541724400000
04646390;541724400000
04646391;541724400000
04646389;541724400000
04648754;542329200000
04649605;542934000000
04650409;542934000000
04651675;543538800000
04651387;543538800000
04651386;543538800000
04653397;544140000000
04653152;544140000000
04653153;544140000000
04654933;544744800000
04657031;545349600000
04657444;545349600000
04656694;545349600000
04656695;545349600000
04658477;545954400000
04660257;546559200000
04661025;546559200000
04662164;547164000000
04662167;547164000000
04662031;547164000000
04662032;547164000000
04664160;547768800000
04666647;548373600000
04667373;548978400000
04667463;548978400000
04668322;548978400000
04669151;549583200000
04669259;549583200000
04670944;550188000000
04672717;550792800000
04673137;550792800000
04674966;551397600000
04677710;552607200000
04678128;552607200000
04678136;552607200000
04679278;553212000000
04679279;553212000000
04679390;553212000000
04680833;553816800000
04682388;554421600000
04683619;555026400000
04683711;555026400000
04686744;556236000000
04687147;556236000000
04688300;556840800000
04688301;556840800000
04689143;556840800000
04689857;557445600000
04689947;557445600000
04691413;558050400000
04691414;558050400000
04691415;558050400000
04692967;558655200000
04693917;558655200000
04694538;559260000000
04694539;559260000000
04694540;559260000000
04696608;559868400000
04696080;559868400000
04697311;560473200000
04697310;560473200000
04697309;560473200000
04699049;561078000000
04698879;561078000000
04698878;561078000000
04700431;561682800000
04700538;561682800000
04701981;562287600000
04701980;562287600000
04703431;562287600000
04706337;564102000000
04706338;564102000000
04706340;564102000000
04706339;564102000000
04707887;564706800000
04707888;564706800000
04709451;565311600000
04709452;565311600000
04712275;566521200000
04712276;566521200000
04712277;566521200000
04715177;567730800000
04715924;567730800000
04716628;568335600000
04716629;568335600000
04718225;568940400000
04720321;569545200000
04722118;570754800000
04723344;571359600000
04723343;571359600000
04723342;571359600000
04726096;572569200000
04726097;572569200000
04727713;573174000000
04727626;573174000000
04731909;574988400000
04734958;576194400000
04734957;576194400000
04735040;576194400000
04736493;576799200000
04738005;577404000000
04739540;578008800000
04741941;578613600000
04742879;579218400000
04742675;579218400000
04747188;581032800000
04747187;581032800000
04748725;581637600000
04750240;582242400000
04752514;582847200000
04753698;583452000000
04754527;584056800000
04756059;584661600000
04757575;585266400000
04759102;585871200000
04761858;587080800000
04761857;587080800000
04763387;587685600000
04766649;588895200000
04766648;588895200000
04766647;588895200000
04766650;588895200000
04768262;589500000000
04769873;590104800000
04771514;590709600000
04771513;590709600000
04771596;590709600000
04773607;591318000000
04775421;591922800000
04776066;592527600000
04776065;592527600000
04777702;593132400000
04777701;593132400000
04777700;593132400000
04779310;593737200000
04779311;593737200000
04779309;593737200000
04780933;594342000000
04785507;596156400000
04785504;596156400000
04785506;596156400000
04785505;596156400000
04785510;596156400000
04791706;598575600000
04793028;599180400000
04794671;599785200000
04796335;600390000000
04796334;600390000000
04797976;600994800000
04797977;600994800000
04797978;600994800000
04797979;600994800000
04797980;600994800000
04798045;600994800000
04798046;600994800000
04799985;601599600000
04799294;601599600000
04799295;601599600000
04801383;602204400000
04805266;604018800000
04805268;604018800000
04805267;604018800000
04805269;604018800000
04805395;604018800000
04809404;605228400000
04809405;605228400000
04809920;605228400000
04812993;605833200000
04812700;605833200000
04811463;605833200000
04811464;605833200000
04813616;606438000000
04813103;606438000000
04813104;606438000000
04816092;607039200000
04815171;607039200000
04815170;607039200000
04818466;607644000000
04818318;607644000000
04817246;607644000000
04817247;607644000000
04817248;607644000000
04819302;608248800000
04819301;608248800000
04820350;608248800000
04823597;609458400000
04823440;609458400000
04825511;610063200000
04825634;610063200000
04825633;610063200000
04827424;610063200000
04827572;610668000000
04827573;610668000000
04827574;610668000000
04830351;611272800000
04829758;611272800000
04831691;611877600000
04833758;612482400000
04833757;612482400000
04835818;613087200000
04838018;613692000000
04837908;613692000000
04839944;614296800000
04839943;614296800000
04843684;615506400000
04843685;615506400000
04845938;616111200000
04845813;616111200000
04845812;616111200000
04847140;616111200000
04850083;617320800000
04852218;617925600000
04852219;617925600000
04852217;617925600000
04854013;618530400000
04854012;618530400000
04854011;618530400000
04856148;619135200000
04856147;619135200000
04856146;619135200000
04858275;619740000000
04858276;619740000000
04858277;619740000000
04858278;619740000000
04860405;620344800000
04860407;620344800000
04860406;620344800000
04862766;620949600000
04862559;620949600000
04862688;620949600000
04864694;621554400000
04864693;621554400000
04864853;621554400000
04866926;622159200000
04866815;622159200000
04866814;622159200000
04868952;622767600000
04869060;622767600000
04870720;623372400000
04875256;625186800000
04876769;625791600000
04878268;626396400000
04878784;626396400000
04881062;627001200000
04882812;628210800000
04884395;628815600000
04884320;628815600000
04884319;628815600000
04885823;629420400000
04888231;630025200000
04888857;630630000000
04888856;630630000000
04890359;631234800000
04890358;631234800000
04890357;631234800000
04891096;631234800000
04892572;631839600000
04891863;631839600000
04893757;632444400000
04893379;632444400000
04893380;632444400000
04894983;633049200000
04894886;633049200000
04896400;633654000000
04896401;633654000000
04897897;634258800000
04901517;635468400000
04901519;635468400000
04903385;636073200000
04903374;636073200000
04905351;636678000000
04905352;636678000000
04907318;637282800000
04908910;637887600000
04910830;638488800000
04912919;639093600000
04912811;639093600000
04914787;639698400000
04914786;639698400000
04914785;639698400000
04916890;640303200000
04916777;640303200000
04918912;640908000000
04920736;641512800000
04920613;641512800000
04922702;642117600000
04922704;642117600000
04922705;642117600000
04922580;642117600000
04922579;642117600000
04923495;642117600000
04924554;642722400000
04924556;642722400000
04926627;643327200000
04926626;643327200000
04928357;643932000000
04928356;643932000000
04928355;643932000000
04928354;643932000000
04928353;643932000000
04930190;644536800000
04931005;644536800000
04933129;645141600000
04934029;645746400000
04936934;646351200000
04937919;646956000000
04939816;647560800000
04939815;647560800000
04940367;647560800000
04942643;648770400000
04943300;648770400000
04944071;649375200000
04944070;649375200000
04945611;649980000000
04945610;649980000000
04945609;649980000000
04948542;650584800000
04947522;650584800000
04947521;650584800000
04947520;650584800000
04949431;651189600000
04951359;651794400000
04951357;651794400000
04951358;651794400000
04951360;651794400000
04953349;652399200000
04953265;652399200000
04953264;652399200000
04955266;653004000000
04955111;653004000000
04956896;653608800000
04958404;654213600000
04958413;654213600000
04959894;654822000000
04962569;656031600000
04964054;656031600000
04964267;656636400000
04964195;656636400000
04964196;656636400000
04964197;656636400000
04965912;657241200000
04965920;657241200000
04967946;657846000000
04968188;657846000000
04967547;657846000000
04967449;657846000000
04967448;657846000000
04969235;658450800000
04969236;658450800000
04969237;658450800000
04969238;658450800000
04969234;658450800000
04969244;658450800000
04971540;659055600000
04970851;659055600000
04970759;659055600000
04972669;659660400000
04972667;659660400000
04972555;659660400000
04972554;659660400000
04972553;659660400000
04972552;659660400000
04972551;659660400000
04972550;659660400000
04974293;660265200000
04974294;660265200000
04974295;660265200000
04974296;660265200000
04976012;660870000000
04976096;660870000000
04977654;661474800000
04977645;661474800000
04979272;662079600000
04979270;662079600000
04979271;662079600000
04979274;662079600000
04980951;662684400000
04980952;662684400000
04980950;662684400000
04982563;663289200000
04982477;663289200000
04982478;663289200000
04984335;663894000000
04984336;663894000000
04984334;663894000000
04984772;663894000000
04985967;664498800000
04985966;664498800000
04987649;665103600000
04987648;665103600000
04987647;665103600000
04987646;665103600000
04987645;665103600000
04987734;665103600000
04989297;665708400000
04991388;666313200000
04991387;666313200000
04991263;666313200000
04991264;666313200000
04991261;666313200000
04991262;666313200000
04993122;666918000000
04993121;666918000000
04993120;666918000000
04993119;666918000000
04993118;666918000000
04993117;666918000000
04995140;667522800000
04995141;667522800000
04995142;667522800000
04996748;668127600000
04996747;668127600000
04996746;668127600000
04996745;668127600000
04998406;668732400000
04998325;668732400000
04999883;669337200000
04999884;669337200000
04999881;669337200000
04999882;669337200000
04999926;669337200000
05001813;669942000000
05001814;669942000000
05001815;669942000000
05003669;670543200000
05003668;670543200000
05003670;670543200000
05003793;670543200000
05005259;671148000000
05005260;671148000000
05005261;671148000000
05005262;671148000000
05007623;671752800000
05007137;671752800000
05007136;671752800000
05008979;672357600000
05008978;672357600000
05010494;672357600000
05010623;672962400000
05010624;672962400000
05013229;673567200000
05012557;673567200000
05014398;674172000000
05014396;674172000000
05014397;674172000000
05014394;674172000000
05014395;674172000000
05017075;674776800000
05017312;674776800000
05017911;674776800000
05016324;674776800000
05016323;674776800000
05016322;674776800000
05016321;674776800000
05016320;674776800000
05019110;675381600000
05018245;675381600000
05018246;675381600000
05018247;675381600000
05018248;675381600000
05022123;676591200000
05022122;676591200000
05022121;676591200000
05023977;677196000000
05023976;677196000000
05025532;677800800000
05025533;677800800000
05026603;677800800000
05027476;678405600000
05027475;678405600000
05028224;678405600000
05030314;679010400000
05029366;679010400000
05031280;679615200000
05031279;679615200000
05031278;679615200000
05033165;680220000000
05033166;680220000000
05035027;680824800000
05038438;682034400000
05038439;682034400000
05038440;682034400000
05038441;682034400000
05038553;682034400000
05040272;682639200000
05040270;682639200000
05042112;683244000000
05042111;683244000000
05042122;683244000000
05045271;683848800000
05044045;683848800000
05044046;683848800000
05044047;683848800000
05044048;683848800000
05044052;683848800000
05046220;684453600000
05048156;685058400000
05048157;685058400000
05050271;685663200000
05052080;686271600000
05054167;686876400000
05054166;686876400000
05055829;686876400000
05057166;687481200000
05056195;687481200000
05058241;688086000000
05060346;688690800000
05060347;688690800000
05060345;688690800000
05060351;688690800000
05062183;689295600000
05066085;690505200000
05065479;690505200000
05065478;690505200000
05065477;690505200000
05065511;690505200000
05065637;690505200000
05067204;691110000000
05067202;691110000000
05067203;691110000000
05068947;691714800000
05072490;692924400000
05072492;692924400000
05072491;692924400000
05074015;693529200000
05076774;694134000000
05075930;694134000000
05077865;694738800000
05079800;695343600000
05081745;695948400000
05081744;695948400000
05083345;696553200000
05084942;697158000000
05084941;697158000000
05085047;697158000000
05086542;697762800000
05086616;697762800000
05088157;698367600000
05090090;698972400000
05090092;698972400000
05090091;698972400000
05090629;698972400000
05093961;700182000000
05093962;700182000000
05093963;700182000000
05095588;700786800000
05095587;700786800000
05095586;700786800000
05095585;700786800000
05095584;700786800000
05097574;701391600000
05101542;702597600000
05102690;702597600000
05105508;703807200000
05105507;703807200000
05108678;704412000000
05107669;704412000000
05107571;704412000000
05107572;704412000000
05110517;705016800000
05109574;705016800000
05111551;705621600000
05111552;705621600000
05113559;706226400000
05113550;706226400000
05117534;707436000000
05117535;707436000000
05117533;707436000000
05119622;708040800000
05119512;708040800000
05121523;708645600000
05121522;708645600000
05121841;708645600000
05123280;709250400000
05123144;709250400000
05123145;709250400000
05125132;709855200000
05125514;709855200000
05127134;710460000000
05130559;711064800000
05131117;711669600000
05131515;711669600000
05133282;712274400000
05133110;712274400000
05134755;712879200000
05136753;713484000000
05138558;713484000000
05138830;714088800000
05140722;714693600000
05142741;715298400000
05142742;715298400000
05144723;715903200000
05144731;715903200000
05146653;716508000000
05146651;716508000000
05146652;716508000000
05148575;717112800000
05150502;717721200000
05152033;718326000000
05153968;718930800000
05155989;719535600000
05155879;719535600000
05155886;719535600000
05157910;720140400000
05157809;720140400000
05157810;720140400000
05161283;721350000000
05161284;721350000000
05164236;721954800000
05163205;721954800000
05165979;722559600000
05168602;723769200000
05170534;724374000000
05172453;724978800000
05173995;725583600000
05173994;725583600000
05175909;726188400000
05177835;726793200000
05179764;727398000000
05179763;727398000000
05181295;728002800000
05182835;728607600000
05184374;729212400000
05186473;729817200000
05185905;729817200000
05185994;729817200000
05189308;730422000000
05187929;730422000000
05187845;730422000000
05191686;731631600000
05191680;731631600000
05194911;732236400000
05197163;733442400000
05197162;733442400000
05199134;734047200000
05199133;734047200000
05201098;734652000000
05203052;735256800000
05205019;735861600000
05205018;735861600000
05208947;737071200000
05208946;737071200000
05211708;737676000000
05210909;737676000000
05212937;738280800000
05218740;740095200000
05218741;740095200000
05221053;740700000000
05224243;741909600000
05226214;742514400000
05226212;742514400000
05226213;742514400000
05226991;742514400000
05228173;743119200000
05228172;743119200000
05228171;743119200000
05228170;743119200000
05230125;743724000000
05230124;743724000000
05233728;744933600000
05233727;744933600000
05236343;745538400000
05237725;746143200000
05237727;746143200000
05237726;746143200000
05237754;746143200000
05241726;747352800000
05245728;748562400000
05247722;749170800000
05247721;749170800000
05248925;749170800000
05249335;749775600000
05252158;750380400000
05253392;750985200000
05255415;751590000000
05255416;751590000000
05257438;752194800000
05257831;752194800000
05259092;752799600000
05263228;754009200000
05267932;755218800000
05269049;755823600000
05271126;756428400000
05271125;756428400000
05271780;756428400000
05272791;757033200000
05272790;757033200000
05274315;757033200000
05274883;757638000000
05274884;757638000000
05276947;758242800000
05276946;758242800000
05282141;759452400000
05282294;760057200000
05285554;761266800000
05285553;761266800000
05285552;761266800000
05287600;761871600000
05287597;761871600000
05287599;761871600000
05287598;761871600000
05288220;761871600000
05289617;762476400000
05289618;762476400000
05291636;763081200000
05293667;763686000000
05295284;764290800000
05295283;764290800000
05297316;764892000000
05297317;764892000000
05299343;765496800000
05302220;766101600000
05301399;766101600000
05301391;766101600000
05303454;766706400000
05303455;766706400000
05303452;766706400000
05303453;766706400000
05305498;767311200000
05305497;767311200000
05307540;767916000000
05309603;768520800000
05311645;769125600000
05313688;769730400000
05313689;769730400000
05316601;770335200000
05315738;770335200000
05318497;770940000000
05317786;770940000000
05321496;771544800000
05319830;771544800000
05322226;772149600000
05323513;772754400000
05325571;773359200000
05328016;773964000000
05327617;773964000000
05329669;774568800000
05329668;774568800000
05331801;775173600000
05333357;775778400000
05333358;775778400000
05333359;775778400000
05336071;776383200000
05335397;776383200000
05337455;776988000000
05337456;776988000000
05337454;776988000000
05339615;777592800000
05339495;777592800000
05341543;778197600000
05343686;778802400000
05343597;778802400000
05343598;778802400000
05343596;778802400000
05353477;781830000000
05355567;782434800000
05355565;782434800000
05355560;782434800000
05355561;782434800000
05359844;783644400000
05359758;783644400000
05359753;783644400000
05361572;784249200000
05361466;784249200000
05361468;784249200000
05361457;784249200000
05361458;784249200000
05361451;784249200000
05361450;784249200000
05363754;784854000000
05365640;785458800000
05367748;786063600000
05367746;786063600000
05367747;786063600000
05369861;786668400000
05369845;786668400000
05369844;786668400000
05373610;787878000000
05375958;788482800000
05375298;788482800000
05375306;788482800000
05377385;789087600000
05378296;789087600000
05379488;789692400000
05380118;789692400000
05381587;790297200000
05381651;790297200000
05384934;791506800000
05388310;792716400000
05390484;793321200000
05391045;793321200000
05392495;793926000000
05395062;794530800000
05394591;794530800000
05394683;794530800000
05396682;795135600000
05396688;795135600000
05398382;795740400000
05398381;795740400000
05398380;795740400000
05400475;796341600000
05400476;796341600000
05404619;797551200000
05406679;798156000000
05408727;798760800000
05412301;799365600000
05412844;799970400000
05412845;799970400000
05412846;799970400000
05412847;799970400000
05414902;800575200000
05414901;800575200000
05414900;800575200000
05414986;800575200000
05416960;801180000000
05419016;801784800000
05419952;801784800000
05421064;802389600000
05423176;802994400000
05423107;802994400000
05425158;803599200000
05425159;803599200000
05426823;804204000000
05426824;804204000000
05427723;804204000000
05427845;804204000000
05428870;804808800000
05428869;804808800000
05428949;804808800000
05431003;805413600000
05431005;805413600000
05430911;805413600000
05430917;805413600000
05432981;806018400000
05432980;806018400000
05433332;806018400000
05435121;806623200000
05437080;807228000000
05438733;807832800000
05441143;808437600000
05442836;809042400000
05442835;809042400000
05446945;810252000000
05446946;810252000000
05446952;810252000000
05447506;810252000000
05448800;810856800000
05448802;810856800000
05448801;810856800000
05448803;810856800000
05450656;811461600000
05453146;812070000000
05452496;812070000000
05454145;812674800000
05455991;813279600000
05455990;813279600000
05457851;813884400000
05459902;814489200000
05459990;814489200000
05461757;815094000000
05461758;815094000000
05463556;815094000000
05464660;815698800000
05465567;816303600000
05465464;816303600000
05465465;816303600000
05466601;816303600000
05467506;816908400000
05467505;816908400000
05469603;817513200000
05471710;818118000000
05471711;818118000000
05471712;818118000000
05472018;818118000000
05473795;818722800000
05475898;819327600000
05475899;819327600000
05476711;819327600000
05476703;819327600000
05477591;819932400000
05479679;820537200000
05479680;820537200000
05481859;821142000000
05481864;821142000000
05481862;821142000000
05487208;822956400000
05489351;823561200000
05488758;823561200000
05490308;824166000000
05491877;824770800000
05491876;824770800000
05495643;825980400000
05495642;825980400000
05497610;826585200000
05501100;827794800000
05500986;827794800000
05502875;828396000000
05504975;829000800000
05507073;829605600000
05507074;829605600000
05509179;830210400000
05509178;830210400000
05512600;830815200000
05511372;830815200000
05514324;831420000000
05515578;832024800000
05515579;832024800000
05515577;832024800000
05517726;832629600000
05517725;832629600000
05522119;833839200000
05525180;834444000000
05524427;834444000000
05524325;834444000000
05527171;835048800000
05527597;835048800000
05529813;835653600000
05528797;835653600000
05528798;835653600000
05528799;835653600000
05530995;836258400000
05530994;836258400000
05531063;836258400000
05535581;837468000000
05535481;837468000000
05535488;837468000000
05538490;838072800000
05537717;838072800000
05537718;838072800000
05537809;838072800000
05539958;838677600000
05542154;839282400000
05544389;839887200000
05544390;839887200000
05546634;840492000000
05546636;840492000000
05546635;840492000000
05553356;842306400000
05553357;842306400000
05555717;842911200000
05555714;842911200000
05558924;843516000000
05560085;844120800000
05560179;844120800000
05561889;844725600000
05564165;845330400000
05564630;845330400000
05566425;845935200000
05566541;845935200000
05567516;845935200000
05569528;846543600000
05575874;848358000000
05575040;848358000000
05575038;848358000000
05575039;848358000000
05577298;848962800000
05583781;850172400000
05581849;850172400000
05581848;850172400000
05584101;850777200000
05586366;851382000000
05586365;851382000000
05586412;851382000000
05589256;851986800000
05590442;852591600000
05593746;853196400000
05593533;853196400000
05595049;853801200000
05600872;855615600000
05600871;855615600000
05604957;856825200000
05606113;856825200000
05606776;857430000000
05608948;858034800000
05611116;858639600000
05611115;858639600000
05611117;858639600000
05613280;859244400000
05613278;859244400000
05613279;859244400000
05615453;859845600000
05617613;860450400000
05617614;860450400000
05617615;860450400000
05618364;860450400000
05619772;861055200000
05619773;861055200000
05620541;861055200000
05622668;861660000000
05621948;861660000000
05623748;862264800000
05623749;862264800000
05624742;862264800000
05625924;862869600000
05628173;863474400000
05628090;863474400000
05630251;864079200000
05632138;864684000000
05632116;864684000000
05634316;865288800000
05634243;865288800000
05636411;865893600000
05638634;866498400000
05638580;866498400000
05642553;867708000000
05642611;867708000000
05644818;868312800000
05647097;868917600000
05647098;868917600000
05651165;870127200000
05655262;871336800000
05657512;871941600000
05661947;873151200000
05664455;873756000000
05664398;873756000000
05665803;873756000000
05666696;874360800000
05666697;874360800000
05666698;874360800000
05669109;874965600000
05671495;875570400000
05673462;876175200000
05673461;876175200000
05678354;877384800000
05680678;877993200000
05682647;878598000000
05685047;879202800000
05688301;879807600000
05687454;879807600000
05689945;880412400000
05689946;880412400000
05689857;880412400000
05689858;880412400000
05689856;880412400000
05692267;881017200000
05696175;881622000000
05698291;882226800000
05697126;882226800000
05699588;882831600000
05699589;882831600000
05701637;883436400000
05704096;884041200000
05705030;884041200000
05709010;885250800000
05709011;885250800000
05709074;885250800000
05713106;886460400000
05713431;886460400000
05720083;888274800000
05720161;888274800000
05728083;890089200000
05729868;890694000000
05737807;892504800000
05737806;892504800000
05740588;893109600000
05742981;893714400000
05745955;894319200000
05745956;894319200000
05749126;894924000000
05750446;894924000000
05752295;895528800000
05752294;895528800000
05755012;896133600000
05762171;897343200000
05761772;897343200000
05761771;897343200000
05761773;897343200000
05761770;897343200000
05766388;897948000000
05766266;897948000000
05769573;898552800000
05768880;898552800000
05768750;898552800000
05771542;899157600000
05771541;899157600000
05774942;899762400000
05774943;899762400000
05774940;899762400000
05774941;899762400000
05775086;899762400000
05778494;900367200000
05778492;900367200000
05778493;900367200000
05783505;900972000000
05787551;902181600000
05787553;902181600000
05789326;902181600000
05794311;903391200000
05796220;903391200000
05796635;903391200000
05799374;904600800000
05804007;905205600000
05802674;905205600000
05805452;905205600000
05809762;906415200000
05814034;907020000000
05815890;907624800000
05815888;907624800000
05815887;907624800000
05815889;907624800000
05820615;908229600000
05819373;908229600000
05822972;908834400000
05829101;910047600000
05829100;910047600000
05837009;911257200000
05839166;911862000000
05839165;911862000000
05840636;911862000000
05845368;913071600000
05845367;913071600000
05852844;914886000000
05855043;915490800000
05862573;917305200000
05870890;919119600000
05873150;919724400000
05873230;919724400000
05873964;919724400000
05878464;920934000000
05881887;921538800000
05885623;922143600000
05888652;922744800000
05890264;923349600000
05893197;923954400000
05894637;924559200000
05894636;924559200000
05899057;925768800000
05898978;925768800000
05906030;927583200000
05908680;928188000000
05909786;928792800000
05913393;930002400000
05913797;930002400000
05915510;930607200000
05915509;930607200000
05917591;930607200000
05918349;931212000000
05918453;931212000000
05918456;931212000000
05919717;931212000000
05920961;931816800000
05926918;933026400000
05926919;933026400000
05930869;933631200000
05930870;933631200000
05930871;933631200000
05934059;934236000000
05933921;934236000000
05933920;934236000000
05937484;934840800000
05940925;935445600000
05943740;936050400000
05943854;936050400000
05943907;936050400000
05950282;937260000000
05950413;937260000000
05953793;937864800000
05953792;937864800000
05954841;937864800000
05956811;938469600000
05961904;939074400000
05966780;940284000000
05970582;940888800000
05970583;940888800000
05970700;940888800000
05972696;940888800000
05972414;940888800000
05974630;941497200000
05974631;941497200000
05974629;941497200000
05974628;941497200000
05979018;942102000000
05983456;942706800000
05983457;942706800000
05992136;943916400000
05991977;943916400000
05991960;943916400000
05996194;944521200000
05996183;944521200000
05996182;944521200000
05996181;944521200000
06000101;945126000000
06000102;945126000000
06006511;946335600000
06012277;947545200000
06012202;947545200000
06018129;948754800000
06019105;949359600000
06021549;949964400000
06021548;949964400000
06024206;950569200000
06023925;950569200000
06029317;951778800000
06029318;951778800000
06029316;951778800000
06032844;952383600000
06032336;952383600000
06032335;952383600000
06035493;952988400000
06038741;953593200000
06047446;955404000000
06049956;956008800000
06051269;956008800000
06052984;956613600000
06052871;956613600000
06052872;956613600000
06055792;957218400000
06058571;957823200000
06058570;957823200000
06058568;957823200000
06058569;957823200000
06058567;957823200000
06061875;958428000000
06061877;958428000000
06061876;958428000000
06061878;958428000000
06065277;959032800000
06065191;959032800000
06065190;959032800000
06070302;960242400000
06073314;960847200000
06073313;960847200000
06079647;962056800000
06079082;962056800000
06081972;962661600000
06081971;962661600000
06083739;962661600000
06082088;962661600000
06082089;962661600000
06088094;963266400000
06085392;963266400000
06085391;963266400000
06085390;963266400000
06085389;963266400000
06088881;963871200000
06088882;963871200000
06094791;965080800000
06098249;965685600000
06101681;966290400000
06101680;966290400000
06101805;966290400000
06101679;966290400000
06108873;967500000000
06108872;967500000000
06112384;968104800000
06112509;968104800000
06115859;968709600000
06115887;968709600000
06118082;968709600000
06119313;969314400000
06119312;969314400000
06122565;969314400000
06122803;969919200000
06128832;971128800000
06131785;971733600000
06134752;972338400000
06138326;972946800000
06141833;973551600000
06145166;974156400000
06147327;974156400000
06145248;974156400000
06151760;975366000000
06154931;975970800000
06154930;975970800000
06157146;975970800000
06158091;976575600000
06158090;976575600000
06161441;977180400000
06161257;977180400000
06161258;977180400000
06163931;977785200000
06167593;978390000000
06167595;978390000000
06167594;978390000000
06170124;978994800000
06170126;978994800000
06170125;978994800000
06173478;979599600000
06182333;981414000000
06182332;981414000000
06185789;982018800000
06185787;982018800000
06185788;982018800000
06185790;982018800000
06189308;982623600000
06189185;982623600000
06189184;982623600000
06195974;983833200000
06195841;983833200000
06195842;983833200000
06195845;983833200000
06195843;983833200000
06195844;983833200000
06197080;983833200000
06199411;984438000000
06199289;984438000000
06202398;985042800000
06202258;985042800000
06202259;985042800000
06205620;985644000000
06205621;985644000000
06209304;986248800000
06209305;986248800000
06209303;986248800000
06209285;986248800000
06211513;986248800000
06212736;986853600000
06212738;986853600000
06212737;986853600000
06216318;987458400000
06216433;987458400000
06219885;988063200000
06219886;988063200000
06223514;988668000000
06223609;988668000000
06223398;988668000000
06226838;989272800000
06226837;989272800000
06230368;989877600000
06233904;990482400000
06233787;990482400000
06235999;990482400000
06237315;991087200000
06237317;991087200000
06237196;991087200000
06237195;991087200000
06240601;991692000000
06245413;992296800000
06244075;992296800000
06249935;993506400000
06250060;993506400000
06253923;994111200000
06253431;994111200000
06256973;994716000000
06260239;995320800000
06263545;995925600000
06263654;995925600000
06263655;995925600000
06263656;995925600000
06266573;995925600000
06270623;997135200000
06269522;997135200000
06272834;997740000000
06273978;997740000000
06273314;997740000000
06276028;998344800000
06279306;998949600000
06279201;998949600000
06282755;999554400000
06282754;999554400000
06286188;1000159200000
06289599;1000764000000
06292982;1001368800000
06295699;1001973600000
06298522;1002578400000
06298523;1002578400000
06301750;1003183200000
06308878;1004396400000
06308506;1004396400000
06311377;1005001200000
06314806;1005606000000
06314619;1005606000000
06314618;1005606000000
06314620;1005606000000
06317645;1005606000000
06318060;1006210800000
06317931;1006210800000
06317932;1006210800000
06319455;1006210800000
06324825;1007420400000
06327747;1008025200000
06327748;1008025200000
06327745;1008025200000
06327746;1008025200000
06331268;1008630000000
06330735;1008630000000
06330786;1008630000000
06332244;1009234800000
06332245;1009234800000
06332246;1009234800000
06334238;1009839600000
06334237;1009839600000
06336256;1010444400000
06336257;1010444400000
06336258;1010444400000
06336259;1010444400000
06338183;1011049200000
06341484;1012258800000
06342083;1012258800000
06345417;1013468400000
06349533;1014678000000
06353973;1015887600000
06353974;1015887600000
06353972;1015887600000
06357083;1016492400000
06360403;1017097200000
06363702;1017698400000
06363580;1017698400000
06370859;1018908000000
06370737;1018908000000
06370736;1018908000000
06375773;1019512800000
06378179;1020117600000
06385954;1021327200000
06385828;1021327200000
06389648;1021932000000
06389647;1021932000000
06389646;1021932000000
06393666;1022536800000
06393665;1022536800000
06393667;1022536800000
06397437;1023141600000
06401303;1023746400000
06408488;1024956000000
06408487;1024956000000
06412146;1025560800000
06421883;1027375200000
06421884;1027375200000
06425164;1027980000000
06425163;1027980000000
06430781;1029189600000
06434923;1029794400000
06434795;1029794400000
06434794;1029794400000
06440192;1030399200000
06442803;1031004000000
06446310;1031608800000
06449804;1032213600000
06449805;1032213600000
06454996;1032818400000
06453515;1032818400000
06453514;1032818400000
06453513;1032818400000
06457209;1033423200000
06460224;1034028000000
06460223;1034028000000
06470534;1035846000000
06475315;1036450800000
06477827;1037055600000
06477740;1037055600000
06477742;1037055600000
06477741;1037055600000
06477734;1037055600000
06493595;1039474800000
06490762;1039474800000
06497009;1040684400000
06497008;1040684400000
06499338;1041289200000
06499194;1041289200000
06511566;1043708400000
06516497;1044918000000
06523226;1046127600000
06524442;1046127600000
06539586;1049148000000
06539585;1049148000000
06543093;1049752800000
06543091;1049752800000
06543092;1049752800000
06543106;1049752800000
06550107;1050962400000
06550106;1050962400000
06550105;1050962400000
06553630;1051567200000
06557214;1052172000000
06557215;1052172000000
06557213;1052172000000
06557267;1052172000000
06564431;1053381600000
06564430;1053381600000
06565177;1053381600000
06568038;1053986400000
06568039;1053986400000
06568037;1053986400000
06568041;1053986400000
06568042;1053986400000
06568040;1053986400000
06571428;1054591200000
06578238;1055800800000
06578237;1055800800000
06581248;1056405600000
06584651;1057010400000
06584650;1057010400000
06588066;1057615200000
06588194;1057615200000
06591458;1058220000000
06598267;1059429600000
06604259;1060639200000
06604261;1060639200000
06604260;1060639200000
06610174;1061848800000
06611994;1062453600000
06615454;1063058400000
06615455;1063058400000
06627032;1064872800000
06640154;1067295600000
06637085;1067295600000
06640392;1067900400000
06640391;1067900400000
06647595;1069110000000
06660218;1070924400000
06662407;1071529200000
06668425;1072738800000
06675444;1073948400000
06675445;1073948400000
06675442;1073948400000
06675443;1073948400000
06675441;1073948400000
06678079;1073948400000
06681449;1075158000000
06681450;1075158000000
06687958;1076367600000
06689242;1076367600000
06689959;1076367600000
06691373;1076972400000
06694572;1077577200000
06698066;1078182000000
06704969;1079391600000
06704970;1079391600000
06721998;1082412000000
06726027;1083016800000
06726461;1083016800000
06729465;1083621600000
06732412;1084226400000
06736915;1084831200000
06737004;1084831200000
06745438;1086645600000
06748628;1087250400000
06766564;1090879200000
06769240;1091484000000
06773545;1092088800000
06780357;1093298400000
06786438;1094508000000
06804863;1098136800000
06807750;1098741600000
06829811;1102978800000
06829810;1102978800000
06833399;1103583600000
06839941;1105398000000
06842947;1106002800000
06848149;1107212400000
06865780;1110841200000
06865781;1110841200000
06872352;1112047200000
06874204;1112652000000
06874203;1112652000000
06874202;1112652000000
06877188;1113256800000
06880206;1113861600000
06880207;1113861600000
06883209;1114466400000
06889406;1115676000000
06905567;1118700000000
06907644;1119304800000
06910249;1119909600000
06920671;1122328800000
06937792;1125352800000
06944915;1127167200000
06955132;1129586400000
06966762;1132614000000
06966915;1132614000000
06971145;1133823600000
06971144;1133823600000
06973699;1134428400000
06978594;1135638000000
06981297;1136242800000
06983515;1136847600000
06983516;1136847600000
06983520;1136847600000
06988355;1138057200000
06996878;1139871600000
07003853;1141081200000
07007348;1141686000000
07020932;1144101600000
07032273;1145916000000
07045027;1147730400000
07048996;1148335200000
07048828;1148335200000
07051405;1148940000000
07055222;1149544800000
07055221;1149544800000
07059508;1150149600000
07062819;1150754400000
07073229;1152568800000
07075018;1152568800000
07076840;1153173600000
07076841;1153173600000
07076839;1153173600000
07082645;1154383200000
07082646;1154383200000
07093325;1156197600000
07093857;1156197600000
07094309;1156197600000
07096541;1156802400000
07096542;1156802400000
07103440;1157407200000
07100246;1157407200000
07107652;1158616800000
07111366;1159221600000
07123024;1161036000000
07125049;1161640800000
07143479;1165273200000
07146685;1165878000000
07150077;1166482800000
07152278;1167087600000
07155903;1167692400000
07159280;1168297200000
07162776;1168902000000
07173207;1170716400000
07174606;1171321200000
07192061;1174345200000
07192499;1174345200000
07197793;1175551200000
07201402;1176156000000
07211746;1177970400000
D0542841;1179180000000
07226518;1180994400000
07229038;1181599200000
07234206;1182808800000
07234886;1182808800000
07249396;1185832800000
07251863;1186437600000
07251862;1186437600000
07252452;1186437600000
07267415;1189461600000
07275769;1191276000000
07275287;1191276000000
07278186;1191880800000
07278187;1191880800000
07287367;1193698800000
07305739;1197327600000
07308734;1197932400000
07308735;1197932400000
07310856;1198537200000
07318255;1200351600000
07318254;1200351600000
07318253;1200351600000
07320155;1200956400000
07320154;1200956400000
07320554;1200956400000
07325278;1202166000000
07325277;1202166000000
07325390;1202166000000
07328485;1202770800000
07331089;1203375600000
07331086;1203375600000
07334621;1203980400000
07337500;1204585200000
07340802;1205190000000
07346961;1206399600000
07349756;1206399600000
07351463;1207000800000
07360735;1208815200000
07360280;1208815200000
07367088;1210024800000
07370391;1210629600000
07386919;1213653600000
07389566;1214258400000
07395581;1215468000000
07404921;1217282400000
07404237;1217282400000
07406750;1217887200000
07409748;1218492000000
07409753;1218492000000
07416638;1219701600000
07418769;1220306400000
07418768;1220306400000
07418767;1220306400000
07441395;1225148400000
07451526;1226962800000
07454817;1227567600000
07454816;1227567600000
07455445;1227567600000
07475531;1231801200000
07480966;1233010800000
07480965;1233010800000
07487573;1234220400000
07494082;1235430000000
07500289;1236639600000
07503100;1237244400000
07504062;1237244400000
07506412;1237849200000
07506411;1237849200000
07506410;1237849200000
07513016;1239055200000
07526838;1241474400000
07526837;1241474400000
07530147;1242079200000
07559122;1247522400000
07559121;1247522400000
07562419;1248127200000
07568262;1249336800000
07578033;1251151200000
07578902;1251151200000
07581294;1251756000000
07587792;1252965600000
07591048;1253570400000
07591049;1253570400000
D0600750;1253570400000
07596834;1254780000000
07603750;1255989600000
07607968;1256598000000
07610659;1257202800000
07610660;1257202800000
07614122;1257807600000
07614121;1257807600000
07614120;1257807600000
07624563;1259622000000
07624478;1259622000000
07627933;1260226800000
07627932;1260226800000
07627931;1260226800000
07632442;1260831600000
07634840;1261436400000
07644474;1263250800000
07650672;1264460400000
07653971;1265065200000
07665188;1266879600000
07669292;1267484400000
07673374;1268089200000
07674522;1268089200000
07690903;1270504800000
07690086;1270504800000
07694393;1271109600000
07703756;1272319200000
07707692;1272924000000
07716791;1274133600000
07730590;1275948000000
07730591;1275948000000
07735201;1276552800000
07735200;1276552800000
07735202;1276552800000
07739774;1277157600000
07743470;1277762400000
07743469;1277762400000
07748084;1278367200000
07748085;1278367200000
07752715;1278972000000
07757353;1279576800000
07757356;1279576800000
07757354;1279576800000
07757355;1279576800000
07765648;1280786400000
07765647;1280786400000
07774903;1281996000000
07774904;1281996000000
07779514;1282600800000
07779513;1282600800000
07779512;1282600800000
07788771;1283810400000
07797798;1285020000000
07802346;1285624800000
07810218;1286834400000
07810217;1286834400000
07814623;1287439200000
07814622;1287439200000
07818848;1288044000000
07823257;1288652400000
07832059;1289862000000
07832060;1289862000000
07832061;1289862000000
07836558;1290466800000
07845054;1291676400000
07846262;1291676400000
