03858693;158281200000
03861504;159490800000
03861556;159490800000
03861703;159490800000
03862686;160095600000
03865217;161305200000
03866554;161910000000
03869034;163119600000
03870132;163724400000
03874435;165538800000
03874574;165538800000
03876247;166143600000
03878939;167353200000
03879798;167958000000
03879775;167958000000
03881580;168562800000
03881579;168562800000
03881534;168562800000
03883195;169167600000
03889966;172191600000
03889965;172191600000
03889950;172191600000
03889869;172191600000
03891070;172796400000
03891230;172796400000
03895696;175215600000
03896909;175820400000
03901360;178239600000
03904003;179449200000
03912055;182473200000
03913711;183078000000
03917038;184287600000
03921768;186102000000
03923356;186706800000
03923153;186706800000
03924714;187311600000
03924872;187311600000
03927741;188521200000
03933229;190940400000
03934895;191545200000
03935931;192150000000
03938630;193359600000
03939982;193964400000
03942225;195174000000
03944033;195778800000
03944032;195778800000
03946839;196984800000
03948365;197589600000
03947903;197589600000
03952847;199404000000
03955849;200613600000
03955656;200613600000
03957141;201218400000
03958731;201823200000
03958616;201823200000
03958676;201823200000
03958675;201823200000
03960252;202428000000
03960300;202428000000
03962010;203032800000
03963104;203637600000
03963102;203637600000
03965706;204847200000
03967708;205452000000
03968913;206056800000
03970229;206661600000
03971458;207266400000
03973419;208476000000
03974898;209080800000
03976113;209685600000
03976163;209685600000
03977501;210290400000
03978697;210895200000
03979007;210895200000
03980162;211500000000
03982613;212713200000
03983976;213318000000
03987875;215132400000
03987876;215132400000
03989128;215737200000
03989174;215737200000
03990573;216342000000
03994372;218156400000
03995802;218761200000
03997038;219366000000
03998304;219970800000
03999639;220575600000
04003508;222390000000
04003468;222390000000
04003455;222390000000
04004664;222994800000
04006821;224204400000
04008790;225414000000
04020930;231458400000
04024600;233272800000
04026395;233877600000
04026570;233877600000
04026569;233877600000
04027754;234482400000
04029327;235087200000
04030768;235692000000
04031723;236296800000
04034518;237506400000
04036336;238111200000
04040133;239925600000
04044411;241740000000
04044867;241740000000
04049091;243554400000
04054191;245977200000
04055239;246582000000
04057283;247791600000
04060156;249606000000
04061259;250210800000
04062584;250815600000
04062429;250815600000
04063581;251420400000
04066195;252630000000
04066156;252630000000
04066155;252630000000
04067422;253234800000
04068786;253839600000
04081119;259887600000
04081061;259887600000
04083089;261093600000
04086945;262908000000
04087102;262908000000
04088252;263512800000
04090593;264722400000
04090542;264722400000
04094391;266536800000
04094392;266536800000
04096929;267746400000
04098376;268351200000
04097955;268351200000
04106598;271980000000
04106597;271980000000
04112556;274399200000
04112542;274399200000
04113161;274399200000
04116311;275608800000
04116253;275608800000
04118048;276217200000
04117933;276217200000
04117914;276217200000
04119181;276822000000
04122924;278636400000
04122925;278636400000
04126213;280450800000
04128170;281660400000
04128150;281660400000
04129213;282265200000
04131196;283474800000
04132295;284079600000
04139084;287708400000
04140164;288313200000
04141399;288918000000
04142564;289522800000
04147369;291938400000
04147254;291938400000
04153146;294962400000
04155079;295567200000
04154323;295567200000
04156480;296776800000
04157134;297381600000
04160495;300405600000
04160496;300405600000
04161201;301010400000
04163484;302824800000
04164309;303429600000
04164308;303429600000
04164275;303429600000
04169550;307666800000
04170282;308271600000
04171011;308876400000
04173284;310690800000
04176734;313110000000
04180112;314924400000
04185673;317948400000
04187785;319158000000
04189037;319762800000
04188988;319762800000
04190918;320972400000
04192408;321577200000
04194628;322786800000
04194601;322786800000
04195676;323391600000
04195378;323391600000
04195889;323391600000
04195727;323391600000
04197891;324597600000
04199045;325202400000
04199826;325807200000
04206835;329436000000
04209085;330645600000
04210186;331250400000
04210230;331250400000
04210363;331250400000
04212377;332460000000
04213314;333064800000
04213520;333064800000
04215769;334274400000
04217675;335484000000
04222468;337903200000
04223819;338508000000
04228877;340930800000
04228894;340930800000
04231453;342140400000
04236559;344559600000
04236615;344559600000
04236657;344559600000
04239093;345769200000
04239074;345769200000
04241857;346978800000
04243340;347583600000
04244452;348188400000
04244453;348188400000
04244566;348188400000
04244632;348188400000
04254850;353026800000
04256320;353631600000
04257463;354236400000
04258833;354837600000
04260004;355442400000
04260043;355442400000
04261078;356047200000
04261077;356047200000
04261447;356047200000
04261448;356047200000
04262780;356652000000
04262718;356652000000
04265286;357861600000
04267905;359071200000
04270590;360280800000
04273223;361490400000
04273222;361490400000
04273221;361490400000
04276676;363304800000
04280247;365119200000
04286832;368143200000
04291915;370566000000
04295680;372380400000
04298103;373590000000
04299313;374194800000
04301898;375404400000
04301849;375404400000
04303184;376009200000
04307765;378428400000
04308939;379033200000
04311222;380242800000
04312431;380847600000
04314624;382057200000
04314625;382057200000
04318505;384476400000
04320226;385081200000
04321727;386287200000
04322905;386892000000
04325469;388101600000
04330050;390520800000
04333682;392335200000
04334612;392940000000
04334601;392940000000
04335896;393544800000
04336883;394149600000
04337853;394754400000
04339164;395359200000
04340132;395964000000
04340990;396568800000
04342492;397173600000
04343464;397778400000
04350546;401407200000
04350194;401407200000
04354583;403830000000
04356899;405039600000
04358005;405644400000
04358006;405644400000
04361215;407458800000
04364150;409273200000
04366886;410482800000
04366684;410482800000
04374555;414716400000
04375111;415321200000
04375847;415926000000
04378866;418341600000
04383141;421365600000
04383142;421365600000
04383563;421970400000
04385415;423180000000
04386642;423784800000
04395892;428623200000
04397062;429228000000
04397398;429228000000
04397378;429228000000
04400161;430437600000
04403636;432252000000
04406353;433465200000
04411344;435884400000
04411343;435884400000
04412604;436489200000
04418804;439513200000
04418806;439513200000
04418805;439513200000
04420024;440118000000
04420068;440118000000
04420270;440118000000
04422212;441327600000
04423834;441932400000
04424841;442537200000
04424899;442537200000
04431041;445561200000
04433761;446770800000
04433760;446770800000
04436353;447980400000
04436189;447980400000
04437549;448585200000
04438844;449186400000
04442960;451000800000
04442927;451000800000
04444418;451605600000
04448292;453420000000
04452348;455234400000
04453623;455839200000
04456105;457048800000
04460092;458863200000
04463840;460677600000
04463789;460677600000
04466516;461887200000
04466517;461887200000
04468810;462492000000
04470488;463701600000
04470620;463701600000
04472870;464911200000
04477941;467334000000
04480774;468543600000
04483469;469753200000
04483427;469753200000
04488623;472172400000
04488624;472172400000
04489770;472777200000
04489815;472777200000
04497630;476406000000
04501362;478220400000
04502576;478825200000
04503955;479430000000
04506769;480639600000
04508202;481240800000
04509622;481845600000
04510982;482450400000
04513866;483660000000
04515493;484264800000
04514884;484264800000
04516668;484869600000
04522288;487288800000
04523678;487893600000
04524482;488498400000
04524852;488498400000
04524867;488498400000
04527677;489708000000
04529069;490312800000
04535878;493336800000
04538709;494546400000
04538861;494546400000
04540071;495151200000
04542824;496360800000
04542777;496360800000
04544050;496969200000
04544051;496969200000
04545414;497574000000
04546863;498178800000
04546507;498178800000
04550813;499993200000
04561526;504831600000
04561525;504831600000
04564091;506041200000
04566130;506646000000
04569082;507855600000
04573202;509670000000
04574990;510879600000
04575109;510879600000
04576307;511484400000
04576329;511484400000
04580667;513295200000
04581902;513900000000
04585134;515109600000
04588055;516319200000
04588056;516319200000
04589530;516924000000
04591056;517528800000
04592091;517528800000
04595086;519343200000
04596397;519948000000
04598802;521157600000
04598803;521157600000
04600091;521762400000
04606070;524181600000
04606087;524786400000
04607784;525391200000
04609084;525996000000
04610334;526600800000
04610333;526600800000
04610286;526600800000
04613039;527810400000
04616379;529628400000
04618035;530233200000
04620579;531442800000
04621716;532047600000
04621404;532047600000
04624649;533257200000
04629066;535071600000
04629040;535071600000
04630717;535676400000
04632241;536281200000
04634162;536886000000
04637076;538095600000
04639958;539305200000
04640392;539305200000
04641751;539910000000
04643281;540514800000
04643280;540514800000
04643302;540514800000
04647056;541724400000
04654970;544744800000
04655329;544744800000
04655343;544744800000
04657135;545349600000
04658467;545954400000
04661990;546559200000
04662513;547164000000
04669587;549583200000
04671393;550188000000
04673070;550792800000
04679242;552607200000
04677832;552607200000
04679670;553212000000
04679671;553212000000
04681195;553816800000
04682692;554421600000
04685546;555631200000
04685570;555631200000
04685560;555631200000
04685315;555631200000
04687248;556236000000
04691370;557445600000
04693289;558655200000
04693368;558655200000
04693346;558655200000
04693345;558655200000
04693344;558655200000
04694940;559260000000
04699267;561078000000
04700634;561682800000
04700761;561682800000
04700818;561682800000
04703519;562287600000
04703528;562892400000
04708393;564706800000
04707881;564706800000
04712673;566521200000
04712657;566521200000
04714158;567126000000
04714143;567126000000
04715416;567730800000
04716947;568335600000
04718524;568940400000
04719663;569545200000
04723300;570754800000
04723657;571359600000
04724681;571964400000
04724791;571964400000
04727987;573174000000
04727736;573174000000
04729460;573778800000
04733924;575589600000
04733549;575589600000
04733759;575589600000
04736825;576799200000
04738545;577404000000
04738342;577404000000
04738341;577404000000
04738340;577404000000
04743038;579218400000
04742900;579218400000
04744445;579823200000
04744446;579823200000
04746009;580428000000
04746166;580428000000
04747490;581032800000
04752008;582847200000
04753342;583452000000
04753329;583452000000
04754790;584056800000
04754858;584056800000
04756416;584661600000
04756394;584661600000
04758009;585266400000
04759431;585871200000
04761012;586476000000
04762211;587080800000
04762210;587080800000
04764159;587685600000
04763763;587685600000
04770312;590104800000
04771871;590709600000
04773123;591318000000
04773515;591318000000
04773536;591318000000
04779940;593737200000
04781278;594342000000
04781277;594342000000
04782947;594946800000
04782873;594946800000
04782556;594946800000
04784248;595551600000
04787488;596761200000
04789247;597366000000
04790417;597970800000
04790416;597970800000
04790431;597970800000
04790434;597970800000
04792025;598575600000
04792024;598575600000
04792026;598575600000
04794029;599180400000
04793508;599180400000
04793012;599180400000
04795030;599785200000
04796789;600390000000
04796735;600390000000
04796734;600390000000
04799521;601599600000
04801010;602204400000
04801059;602204400000
04804122;603414000000
04804943;603414000000
04803769;603414000000
04805749;604018800000
04805748;604018800000
04810102;605228400000
04811768;605833200000
04811769;605833200000
04813542;606438000000
04813521;606438000000
04813520;606438000000
04817237;607644000000
04817769;607644000000
04817802;607644000000
04819796;608248800000
04821853;608853600000
04823924;609458400000
04826329;610063200000
04825506;610063200000
04825985;610063200000
04828081;610668000000
04830154;611272800000
04830153;611272800000
04832163;611877600000
04836343;613087200000
04837590;613087200000
04838396;613692000000
04838709;613692000000
04838421;613692000000
04838585;613692000000
04840258;614296800000
04842032;614901600000
04842133;614901600000
04844214;615506400000
04844215;615506400000
04846493;616111200000
04846319;616111200000
04848628;616716000000
04848782;616716000000
04852498;617925600000
04852293;617925600000
04852705;617925600000
04854732;618530400000
04854431;618530400000
04854430;618530400000
04854432;618530400000
04854602;618530400000
04856912;619135200000
04856627;619135200000
04856570;619135200000
04856306;619135200000
04859084;619740000000
04860563;620344800000
04863003;620949600000
04863018;620949600000
04865368;621554400000
04867215;622159200000
04871066;623372400000
04871069;623372400000
04872538;623977200000
04874119;624582000000
04875708;625186800000
04880089;627001200000
04881684;627606000000
04883207;628210800000
04884507;628815600000
04886166;629420400000
04886163;629420400000
04886150;629420400000
04887751;630025200000
04887700;630025200000
04890705;631234800000
04890704;631234800000
04890355;631234800000
04893711;632444400000
04895231;633049200000
04895230;633049200000
04898274;634258800000
04899887;634863600000
04900043;634863600000
04901901;635468400000
04905826;636678000000
04905857;636678000000
04907633;637282800000
04907728;637282800000
04911272;638488800000
04911271;638488800000
04913252;639093600000
04913283;639093600000
04913074;639093600000
04915402;639698400000
04915220;639698400000
04917505;640303200000
04917160;640303200000
04919240;640908000000
04921151;641512800000
04923060;642117600000
04925054;642722400000
04925021;642722400000
04927014;643327200000
04928800;643932000000
04929948;643932000000
04930186;644536800000
04932506;645141600000
04934549;645746400000
04934571;645746400000
04934584;645746400000
04938326;646956000000
04938607;646956000000
04941603;648165600000
04942948;648770400000
04944042;649375200000
04946292;649980000000
04948139;650584800000
04949401;651189600000
04951812;651794400000
04951818;651794400000
04951816;651794400000
04953673;652399200000
04953674;652399200000
04960204;654822000000
04961522;655426800000
04962800;656031600000
04966260;657241200000
04966258;657241200000
04966259;657241200000
04966279;657241200000
04969751;658450800000
04970741;659055600000
04974709;660265200000
04976340;660870000000
04979598;662079600000
04980935;662684400000
04980939;662684400000
04982820;663289200000
04985721;663894000000
04984906;663894000000
04984662;663894000000
04986395;664498800000
04988038;665103600000
04989656;665708400000
04991245;666313200000
04993846;666918000000
04993526;666918000000
04995487;667522800000
04995436;667522800000
04998616;668732400000
04998603;668732400000
04999863;669337200000
05000301;669337200000
05002401;669942000000
05004091;670543200000
05003671;670543200000
05005679;671148000000
05005743;671148000000
05005845;671148000000
05007510;671752800000
05009319;672357600000
05011198;672962400000
05010987;672962400000
05010988;672962400000
05013162;673567200000
05014830;674172000000
05018609;675381600000
05022515;676591200000
05022574;676591200000
05024455;677196000000
05027967;678405600000
05027874;678405600000
05028048;678405600000
05030014;679010400000
05029740;679010400000
05031766;679615200000
05031734;679615200000
05031733;679615200000
05035013;680824800000
05038842;682034400000
05038426;682034400000
05042664;683244000000
05044699;683848800000
05044476;683848800000
05048582;685058400000
05048649;685058400000
05048975;685058400000
05050740;685663200000
05050713;685663200000
05052555;686271600000
05054589;686876400000
05054669;686876400000
05054783;686876400000
05056695;687481200000
05060795;688690800000
05060767;688690800000
05062557;689295600000
05064069;689900400000
05065602;690505200000
05065864;690505200000
05065847;690505200000
05065918;690505200000
05069354;691714800000
05068944;691714800000
05070973;692319600000
05074410;693529200000
05074413;693529200000
05074571;693529200000
05076405;694134000000
05076711;694134000000
05075925;694134000000
05075926;694134000000
05080206;695343600000
05082094;695948400000
05083644;696553200000
05083645;696553200000
05086888;697762800000
05088139;698367600000
05090526;698972400000
05096030;700786800000
05097922;701391600000
05099968;701992800000
05103515;703202400000
05103945;703202400000
05103975;703202400000
05105338;703202400000
05105919;703807200000
05105920;703807200000
05108119;704412000000
05107971;704412000000
05110219;705016800000
05109961;705016800000
05111920;705621600000
05111919;705621600000
05111918;705621600000
05113983;706226400000
05113982;706226400000
05114164;706226400000
05116289;706831200000
05115894;706831200000
05115893;706831200000
05115895;706831200000
05117952;707436000000
05117951;707436000000
05117883;707436000000
05119519;708040800000
05119910;708040800000
05120069;708040800000
05127500;710460000000
05129491;711064800000
05131513;711669600000
05132166;711669600000
05136738;713484000000
05139143;714088800000
05141107;714693600000
05140833;714693600000
05143188;715298400000
05143214;715298400000
05147019;716508000000
05149203;717112800000
05150776;717721200000
05153561;718326000000
05154266;718930800000
05154265;718930800000
05154332;718930800000
05156368;719535600000
05159999;720745200000
05160001;720745200000
05160000;720745200000
05161319;721350000000
05161656;721350000000
05163560;721954800000
05163578;721954800000
05163539;721954800000
05165508;722559600000
05167306;723164400000
05169164;723769200000
05168968;723769200000
05172838;724978800000
05172795;724978800000
05176281;726188400000
05179600;726793200000
05178198;726793200000
05178244;726793200000
05178246;726793200000
05178245;726793200000
05179741;727398000000
05179987;727398000000
05180057;727398000000
05181590;728002800000
05184477;729212400000
05186290;729817200000
05186510;729817200000
05188381;730422000000
05187823;730422000000
05190127;731026800000
05193675;732236400000
05195620;732841200000
05195828;732841200000
05197579;733442400000
05197578;733442400000
05197580;733442400000
05197525;733442400000
05199120;734047200000
05203041;735256800000
05203449;735256800000
05205429;735861600000
05205413;735861600000
05207254;736466400000
05207303;736466400000
05209327;737071200000
05209328;737071200000
05209279;737071200000
05211288;737676000000
05211716;737676000000
05214574;738280800000
05212841;738280800000
05215172;738885600000
05217119;739490400000
05217132;739490400000
05219075;740095200000
05219423;740095200000
05228547;743119200000
05228546;743119200000
05230408;743724000000
05230450;743724000000
05240106;746748000000
05242056;747352800000
05249438;749775600000
05249653;749775600000
05251731;750380400000
05252161;750380400000
05253739;750985200000
05255765;751590000000
05255766;751590000000
05255781;751590000000
05255414;751590000000
05257509;752194800000
05259539;752799600000
05265289;754614000000
05265719;754614000000
05267679;755218800000
05273142;757033200000
05278998;758847600000
05281019;759452400000
05284542;760662000000
05286047;761266800000
05287571;761871600000
05289906;762476400000
05291976;763081200000
05293975;763686000000
05295565;764290800000
05299337;765496800000
05303805;766706400000
05307908;767916000000
05307909;767916000000
05310031;768520800000
05311972;769125600000
05314046;769730400000
05313817;769730400000
05316374;770335200000
05317795;770940000000
05324115;772754400000
05323886;772754400000
05323887;772754400000
05326300;773359200000
05330037;774568800000
05330049;774568800000
05332093;775173600000
05335759;776383200000
05339934;777592800000
05341548;778197600000
05341928;778197600000
05343988;778802400000
05347667;780012000000
05350046;780620400000
05350045;780620400000
05351793;781225200000
05351792;781225200000
05353900;781830000000
05354131;781830000000
05356013;782434800000
05356004;782434800000
05356002;782434800000
05355980;782434800000
05358083;783039600000
05358082;783039600000
05365739;785458800000
05368143;786063600000
05367713;786063600000
05374073;787878000000
05375685;788482800000
05377794;789087600000
05377795;789087600000
05379870;789692400000
05379893;789692400000
05385220;791506800000
05390381;793321200000
05390787;793321200000
05393079;793926000000
05394913;794530800000
05394965;794530800000
05394964;794530800000
05394966;794530800000
05396974;795135600000
05398807;795740400000
05400900;796341600000
05400903;796341600000
05400470;796341600000
05402869;796946400000
05407040;798156000000
05407039;798156000000
05407038;798156000000
05409153;798760800000
05411192;799365600000
05413199;799970400000
05413198;799970400000
05414881;800575200000
05415255;800575200000
05423561;802994400000
05423363;802994400000
05423404;802994400000
05425449;803599200000
05427239;804204000000
05427453;804204000000
05429432;804808800000
05431428;805413600000
05431265;805413600000
05431262;805413600000
05431263;805413600000
05433303;806018400000
05433461;806018400000
05435423;806623200000
05437367;807228000000
05439149;807832800000
05439154;807832800000
05441134;808437600000
05445251;809647200000
05445266;809647200000
05447261;810252000000
05447216;810252000000
05447215;810252000000
05447217;810252000000
05451282;811461600000
05452777;812070000000
05452778;812070000000
05455748;812674800000
05456342;813279600000
05458239;813884400000
05458718;813884400000
05459908;814489200000
05460393;814489200000
05464080;815698800000
05464081;815698800000
05464095;815698800000
05464115;815698800000
05467487;816908400000
05467853;816908400000
05469967;817513200000
05469944;817513200000
05469945;817513200000
05472082;818118000000
05472084;818118000000
05475574;818722800000
05474163;818722800000
05474162;818722800000
05476184;819327600000
05476163;819327600000
05476188;819327600000
05480023;820537200000
05481767;821142000000
05482147;821142000000
05484046;821746800000
05485922;822351600000
05489107;823561200000
05488756;823561200000
05491872;824770800000
05494157;825375600000
05495967;825980400000
05497865;826585200000
05497919;826585200000
05498010;826585200000
05499702;827190000000
05500636;827190000000
05501308;827794800000
05501324;827794800000
05505297;829000800000
05507508;829605600000
05509515;830210400000
05510768;830210400000
05511806;830815200000
05515564;832024800000
05515576;832024800000
05515954;832024800000
05516202;832024800000
05520462;833234400000
05520280;833234400000
05522615;833839200000
05522487;833839200000
05524920;834444000000
05524737;834444000000
05524754;834444000000
05526908;835048800000
05526907;835048800000
05529156;835653600000
05530990;836258400000
05531300;836258400000
05531059;836258400000
05533558;836863200000
05533600;836863200000
05533601;836863200000
05535683;837468000000
05535880;837468000000
05538137;838072800000
05538169;838072800000
05542510;839282400000
05542590;839282400000
05547052;840492000000
05547053;840492000000
05547051;840492000000
05551108;841701600000
05551562;841701600000
05551558;841701600000
05553350;842306400000
05553692;842306400000
05555960;842911200000
05560083;844120800000
05560483;844120800000
05560459;844120800000
05560458;844120800000
05562204;844725600000
05562189;844725600000
05564538;845330400000
05564539;845330400000
05565751;845330400000
05566797;845935200000
05566798;845935200000
05567055;845935200000
05568848;846543600000
05570764;847148400000
05570829;847148400000
05570491;847148400000
05570495;847148400000
05573154;847753200000
05573089;847753200000
05576929;848358000000
05575391;848358000000
05575362;848358000000
05575361;848358000000
05577611;848962800000
05579877;849567600000
05581847;850172400000
05581846;850172400000
05584097;850777200000
05584422;850777200000
05586652;851382000000
05586628;851382000000
05588569;851986800000
05588512;851986800000
05588513;851986800000
05588529;851986800000
05590771;852591600000
05590748;852591600000
05593008;853196400000
05593009;853196400000
05595302;853801200000
05607129;857430000000
05611414;858639600000
05611625;858639600000
05613273;859244400000
05615757;859845600000
05620070;861055200000
05620069;861055200000
05622300;861660000000
05624026;862264800000
05624012;862264800000
05628088;863474400000
05628544;863474400000
05628443;863474400000
05628398;863474400000
05628397;863474400000
05630521;864079200000
05630488;864079200000
05630250;864079200000
05634539;865288800000
05634538;865288800000
05636733;865893600000
05636410;865893600000
05639109;866498400000
05639004;866498400000
05642552;867708000000
05645146;868312800000
05644816;868312800000
05647096;868917600000
05647484;868917600000
05649658;869522400000
05653318;870732000000
05653319;870732000000
05655260;871336800000
05657912;871941600000
05660257;872546400000
05660476;872546400000
05662219;873151200000
05664716;873756000000
05664652;873756000000
05667172;874360800000
05669495;874965600000
05671846;875570400000
05671832;875570400000
05671830;875570400000
05671831;875570400000
05676387;876780000000
05676286;876780000000
05676223;876780000000
05678666;877384800000
05681115;877993200000
05680914;877993200000
05685401;879202800000
05685402;879202800000
05685403;879202800000
05687819;879807600000
05689854;880412400000
05690196;880412400000
05690217;880412400000
05692660;881017200000
05692604;881017200000
05700717;882831600000
05699886;882831600000
05701979;883436400000
05701843;883436400000
05704725;884041200000
05704528;884041200000
05706921;884646000000
05706992;884646000000
05709398;885250800000
05713502;886460400000
05713439;886460400000
05713441;886460400000
05713440;886460400000
05713468;886460400000
05722518;888879600000
05725090;889484400000
05727898;890089200000
05729866;890694000000
05730282;890694000000
05730264;890694000000
05730009;890694000000
05732443;891295200000
05732817;891295200000
05735608;891900000000
05735428;891900000000
05743363;893714400000
05746295;894319200000
05749503;894924000000
05749447;894924000000
05749446;894924000000
05752589;895528800000
05755311;896133600000
05758751;896738400000
05758752;896738400000
05762168;897343200000
05762169;897343200000
05762170;897343200000
05765618;897948000000
05769194;898552800000
05771537;899157600000
05775495;899762400000
05775497;899762400000
05779036;900367200000
05782325;900972000000
05781965;900972000000
05785427;901576800000
05788032;902181600000
05791488;902786400000
05791469;902786400000
05791014;902786400000
05794744;903391200000
05794747;903391200000
05794676;903391200000
05797617;903996000000
05797529;903996000000
05799791;904600800000
05803470;905205600000
05803214;905205600000
05806638;905810400000
05806673;905810400000
05806142;905810400000
05806944;905810400000
05809616;906415200000
05810133;906415200000
05810132;906415200000
05810166;906415200000
05813504;907020000000
05813503;907020000000
05813558;907020000000
05816375;907624800000
05816374;907624800000
05815843;907624800000
05819892;908229600000
05819891;908229600000
05819890;908229600000
05823328;908834400000
05826714;909442800000
05826770;909442800000
05829502;910047600000
05829559;910047600000
05829558;910047600000
05829835;910047600000
05833039;910652400000
05836519;911257200000
05836052;911257200000
05839553;911862000000
05839577;911862000000
05843556;912466800000
05843851;912466800000
05842673;912466800000
05845780;913071600000
05855766;915490800000
05855276;915490800000
05855412;915490800000
05855408;915490800000
05857568;916095600000
05862898;917305200000
05862572;917305200000
05865281;917910000000
05865233;917910000000
05868406;918514800000
05868227;918514800000
05873439;919724400000
05873504;919724400000
05873145;919724400000
05873730;919724400000
05876048;920329200000
05875519;920329200000
05875876;920329200000
05875890;920329200000
05878757;920934000000
05878853;920934000000
05881850;921538800000
05881934;921538800000
05884737;922143600000
05887301;922744800000
05887777;922744800000
05890571;923349600000
05890570;923349600000
05893495;923954400000
05893502;923954400000
05893196;923954400000
05894914;924559200000
05896962;925164000000
05897209;925164000000
05899467;925768800000
05898976;925768800000
05901822;926373600000
05904230;926978400000
05906290;927583200000
05906291;927583200000
05908093;928188000000
05908147;928188000000
05908112;928188000000
05909760;928792800000
05909806;928792800000
05911262;929397600000
05911263;929397600000
05918710;931212000000
05918711;931212000000
05921635;931816800000
05924533;932421600000
05924169;932421600000
05926881;933026400000
05926914;933026400000
05926915;933026400000
05927451;933026400000
05927450;933026400000
05931270;933631200000
05934425;934236000000
05938096;934840800000
05937883;934840800000
05941195;935445600000
05941352;935445600000
05943936;936050400000
05944155;936050400000
05947241;936655200000
05947286;936655200000
05950893;937260000000
05950826;937260000000
05950779;937260000000
05954170;937864800000
05957349;938469600000
05961216;939074400000
05960744;939074400000
05960952;939074400000
05964384;939679200000
05967270;940284000000
05971119;940888800000
05971148;940888800000
05971188;940888800000
05975306;941497200000
05975170;941497200000
05979620;942102000000
05984326;942706800000
05984154;942706800000
05984063;942706800000
05984064;942706800000
05983969;942706800000
05987701;943311600000
05988657;943311600000
05988377;943311600000
05988334;943311600000
05992588;943916400000
05996749;944521200000
05996180;944521200000
06000509;945126000000
06003646;945730800000
06006915;946335600000
06009995;946940400000
06010030;946940400000
06012557;947545200000
06015072;948150000000
06016893;948754800000
06021874;949964400000
06021740;949964400000
06024194;950569200000
06026543;951174000000
06032771;952383600000
06036011;952988400000
06035982;952988400000
06039473;953593200000
06039474;953593200000
06041900;954194400000
06047798;955404000000
06047752;955404000000
06047443;955404000000
06050373;956008800000
06050374;956008800000
06051096;956008800000
06053634;956613600000
06053382;956613600000
06059079;957823200000
06059078;957823200000
06062357;958428000000
06062356;958428000000
06061871;958428000000
06065616;959032800000
06065574;959032800000
06068355;959637600000
06068095;959637600000
06070628;960242400000
06070888;960242400000
06070702;960242400000
06073737;960847200000
06073738;960847200000
06073772;960847200000
06076666;961452000000
06076641;961452000000
06076485;961452000000
06079528;962056800000
06079527;962056800000
06082510;962661600000
06082771;962661600000
06092574;964476000000
06095385;965080800000
06095213;965080800000
06099023;965685600000
06098769;965685600000
06098768;965685600000
06102172;966290400000
06105778;966895200000
06105764;966895200000
06105763;966895200000
06109627;967500000000
06109404;967500000000
06109403;967500000000
06109402;967500000000
06109443;967500000000
06113268;968104800000
06113196;968104800000
06116701;968709600000
06116390;968709600000
06116418;968709600000
06119835;969314400000
06119858;969314400000
06123239;969919200000
06123127;969919200000
06126012;970524000000
06129210;971128800000
06129254;971128800000
06129365;971128800000
06131713;971733600000
06131734;971733600000
06135253;972338400000
06134749;972338400000
06138882;972946800000
06141841;973551600000
06145661;974156400000
06145639;974156400000
06148972;974761200000
06148971;974761200000
06148973;974761200000
06148478;974761200000
06152317;975366000000
06155715;975970800000
06161665;977180400000
06161253;977180400000
06164425;977785200000
06163925;977785200000
06167994;978390000000
06170687;978994800000
06173837;979599600000
06173839;979599600000
06173835;979599600000
06176356;980204400000
06176357;980204400000
06179101;980809200000
06179102;980809200000
06179176;980809200000
06179182;980809200000
06183133;981414000000
06182981;981414000000
06186295;982018800000
06186327;982018800000
06186380;982018800000
06189700;982623600000
06193324;983228400000
06193118;983228400000
06193033;983228400000
06193034;983228400000
06196718;983833200000
06196366;983833200000
06199737;984438000000
06202808;985042800000
06202910;985042800000
06206567;985644000000
06209723;986248800000
06209179;986248800000
06213670;986853600000
06213267;986853600000
06213266;986853600000
06213268;986853600000
06213265;986853600000
06212711;986853600000
06216322;987458400000
06220411;988063200000
06220412;988063200000
06223960;988668000000
06223870;988668000000
06223391;988668000000
06227339;989272800000
06226834;989272800000
06231130;989877600000
06230950;989877600000
06230771;989877600000
06234287;990482400000
06237660;991087200000
06237734;991087200000
06237766;991087200000
06237764;991087200000
06244400;992296800000
06244399;992296800000
06244484;992296800000
06247584;992901600000
06247203;992901600000
06250470;993506400000
06250544;993506400000
06253891;994111200000
06253892;994111200000
06257473;994716000000
06257381;994716000000
06260679;995320800000
06260680;995320800000
06264047;995925600000
06264084;995925600000
06269922;997135200000
06269948;997135200000
06276501;998344800000
06279707;998949600000
06279706;998949600000
06279705;998949600000
06283183;999554400000
06283287;999554400000
06283260;999554400000
06283261;999554400000
06286668;1000159200000
06286645;1000159200000
06289554;1000764000000
06290040;1000764000000
06290039;1000764000000
06293378;1001368800000
06296094;1001973600000
06295698;1001973600000
06298993;1002578400000
06298964;1002578400000
06301098;1002578400000
06302281;1003183200000
06302250;1003183200000
06302273;1003183200000
06305513;1003788000000
06305514;1003788000000
06305590;1003788000000
06315368;1005606000000
06315116;1005606000000
06315178;1005606000000
06315095;1005606000000
06318528;1006210800000
06318552;1006210800000
06322156;1006815600000
06325120;1007420400000
06325189;1007420400000
06328179;1008025200000
06328146;1008025200000
06334533;1009839600000
06334519;1009839600000
06338400;1011049200000
06338260;1011049200000
06338180;1011049200000
06338586;1011049200000
06338587;1011049200000
06339862;1011654000000
06339863;1011654000000
06343694;1012863600000
06343404;1012863600000
06345709;1013468400000
06345414;1013468400000
06347847;1014073200000
06347693;1014073200000
06349825;1014678000000
06353215;1015282800000
06354412;1015887600000
06357566;1016492400000
06357567;1016492400000
06357568;1016492400000
06362954;1017097200000
06360400;1017097200000
06364110;1017698400000
06367602;1018303200000
06367603;1018303200000
06371288;1018908000000
06375057;1019512800000
06374969;1019512800000
06374467;1019512800000
06374457;1019512800000
06378674;1020117600000
06378673;1020117600000
06382736;1020722400000
06382377;1020722400000
06382375;1020722400000
06382376;1020722400000
06386359;1021327200000
06390345;1021932000000
06390259;1021932000000
06390260;1021932000000
06390297;1021932000000
06394157;1022536800000
06393660;1022536800000
06397436;1023141600000
06401888;1023746400000
06401889;1023746400000
06401890;1023746400000
06401300;1023746400000
06406183;1024351200000
06405842;1024351200000
06405407;1024351200000
06409207;1024956000000
06409283;1024956000000
06409066;1024956000000
06408997;1024956000000
06408996;1024956000000
06422439;1027375200000
06425162;1027980000000
06431334;1029189600000
06431333;1029189600000
06430974;1029189600000
06435324;1029794400000
06443274;1031004000000
06446987;1031608800000
06446809;1031608800000
06446851;1031608800000
06450308;1032213600000
06450333;1032213600000
06454064;1032818400000
06454065;1032818400000
06454066;1032818400000
06457571;1033423200000
06460925;1034028000000
06460668;1034028000000
06463771;1034632800000
06464245;1034632800000
06464074;1034632800000
06467594;1035237600000
06471019;1035846000000
06470529;1035846000000
06478328;1037055600000
06478151;1037055600000
06481605;1037660400000
06481574;1037660400000
06481576;1037660400000
06483697;1037660400000
06484911;1038265200000
06484362;1038265200000
06491193;1039474800000
06491074;1039474800000
06493891;1040079600000
06497311;1040684400000
06499638;1041289200000
06499592;1041289200000
06499574;1041289200000
06499575;1041289200000
06502744;1041894000000
06502677;1041894000000
06502676;1041894000000
06505742;1042498800000
06505736;1042498800000
06505720;1042498800000
06508358;1043103600000
06508344;1043103600000
06510974;1043708400000
06513693;1044313200000
06516927;1044918000000
06520327;1045522800000
06523653;1046127600000
06526607;1046732400000
06530459;1047337200000
06530475;1047337200000
06530507;1047337200000
06533086;1047942000000
06533087;1047942000000
06533152;1047942000000
06533335;1047942000000
06536078;1048546800000
06536568;1048546800000
06536787;1048546800000
06537931;1048546800000
06543499;1049752800000
06543613;1049752800000
06543796;1049752800000
06547070;1050357600000
06550102;1050962400000
06550592;1050962400000
06550651;1050962400000
06554033;1051567200000
06557702;1052172000000
06561240;1052776800000
06561355;1052776800000
06561328;1052776800000
06561327;1052776800000
06561329;1052776800000
06561395;1052776800000
06568852;1053986400000
06571922;1054591200000
06575273;1055196000000
06575272;1055196000000
06575274;1055196000000
06575493;1055196000000
06578708;1055800800000
06581736;1056405600000
06581737;1056405600000
06585090;1057010400000
06585333;1057010400000
06585414;1057010400000
06591950;1058220000000
06591951;1058220000000
06592012;1058220000000
06595358;1058824800000
06595334;1058824800000
06595604;1058824800000
06601680;1060034400000
06601743;1060034400000
06601930;1060034400000
06604618;1060639200000
06604617;1060639200000
06604616;1060639200000
06604615;1060639200000
06609599;1061848800000
06609598;1061848800000
06612472;1062453600000
06612411;1062453600000
06612412;1062453600000
06612413;1062453600000
06612434;1062453600000
06618914;1063663200000
06619448;1063663200000
06619447;1063663200000
06629588;1065477600000
06634496;1066687200000
06634473;1066687200000
06637563;1067295600000
06637562;1067295600000
06637633;1067295600000
06640400;1067900400000
06640944;1067900400000
06644447;1068505200000
06644448;1068505200000
06651791;1069714800000
06651792;1069714800000
06652145;1069714800000
06665176;1071529200000
06662916;1071529200000
06666363;1072134000000
06668882;1072738800000
06668990;1072738800000
06669016;1072738800000
06669045;1072738800000
06671179;1072738800000
06672439;1073343600000
06672440;1073343600000
06679360;1074553200000
06679358;1074553200000
06679359;1074553200000
06681936;1075158000000
06687955;1076367600000
06691843;1076972400000
06695107;1077577200000
06702164;1078786800000
06702119;1078786800000
06708819;1079996400000
06715446;1081202400000
06715594;1081202400000
06722520;1082412000000
06726071;1083016800000
06732863;1084226400000
06739754;1085436000000
06742636;1086040800000
06742635;1086040800000
06745877;1086645600000
06749273;1087250400000
06755288;1088460000000
06758334;1089064800000
06758534;1089064800000
06761255;1089669600000
06763940;1090274400000
06763942;1090274400000
06769585;1091484000000
06769588;1091484000000
06769701;1091484000000
06769807;1091484000000
06772485;1092088800000
06772883;1092088800000
06776271;1092693600000
06779638;1093298400000
06789692;1095112800000
06793051;1095717600000
06796344;1096322400000
06802409;1097532000000
06802440;1097532000000
06805225;1098136800000
06807832;1098741600000
06811006;1099350000000
06814361;1099954800000
06817623;1100559600000
06820664;1101164400000
06821600;1101164400000
06823909;1101769200000
06827185;1102374000000
06827186;1102374000000
06827365;1102374000000
06830135;1102978800000
06830148;1102978800000
06830170;1102978800000
06832670;1103583600000
06837346;1104793200000
06840359;1105398000000
06848581;1107212400000
06857511;1109026800000
06857512;1109026800000
06860372;1109631600000
06868583;1111446000000
06869086;1111446000000
06869219;1111446000000
06871739;1112047200000
06874624;1112652000000
06874604;1112652000000
06877752;1113256800000
06880685;1113861600000
06883654;1114466400000
06892434;1116280800000
06892866;1116280800000
06898823;1117490400000
06899346;1117490400000
06902087;1118095200000
06910580;1119909600000
06910560;1119909600000
06913386;1120514400000
06918476;1121724000000
06918475;1121724000000
06918474;1121724000000
06920666;1122328800000
06920667;1122328800000
06923302;1122933600000
06923352;1122933600000
06926129;1123538400000
06928950;1124143200000
06929268;1124143200000
06929125;1124143200000
06932202;1124748000000
06932427;1124748000000
06934997;1125352800000
06935498;1125352800000
06936127;1125352800000
06938741;1125957600000
06938740;1125957600000
06941777;1126562400000
06942077;1126562400000
06945293;1127167200000
06945442;1127167200000
06948599;1127772000000
06948600;1127772000000
06948601;1127772000000
06951277;1128376800000
06953110;1128981600000
06953111;1128981600000
06964420;1132009200000
06966439;1132614000000
06966470;1132614000000
06971517;1133823600000
06974007;1134428400000
06976566;1135033200000
06977809;1135033200000
06978514;1135638000000
06994131;1139266800000
06994132;1139266800000
06994193;1139266800000
06994194;1139266800000
07004481;1141081200000
07004295;1141081200000
07004317;1141081200000
07011195;1142290800000
07014020;1142895600000
07021436;1144101600000
07021437;1144101600000
07029015;1145311200000
07036642;1146520800000
07036641;1146520800000
07036420;1146520800000
07040486;1147125600000
07044277;1147730400000
07044297;1147730400000
07048102;1148335200000
07048103;1148335200000
07048101;1148335200000
07051853;1148940000000
07058997;1150149600000
07059371;1150149600000
07063737;1150754400000
07066311;1151359200000
07066647;1151359200000
07070190;1151964000000
07073942;1152568800000
07077251;1153173600000
07077252;1153173600000
07084357;1154383200000
07086437;1154988000000
07086511;1154988000000
07086510;1154988000000
07090399;1155592800000
07093699;1156197600000
07093323;1156197600000
07093700;1156197600000
07097181;1156802400000
07097017;1156802400000
07108425;1158616800000
07111714;1159221600000
07111731;1159221600000
07114602;1159826400000
07134535;1163458800000
07137493;1164063600000
07140479;1164668400000
07143878;1165273200000
07147089;1165878000000
07150345;1166482800000
07150346;1166482800000
07151231;1166482800000
07152772;1167087600000
07155881;1167692400000
07156918;1167692400000
07160028;1168297200000
07161097;1168297200000
07163340;1168902000000
07165661;1169506800000
07168537;1170111600000
07171707;1170716400000
07172167;1170716400000
07175010;1171321200000
07175002;1171321200000
07175497;1171321200000
07178567;1171926000000
07185687;1173135600000
07188724;1173740400000
07188714;1173740400000
07188715;1173740400000
07188713;1173740400000
07191926;1174345200000
07191878;1174345200000
07195109;1174946400000
07195322;1174946400000
07207426;1177365600000
07207154;1177365600000
07213692;1178575200000
07216763;1179180000000
07222705;1180389600000
07222649;1180389600000
07226073;1180994400000
07231790;1182204000000
07232019;1182204000000
07232018;1182204000000
07237660;1183413600000
07240778;1184018400000
07246802;1185228000000
07246643;1185228000000
07252183;1186437600000
07264371;1188856800000
07265302;1188856800000
07270223;1190066400000
07271353;1190066400000
07273139;1190671200000
07278539;1191880800000
07278537;1191880800000
07278644;1191880800000
07281616;1192485600000
07281615;1192485600000
07284763;1193090400000
07293649;1194908400000
07293635;1194908400000
07296665;1195513200000
07314126;1199142000000
07316313;1199746800000
07318507;1200351600000
07318506;1200351600000
07320402;1200956400000
07322452;1201561200000
07322477;1201561200000
07327562;1202166000000
07328780;1202770800000
07328779;1202770800000
07331454;1203375600000
07334684;1203980400000
07334669;1203980400000
07350857;1207000800000
07353943;1207605600000
07370740;1210629600000
07372503;1210629600000
07377299;1211839200000
07378604;1211839200000
07380647;1212444000000
07392888;1214863200000
07395930;1215468000000
07398868;1216072800000
07398572;1216072800000
07404506;1217282400000
07414833;1219096800000
07416066;1219701600000
07416065;1219701600000
07419037;1220306400000
07422476;1220911200000
07424950;1221516000000
07426985;1222120800000
07431311;1223330400000
07434683;1223935200000
07438308;1224540000000
07441641;1225148400000
07441784;1225148400000
07451872;1226962800000
07451861;1226962800000
07451709;1226962800000
07455178;1227567600000
07458451;1228172400000
07458452;1228172400000
07461676;1228777200000
07461730;1228777200000
07467696;1229986800000
07467695;1229986800000
07469052;1229986800000
07475782;1231801200000
07478711;1232406000000
07481317;1233010800000
07484267;1233615600000
07487896;1234220400000
07500547;1236639600000
07503569;1237244400000
07503440;1237244400000
07503439;1237244400000
07506736;1237849200000
07509985;1238450400000
07522410;1240264800000
07520010;1240264800000
07527845;1241474400000
07527430;1241474400000
07534041;1242684000000
07537032;1243288800000
07540364;1243893600000
07540363;1243893600000
07543704;1244498400000
07549652;1245708000000
07549520;1245708000000
07562751;1248127200000
07565970;1248732000000
07565974;1248732000000
07568566;1249336800000
07568709;1249336800000
07571806;1249941600000
07574964;1250546400000
07575376;1250546400000
07581625;1251756000000
07584830;1252360800000
07588146;1252965600000
07593222;1253570400000
07594569;1254175200000
07597341;1254780000000
07600619;1255384800000
07600618;1255384800000
07600620;1255384800000
07604103;1255989600000
07604102;1255989600000
07607699;1256598000000
07607630;1256598000000
07607540;1256598000000
07607535;1256598000000
07607462;1256598000000
07614114;1257807600000
07617917;1258412400000
07617956;1258412400000
07621305;1259017200000
07624776;1259622000000
07624777;1259622000000
07629542;1260226800000
07628188;1260226800000
07635052;1261436400000
07641030;1262646000000
07644810;1263250800000
07658269;1265670000000
07665421;1266879600000
07681702;1269298800000
07689481;1269900000000
07692107;1270504800000
07694788;1271109600000
07699149;1271714400000
07699524;1271714400000
07703588;1272319200000
07703603;1272319200000
07703646;1272319200000
07703174;1272319200000
07712608;1273528800000
07712590;1273528800000
07717263;1274133600000
07721777;1274738400000
07731204;1275948000000
07731023;1275948000000
07735615;1276552800000
07735646;1276552800000
07743713;1277762400000
07743916;1277762400000
07748508;1278367200000
07761944;1280181600000
07762294;1280181600000
07775334;1281996000000
07777946;1281996000000
07779976;1282600800000
07789114;1283810400000
07793782;1284415200000
07802665;1285624800000
07807247;1286229600000
07815024;1287439200000
07815069;1287439200000
07819247;1288044000000
07832532;1289862000000
07832533;1289862000000
07837032;1290466800000
07841374;1291071600000
07841453;1291071600000
07841454;1291071600000
07845508;1291676400000
07849984;1292281200000
07854688;1292886000000
