03859172;158281200000
03862015;159490800000
03862909;160095600000
03862887;160095600000
03864096;160700400000
03864097;160700400000
03864254;160700400000
03867110;161910000000
03869350;163119600000
03870652;163724400000
03870621;163724400000
03873741;164934000000
03873427;164934000000
03875077;165538800000
03875016;165538800000
03876143;166143600000
03876383;166143600000
03876538;166143600000
03876505;166143600000
03878051;166748400000
03878052;166748400000
03880720;167958000000
03880359;167958000000
03883399;169167600000
03884649;169772400000
03884620;169772400000
03886093;170377200000
03886088;170377200000
03886048;170377200000
03886873;170982000000
03887437;170982000000
03887461;170982000000
03888302;171586800000
03888621;171586800000
03888742;171586800000
03890111;172191600000
03891402;172796400000
03890908;172796400000
03892633;173401200000
03892250;173401200000
03896556;175820400000
03897311;175820400000
03899398;177030000000
03901766;178239600000
03904549;179449200000
03907648;180658800000
03909364;181263600000
03909211;181263600000
03909212;181263600000
03910849;181868400000
03912597;182473200000
03914392;183078000000
03919118;184892400000
03921307;186102000000
03925190;187311600000
03926575;187916400000
03926582;187916400000
03926129;187916400000
03927986;188521200000
03929585;189126000000
03933618;190940400000
03933434;190940400000
03933443;190940400000
03933445;190940400000
03933595;190940400000
03933596;190940400000
03936358;192150000000
03939057;193359600000
03942956;195174000000
03945809;196383600000
03945890;196383600000
03948640;197589600000
03948617;197589600000
03950143;198194400000
03950228;198194400000
03950267;198194400000
03951750;198799200000
03951856;198799200000
03953928;200008800000
03954597;200008800000
03954674;200008800000
03956076;200613600000
03956073;200613600000
03957620;201218400000
03957460;201218400000
03957459;201218400000
03959084;201823200000
03959083;201823200000
03959082;201823200000
03961025;202428000000
03960701;202428000000
03960768;202428000000
03960513;202428000000
03962076;203032800000
03962044;203032800000
03962045;203032800000
03962043;203032800000
03963582;203637600000
03964977;204242400000
03964976;204242400000
03966585;204847200000
03966584;204847200000
03966563;204847200000
03966560;204847200000
03966561;204847200000
03969088;206056800000
03970434;206661600000
03970524;206661600000
03970523;206661600000
03970541;206661600000
03971704;207266400000
03971705;207266400000
03972780;207871200000
03972801;207871200000
03975240;209080800000
03976548;209685600000
03976558;209685600000
03977960;210290400000
03977947;210290400000
03980439;211500000000
03980447;211500000000
03980525;211500000000
03981690;212104800000
03984310;213318000000
03984289;213318000000
03984288;213318000000
03985543;213922800000
03985637;213922800000
03985820;213922800000
03988120;215132400000
03988211;215132400000
03990949;216342000000
03991557;216946800000
03992266;216946800000
03993455;217551600000
03993458;217551600000
03994829;218156400000
03996108;218761200000
03996063;218761200000
03997407;219366000000
03998756;219970800000
03998703;219970800000
04001105;221180400000
04001092;221180400000
04002438;221785200000
04002457;221785200000
04002533;221785200000
04002535;221785200000
04002534;221785200000
04003803;222390000000
04003797;222390000000
04004982;222994800000
04004985;222994800000
04005994;223599600000
04007093;224204400000
04007092;224204400000
04007014;224204400000
04008147;224809200000
04008054;224809200000
04009080;225414000000
04010079;226018800000
04011303;226623600000
04012202;227228400000
04013516;227833200000
04013426;227833200000
04014817;228438000000
04014781;228438000000
04014661;228438000000
04017272;229644000000
04018655;230248800000
04018654;230248800000
04018572;230248800000
04021309;231458400000
04022668;232063200000
04022588;232063200000
04022569;232063200000
04022639;232063200000
04024022;232668000000
04024023;232668000000
04025416;233272800000
04025395;233272800000
04026679;233877600000
04028068;234482400000
04029550;235087200000
04031189;235692000000
04030982;235692000000
04030983;235692000000
04030981;235692000000
04030984;235692000000
04030895;235692000000
04032305;236296800000
04035152;237506400000
04037330;238716000000
04038045;238716000000
04038172;238716000000
04038184;238716000000
04038152;238716000000
04038154;238716000000
04038153;238716000000
04038100;238716000000
04039392;239320800000
04039390;239320800000
04039391;239320800000
04039426;239320800000
04039427;239320800000
04039424;239320800000
04042485;240530400000
04042334;240530400000
04045187;241740000000
04045299;241740000000
04045292;241740000000
04044904;241740000000
04047898;242949600000
04047883;242949600000
04048020;242949600000
04049395;243554400000
04050991;244162800000
04050990;244162800000
04050900;244162800000
04050907;244162800000
04051016;244162800000
04051014;244162800000
04051791;244767600000
04052293;244767600000
04052292;244767600000
04052266;244767600000
04052265;244767600000
04052172;244767600000
04052170;244767600000
04052169;244767600000
04053569;245372400000
04053285;245372400000
04053364;245372400000
04053365;245372400000
04054492;245977200000
04054421;245977200000
04054420;245977200000
04055401;246582000000
04055471;246582000000
04056461;247186800000
04056443;247186800000
04057512;247791600000
04057402;247791600000
04057396;247791600000
04058205;248396400000
04060393;249606000000
04060041;249606000000
04060479;249606000000
04060478;249606000000
04060458;249606000000
04061600;250210800000
04061544;250210800000
04062656;250815600000
04064017;251420400000
04064018;251420400000
04065361;252025200000
04066024;252630000000
04066529;252630000000
04066513;252630000000
04066420;252630000000
04067767;253234800000
04067700;253234800000
04069132;253839600000
04069133;253839600000
04069107;253839600000
04069024;253839600000
04070250;254444400000
04071414;255049200000
04071434;255049200000
04071433;255049200000
04071432;255049200000
04071328;255049200000
04073660;256258800000
04074979;256863600000
04075079;256863600000
04075083;256863600000
04076607;257468400000
04076505;257468400000
04076593;257468400000
04077847;258073200000
04077848;258073200000
04077866;258073200000
04077869;258073200000
04077868;258073200000
04078973;258678000000
04078989;258678000000
04080181;259282800000
04081250;259887600000
04082515;260488800000
04082615;260488800000
04082645;260488800000
04082646;260488800000
04083751;261093600000
04083770;261093600000
04083696;261093600000
04084521;261698400000
04084938;261698400000
04085031;261698400000
04085030;261698400000
04085707;262303200000
04086144;262303200000
04086143;262303200000
04087347;262908000000
04087514;262908000000
04088745;263512800000
04088562;263512800000
04089773;264117600000
04090945;264722400000
04092237;265327200000
04092128;265327200000
04092125;265327200000
04092098;265327200000
04094746;266536800000
04094767;266536800000
04094769;266536800000
04094781;266536800000
04094651;266536800000
04096038;267141600000
04095953;267141600000
04095955;267141600000
04095958;267141600000
04097244;267746400000
04097245;267746400000
04097304;267746400000
04097360;267746400000
04098584;268351200000
04098649;268351200000
04099933;268956000000
04100034;268956000000
04100031;268956000000
04100032;268956000000
04100033;268956000000
04100265;268956000000
04101263;269560800000
04101412;269560800000
04101413;269560800000
04102751;270165600000
04102750;270165600000
04102749;270165600000
04102773;270165600000
04104128;270770400000
04104129;270770400000
04105504;271375200000
04105503;271375200000
04105502;271375200000
04105501;271375200000
04105536;271375200000
04105416;271375200000
04105419;271375200000
04107001;271980000000
04106999;271980000000
04106998;271980000000
04106997;271980000000
04106996;271980000000
04108731;272584800000
04108732;272584800000
04108730;272584800000
04108682;272584800000
04110193;273189600000
04110168;273189600000
04110169;273189600000
04111800;273794400000
04111756;273794400000
04111755;273794400000
04111786;273794400000
04111665;273794400000
04113602;274399200000
04113572;274399200000
04113569;274399200000
04115317;275004000000
04115202;275004000000
04116823;275608800000
04116810;275608800000
04116779;275608800000
04117098;275608800000
04118200;276217200000
04118201;276217200000
04118309;276217200000
04118281;276217200000
04118282;276217200000
04119525;276822000000
04119410;276822000000
04120665;277426800000
04120644;277426800000
04122036;278031600000
04123331;278636400000
04123332;278636400000
04123230;278636400000
04124450;279241200000
04125578;279846000000
04125453;279846000000
04125437;279846000000
04126518;280450800000
04126519;280450800000
04127469;281055600000
04127390;281055600000
04127391;281055600000
04129440;282265200000
04129420;282265200000
04133742;284684400000
04133718;284684400000
04133719;284684400000
04133739;284684400000
04133646;284684400000
04133867;284684400000
04134794;285289200000
04134737;285289200000
04135968;285894000000
04135983;285894000000
04135982;285894000000
04135987;285894000000
04135948;285894000000
04135885;285894000000
04135889;285894000000
04137050;286498800000
04138221;287103600000
04138222;287103600000
04138223;287103600000
04139451;287708400000
04139416;287708400000
04139419;287708400000
04140583;288313200000
04140623;288313200000
04141795;288918000000
04141794;288918000000
04141797;288918000000
04141796;288918000000
04141793;288918000000
04142942;289522800000
04142941;289522800000
04144033;290127600000
04145256;290732400000
04145274;290732400000
04145189;290732400000
04146434;291337200000
04146435;291337200000
04146359;291337200000
04146370;291337200000
04146367;291337200000
04147593;291938400000
04147594;291938400000
04148752;292543200000
04148710;292543200000
04148692;292543200000
04148614;292543200000
04149939;293148000000
04151047;293752800000
04151044;293752800000
04150548;293752800000
04150958;293752800000
04152120;294357600000
04152243;294357600000
04153420;294962400000
04153514;294962400000
04153533;294962400000
04154584;295567200000
04155832;296172000000
04155717;296172000000
04155716;296172000000
04155715;296172000000
04156596;296776800000
04156595;296776800000
04157245;297381600000
04157940;297986400000
04158637;298591200000
04158610;298591200000
04158620;298591200000
04158548;298591200000
04159905;299800800000
04160814;300405600000
04160720;300405600000
04160719;300405600000
04162943;302220000000
04162944;302220000000
04162960;302220000000
04162959;302220000000
04162898;302220000000
04163693;302824800000
04164469;303429600000
04164397;303429600000
04165289;304034400000
04165260;304034400000
04165216;304034400000
04165220;304034400000
04167397;305848800000
04168224;306453600000
04168148;306453600000
04169767;307666800000
04169710;307666800000
04175211;311900400000
04174953;311900400000
04175924;312505200000
04176010;312505200000
04176011;312505200000
04176040;312505200000
04178266;313714800000
04178215;313714800000
04181507;315529200000
04181504;315529200000
04181502;315529200000
04183730;316738800000
04186054;317948400000
04187167;318553200000
04187079;318553200000
04187335;318553200000
04188195;319158000000
04188191;319158000000
04189457;319762800000
04191630;320972400000
04196051;323391600000
04196050;323391600000
04197160;323992800000
04197161;323992800000
04197090;323992800000
04198212;324597600000
04199432;325202400000
04200438;325807200000
04200494;325807200000
04200495;325807200000
04200517;325807200000
04199872;325807200000
04201627;326412000000
04201655;326412000000
04202734;327016800000
04202735;327016800000
04202733;327016800000
04203804;327621600000
04203803;327621600000
04203960;327621600000
04204840;328226400000
04204906;328226400000
04204912;328226400000
04206186;328831200000
04207145;329436000000
04208245;330040800000
04208252;330040800000
04208251;330040800000
04208250;330040800000
04208307;330040800000
04210422;331250400000
04210491;331250400000
04210492;331250400000
04210517;331250400000
04211632;331855200000
04211608;331855200000
04211606;331855200000
04211607;331855200000
04212706;332460000000
04213489;333064800000
04213765;333064800000
04213827;333064800000
04213826;333064800000
04213828;333064800000
04217175;334879200000
04218288;335484000000
04218287;335484000000
04219405;336088800000
04221560;337298400000
04221570;337298400000
04222824;337903200000
04222823;337903200000
04224038;338508000000
04224109;338508000000
04225391;339116400000
04225415;339116400000
04225531;339116400000
04229185;340930800000
04230557;341535600000
04230602;341535600000
04230528;341535600000
04231844;342140400000
04231845;342140400000
04233036;342745200000
04233034;342745200000
04233117;342745200000
04233137;342745200000
04234390;343350000000
04234389;343350000000
04234388;343350000000
04234387;343350000000
04234386;343350000000
04235604;343954800000
04235624;343954800000
04235675;343954800000
04235676;343954800000
04235830;343954800000
04237101;344559600000
04239511;345769200000
04239500;345769200000
04239599;345769200000
04240877;346374000000
04240927;346374000000
04242225;346978800000
04243488;347583600000
04243489;347583600000
04243510;347583600000
04244785;348188400000
04244706;348188400000
04244711;348188400000
04246071;348793200000
04246072;348793200000
04246001;348793200000
04247365;349398000000
04247367;349398000000
04247366;349398000000
04248706;350002800000
04248692;350002800000
04248669;350002800000
04248670;350002800000
04248671;350002800000
04250158;350607600000
04250014;350607600000
04250015;350607600000
04249855;350607600000
04249910;350607600000
04249996;350607600000
04251207;351212400000
04251322;351212400000
04251323;351212400000
04252633;351817200000
04253937;352422000000
04255129;353026800000
04256464;353631600000
04256485;353631600000
04256539;353631600000
04258005;354236400000
04259083;354837600000
04259157;354837600000
04259158;354837600000
04259167;354837600000
04259168;354837600000
04260460;355442400000
04260473;355442400000
04260456;355442400000
04260394;355442400000
04261795;356047200000
04263099;356652000000
04263125;356652000000
04263124;356652000000
04263100;356652000000
04264414;357256800000
04264415;357256800000
04265709;357861600000
04265710;357861600000
04265711;357861600000
04266083;357861600000
04268359;359071200000
04268358;359071200000
04268417;359071200000
04269696;359676000000
04271326;360280800000
04270980;360280800000
04270928;360280800000
04273643;361490400000
04273619;361490400000
04273617;361490400000
04272324;361490400000
04272323;361490400000
04272322;361490400000
04274863;362095200000
04274836;362095200000
04274923;362095200000
04274941;362095200000
04276120;362700000000
04278447;363909600000
04280892;365119200000
04280893;365119200000
04280877;365119200000
04280878;365119200000
04280876;365119200000
04280879;365119200000
04280817;365119200000
04282069;365724000000
04282068;365724000000
04282066;365724000000
04283253;366328800000
04284476;366933600000
04284616;366933600000
04285773;367538400000
04285772;367538400000
04287023;368143200000
04287025;368143200000
04286971;368143200000
04288295;368748000000
04288293;368748000000
04288294;368748000000
04289584;369352800000
04289585;369352800000
04290780;369957600000
04290777;369957600000
04290854;369957600000
04291008;369957600000
04292165;370566000000
04293401;371170800000
04294610;371775600000
04294663;371775600000
04294816;371775600000
04295858;372380400000
04297108;372985200000
04297201;372985200000
04298435;373590000000
04299684;374194800000
04300915;374799600000
04300914;374799600000
04300985;374799600000
04300995;374799600000
04300994;374799600000
04301137;374799600000
04303477;376009200000
04303415;376009200000
04303496;376009200000
04303494;376009200000
04304636;376614000000
04305788;377218800000
04305726;377218800000
04306939;377823600000
04306941;377823600000
04308102;378428400000
04308103;378428400000
04308411;378428400000
04309197;379033200000
04309270;379033200000
04309253;379033200000
04308668;379033200000
04310386;379638000000
04311488;380242800000
04312639;380847600000
04312745;380847600000
04312740;380847600000
04312712;380847600000
04312711;380847600000
04313011;380847600000
04313849;381452400000
04317800;383871600000
04317703;383871600000
04318779;384476400000
04320241;385081200000
04320795;385686000000
04322269;386287200000
04322222;386287200000
04324560;387496800000
04324559;387496800000
04324637;387496800000
04324638;387496800000
04324639;387496800000
04324643;387496800000
04324644;387496800000
04324640;387496800000
04324641;387496800000
04324642;387496800000
04324620;387496800000
04325707;388101600000
04325787;388101600000
04325802;388101600000
04326857;388706400000
04326853;388706400000
04326944;388706400000
04328002;389311200000
04328072;389311200000
04329156;389916000000
04329202;389916000000
04329528;389916000000
04330372;390520800000
04332641;391730400000
04334888;392940000000
04334980;392940000000
04334960;392940000000
04334959;392940000000
04336126;393544800000
04336125;393544800000
04336128;393544800000
04336127;393544800000
04338161;394754400000
04338160;394754400000
04338198;394754400000
04340463;395964000000
04340444;395964000000
04341751;396568800000
04342622;397173600000
04343658;397778400000
04344770;398383200000
04344769;398383200000
04344835;398383200000
04344821;398383200000
04344822;398383200000
04344823;398383200000
04344820;398383200000
04344819;398383200000
04345896;398988000000
04345990;398988000000
04345988;398988000000
04347119;399592800000
04347064;399592800000
04351701;402015600000
04351702;402015600000
04352720;402620400000
04353713;403225200000
04353782;403225200000
04354903;403830000000
04356063;404434800000
04356077;404434800000
04356004;404434800000
04357210;405039600000
04358343;405644400000
04358344;405644400000
04358345;405644400000
04358290;405644400000
04359363;406249200000
04359362;406249200000
04359451;406249200000
04359481;406249200000
04360404;406854000000
04360403;406854000000
04362610;408063600000
04364745;409273200000
04364796;409273200000
04364798;409273200000
04366004;409878000000
04366026;409878000000
04366043;409878000000
04366046;409878000000
04369094;411692400000
04370201;412297200000
04370202;412297200000
04371425;412902000000
04372750;413506800000
04372756;413506800000
04373994;414111600000
04373454;414111600000
04376034;415926000000
04376015;415926000000
04377465;417135600000
04377466;417135600000
04378337;417736800000
04380454;419551200000
04381989;420760800000
04381988;420760800000
04382341;421365600000
04382850;421365600000
04382699;421365600000
04383912;421970400000
04384923;422575200000
04384947;422575200000
04385962;423180000000
04388151;424389600000
04388152;424389600000
04388173;424389600000
04388174;424389600000
04389283;424994400000
04389388;424994400000
04389950;425599200000
04390409;425599200000
04391674;426204000000
04391609;426204000000
04391608;426204000000
04395309;428018400000
04396786;428623200000
04396396;428623200000
04396461;428623200000
04396487;428623200000
04396490;428623200000
04395975;428623200000
04398076;429228000000
04398476;429832800000
04398998;429832800000
04400262;430437600000
04401513;431042400000
04401553;431042400000
04402823;431647200000
04402790;431647200000
04402791;431647200000
04404083;432252000000
04404086;432252000000
04405438;432856800000
04405339;432856800000
04405561;432856800000
04406742;433465200000
04406746;433465200000
04406744;433465200000
04406872;433465200000
04407700;434070000000
04407699;434070000000
04409416;434674800000
04409094;434674800000
04409068;434674800000
04409067;434674800000
04410398;435279600000
04412841;436489200000
04412909;436489200000
04415432;437698800000
04415433;437698800000
04416733;438303600000
04417528;438908400000
04417872;438908400000
04419216;439513200000
04419215;439513200000
04419186;439513200000
04419185;439513200000
04420320;440118000000
04421524;440722800000
04421603;440722800000
04421604;440722800000
04422902;441327600000
04423702;441932400000
04424099;441932400000
04425220;442537200000
04425191;442537200000
04427529;443746800000
04429172;444351600000
04430195;444956400000
04430160;444956400000
04431485;445561200000
04431483;445561200000
04436588;447980400000
04436589;447980400000
04436611;447980400000
04437936;448585200000
04439306;449186400000
04439307;449186400000
04439274;449186400000
04440623;449791200000
04441985;450396000000
04441261;450396000000
04443955;451605600000
04445977;452210400000
04445976;452210400000
04446001;452210400000
04447297;452815200000
04447805;452815200000
04448668;453420000000
04448666;453420000000
04448641;453420000000
04450046;454024800000
04451184;454629600000
04451351;454629600000
04451352;454629600000
04452670;455234400000
04452154;455234400000
04452707;455234400000
04454018;455839200000
04456504;457048800000
04459136;458258400000
04459135;458258400000
04460130;458863200000
04461673;459468000000
04461627;459468000000
04462869;460072800000
04463210;460072800000
04463203;460072800000
04464247;460677600000
04465493;461282400000
04468288;462492000000
04469584;463096800000
04469557;463096800000
04469487;463096800000
04469488;463096800000
04470878;463701600000
04472245;464306400000
04472172;464306400000
04473622;464911200000
04474524;465519600000
04475986;466124400000
04476789;466729200000
04477331;466729200000
04477332;466729200000
04481080;468543600000
04481100;468543600000
04486269;470962800000
04490237;472777200000
04490213;472777200000
04491505;473382000000
04492588;473986800000
04492042;473986800000
04495058;475196400000
04495054;475196400000
04495031;475196400000
04495032;475196400000
04497636;476406000000
04502227;478825200000
04502920;478825200000
04505809;480034800000
04507174;480639600000
04510021;481845600000
04511362;482450400000
04511459;482450400000
04512850;483055200000
04512873;483055200000
04512080;483055200000
04515660;484264800000
04515659;484264800000
04516980;484869600000
04519807;486079200000
04519874;486079200000
04521278;486684000000
04522626;487288800000
04522628;487288800000
04523927;487893600000
04523979;487893600000
04526731;489103200000
04528069;489708000000
04529483;490312800000
04530752;490917600000
04533439;492127200000
04533438;492127200000
04533463;492127200000
04535065;492732000000
04534849;492732000000
04537603;493941600000
04539917;495151200000
04543104;496360800000
04543733;496969200000
04543894;496969200000
04545860;497574000000
04545859;497574000000
04551223;499993200000
04552622;500598000000
04552621;500598000000
04554053;501202800000
04553978;501202800000
04555326;501807600000
04555209;501807600000
04556455;502412400000
04557733;503017200000
04557204;503017200000
04557805;503017200000
04559107;503622000000
04559060;503622000000
04561966;504831600000
04561964;504831600000
04561859;504831600000
04563246;505436400000
04563247;505436400000
04563264;505436400000
04565138;506646000000
04568424;507855600000
04568362;507855600000
04569678;508460400000
04574034;510274800000
04574714;510879600000
04578175;512089200000
04584421;514504800000
04584060;514504800000
04583995;514504800000
04585543;515109600000
04588850;516319200000
04588429;516319200000
04588477;516319200000
04591362;517528800000
04596584;519948000000
04597772;520552800000
04597775;520552800000
04597776;520552800000
04597852;520552800000
04599141;521157600000
04599140;521157600000
04599161;521157600000
04601811;522367200000
04601812;522367200000
04602574;522972000000
04604165;523576800000
04605421;524181600000
04606793;524786400000
04613713;527810400000
04614567;528418800000
04614234;528418800000
04617638;529628400000
04618735;530233200000
04618736;530233200000
04619738;530838000000
04624003;532652400000
04624807;533257200000
04626320;533862000000
04626258;533862000000
04627174;534466800000
04632731;536281200000
04634500;536886000000
04636318;537490800000
04637795;538095600000
04640760;539305200000
04640692;539305200000
04642401;539910000000
04643803;540514800000
04643977;540514800000
04647341;541724400000
04647443;541724400000
04648328;542329200000
04650546;542934000000
04652686;543538800000
04652342;543538800000
04652430;543538800000
04655878;544744800000
04659456;545954400000
04661118;546559200000
04661240;546559200000
04662895;547164000000
04663145;547164000000
04664750;547768800000
04664787;547768800000
04667508;548978400000
04668344;548978400000
04668343;548978400000
04673442;550792800000
04673463;550792800000
04678478;552607200000
04680167;553212000000
04681598;553816800000
04683030;554421600000
04686007;555631200000
04686008;555631200000
04689120;556840800000
04690732;557445600000
04692216;558050400000
04695290;559260000000
04696734;559868400000
04701838;561682800000
04700639;561682800000
04701183;561682800000
04701243;561682800000
04704195;562892400000
04704138;562892400000
04703793;562892400000
04706581;564102000000
04707248;564102000000
04708196;564706800000
04718984;568940400000
04722768;570754800000
04725337;571964400000
04730339;573778800000
04734165;575589600000
04738753;577404000000
04740270;578008800000
04740216;578008800000
04741741;578613600000
04743341;579218400000
04743271;579218400000
04745096;579823200000
04744969;579823200000
04746406;580428000000
04747938;581032800000
04751060;582242400000
04752359;582847200000
04755358;584056800000
04759300;585871200000
04759977;585871200000
04764318;587685600000
04778585;593132400000
04790910;597970800000
04792382;598575600000
04795841;599785200000
04797198;600390000000
04800165;601599600000
04802573;602809200000
04804390;603414000000
04808286;604623600000
04820382;608248800000
04822573;608853600000
04822935;608853600000
04826573;610063200000
04828651;610668000000
04832701;611877600000
04832795;611877600000
04839151;613692000000
04840129;614296800000
04842728;614901600000
04842692;614901600000
04842695;614901600000
04844105;615506400000
04851084;617320800000
04851600;617320800000
04857105;619135200000
04859284;619740000000
04861562;620344800000
04867848;622159200000
04869810;622767600000
04871426;623372400000
04874505;624582000000
04875979;625186800000
04877488;625791600000
04883499;628210800000
04886521;629420400000
04886522;629420400000
04888029;630025200000
04891459;631234800000
04894122;632444400000
04900401;634863600000
04908104;637282800000
04919686;640908000000
04921579;641512800000
04927430;643327200000
04929339;643932000000
04935099;645746400000
04935036;645746400000
04935038;645746400000
04941952;648165600000
04943367;648770400000
04944867;649375200000
04946658;649980000000
04948495;650584800000
04957596;653608800000
04959126;654213600000
04960440;654822000000
04960499;654822000000
04968407;657846000000
04973386;659660400000
04978369;661474800000
04980028;662079600000
04983187;663289200000
04985131;663894000000
04994174;666918000000
04994169;666918000000
04997527;668127600000
05008005;671752800000
05007987;671752800000
05009767;672357600000
05017270;674776800000
05017269;674776800000
05034021;680220000000
05039379;682034400000
05041207;682639200000
05059307;688086000000
05062925;689295600000
05068010;691110000000
05071515;692319600000
05073251;692924400000
05078836;694738800000
05082534;695948400000
05084140;696553200000
05084141;696553200000
05085738;697158000000
05085764;697158000000
05087328;697762800000
05089457;698367600000
05092984;699577200000
05095040;700182000000
05098481;701391600000
05101746;702597600000
05101740;702597600000
05106390;703807200000
05110449;705016800000
05114564;706226400000
05114541;706226400000
05114542;706226400000
05129995;711064800000
05132918;711669600000
05137602;713484000000
05151159;717721200000
05167772;723164400000
05169560;723769200000
05171406;724374000000
05172709;724978800000
05173921;724978800000
05190901;731026800000
05194069;732236400000
05198018;733442400000
05212144;737676000000
05215651;738885600000
05225044;741909600000
05224432;741909600000
05232679;744328800000
05240565;746748000000
05248413;749170800000
05252188;750380400000
05259930;752799600000
05262577;753404400000
05264640;754009200000
05266184;754614000000
05269947;755823600000
05279712;758847600000
05286374;761266800000
05290327;762476400000
05296102;764290800000
05302254;766101600000
05318672;770940000000
05318671;770940000000
05330623;774568800000
05336443;776383200000
05340464;777592800000
05342421;778197600000
05350431;780620400000
05360553;783644400000
05360537;783644400000
05364821;784854000000
05366595;785458800000
05369215;786063600000
05368723;786063600000
05376262;788482800000
05378323;789087600000
05389299;792716400000
05393311;793926000000
05400724;796341600000
05401364;796341600000
05409577;798760800000
05411714;799365600000
05423951;802994400000
05423950;802994400000
05426259;803599200000
05427022;804204000000
05435813;806623200000
05435890;806623200000
05435983;806623200000
05443694;809042400000
05443693;809042400000
05447606;810252000000
05449439;810856800000
05449438;810856800000
05451297;811461600000
05453164;812070000000
05460699;814489200000
05464503;815698800000
05464876;815698800000
05472637;818118000000
05478442;819932400000
05494864;825375600000
05496465;825980400000
05505822;829000800000
05512070;830815200000
05525196;834444000000
05543061;839282400000
05547548;840492000000
05547549;840492000000
05584970;850777200000
05584969;850777200000
05595633;853801200000
05597451;854406000000
05597452;854406000000
05601692;855615600000
05605551;856825200000
05608136;857430000000
05607556;857430000000
05607576;857430000000
05609731;858034800000
05609730;858034800000
05616216;859845600000
05622604;861660000000
05628878;863474400000
05628877;863474400000
05632863;864684000000
05635147;865288800000
05639353;866498400000
05667669;874360800000
05670024;874965600000
05688376;879807600000
05693188;881017200000
05705035;884041200000
05711769;885855600000
05720854;888274800000
05725738;889484400000
05728271;890089200000
05728196;890089200000
05750052;894924000000
05770017;898552800000
05780696;900367200000
05783046;900972000000
05789636;902181600000
05792340;902786400000
05795445;903391200000
05800680;904600800000
05804038;905205600000
05821395;908229600000
05821396;908229600000
05824194;908834400000
05824193;908834400000
05827403;909442800000
05841011;911862000000
05843303;912466800000
05846385;913071600000
05851361;914281200000
05853548;914886000000
05855742;915490800000
05856599;915490800000
05865956;917910000000
05873950;919724400000
05882484;921538800000
05891310;923349600000
05895827;924559200000
05902915;926373600000
05917102;930607200000
05928476;933026400000
05932089;933631200000
05961786;939074400000
05964985;939679200000
05969201;940284000000
05968320;940284000000
05973217;940888800000
05977421;941497200000
05984985;942706800000
05998682;944521200000
06005149;945730800000
06011187;946940400000
06033528;952383600000
06039791;953593200000
06046370;954799200000
06048374;955404000000
06051110;956008800000
06060631;957823200000
06059932;957823200000
06077399;961452000000
06084139;962661600000
06105275;966895200000
06133491;971733600000
06139692;972946800000
06139723;972946800000
06139722;972946800000
06143137;973551600000
06143136;973551600000
06149773;974761200000
06150040;974761200000
06168688;978390000000
06168252;978390000000
06169211;978390000000
06172271;978994800000
06184427;981414000000
06182584;981414000000
06187272;982018800000
06193837;983228400000
06204421;985042800000
06206941;985644000000
06226889;989272800000
06231787;989877600000
06244199;992296800000
06255547;994111200000
06264797;995925600000
06270040;997135200000
06271427;997135200000
06310264;1004396400000
06312483;1005001200000
06316378;1005606000000
06332957;1009234800000
06344361;1012863600000
06365038;1017698400000
06372948;1018908000000
06379629;1020117600000
06387221;1021327200000
06423878;1027375200000
06463399;1034028000000
06504068;1041894000000
06589395;1057615200000
06596128;1058824800000
06613111;1062453600000
06623602;1064268000000
06638396;1067295600000
06657095;1070319600000
06666955;1072134000000
06669822;1072738800000
06676089;1073948400000
06683227;1075158000000
06709573;1079996400000
06736940;1084831200000
06746497;1086645600000
06758945;1089064800000
06774271;1092088800000
06777581;1092693600000
06786335;1094508000000
06790317;1095112800000
06797122;1096322400000
06808602;1098741600000
06830660;1102978800000
06830597;1102978800000
06875316;1112652000000
06875317;1112652000000
06881303;1113861600000
06909025;1119304800000
06929719;1124143200000
06934509;1124748000000
06953517;1128981600000
06961276;1130799600000
06964236;1132009200000
06972085;1133823600000
06989082;1138057200000
07004999;1141081200000
07029635;1145311200000
07034198;1145916000000
07037408;1146520800000
07037409;1146520800000
07048831;1148335200000
07077934;1153173600000
07094321;1156197600000
07097743;1156802400000
07101463;1157407200000
07101464;1157407200000
07108767;1158616800000
07112261;1159221600000
07115190;1159826400000
07122099;1161036000000
07128812;1162249200000
07147681;1165878000000
07152076;1166482800000
07153393;1167087600000
07176341;1171321200000
07191650;1174345200000
07208570;1177365600000
07223296;1180389600000
07264694;1188856800000
07281410;1192485600000
07285186;1193090400000
07317132;1199746800000
07321034;1200956400000
07329329;1202770800000
07330861;1202770800000
07341646;1205190000000
07347052;1206399600000
07371308;1210629600000
07399384;1216072800000
07416641;1219701600000
07423189;1220911200000
07438785;1224540000000
07438786;1224540000000
07459063;1228172400000
07465696;1229382000000
07481908;1233010800000
07497930;1236034800000
07497928;1236034800000
07497929;1236034800000
07531703;1242079200000
07534326;1242684000000
07563345;1248127200000
07569121;1249336800000
07608170;1256598000000
07611609;1257202800000
07628892;1260226800000
07632381;1260831600000
07642394;1262646000000
07645362;1263250800000
07648615;1263855600000
07651605;1264460400000
07658838;1265670000000
07666278;1266879600000
07670462;1267484400000
07678738;1268694000000
07708864;1272924000000
07714178;1273528800000
07718038;1274133600000
07722850;1274738400000
07731821;1275948000000
07736471;1276552800000
07736470;1276552800000
07736469;1276552800000
07767187;1280786400000
07771568;1281391200000
07785447;1283205600000
07789999;1283810400000
07794519;1284415200000
07799960;1285020000000
07799177;1285020000000
07815775;1287439200000
07820014;1288044000000
07820032;1288044000000
07824523;1288652400000
07846301;1291676400000
07857943;1293490800000
