03858769;158281200000
03858768;158281200000
03858770;158281200000
03860154;158886000000
03860153;158886000000
03860156;158886000000
03860155;158886000000
03861061;159490800000
03862687;160095600000
03865287;161305200000
03865286;161305200000
03865285;161305200000
03865284;161305200000
03865235;161305200000
03864769;161305200000
03866810;161910000000
03866809;161910000000
03866808;161910000000
03866807;161910000000
03869073;163119600000
03869815;163724400000
03870207;163724400000
03870206;163724400000
03871647;164329200000
03871561;164329200000
03872806;164934000000
03874572;165538800000
03876122;166143600000
03875880;166143600000
03877161;166748400000
03880334;167958000000
03879990;167958000000
03883051;169167600000
03883052;169167600000
03884459;169772400000
03884402;169772400000
03885719;170377200000
03885718;170377200000
03885723;170377200000
03887120;170982000000
03887118;170982000000
03887079;170982000000
03888395;171586800000
03888396;171586800000
03889858;172191600000
03889857;172191600000
03891129;172796400000
03892047;173401200000
03892340;173401200000
03892341;173401200000
03892342;173401200000
03892240;173401200000
03893602;174006000000
03893603;174006000000
03893570;174006000000
03894666;174610800000
03895749;175215600000
03895750;175215600000
03896750;175820400000
03896931;175820400000
03896980;175820400000
03897892;176425200000
03897893;176425200000
03899108;177030000000
03899078;177030000000
03900181;177634800000
03901420;178239600000
03900899;178239600000
03902597;178844400000
03902261;178844400000
03902300;178844400000
03902226;178844400000
03904089;179449200000
03904090;179449200000
03907107;180658800000
03907180;180658800000
03907181;180658800000
03908823;181263600000
03908874;181263600000
03910468;181868400000
03910282;181868400000
03912136;182473200000
03917266;184287600000
03918455;184892400000
03922407;186102000000
03923212;186706800000
03923213;186706800000
03924630;187311600000
03924785;187311600000
03925863;187916400000
03926351;187916400000
03926194;187916400000
03927538;188521200000
03928660;188521200000
03929233;189126000000
03930454;189730800000
03933286;190940400000
03935054;191545200000
03934765;191545200000
03934767;191545200000
03934766;191545200000
03934804;191545200000
03935871;192150000000
03935976;192150000000
03937394;192754800000
03938452;193359600000
03939536;193964400000
03941285;194569200000
03945500;196383600000
03945541;196383600000
03945542;196383600000
03945543;196383600000
03946915;196984800000
03948396;197589600000
03949914;198194400000
03949913;198194400000
03949756;198194400000
03950829;198799200000
03952929;199404000000
03954212;200008800000
03955722;200613600000
03957182;201218400000
03961458;203032800000
03961733;203032800000
03961734;203032800000
03962758;203637600000
03963155;203637600000
03963154;203637600000
03964117;204242400000
03964651;204242400000
03965605;204847200000
03965647;204847200000
03966100;204847200000
03967766;205452000000
03968761;206056800000
03970226;206661600000
03972094;207871200000
03972768;207871200000
03972455;207871200000
03973705;208476000000
03974946;209080800000
03977581;210290400000
03977580;210290400000
03978594;210895200000
03978593;210895200000
03978601;210895200000
03980228;211500000000
03982631;212713200000
03984002;213318000000
03984037;213318000000
03984036;213318000000
03984048;213318000000
03986647;214527600000
03987519;215132400000
03987839;215132400000
03989172;215737200000
03990616;216342000000
03991919;216946800000
03991920;216946800000
03993205;217551600000
03993228;217551600000
03994485;218156400000
03997091;219366000000
03998366;219970800000
04000569;221180400000
04000768;221180400000
04002276;221785200000
04004720;222994800000
04004721;222994800000
04006547;224204400000
04007928;224809200000
04007861;224809200000
04007860;224809200000
04008836;225414000000
04008835;225414000000
04008837;225414000000
04009807;226018800000
04010878;226623600000
04010879;226623600000
04010877;226623600000
04011658;227228400000
04011973;227228400000
04012811;227833200000
04015296;229039200000
04015748;229039200000
04017011;229644000000
04018382;230248800000
04018368;230248800000
04017990;230248800000
04020983;231458400000
04022360;232063200000
04023762;232668000000
04023721;232668000000
04023720;232668000000
04026063;233877600000
04026446;233877600000
04026447;233877600000
04026444;233877600000
04026445;233877600000
04027812;234482400000
04027394;234482400000
04029239;235087200000
04029240;235087200000
04029241;235087200000
04029212;235087200000
04031270;235692000000
04030645;235692000000
04032052;236296800000
04032012;236296800000
04034902;237506400000
04034903;237506400000
04034865;237506400000
04036415;238111200000
04036414;238111200000
04037386;238716000000
04040562;239925600000
04040545;239925600000
04040546;239925600000
04042155;240530400000
04042154;240530400000
04043492;241135200000
04044928;241740000000
04046089;242344800000
04046088;242344800000
04046293;242344800000
04047649;242949600000
04049163;243554400000
04054234;245977200000
04055859;247186800000
04057179;247791600000
04057178;247791600000
04058241;248396400000
04058222;248396400000
04058215;248396400000
04059191;249001200000
04063376;251420400000
04063670;251420400000
04063669;251420400000
04063637;251420400000
04066194;252630000000
04066193;252630000000
04066192;252630000000
04067487;253234800000
04068783;253839600000
04069913;254444400000
04072255;255654000000
04073246;256258800000
04073457;256258800000
04073415;256258800000
04074838;256863600000
04075737;257468400000
04076155;257468400000
04079682;259282800000
04083479;261093600000
04084733;261698400000
04085519;262303200000
04088380;263512800000
04090649;264722400000
04090537;264722400000
04091973;265327200000
04093498;265932000000
04098440;268351200000
04099789;268956000000
04101059;269560800000
04102480;270165600000
04102479;270165600000
04102478;270165600000
04102727;270165600000
04103631;270770400000
04106676;271980000000
04106260;271980000000
04109838;273189600000
04111733;273794400000
04111341;273794400000
04113159;274399200000
04113154;274399200000
04113155;274399200000
04114786;275004000000
04116333;275608800000
04116335;275608800000
04115940;275608800000
04117960;276217200000
04117961;276217200000
04119246;276822000000
04120433;277426800000
04120255;277426800000
04123900;279241200000
04123864;279241200000
04123865;279241200000
04124424;279241200000
04124153;279241200000
04125079;279846000000
04126253;280450800000
04126252;280450800000
04127251;281055600000
04127222;281055600000
04127219;281055600000
04129218;282265200000
04130226;282870000000
04132309;284079600000
04132316;284079600000
04133339;284684400000
04133463;284684400000
04134187;285289200000
04134524;285289200000
04135652;285894000000
04136557;286498800000
04137763;287103600000
04141131;288918000000
04148421;292543200000
04149661;293148000000
04153054;294962400000
04155531;296172000000
04155493;296172000000
04155494;296172000000
04157151;297381600000
04157782;297986400000
04157775;297986400000
04157776;297986400000
04158265;298591200000
04159069;299196000000
04160516;300405600000
04160515;300405600000
04160423;300405600000
04160333;300405600000
04161075;301010400000
04162753;302220000000
04163331;302824800000
04164008;302824800000
04166556;305244000000
04166331;305244000000
04168792;307058400000
04168791;307058400000
04169753;307666800000
04169534;307666800000
04169549;307666800000
04171076;308876400000
04172521;310086000000
04173300;310690800000
04175681;312505200000
04177908;313714800000
04180190;314924400000
04182341;316134000000
04184616;317343600000
04185768;317948400000
04186444;318553200000
04186857;318553200000
04186858;318553200000
04187967;319158000000
04189055;319762800000
04190151;320367600000
04191793;320972400000
04192441;321577200000
04194274;322786800000
04196813;323992800000
04196681;323992800000
04198202;324597600000
04199089;325202400000
04199088;325202400000
04202569;327016800000
04202451;327016800000
04209156;330645600000
04209685;330645600000
04209879;331250400000
04209913;331250400000
04210035;331250400000
04212403;332460000000
04213547;333064800000
04219724;336088800000
04219140;336088800000
04221298;337298400000
04221310;337298400000
04222507;337903200000
04223817;338508000000
04223816;338508000000
04223815;338508000000
04225202;339116400000
04226345;339721200000
04226346;339721200000
04227632;340326000000
04228935;340930800000
04231499;342140400000
04231500;342140400000
04231157;342140400000
04232805;342745200000
04234110;343350000000
04234111;343350000000
04238060;345164400000
04238061;345164400000
04239134;345769200000
04240553;346374000000
04243163;347583600000
04244999;348188400000
04245576;348793200000
04246723;349398000000
04248363;350002800000
04249972;350607600000
04250595;351212400000
04260056;355442400000
04260083;355442400000
04260063;355442400000
04261121;356047200000
04261490;356047200000
04262828;356652000000
04264011;357256800000
04265380;357861600000
04265190;357861600000
04266699;358466400000
04266677;358466400000
04266700;358466400000
04266701;358466400000
04268982;359676000000
04269334;359676000000
04271995;361490400000
04273058;361490400000
04272011;361490400000
04274564;362095200000
04274565;362095200000
04275826;362700000000
04275812;362700000000
04277005;363304800000
04280642;365119200000
04280641;365119200000
04281782;365724000000
04281781;365724000000
04282911;366328800000
04284215;366933600000
04284216;366933600000
04286832;368143200000
04288010;368748000000
04290539;369957600000
04293959;371775600000
04295585;372380400000
04296877;372985200000
04296876;372985200000
04298148;373590000000
04300688;374799600000
04303183;376009200000
04303459;376009200000
04304019;376614000000
04306510;377823600000
04308980;379033200000
04308981;379033200000
04308962;379033200000
04310096;379638000000
04311260;380242800000
04312464;380847600000
04313268;381452400000
04316562;383266800000
04319702;385081200000
04319703;385081200000
04323021;386892000000
04324352;387496800000
04324004;387496800000
04327510;389311200000
04333252;392335200000
04333590;392335200000
04334641;392940000000
04335665;393544800000
04335838;393544800000
04335533;393544800000
04337881;394754400000
04339164;395359200000
04339059;395359200000
04342409;397173600000
04346826;399592800000
04346825;399592800000
04347955;400197600000
04349137;400802400000
04351458;402015600000
04351457;402015600000
04353760;403225200000
04355743;404434800000
04355745;404434800000
04355744;404434800000
04360134;406854000000
04361101;407458800000
04363430;408668400000
04364496;409273200000
04364494;409273200000
04364495;409273200000
04365732;409878000000
04365373;409878000000
04366907;410482800000
04368823;411692400000
04369087;411692400000
04371102;412902000000
04371074;412902000000
04373648;414111600000
04375267;415321200000
04381068;420156000000
04382531;421365600000
04385575;423180000000
04387940;424389600000
04391395;426204000000
04391394;426204000000
04391602;426204000000
04392596;426808800000
04394946;428018400000
04395799;428623200000
04399918;430437600000
04401244;431042400000
04407052;434070000000
04410114;435279600000
04410113;435279600000
04415093;437698800000
04416401;438303600000
04418849;439513200000
04420102;440118000000
04421258;440722800000
04421259;440722800000
04422564;441327600000
04422230;441327600000
04423561;441932400000
04424922;442537200000
04425173;442537200000
04427139;443746800000
04434918;447375600000
04436231;447980400000
04437246;448585200000
04438874;449186400000
04438693;449186400000
04440329;449791200000
04445631;452210400000
04446996;452815200000
04448626;453420000000
04449652;454024800000
04450639;454629600000
04450634;454629600000
04453655;455839200000
04454969;456444000000
04454968;456444000000
04460092;458863200000
04460111;458863200000
04460113;458863200000
04460112;458863200000
04461409;459468000000
04464159;460677600000
04464796;461282400000
04465214;461282400000
04465213;461282400000
04470527;463701600000
04472836;464911200000
04473961;465519600000
04474637;465519600000
04474298;465519600000
04474316;465519600000
04476168;466124400000
04475673;466124400000
04478359;467334000000
04478333;467334000000
04479640;467938800000
04479313;467938800000
04479314;467938800000
04480772;468543600000
04480398;468543600000
04482084;469148400000
04483467;469753200000
04485572;470962800000
04487343;471567600000
04487546;471567600000
04489865;472777200000
04491255;473382000000
04491256;473382000000
04492325;473986800000
04493445;474591600000
04493276;474591600000
04494683;475196400000
04497423;476406000000
04497424;476406000000
04497080;476406000000
04501080;478220400000
04504000;479430000000
04509666;481845600000
04515837;484264800000
04515299;484264800000
04516704;484869600000
04516703;484869600000
04517709;485474400000
04519531;486079200000
04520955;486684000000
04522324;487288800000
04523335;487893600000
04523701;487893600000
04524889;488498400000
04524890;488498400000
04524891;488498400000
04524771;488498400000
04526306;489103200000
04528217;489708000000
04527719;489708000000
04529463;490312800000
04529086;490312800000
04529109;490312800000
04529110;490312800000
04533072;492127200000
04533164;492127200000
04534495;492732000000
04535921;493336800000
04537337;493941600000
04538370;494546400000
04540108;495151200000
04541351;495756000000
04541554;495756000000
04542602;496360800000
04542838;496360800000
04545514;497574000000
04548055;498783600000
04550868;499993200000
04553294;501202800000
04556158;502412400000
04557516;503017200000
04557408;503017200000
04557407;503017200000
04560434;504226800000
04561574;504831600000
04563373;505436400000
04564133;506041200000
04565309;506646000000
04565287;506646000000
04566615;507250800000
04566157;507250800000
04569441;508460400000
04573421;510274800000
04573719;510274800000
04573959;510274800000
04576318;511484400000
04575906;511484400000
04577571;512089200000
04579262;512690400000
04580705;513295200000
04582233;513900000000
04583269;514504800000
04584952;515109600000
04585676;515109600000
04586637;515714400000
04586524;515714400000
04592497;518133600000
04592496;518133600000
04593812;518738400000
04593839;518738400000
04597515;520552800000
04598488;521157600000
04599958;521762400000
04600132;521762400000
04601417;522367200000
04602580;522972000000
04602389;522972000000
04603797;523576800000
04603560;523576800000
04606483;524786400000
04606482;524786400000
04607589;525391200000
04607769;525391200000
04607770;525391200000
04607771;525391200000
04609132;525996000000
04611733;527205600000
04613066;527810400000
04613065;527810400000
04615447;529023600000
04616769;529628400000
04616770;529628400000
04616747;529628400000
04618080;530233200000
04619385;530838000000
04619384;530838000000
04620494;531442800000
04620650;531442800000
04620652;531442800000
04620651;531442800000
04620649;531442800000
04620737;531442800000
04621751;532047600000
04621640;532047600000
04623770;532652400000
04623080;532652400000
04623079;532652400000
04624396;533257200000
04624375;533257200000
04627557;534466800000
04628844;535071600000
04629101;535071600000
04629100;535071600000
04629102;535071600000
04630762;535676400000
04632285;536281200000
04632286;536281200000
04632287;536281200000
04634030;536886000000
04634612;536886000000
04635834;537490800000
04635833;537490800000
04637077;538095600000
04637532;538095600000
04637533;538095600000
04638915;538700400000
04638930;538700400000
04638932;538700400000
04638931;538700400000
04641652;539910000000
04641756;539910000000
04643340;540514800000
04643341;540514800000
04645101;541119600000
04645106;541119600000
04646396;541724400000
04646951;541724400000
04649838;542934000000
04650102;542934000000
04651909;543538800000
04651908;543538800000
04653678;544140000000
04653679;544140000000
04654976;544744800000
04655867;544744800000
04655375;544744800000
04656064;544744800000
04658997;545954400000
04658996;545954400000
04658995;545954400000
04660261;546559200000
04660750;546559200000
04660814;546559200000
04661197;546559200000
04664302;547768800000
04664044;547768800000
04666048;548373600000
04666070;548373600000
04667861;548978400000
04667860;548978400000
04667859;548978400000
04669642;549583200000
04669152;549583200000
04671437;550188000000
04673113;550792800000
04673115;550792800000
04673114;550792800000
04673116;550792800000
04674663;551397600000
04678195;552607200000
04679716;553212000000
04679340;553212000000
04682424;554421600000
04682413;554421600000
04684552;555026400000
04683876;555026400000
04685572;555631200000
04689897;557445600000
04690078;557445600000
04694843;559260000000
04694978;559260000000
04697724;560473200000
04699302;561078000000
04701983;562287600000
04703878;562892400000
04703877;562892400000
04706347;564102000000
04708271;564706800000
04708272;564706800000
04709839;565311600000
04709838;565311600000
04713267;566521200000
04714182;567126000000
04714183;567126000000
04714156;567126000000
04715914;567730800000
04716634;568335600000
04717053;568335600000
04718581;568940400000
04718546;568940400000
04718562;568940400000
04720090;569545200000
04720026;569545200000
04721234;570150000000
04722438;570754800000
04726497;572569200000
04728015;573174000000
04728016;573174000000
04729498;573778800000
04730737;574383600000
04730756;574383600000
04730757;574383600000
04738381;577404000000
04739909;578008800000
04739910;578008800000
04739911;578008800000
04739912;578008800000
04744496;579823200000
04746039;580428000000
04746040;580428000000
04748924;581637600000
04749111;581637600000
04750651;582242400000
04752021;582847200000
04756453;584661600000
04756199;584661600000
04756170;584661600000
04756104;584661600000
04757905;585266400000
04759440;585871200000
04759480;585871200000
04760942;586476000000
04762238;587080800000
04763855;587685600000
04763390;587685600000
04765467;588290400000
04765520;588290400000
04765519;588290400000
04766825;588895200000
04768687;589500000000
04768686;589500000000
04768649;589500000000
04773343;591318000000
04773961;591318000000
04778088;593132400000
04779549;593737200000
04779616;593737200000
04780343;593737200000
04782954;594946800000
04784276;595551600000
04784070;595551600000
04789087;597366000000
04790254;597970800000
04792071;598575600000
04791743;598575600000
04793531;599180400000
04793530;599180400000
04798317;600994800000
04798293;600994800000
04799613;601599600000
04801057;602204400000
04802265;602809200000
04802581;602809200000
04805782;604018800000
04805816;604018800000
04807334;604623600000
04807376;604623600000
04809450;605228400000
04809889;605228400000
04811873;605833200000
04811852;605833200000
04811671;605833200000
04813581;606438000000
04821659;608853600000
04822648;608853600000
04823444;609458400000
04826056;610063200000
04828155;610668000000
04827693;610668000000
04827638;610668000000
04830237;611272800000
04831753;611877600000
04832063;611877600000
04832240;611877600000
04832239;611877600000
04833762;612482400000
04833759;612482400000
04838426;613692000000
04840689;614296800000
04840822;614296800000
04852777;617925600000
04855009;618530400000
04854489;618530400000
04858795;619740000000
04863078;620949600000
04863079;620949600000
04863043;620949600000
04863077;620949600000
04865045;621554400000
04865235;621554400000
04865236;621554400000
04866953;622159200000
04869408;622767600000
04871098;623372400000
04871097;623372400000
04872568;623977200000
04873878;624582000000
04874457;624582000000
04874241;624582000000
04875301;625186800000
04875268;625186800000
04877162;625791600000
04877163;625791600000
04876747;625791600000
04878276;626396400000
04878879;626396400000
04879766;627001200000
04881836;627606000000
04881477;627606000000
04883170;628210800000
04884726;628815600000
04884727;628815600000
04885844;629420400000
04885920;629420400000
04886010;629420400000
04886003;629420400000
04886195;629420400000
04887749;630025200000
04889264;630630000000
04889266;630630000000
04889265;630630000000
04890776;631234800000
04890775;631234800000
04890401;631234800000
04892333;631839600000
04892238;631839600000
04892239;631839600000
04892237;631839600000
04894935;633049200000
04895741;633049200000
04895283;633049200000
04896802;633654000000
04896803;633654000000
04898309;634258800000
04899916;634863600000
04900632;634863600000
04901893;635468400000
04901894;635468400000
04903871;636073200000
04903621;636073200000
04903421;636073200000
04903415;636073200000
04905877;636678000000
04910051;637887600000
04911341;638488800000
04911342;638488800000
04913325;639093600000
04915272;639698400000
04915271;639698400000
04915226;639698400000
04917278;640303200000
04917277;640303200000
04919315;640908000000
04919980;640908000000
04921185;641512800000
04921098;641512800000
04922685;642117600000
04923102;642117600000
04927063;643327200000
04930871;644536800000
04930693;644536800000
04930692;644536800000
04932571;645141600000
04938397;646956000000
04938348;646956000000
04940174;647560800000
04941601;648165600000
04942987;648770400000
04942988;648770400000
04942683;648770400000
04943097;648770400000
04944417;649375200000
04944437;649375200000
04944436;649375200000
04948636;650584800000
04948019;650584800000
04951484;651794400000
04951855;651794400000
04955515;653004000000
04957230;653608800000
04957051;653608800000
04958738;654213600000
04958729;654213600000
04963411;656031600000
04962782;656031600000
04964550;656636400000
04964549;656636400000
04966316;657241200000
04971235;659055600000
04971233;659055600000
04972979;659660400000
04974758;660265200000
04976621;660870000000
04976684;660870000000
04976532;660870000000
04976301;660870000000
04978008;661474800000
04978043;661474800000
04980981;662684400000
04981242;662684400000
04982676;663289200000
04984721;663894000000
04986457;664498800000
04988021;665103600000
04988022;665103600000
04989764;665708400000
04991410;666313200000
04991756;666313200000
04991757;666313200000
04995536;667522800000
04995516;667522800000
04997114;668127600000
04997115;668127600000
04998992;668732400000
04998651;668732400000
05000317;669337200000
05002211;669942000000
05002210;669942000000
05004132;670543200000
05005380;671148000000
05005741;671148000000
05005742;671148000000
05007562;671752800000
05011054;672962400000
05011052;672962400000
05011053;672962400000
05013378;673567200000
05012531;673567200000
05012962;673567200000
05014633;674172000000
05014634;674172000000
05014957;674172000000
05016383;674776800000
05018371;675381600000
05018650;675381600000
05018649;675381600000
05020704;675986400000
05020705;675986400000
05022570;676591200000
05022571;676591200000
05022569;676591200000
05024357;677196000000
05025963;677800800000
05026453;677800800000
05026578;677800800000
05027988;678405600000
05027989;678405600000
05027945;678405600000
05030307;679010400000
05029739;679010400000
05031806;679615200000
05033660;680220000000
05033661;680220000000
05038836;682034400000
05038978;682034400000
05038979;682034400000
05038409;682034400000
05040475;682639200000
05040686;682639200000
05040708;682639200000
05040707;682639200000
05041127;682639200000
05042227;683244000000
05042701;683244000000
05044534;683848800000
05044535;683848800000
05044493;683848800000
05046649;684453600000
05046650;684453600000
05048263;685058400000
05050783;685663200000
05050784;685663200000
05052599;686271600000
05052600;686271600000
05054218;686876400000
05054666;686876400000
05054667;686876400000
05057349;687481200000
05056694;687481200000
05056693;687481200000
05056670;687481200000
05056248;687481200000
05059207;688086000000
05058516;688086000000
05058517;688086000000
05058785;688086000000
05058790;688086000000
05062556;689295600000
05065917;690505200000
05065916;690505200000
05065915;690505200000
05069374;691714800000
05069373;691714800000
05071044;692319600000
05071045;692319600000
05072865;692924400000
05072866;692924400000
05074446;693529200000
05074447;693529200000
05074444;693529200000
05074445;693529200000
05074410;693529200000
05074230;693529200000
05075989;694134000000
05078307;694738800000
05078308;694738800000
05079867;695343600000
05080030;695343600000
05080268;695343600000
05080267;695343600000
05082154;695948400000
05082153;695948400000
05082152;695948400000
05082151;695948400000
05083691;696553200000
05083690;696553200000
05085357;697158000000
05085359;697158000000
05085358;697158000000
05086959;697762800000
05092501;699577200000
05092502;699577200000
05094020;700182000000
05094369;700182000000
05094370;700182000000
05094371;700182000000
05096101;700786800000
05096100;700786800000
05098713;701391600000
05098213;701391600000
05097534;701391600000
05097996;701391600000
05100706;701992800000
05102019;702597600000
05104014;703202400000
05106000;703807200000
05108017;704412000000
05110019;705016800000
05113554;706226400000
05114057;706226400000
05114056;706226400000
05114761;706226400000
05116687;706831200000
05117565;707436000000
05121861;708645600000
05123266;709250400000
05123577;709250400000
05125169;709855200000
05127443;710460000000
05127559;710460000000
05127558;710460000000
05129556;711064800000
05129558;711064800000
05129557;711064800000
05131574;711669600000
05133271;712274400000
05133488;712274400000
05135142;712879200000
05135141;712879200000
05134760;712879200000
05137149;713484000000
05137190;713484000000
05137191;713484000000
05139184;714088800000
05139185;714088800000
05141140;714693600000
05144345;715298400000
05145098;715903200000
05144728;715903200000
05147078;716508000000
05148760;717112800000
05148759;717112800000
05148955;717112800000
05148954;717112800000
05152439;718326000000
05154329;718930800000
05156104;719535600000
05161719;721350000000
05161720;721350000000
05163589;721954800000
05163590;721954800000
05165355;722559600000
05165582;722559600000
05167564;723164400000
05169041;723769200000
05170916;724374000000
05172837;724978800000
05174479;725583600000
05174480;725583600000
05178306;726793200000
05178628;726793200000
05180086;727398000000
05181333;728002800000
05183190;728607600000
05183191;728607600000
05184729;729212400000
05187323;729817200000
05188265;730422000000
05196818;732841200000
05198274;733442400000
05197639;733442400000
05199608;734047200000
05201443;734652000000
05209382;737071200000
05211362;737676000000
05211320;737676000000
05211755;737676000000
05215791;738885600000
05218915;740095200000
05222638;741304800000
05230352;743724000000
05230202;743724000000
05232132;744328800000
05234139;744933600000
05234141;744933600000
05234142;744933600000
05236109;745538400000
05238159;746143200000
05240750;746748000000
05244131;747957600000
05248047;749170800000
05249832;749775600000
05249720;749775600000
05249719;749775600000
05251797;750380400000
05253790;750985200000
05255831;751590000000
05261579;753404400000
05261578;753404400000
05261580;753404400000
05263617;754009200000
05265778;754614000000
05265779;754614000000
05267678;755218800000
05267677;755218800000
05269405;755823600000
05272994;757033200000
05277345;758242800000
05282553;760057200000
05289956;762476400000
05292041;763081200000
05297706;764892000000
05297705;764892000000
05299719;765496800000
05303855;766706400000
05303856;766706400000
05305484;767311200000
05305933;767311200000
05309828;768520800000
05310099;768520800000
05316189;770335200000
05316188;770335200000
05320220;771544800000
05322199;772149600000
05323897;772754400000
05326004;773359200000
05326351;773359200000
05328068;773964000000
05328065;773964000000
05329701;774568800000
05330143;774568800000
05330244;774568800000
05333765;775778400000
05333767;775778400000
05335431;776383200000
05340001;777592800000
05344054;778802400000
05346110;779407200000
05345641;779407200000
05347942;780012000000
05350092;780620400000
05353972;781830000000
05354403;781830000000
05356055;782434800000
05356057;782434800000
05356056;782434800000
05355598;782434800000
05358155;783039600000
05360148;783644400000
05361516;784249200000
05361949;784249200000
05361948;784249200000
05367278;785458800000
05373977;787878000000
05373979;787878000000
05377884;789087600000
05377883;789087600000
05381937;790297200000
05381938;790297200000
05383583;790902000000
05383588;790902000000
05383584;790902000000
05385279;791506800000
05385278;791506800000
05387446;792111600000
05387227;792111600000
05386654;792111600000
05388734;792716400000
05390835;793321200000
05392970;793926000000
05392800;793926000000
05395245;794530800000
05394621;794530800000
05396474;794530800000
05397037;795135600000
05397038;795135600000
05398854;795740400000
05400932;796341600000
05402558;796946400000
05405065;797551200000
05405064;797551200000
05405066;797551200000
05405354;797551200000
05407109;798156000000
05407108;798156000000
05409150;798760800000
05411774;799365600000
05411188;799365600000
05411189;799365600000
05410829;799365600000
05413301;799970400000
05415330;800575200000
05415184;800575200000
05417351;801180000000
05417352;801180000000
05417912;801180000000
05419469;801784800000
05421493;802389600000
05421494;802389600000
05429284;804808800000
05433355;806018400000
05439469;807832800000
05438775;807832800000
05441182;808437600000
05443188;809042400000
05447260;810252000000
05449099;810856800000
05450990;811461600000
05452828;812070000000
05456390;813279600000
05456391;813279600000
05456392;813279600000
05456354;813279600000
05458265;813884400000
05459301;813884400000
05460302;814489200000
05468523;816908400000
05467905;816908400000
05469959;817513200000
05469995;817513200000
05469996;817513200000
05470620;817513200000
05474216;818722800000
05476199;819327600000
05477996;819932400000
05477995;819932400000
05480076;820537200000
05480074;820537200000
05480075;820537200000
05480073;820537200000
05484496;821746800000
05485943;822351600000
05490617;824166000000
05492738;824770800000
05493981;825375600000
05494552;825375600000
05497908;826585200000
05499759;827190000000
05501378;827794800000
05501376;827794800000
05503634;828396000000
05503310;828396000000
05503312;828396000000
05503311;828396000000
05505350;829000800000
05505351;829000800000
05507041;829605600000
05507421;829605600000
05509586;830210400000
05509587;830210400000
05509588;830210400000
05509545;830210400000
05511701;830815200000
05513782;831420000000
05513783;831420000000
05516015;832024800000
05516014;832024800000
05516013;832024800000
05516012;832024800000
05520311;833234400000
05521911;833234400000
05524531;834444000000
05524800;834444000000
05524801;834444000000
05526968;835048800000
05526967;835048800000
05528912;835653600000
05533652;836863200000
05535927;837468000000
05538166;838072800000
05540647;838677600000
05544499;839887200000
05545486;839887200000
05545445;839887200000
05547114;840492000000
05556014;842911200000
05556013;842911200000
05555648;842911200000
05557870;843516000000
05557808;843516000000
05562237;844725600000
05561880;844725600000
05564609;845330400000
05566867;845935200000
05566868;845935200000
05567486;845935200000
05573150;847753200000
05573151;847753200000
05573542;847753200000
05575410;848358000000
05577778;848962800000
05577644;848962800000
05577645;848962800000
05579964;849567600000
05579965;849567600000
05582334;850172400000
05582387;850172400000
05584077;850777200000
05584455;850777200000
05584421;850777200000
05584390;850777200000
05586697;851382000000
05586696;851382000000
05586986;851382000000
05588568;851986800000
05590764;852591600000
05590820;852591600000
05590822;852591600000
05590821;852591600000
05590823;852591600000
05593071;853196400000
05593072;853196400000
05592750;853196400000
05595331;853801200000
05597100;854406000000
05597098;854406000000
05597099;854406000000
05598922;855010800000
05598956;855010800000
05598957;855010800000
05601219;855615600000
05601220;855615600000
05601318;855615600000
05603437;856220400000
05603438;856220400000
05605261;856825200000
05605260;856825200000
05605728;856825200000
05607088;857430000000
05607066;857430000000
05609165;858034800000
05611468;858639600000
05611469;858639600000
05613630;859244400000
05613629;859244400000
05613627;859244400000
05613628;859244400000
05613975;859244400000
05614274;859244400000
05615810;859845600000
05617979;860450400000
05620118;861055200000
05620127;861055200000
05622255;861660000000
05621955;861660000000
05624041;862264800000
05626269;862869600000
05626267;862869600000
05626268;862869600000
05628846;863474400000
05628435;863474400000
05630534;864079200000
05630533;864079200000
05632424;864684000000
05632422;864684000000
05632423;864684000000
05634575;865288800000
05636774;865893600000
05636773;865893600000
05638999;866498400000
05638998;866498400000
05641100;867103200000
05642817;867708000000
05642840;867708000000
05642841;867708000000
05645200;868312800000
05645902;868312800000
05647063;868917600000
05647517;868917600000
05649653;869522400000
05649652;869522400000
05649651;869522400000
05651483;870127200000
05653717;870732000000
05655693;871336800000
05658353;871941600000
05659896;872546400000
05662250;873151200000
05664709;873756000000
05664708;873756000000
05664707;873756000000
05664710;873756000000
05669321;874965600000
05669727;874965600000
05671876;875570400000
05673826;876175200000
05673827;876175200000
05676675;876780000000
05676284;876780000000
05675918;876780000000
05678738;877384800000
05679416;877384800000
05679415;877384800000
05680971;877993200000
05680972;877993200000
05683018;878598000000
05683416;878598000000
05685175;879202800000
05685465;879202800000
05687278;879202800000
05687887;879807600000
05687889;879807600000
05687888;879807600000
05690236;880412400000
05690257;880412400000
05693381;881017200000
05692326;881017200000
05692653;881017200000
05695161;881622000000
05699942;882831600000
05702037;883436400000
05707021;884646000000
05706988;884646000000
05706987;884646000000
05709326;885250800000
05709327;885250800000
05711464;885855600000
05711097;885855600000
05718358;887670000000
05718362;887670000000
05722571;888879600000
05722572;888879600000
05725134;889484400000
05727294;890089200000
05727718;890089200000
05727717;890089200000
05729909;890694000000
05730006;890694000000
05732489;891295200000
05732859;891295200000
05732858;891295200000
05735299;891900000000
05738255;892504800000
05741569;893109600000
05743446;893714400000
05746360;894319200000
05749505;894924000000
05758437;896738400000
05758805;896738400000
05758806;896738400000
05762240;897343200000
05765731;897948000000
05769286;898552800000
05769287;898552800000
05769288;898552800000
05769289;898552800000
05769015;898552800000
05772087;899157600000
05775554;899762400000
05775553;899762400000
05779111;900367200000
05778575;900367200000
05782389;900972000000
05785217;901576800000
05785216;901576800000
05785215;901576800000
05788130;902181600000
05787511;902181600000
05791532;902786400000
05795433;903391200000
05797527;903996000000
05797526;903996000000
05799844;904600800000
05799843;904600800000
05799842;904600800000
05800447;904600800000
05803321;905205600000
05803322;905205600000
05807301;905810400000
05809470;905810400000
05806729;905810400000
05806728;905810400000
05806727;905810400000
05809920;906415200000
05810214;906415200000
05810217;906415200000
05810216;906415200000
05810215;906415200000
05814151;907020000000
05813578;907020000000
05816434;907624800000
05815967;907624800000
05815961;907624800000
05819961;908229600000
05819995;908229600000
05819446;908229600000
05823407;908834400000
05826759;909442800000
05826760;909442800000
05826761;909442800000
05829650;910047600000
05832938;910652400000
05836486;911257200000
05836487;911257200000
05839628;911862000000
05839629;911862000000
05845414;913071600000
05857597;916095600000
05862606;917305200000
05862522;917305200000
05868289;918514800000
05868290;918514800000
05873501;919724400000
05873502;919724400000
05875489;920329200000
05878927;920934000000
05881738;921538800000
05881931;921538800000
05884335;922143600000
05884823;922143600000
05884822;922143600000
05890634;923349600000
05894043;923954400000
05893493;923954400000
05894970;924559200000
05894968;924559200000
05894969;924559200000
05897044;925164000000
05899369;925768800000
05901888;926373600000
05904278;926978400000
05904277;926978400000
05904276;926978400000
05904279;926978400000
05906624;927583200000
05908146;928188000000
05909831;928792800000
05911347;929397600000
05913485;930002400000
05913461;930002400000
05913462;930002400000
05915604;930607200000
05915605;930607200000
05915603;930607200000
05915318;930607200000
05924578;932421600000
05924610;932421600000
05924609;932421600000
05927764;933026400000
05927570;933026400000
05927572;933026400000
05927571;933026400000
05927573;933026400000
05934526;934236000000
05934524;934236000000
05934525;934236000000
05934523;934236000000
05938088;934840800000
05941429;935445600000
05941430;935445600000
05941431;935445600000
05943974;936050400000
05944236;936050400000
05944237;936050400000
05947349;936655200000
05946780;936655200000
05950882;937260000000
05950883;937260000000
05950884;937260000000
05950885;937260000000
05954245;937864800000
05954243;937864800000
05954244;937864800000
05954242;937864800000
05957345;938469600000
05957344;938469600000
05961012;939074400000
05967387;940284000000
05967386;940284000000
05967388;940284000000
05971235;940888800000
05971236;940888800000
05971237;940888800000
05970637;940888800000
05975385;941497200000
05975386;941497200000
05975383;941497200000
05975384;941497200000
05974701;941497200000
05979721;942102000000
05979348;942102000000
05988462;943311600000
05988463;943311600000
05992712;943916400000
05992714;943916400000
05992713;943916400000
05991927;943916400000
05996862;944521200000
05996861;944521200000
05997966;944521200000
06000586;945126000000
06000587;945126000000
06000588;945126000000
06000065;945126000000
06003743;945730800000
06006965;946335600000
06006964;946335600000
06006963;946335600000
06006962;946335600000
06010044;946940400000
06012619;947545200000
06012620;947545200000
06012173;947545200000
06015172;948150000000
06015070;948150000000
06015069;948150000000
06019262;949359600000
06019260;949359600000
06019261;949359600000
06019259;949359600000
06021932;949964400000
06021931;949964400000
06021934;949964400000
06021933;949964400000
06021935;949964400000
06024261;950569200000
06023819;950569200000
06026998;951174000000
06026757;951174000000
06029867;951778800000
06029868;951778800000
06029869;951778800000
06030669;951778800000
06032798;952383600000
06032839;952383600000
06032838;952383600000
06032837;952383600000
06036064;952988400000
06036063;952988400000
06036065;952988400000
06036062;952988400000
06039225;953593200000
06041983;954194400000
06041985;954194400000
06041984;954194400000
06041541;954194400000
06044582;954799200000
06045016;954799200000
06047867;955404000000
06047868;955404000000
06050462;956008800000
06050461;956008800000
06050460;956008800000
06050421;956008800000
06052916;956613600000
06052928;956613600000
06053380;956613600000
06053378;956613600000
06053379;956613600000
06053377;956613600000
06056254;957218400000
06056171;957218400000
06056170;957218400000
06057253;957218400000
06062521;958428000000
06062444;958428000000
06062445;958428000000
06065653;959032800000
06065652;959032800000
06065654;959032800000
06068166;959637600000
06070772;960242400000
06070773;960242400000
06073819;960847200000
06076714;961452000000
06076713;961452000000
06076716;961452000000
06079598;962056800000
06080459;962056800000
06085950;963266400000
06085436;963266400000
06089422;963871200000
06089421;963871200000
06089424;963871200000
06089423;963871200000
06090158;963871200000
06095384;965080800000
06094848;965080800000
06098197;965685600000
06098854;965685600000
06098853;965685600000
06102973;966290400000
06102261;966290400000
06102262;966290400000
06105836;966895200000
06105835;966895200000
06105834;966895200000
06105833;966895200000
06109489;967500000000
06110186;967500000000
06112958;968104800000
06112957;968104800000
06116482;968709600000
06116481;968709600000
06119906;969314400000
06120068;969314400000
06123238;969919200000
06123042;969919200000
06126049;970524000000
06129250;971128800000
06132166;971733600000
06131778;971733600000
06135331;972338400000
06135330;972338400000
06138879;972946800000
06138880;972946800000
06142347;973551600000
06145713;974156400000
06145714;974156400000
06149207;974761200000
06149038;974761200000
06148545;974761200000
06152337;975366000000
06155467;975970800000
06155466;975970800000
06158635;976575600000
06158634;976575600000
06158633;976575600000
06158198;976575600000
06161686;977180400000
06164504;977785200000
06167732;978390000000
06170679;978994800000
06170721;978994800000
06170722;978994800000
06173872;979599600000
06173871;979599600000
06176400;980204400000
06176378;980204400000
06179174;980809200000
06182871;981414000000
06182870;981414000000
06182824;981414000000
06186376;982018800000
06186377;982018800000
06186378;982018800000
06189747;982623600000
06189746;982623600000
06193117;983228400000
06196428;983833200000
06196429;983833200000
06196430;983833200000
06196396;983833200000
06199727;984438000000
06199728;984438000000
06202906;985042800000
06202905;985042800000
06206253;985644000000
06206254;985644000000
06206255;985644000000
06206256;985644000000
06209763;986248800000
06209764;986248800000
06209241;986248800000
06213359;986853600000
06213360;986853600000
06220488;988063200000
06220489;988063200000
06227423;989272800000
06227422;989272800000
06230945;989877600000
06231713;989877600000
06234367;990482400000
06234368;990482400000
06234369;990482400000
06234370;990482400000
06237819;991087200000
06237261;991087200000
06237148;991087200000
06240559;991692000000
06241134;991692000000
06241133;991692000000
06244478;992296800000
06244479;992296800000
06244480;992296800000
06243923;992296800000
06250523;993506400000
06253973;994111200000
06257467;994716000000
06257295;994716000000
06260745;995320800000
06260746;995320800000
06260744;995320800000
06260747;995320800000
06264046;995925600000
06264075;995925600000
06264076;995925600000
06264077;995925600000
06267275;996530400000
06269988;997135200000
06269989;997135200000
06269987;997135200000
06276578;998344800000
06276577;998344800000
06276576;998344800000
06276575;998344800000
06276540;998344800000
06279791;998949600000
06279792;998949600000
06283342;999554400000
06283343;999554400000
06286735;1000159200000
06286734;1000159200000
06293444;1001368800000
06293443;1001368800000
06296160;1001973600000
06296159;1001973600000
06298639;1002578400000
06299039;1002578400000
06306329;1003788000000
06305586;1003788000000
06308872;1004396400000
06311879;1005001200000
06311880;1005001200000
06311526;1005001200000
06315176;1005606000000
06315175;1005606000000
06318607;1006210800000
06321955;1006815600000
06325257;1007420400000
06328186;1008025200000
06328187;1008025200000
06328048;1008025200000
06334559;1009839600000
06334558;1009839600000
06338426;1011049200000
06340104;1011654000000
06343726;1012863600000
06345794;1013468400000
06345742;1013468400000
06345743;1013468400000
06349863;1014678000000
06349862;1014678000000
06357638;1016492400000
06360927;1017097200000
06360413;1017097200000
06360477;1017097200000
06371285;1018908000000
06378744;1020117600000
06382478;1020722400000
06382479;1020722400000
06386406;1021327200000
06390002;1021932000000
06389723;1021932000000
06389716;1021932000000
06389657;1021932000000
06398087;1023141600000
06398086;1023141600000
06401992;1023746400000
06409057;1024956000000
06409059;1024956000000
06409058;1024956000000
06412673;1025560800000
06416028;1026165600000
06415968;1026165600000
06418595;1026770400000
06419131;1026770400000
06422401;1027375200000
06422438;1027375200000
06422437;1027375200000
06426132;1027980000000
06427882;1028584800000
06427883;1028584800000
06431418;1029189600000
06431419;1029189600000
06435571;1029794400000
06435386;1029794400000
06435387;1029794400000
06435388;1029794400000
06438853;1030399200000
06439000;1030399200000
06443337;1031004000000
06446848;1031608800000
06446369;1031608800000
06450595;1032213600000
06454145;1032818400000
06457615;1033423200000
06464117;1034632800000
06467659;1035237600000
06467658;1035237600000
06471102;1035846000000
06474517;1036450800000
06474518;1036450800000
06480112;1037055600000
06478500;1037055600000
06481603;1037660400000
06484910;1038265200000
06497347;1040684400000
06499635;1041289200000
06499636;1041289200000
06499633;1041289200000
06499634;1041289200000
06500377;1041289200000
06508388;1043103600000
06510972;1043708400000
06513685;1044313200000
06516979;1044918000000
06516978;1044918000000
06516980;1044918000000
06520349;1045522800000
06520389;1045522800000
06523729;1046127600000
06523728;1046127600000
06536636;1048546800000
06539655;1049148000000
06540121;1049148000000
06543657;1049752800000
06547109;1050357600000
06550650;1050962400000
06554168;1051567200000
06561358;1052776800000
06561392;1052776800000
06564980;1053381600000
06568572;1053986400000
06578716;1055800800000
06581810;1056405600000
06581809;1056405600000
06588634;1057615200000
06588633;1057615200000
06598769;1059429600000
06599382;1059429600000
06601326;1060034400000
06609640;1061848800000
06609641;1061848800000
06612000;1062453600000
06622897;1064268000000
06629014;1064872800000
06637630;1067295600000
06638202;1067295600000
06641516;1067900400000
06644520;1068505200000
06644521;1068505200000
06648190;1069110000000
06648189;1069110000000
06655558;1070319600000
06655559;1070319600000
06659315;1070924400000
06662980;1071529200000
06662979;1071529200000
06672491;1073343600000
06675997;1073948400000
06681966;1075158000000
06681967;1075158000000
06681965;1075158000000
06685065;1075762800000
06688503;1076367600000
06688502;1076367600000
06691903;1076972400000
06691904;1076972400000
06695182;1077577200000
06698630;1078182000000
06701592;1078786800000
06702163;1078786800000
06702162;1078786800000
06705496;1079391600000
06705794;1079391600000
06708855;1079996400000
06715650;1081202400000
06719013;1081807200000
06719177;1081807200000
06722063;1082412000000
06722538;1082412000000
06726068;1083016800000
06726067;1083016800000
06729510;1083621600000
06729509;1083621600000
06729508;1083621600000
06743323;1086040800000
06742683;1086040800000
06745924;1086645600000
06749093;1087250400000
06755329;1088460000000
06755330;1088460000000
06758378;1089064800000
06758379;1089064800000
06758377;1089064800000
06761292;1089669600000
06761291;1089669600000
06763982;1090274400000
06772923;1092088800000
06776283;1092693600000
06776316;1092693600000
06776463;1092693600000
06779695;1093298400000
06789709;1095112800000
06790238;1095112800000
06792705;1095717600000
06802439;1097532000000
06805268;1098136800000
06808093;1098741600000
06808094;1098741600000
06808146;1098741600000
06811063;1099350000000
06811064;1099350000000
06813852;1099954800000
06814269;1099954800000
06817496;1100559600000
06817497;1100559600000
06817307;1100559600000
06820779;1101164400000
06824027;1101769200000
06830148;1102978800000
06830165;1102978800000
06832708;1103583600000
06834441;1104188400000
06834783;1104188400000
06834785;1104188400000
06834784;1104188400000
06840068;1105398000000
06840413;1105398000000
06840412;1105398000000
06840411;1105398000000
06845891;1106607600000
06848604;1107212400000
06854625;1108422000000
06854624;1108422000000
06863196;1110236400000
06863197;1110236400000
06865832;1110841200000
06868997;1111446000000
06868996;1111446000000
06868995;1111446000000
06871765;1112047200000
06874210;1112652000000
06874666;1112652000000
06880005;1113256800000
06883259;1114466400000
06886723;1115071200000
06889387;1115676000000
06889622;1115676000000
06892911;1116280800000
06892910;1116280800000
06896163;1116885600000
06902086;1118095200000
06908018;1119304800000
06910748;1119909600000
06913172;1120514400000
06913171;1120514400000
06913173;1120514400000
06915930;1121119200000
06915929;1121119200000
06915931;1121119200000
06918518;1121724000000
06923350;1122933600000
06926180;1123538400000
06932253;1124748000000
06932252;1124748000000
06932251;1124748000000
06942129;1126562400000
06945439;1127167200000
06948269;1127772000000
06951224;1128376800000
06953134;1128981600000
06957754;1130191200000
06962276;1131404400000
06964360;1132009200000
06968309;1132614000000
06968985;1133218800000
06971561;1133823600000
06974057;1134428400000
06976612;1135033200000
06976613;1135033200000
06978917;1135638000000
06988643;1138057200000
06991143;1138662000000
06991141;1138662000000
06994235;1139266800000
07004714;1141081200000
07004361;1141081200000
07014080;1142895600000
07015815;1142895600000
07017786;1143496800000
07021507;1144101600000
07036696;1146520800000
07036695;1146520800000
07036694;1146520800000
07040517;1147125600000
07040516;1147125600000
RE039095;1147730400000
07048159;1148335200000
07051409;1148940000000
07059469;1150149600000
07065794;1151359200000
07070074;1151964000000
07070073;1151964000000
07073693;1152568800000
07076897;1153173600000
07077300;1153173600000
07077301;1153173600000
07080762;1153778400000
07082619;1154383200000
07083072;1154383200000
07086635;1154988000000
07090100;1155592800000
07090101;1155592800000
07090099;1155592800000
07097144;1156802400000
07097080;1156802400000
07097081;1156802400000
07100807;1157407200000
07104428;1158012000000
07108161;1158616800000
07118015;1160431200000
07118014;1160431200000
07121439;1161036000000
07124920;1161640800000
07124919;1161640800000
07124918;1161640800000
07128248;1162249200000
07134581;1163458800000
07140585;1164668400000
07143633;1165273200000
07144179;1165273200000
07150381;1166482800000
07152768;1167087600000
07156270;1167692400000
07156271;1167692400000
07165689;1169506800000
07172102;1170716400000
07178705;1171926000000
07178706;1171926000000
07181872;1172530800000
07182232;1172530800000
07182231;1172530800000
07185794;1173135600000
07185795;1173135600000
07188755;1173740400000
07188756;1173740400000
07191921;1174345200000
07191922;1174345200000
07198182;1175551200000
07201297;1176156000000
07201298;1176156000000
07210603;1177970400000
07213729;1178575200000
07216068;1178575200000
07216786;1179180000000
07216787;1179180000000
07219821;1179784800000
07222761;1180389600000
07228995;1181599200000
07234615;1182808800000
07234616;1182808800000
07237701;1183413600000
07237700;1183413600000
07237702;1183413600000
07240813;1184018400000
RE039728;1184623200000
07243822;1184623200000
07243823;1184623200000
07246382;1185228000000
07246730;1185228000000
07246729;1185228000000
07246508;1185228000000
07249697;1185832800000
07249698;1185832800000
07249699;1185832800000
07251836;1186437600000
07252573;1186437600000
07258257;1187647200000
07258258;1187647200000
07267252;1189461600000
07270253;1190066400000
07270252;1190066400000
07278558;1191880800000
07278559;1191880800000
07281645;1192485600000
07284684;1193090400000
07287674;1193698800000
07287675;1193698800000
07290687;1194303600000
07290686;1194303600000
07296715;1195513200000
07299957;1196118000000
07303101;1196722800000
07311230;1198537200000
07314151;1199142000000
07316034;1199746800000
07318540;1200351600000
07320419;1200956400000
07322497;1201561200000
07322554;1201561200000
07325996;1202166000000
07328821;1202770800000
07328822;1202770800000
07334359;1203980400000
07337932;1204585200000
07337933;1204585200000
07337931;1204585200000
07347346;1206399600000
07350680;1207000800000
07350679;1207000800000
07350678;1207000800000
07357281;1208210400000
07360286;1208815200000
07364056;1209420000000
07370779;1210629600000
07370778;1210629600000
07374070;1211234400000
07377409;1211839200000
07377410;1211839200000
07380691;1212444000000
07380359;1212444000000
07386943;1213653600000
07387223;1213653600000
07389885;1214258400000
07392606;1214863200000
07392920;1214863200000
07392919;1214863200000
07395950;1215468000000
07395951;1215468000000
07398902;1216072800000
07398901;1216072800000
07404503;1217282400000
07404502;1217282400000
07434711;1223935200000
07437827;1224540000000
07438205;1224540000000
07440816;1224540000000
07441678;1225148400000
07448520;1226358000000
07448521;1226358000000
07455203;1227567600000
07455202;1227567600000
07461764;1228777200000
07464840;1229382000000
07464841;1229382000000
07464842;1229382000000
07467737;1229986800000
07469805;1230591600000
07472429;1231196400000
07481341;1233010800000
07481340;1233010800000
07484644;1233615600000
07500586;1236639600000
07500559;1236639600000
07506785;1237849200000
07509874;1238450400000
07513400;1239055200000
07516875;1239660000000
07527181;1241474400000
07530480;1242079200000
07530481;1242079200000
07537586;1243288800000
07537142;1243288800000
07552849;1246312800000
07552850;1246312800000
07556180;1246917600000
07561015;1247522400000
07568577;1249336800000
07578034;1251151200000
07588173;1252965600000
07588144;1252965600000
07594597;1254175200000
07600636;1255384800000
07611034;1257202800000
07621430;1259017200000
07624900;1259622000000
07628301;1260226800000
07628302;1260226800000
07631753;1260831600000
07634862;1261436400000
07635067;1261436400000
07641083;1262646000000
07641084;1262646000000
07644900;1263250800000
07644844;1263250800000
07654422;1265065200000
07658016;1265670000000
07661644;1266274800000
07665640;1266879600000
07669741;1267484400000
07677424;1268694000000
07694859;1271109600000
07699195;1271714400000
07699194;1271714400000
07708174;1272924000000
07712642;1273528800000
07712641;1273528800000
07712640;1273528800000
07712643;1273528800000
07717308;1274133600000
07721923;1274738400000
07721924;1274738400000
07726526;1275343200000
07731068;1275948000000
07740156;1277157600000
07743953;1277762400000
07743954;1277762400000
07748581;1278367200000
07753241;1278972000000
07757909;1279576800000
07757910;1279576800000
07762284;1280181600000
07763038;1280181600000
07766198;1280786400000
07770723;1281391200000
07770305;1281391200000
07775396;1281996000000
07775410;1281996000000
07779483;1282600800000
07784383;1283205600000
07784654;1283205600000
07793808;1284415200000
07793603;1284415200000
07798325;1285020000000
07802705;1285624800000
07806304;1286229600000
07815080;1287439200000
07823758;1288652400000
07827827;1289257200000
07828179;1289257200000
07828258;1289257200000
07832569;1289862000000
07832602;1289862000000
07832603;1289862000000
07832604;1289862000000
07837074;1290466800000
07841495;1291071600000
07845526;1291676400000
07854048;1292886000000
07857175;1293490800000
