03858397;158281200000
03859426;158281200000
03861882;159490800000
03864917;161305200000
03865922;161305200000
03865916;161305200000
03867515;161910000000
03867496;161910000000
03868227;162514800000
03868228;162514800000
03870577;163724400000
03870473;163724400000
03870472;163724400000
03870785;163724400000
03872222;164329200000
03872212;164329200000
03872135;164329200000
03872909;164934000000
03873463;164934000000
03873275;164934000000
03876386;166143600000
03876387;166143600000
03876382;166143600000
03876832;166143600000
03878293;166748400000
03878295;166748400000
03877883;166748400000
03877880;166748400000
03879173;167353200000
03880703;167958000000
03880984;167958000000
03881037;167958000000
03882319;168562800000
03883406;169167600000
03883313;169167600000
03883640;169167600000
03884642;169772400000
03884645;169772400000
03884644;169772400000
03885921;170377200000
03885920;170377200000
03886978;170982000000
03887425;170982000000
03887693;170982000000
03888635;171586800000
03888634;171586800000
03890097;172191600000
03891366;172796400000
03891397;172796400000
03891394;172796400000
03891741;172796400000
03892538;173401200000
03892539;173401200000
03894846;174610800000
03895920;175215600000
03895995;175215600000
03899304;177030000000
03899386;177030000000
03900292;177634800000
03900293;177634800000
03900547;177634800000
03901831;178239600000
03901823;178239600000
03901719;178239600000
03900955;178239600000
03902859;178844400000
03902855;178844400000
03904520;179449200000
03904727;179449200000
03907506;180658800000
03907512;180658800000
03910773;181868400000
03912521;182473200000
03912431;182473200000
03912803;182473200000
03915904;183682800000
03915659;183682800000
03917801;184287600000
03917506;184287600000
03917462;184287600000
03917459;184287600000
03918916;184892400000
03918921;184892400000
03920405;185497200000
03920406;185497200000
03922154;186102000000
03922527;186102000000
03923467;186706800000
03923944;186706800000
03925108;187311600000
03925147;187311600000
03925177;187311600000
03925028;187311600000
03925027;187311600000
03926566;187916400000
03927180;187916400000
03927175;187916400000
03927988;188521200000
03927975;188521200000
03928535;188521200000
03929415;189126000000
03929443;189126000000
03929439;189126000000
03931036;189730800000
03930800;189730800000
03932140;190335600000
03932142;190335600000
03933990;190940400000
03933972;190940400000
03933977;190940400000
03933981;190940400000
03933670;190940400000
03933573;190940400000
03933572;190940400000
03933575;190940400000
03934983;191545200000
03936534;192150000000
03936276;192150000000
03936386;192150000000
03937733;192754800000
03937797;192754800000
03939252;193359600000
03939285;193359600000
03941648;194569200000
03941723;194569200000
03942930;195174000000
03943324;195174000000
03945880;196383600000
03947553;196984800000
03950490;198194400000
03950275;198194400000
03951729;198799200000
03952022;198799200000
03953503;199404000000
03953528;199404000000
03953573;199404000000
03953570;199404000000
03953582;199404000000
03953073;199404000000
03954552;200008800000
03956414;200613600000
03956467;200613600000
03956474;200613600000
03956445;200613600000
03956457;200613600000
03958129;201218400000
03959442;201823200000
03961030;202428000000
03960532;202428000000
03962403;203032800000
03962106;203032800000
03962027;203032800000
03961904;203032800000
03961665;203032800000
03963795;203637600000
03963424;203637600000
03965247;204242400000
03966539;204847200000
03966541;204847200000
03966629;204847200000
03966975;204847200000
03966445;204847200000
03967930;205452000000
03969457;206056800000
03969546;206056800000
03969182;206056800000
03970511;206661600000
03971631;207266400000
03972689;207871200000
03972711;207871200000
03974039;208476000000
03973917;208476000000
03975499;209080800000
03975500;209080800000
03975231;209080800000
03975283;209080800000
03975272;209080800000
03976535;209685600000
03976430;209685600000
03977835;210290400000
03980754;211500000000
03981659;212104800000
03981686;212104800000
03981973;212104800000
03981818;212104800000
03983222;212713200000
03984342;213318000000
03985862;213922800000
03986923;214527600000
03987138;214527600000
03988114;215132400000
03988486;215132400000
03989472;215737200000
03989473;215737200000
03991155;216342000000
03991225;216342000000
03992159;216946800000
03993443;217551600000
03993739;217551600000
03994531;218156400000
03996018;218761200000
03996031;218761200000
03997462;219366000000
03997331;219366000000
03998935;219970800000
03998927;219970800000
03998607;219970800000
03999950;220575600000
04000251;220575600000
04000716;221180400000
04001127;221180400000
04001076;221180400000
04002434;221785200000
04002198;221785200000
04003985;222390000000
04004886;222994800000
04005170;222994800000
04005987;223599600000
04008064;224809200000
04008309;224809200000
04010001;226018800000
04011302;226623600000
04011270;226623600000
04011730;227228400000
04013457;227833200000
04014735;228438000000
04015946;229039200000
04015830;229039200000
04017264;229644000000
04019950;230853600000
04019872;230853600000
04021528;231458400000
04021526;231458400000
04021527;231458400000
04021294;231458400000
04022867;232063200000
04022868;232063200000
04022820;232063200000
04023935;232668000000
04024013;232668000000
04025596;233272800000
04025386;233272800000
04026676;233877600000
04027656;234482400000
04031184;235692000000
04030964;235692000000
04030963;235692000000
04030966;235692000000
04032469;236296800000
04036594;238111200000
04038039;238716000000
04039617;239320800000
04039618;239320800000
04039615;239320800000
04041132;239925600000
04040795;239925600000
04042674;240530400000
04043860;241135200000
04044105;241135200000
04044097;241135200000
04045186;241740000000
04046496;242344800000
04047896;242949600000
04047905;242949600000
04048087;242949600000
04049779;243554400000
04049773;243554400000
04050905;244162800000
04050740;244162800000
04051222;244162800000
04051208;244162800000
04053375;245372400000
04054631;245977200000
04055397;246582000000
04055631;246582000000
04056363;247186800000
04056364;247186800000
04057616;247791600000
04057458;247791600000
04057429;247791600000
04059538;249001200000
04060391;249606000000
04060118;249606000000
04062641;250815600000
04064295;251420400000
04064063;251420400000
04064831;252025200000
04065270;252025200000
04067082;253234800000
04069034;253839600000
04071304;255049200000
04072472;255654000000
04077390;258073200000
04077897;258073200000
04079116;258678000000
04082515;260488800000
04082539;260488800000
04082489;260488800000
04083669;261093600000
04083933;261093600000
04083939;261093600000
04087360;262908000000
04087254;262908000000
04087253;262908000000
04088745;263512800000
04088451;263512800000
04089935;264117600000
04091084;264722400000
04091080;264722400000
04094731;266536800000
04096025;267141600000
04096081;267141600000
04095953;267141600000
04097418;267746400000
04098582;268351200000
04100264;268956000000
04101681;269560800000
04104033;270770400000
04104365;270770400000
04110401;273189600000
04111805;273794400000
04113552;274399200000
04113413;274399200000
04115073;275004000000
04115307;275004000000
04116757;275608800000
04116639;275608800000
04118333;276217200000
04119393;276822000000
04119744;276822000000
04119632;276822000000
04120911;277426800000
04123226;278636400000
04125596;279846000000
04126422;280450800000
04126425;280450800000
04126424;280450800000
04126423;280450800000
04127163;281055600000
04127388;281055600000
04128589;281660400000
04130402;282870000000
04135965;285894000000
04136975;286498800000
04137029;286498800000
04137063;286498800000
04137938;287103600000
04139347;287708400000
04143975;290127600000
04147572;291938400000
04151264;293752800000
04150952;293752800000
04153469;294962400000
04152899;294962400000
04155774;296172000000
04158043;297986400000
04158039;297986400000
04159194;299196000000
04160812;300405600000
04163837;302824800000
04163755;302824800000
04164429;303429600000
04166722;305244000000
04169054;307058400000
04168741;307058400000
04169806;307666800000
04171344;308876400000
04171280;308876400000
04171277;308876400000
04171205;308876400000
04171200;308876400000
04174382;311295600000
04174203;311295600000
04178341;313714800000
04179493;314319600000
04179394;314319600000
04180547;314924400000
04182736;316134000000
04182683;316134000000
04183901;316738800000
04183738;316738800000
04184975;317343600000
04186178;317948400000
04193768;322182000000
04193975;322182000000
04193974;322182000000
04195067;322786800000
04196042;323391600000
04197157;323992800000
04198209;324597600000
04201749;326412000000
04202667;327016800000
04202871;327016800000
04203962;327621600000
04206181;328831200000
04207197;329436000000
04207293;329436000000
04209330;330645600000
04209312;330645600000
04210421;331250400000
04211578;331855200000
04211613;331855200000
04213779;333064800000
04215007;333669600000
04215098;333669600000
04215996;334274400000
04218418;335484000000
04219519;336088800000
04224037;338508000000
04224036;338508000000
04224035;338508000000
04228025;340326000000
04229182;340930800000
04229293;340930800000
04230458;341535600000
04231887;342140400000
04231755;342140400000
04231776;342140400000
04231840;342140400000
04232598;342745200000
04233283;342745200000
04234318;343350000000
04234554;343350000000
04234559;343350000000
04235602;343954800000
04236896;344559600000
04237024;344559600000
04238199;345164400000
04239718;345769200000
04243472;347583600000
04243392;347583600000
04244698;348188400000
04244697;348188400000
04244924;348188400000
04246249;348793200000
04245998;348793200000
04247528;349398000000
04248848;350002800000
04248838;350002800000
04248601;350002800000
04248600;350002800000
04248602;350002800000
04249906;350607600000
04249905;350607600000
04249903;350607600000
04249921;350607600000
04249990;350607600000
04251475;351212400000
04251502;351212400000
04252667;351817200000
04253849;352422000000
04256463;353631600000
04256570;353631600000
04256714;353631600000
04256717;353631600000
04259081;354837600000
04259082;354837600000
04259365;354837600000
04260594;355442400000
04260507;355442400000
04260651;355442400000
04261958;356047200000
04261960;356047200000
04263467;356652000000
04263012;356652000000
04263011;356652000000
04263010;356652000000
04263261;356652000000
04264332;357256800000
04264543;357256800000
04267879;359071200000
04268490;359071200000
04271131;360280800000
04270927;360280800000
04272495;361490400000
04275042;362095200000
04275043;362095200000
04274834;362095200000
04276052;362700000000
04276117;362700000000
04277288;363304800000
04277253;363304800000
04277252;363304800000
04277331;363304800000
04282057;365724000000
04282191;365724000000
04282178;365724000000
04283372;366328800000
04284413;366933600000
04285915;367538400000
04286025;367538400000
04287023;368143200000
04287163;368143200000
04286966;368143200000
04286967;368143200000
04288340;368748000000
04288419;368748000000
04292487;370566000000
04292043;370566000000
04292119;370566000000
04293311;371170800000
04294807;371775600000
04295346;372380400000
04295857;372380400000
04296082;372380400000
04297439;372985200000
04298379;373590000000
04298423;373590000000
04299649;374194800000
04299799;374194800000
04300911;374799600000
04302328;375404400000
04303541;376009200000
04304917;376614000000
04304570;376614000000
04304742;376614000000
04305256;377218800000
04305913;377218800000
04305748;377218800000
04305725;377218800000
04307065;377823600000
04306880;377823600000
04307964;378428400000
04308073;378428400000
04308031;378428400000
04309399;379033200000
04311487;380242800000
04311486;380242800000
04312700;380847600000
04312849;380847600000
04312848;380847600000
04312847;380847600000
04312846;380847600000
04315667;382662000000
04315879;382662000000
04318771;384476400000
04318772;384476400000
04322397;386287200000
04323365;386892000000
04323532;386892000000
04326852;388706400000
04328189;389311200000
04329154;389916000000
04329155;389916000000
04329242;389916000000
04331556;391125600000
04332592;391730400000
04333736;392335200000
04333737;392335200000
04334898;392940000000
04334883;392940000000
04334886;392940000000
04334887;392940000000
04334884;392940000000
04334885;392940000000
04336030;393544800000
04338208;394754400000
04339244;395359200000
04340396;395964000000
04340547;395964000000
04341589;396568800000
04341638;396568800000
04341752;396568800000
04341744;396568800000
04343622;397778400000
04343621;397778400000
04343713;397778400000
04346061;398988000000
04347152;399592800000
04347060;399592800000
04348371;400197600000
04348372;400197600000
04349446;400802400000
04350559;401407200000
04350558;401407200000
04351644;402015600000
04352718;402620400000
04352717;402620400000
04352786;402620400000
04353709;403225200000
04353730;403225200000
04354450;403830000000
04355006;403830000000
04358430;405644400000
04358289;405644400000
04361491;407458800000
04362560;408063600000
04364919;409273200000
04366139;409878000000
04366142;409878000000
04367073;410482800000
04368176;411087600000
04372929;413506800000
04374102;414111600000
04374109;414111600000
04374645;414716400000
04375454;415321200000
04376693;416530800000
04378227;417736800000
04378228;417736800000
04378984;418341600000
04380532;419551200000
04382069;420760800000
04381923;420760800000
04383821;421970400000
04385903;423180000000
04385902;423180000000
04385928;423180000000
04386936;423784800000
04388080;424389600000
04389317;424994400000
04391791;426204000000
04391711;426204000000
04394368;427413600000
04394364;427413600000
04396560;428623200000
04396590;428623200000
04396591;428623200000
04397889;429228000000
04400433;430437600000
04400175;430437600000
04401635;431042400000
04401531;431042400000
04402846;431647200000
04405486;432856800000
04405592;432856800000
04406869;433465200000
04408998;434674800000
04409016;434674800000
04412838;436489200000
04414130;437094000000
04417912;438908400000
04418050;438908400000
04419104;439513200000
04422900;441327600000
04425253;442537200000
04425144;442537200000
04427416;443746800000
04427417;443746800000
04428831;444351600000
04430246;444956400000
04430241;444956400000
04435184;447375600000
04435183;447375600000
04435182;447375600000
04439895;449791200000
04443425;451000800000
04451383;454629600000
04451273;454629600000
04460558;458863200000
04461623;459468000000
04462806;460072800000
04472361;464306400000
04474737;465519600000
04475921;466124400000
04477323;466729200000
04478600;467334000000
04478599;467334000000
04479927;467938800000
04482380;469148400000
04483740;469753200000
04486402;470962800000
04487755;471567600000
04489132;472172400000
04488958;472172400000
04492587;473986800000
04492638;473986800000
04492627;473986800000
04493719;474591600000
04497635;476406000000
04498706;477010800000
04501773;478220400000
04504092;479430000000
04504306;479430000000
04507244;480639600000
04508538;481240800000
04508537;481240800000
04508688;481240800000
04511542;482450400000
04511485;482450400000
04512846;483055200000
04512959;483055200000
04515600;484264800000
04515764;484264800000
04518576;485474400000
04518516;485474400000
04519806;486079200000
04525171;488498400000
04526679;489103200000
04528168;489708000000
04528029;489708000000
04529444;490312800000
04530699;490917600000
04530827;490917600000
04533536;492127200000
04533572;492127200000
04533360;492127200000
04534879;492732000000
04534955;492732000000
04541832;495756000000
04544542;496969200000
04544391;496969200000
04547258;498178800000
04547197;498178800000
04548614;498783600000
04548670;498783600000
04552566;500598000000
04559220;503622000000
04559071;503622000000
04562058;504831600000
04561930;504831600000
04563340;505436400000
04563315;505436400000
04564508;506041200000
04564387;506041200000
04564367;506041200000
04568527;507855600000
04568418;507855600000
04568352;507855600000
04568353;507855600000
04568258;507855600000
04569723;508460400000
04569676;508460400000
04569677;508460400000
04569834;508460400000
04574074;510274800000
04574001;510274800000
04578086;512089200000
04578093;512089200000
04579567;512690400000
04582697;513900000000
04582615;513900000000
04584181;514504800000
04588565;516319200000
04588414;516319200000
04590039;516924000000
04590058;516924000000
04592768;518133600000
04592412;518133600000
04595350;519343200000
04595581;519343200000
04597768;520552800000
04597609;520552800000
04603038;522972000000
04603033;522972000000
04605539;524181600000
04609473;525996000000
04609637;525996000000
04613338;527810400000
04615760;529023600000
04617191;529628400000
04617179;529628400000
04618345;530233200000
04620854;531442800000
04623372;532652400000
04626424;533862000000
04627967;534466800000
04631068;535676400000
04632768;536281200000
04632809;536281200000
04637855;538095600000
04642208;539910000000
04645512;541119600000
04647287;541724400000
04648882;542329200000
04650507;542934000000
04650540;542934000000
04650658;542934000000
04654048;544140000000
04655941;544744800000
04655789;544744800000
04655790;544744800000
04657559;545349600000
04659557;545954400000
04662893;547164000000
04666498;548373600000
04666687;548373600000
04666456;548373600000
04668242;548978400000
04670181;549583200000
04670222;549583200000
04676821;552002400000
04678477;552607200000
04680320;553212000000
04681697;553816800000
04683034;554421600000
04685935;555631200000
04690809;557445600000
04690725;557445600000
04690797;557445600000
04693986;558655200000
04696750;559868400000
04699729;561078000000
04701263;561682800000
04702805;562287600000
04704378;562892400000
04705529;563497200000
04711748;565916400000
04722832;570754800000
04723962;571359600000
04726908;572569200000
04727218;572569200000
04729888;573778800000
04730369;574383600000
04734206;575589600000
04734102;575589600000
04737351;576799200000
04737478;576799200000
04738836;577404000000
04743439;579218400000
04746445;580428000000
04747906;581032800000
04747917;581032800000
04756838;584661600000
04761248;586476000000
04765966;588290400000
04767570;588895200000
04767546;588895200000
04772356;590709600000
04772193;590709600000
04775546;591922800000
04776930;592527600000
04780108;593737200000
04781855;594342000000
04781899;594342000000
04784715;595551600000
04784677;595551600000
04786488;596156400000
04787985;596761200000
04789321;597366000000
04789422;597366000000
04792342;598575600000
04797230;600390000000
04797271;600390000000
04798718;600994800000
04797981;600994800000
04806198;604018800000
04806331;604018800000
04806327;604018800000
04814151;606438000000
04816222;607039200000
04816239;607039200000
04818425;607644000000
04822585;608853600000
04822584;608853600000
04822593;608853600000
04824807;609458400000
04823441;609458400000
04832862;611877600000
04832700;611877600000
04834902;612482400000
04840809;614296800000
04844880;615506400000
04844831;615506400000
04849021;616716000000
04849194;616716000000
04851208;617320800000
04851137;617320800000
04853066;617925600000
04859387;619740000000
04865696;621554400000
04865693;621554400000
04866023;621554400000
04867930;622159200000
04869882;622767600000
04871373;623372400000
04876079;625186800000
04877595;625791600000
04880495;627001200000
04882140;627606000000
04887799;630025200000
04888308;630025200000
04888161;630025200000
04894189;632444400000
04894177;632444400000
04897085;633654000000
04897029;633654000000
04900537;634863600000
04902301;635468400000
04908339;637282800000
04908197;637282800000
04908043;637282800000
04911781;638488800000
04915705;639698400000
04917773;640303200000
04923482;642117600000
04925454;642722400000
04931101;644536800000
04935221;645746400000
04935215;645746400000
04938946;646956000000
04938934;646956000000
04939817;647560800000
04943301;648770400000
04944769;649375200000
04945074;649375200000
04946653;649980000000
04950310;651189600000
04954134;652399200000
04956157;653004000000
04960461;654822000000
04965015;656636400000
04965062;656636400000
04968500;657846000000
04973419;659660400000
04975200;660265200000
04978509;661474800000
04980106;662079600000
04981658;662684400000
04985187;663894000000
04992079;666313200000
04997637;668127600000
04997454;668127600000
04997357;668127600000
04997803;668127600000
05004588;670543200000
05006199;671148000000
05006204;671148000000
05006318;671148000000
05008055;671752800000
05011640;672962400000
05011819;672962400000
05013503;673567200000
05015297;674172000000
05015264;674172000000
05019302;675381600000
05021079;675986400000
05024782;677196000000
05026531;677800800000
05028302;678405600000
05030244;679010400000
05030364;679010400000
05030433;679010400000
05030400;679010400000
05032143;679615200000
05034352;680220000000
05037628;681429600000
05037286;681429600000
05041275;682639200000
05043149;683244000000
05043090;683244000000
05045295;683848800000
05049370;685058400000
05055237;686876400000
05061560;688690800000
05062862;689295600000
05064501;689900400000
05066441;690505200000
05068092;691110000000
05071332;692319600000
05071633;692319600000
05071632;692319600000
05076853;694134000000
05082635;695948400000
05082582;695948400000
05084260;696553200000
05084254;696553200000
05085670;697158000000
05087335;697762800000
05091132;698972400000
05090965;698972400000
05093095;699577200000
05094604;700182000000
05094827;700182000000
05096683;700786800000
05098448;701391600000
05098689;701391600000
05098683;701391600000
05100592;701992800000
05102586;702597600000
05102426;702597600000
05102837;702597600000
05104478;703202400000
05104631;703202400000
05106599;703807200000
05106600;703807200000
05108461;704412000000
05108481;704412000000
05108726;704412000000
05108722;704412000000
05108625;704412000000
05114567;706226400000
05114700;706226400000
05122351;708645600000
05122224;708645600000
05123997;709250400000
05124100;709250400000
05124104;709250400000
05124265;709250400000
05126115;709855200000
05126019;709855200000
05128115;710460000000
05127950;710460000000
05127921;710460000000
05135734;712879200000
05135611;712879200000
05139592;714088800000
05141732;714693600000
05143671;715298400000
05147412;716508000000
05152804;718326000000
05152942;718326000000
05154805;718930800000
05158577;720140400000
05160470;720745200000
05164263;721954800000
05163973;721954800000
05168096;723164400000
05169406;723769200000
05171562;724374000000
05173088;724978800000
05173087;724978800000
05173232;724978800000
05173284;724978800000
05178948;726793200000
05185104;729212400000
05185204;729212400000
05194243;732236400000
05194067;732236400000
05198200;733442400000
05202105;734652000000
05201923;734652000000
05201985;734652000000
05203877;735256800000
05205958;735861600000
05211869;737676000000
05211922;737676000000
05213820;738280800000
05213772;738280800000
05215730;738885600000
05217565;739490400000
05221528;740700000000
05227007;742514400000
05229092;743119200000
05228885;743119200000
05228895;743119200000
05230769;743724000000
05236466;745538400000
05238664;746143200000
05240467;746748000000
05244648;747957600000
05248577;749170800000
05256241;751590000000
05262134;753404400000
05262357;753404400000
05269817;755823600000
05269818;755823600000
05269993;755823600000
05271795;756428400000
05273547;757033200000
05273619;757033200000
05275793;757638000000
05275628;757638000000
05276254;757638000000
05281351;759452400000
05281242;759452400000
05283054;760057200000
05286470;761266800000
05290476;762476400000
05290495;762476400000
05290321;762476400000
05290322;762476400000
05290913;762476400000
05292461;763081200000
05294427;763686000000
05296177;764290800000
05296001;764290800000
05296000;764290800000
05296002;764290800000
05300123;765496800000
05302318;766101600000
05306478;767311200000
05308363;767916000000
05312603;769125600000
05314506;769730400000
05316554;770335200000
05326541;773359200000
05328490;773964000000
05329014;773964000000
05330618;774568800000
05330544;774568800000
05332674;775173600000
05336271;776383200000
05338515;776988000000
05338519;776988000000
05338530;776988000000
05338709;776988000000
05346512;779407200000
05346511;779407200000
05354496;781830000000
05354499;781830000000
05360478;783644400000
05360602;783644400000
05360600;783644400000
05362471;784249200000
05362467;784249200000
05362688;784249200000
05364418;784854000000
05366513;785458800000
05366514;785458800000
05368827;786063600000
05374382;787878000000
05374766;787878000000
05382265;790297200000
05383940;790902000000
05383951;790902000000
05385586;791506800000
05393507;793926000000
05395602;794530800000
05395559;794530800000
05395806;794530800000
05397440;795135600000
05399328;795740400000
05409505;798760800000
05408953;798760800000
05410984;799365600000
05418198;801180000000
05417951;801180000000
05419877;801784800000
05425786;803599200000
05425787;803599200000
05431779;805413600000
05433932;806018400000
05435822;806623200000
05435919;806623200000
05437691;807228000000
05439662;807832800000
05444247;809042400000
05445805;809647200000
05448005;810252000000
05447542;810252000000
05447541;810252000000
05447543;810252000000
05449506;810856800000
05455018;812674800000
05460765;814489200000
05466266;816303600000
05471001;817513200000
05474581;818722800000
05478544;819932400000
05478515;819932400000
05480626;820537200000
05483918;821746800000
05486317;822351600000
05492542;824770800000
05500480;827190000000
05500189;827190000000
05501712;827794800000
05503641;828396000000
05505924;829000800000
05510068;830210400000
05514201;831420000000
05514357;831420000000
05516447;832024800000
05518727;832629600000
05536432;837468000000
05540793;838677600000
05542372;839282400000
05545394;839887200000
05552099;841701600000
05554587;842306400000
05556791;842911200000
05558678;843516000000
05558847;843516000000
05560876;844120800000
05567887;845935200000
05574005;847753200000
05575940;848358000000
05575923;848358000000
05578285;848962800000
05578279;848962800000
05583098;850172400000
05586051;850777200000
05585180;850777200000
05588969;851986800000
05591886;852591600000
05599373;855010800000
05599475;855010800000
05607655;857430000000
05614104;859244400000
05614160;859244400000
05618511;860450400000
05620643;861055200000
05624467;862264800000
05629275;863474400000
05628800;863474400000
05635152;865288800000
05640331;866498400000
05651896;870127200000
05651915;870127200000
05651796;870127200000
05660599;872546400000
05662880;873151200000
05663478;873151200000
05665692;873756000000
05674617;876175200000
05683619;878598000000
05690700;880412400000
05690701;880412400000
05695701;881622000000
05700435;882831600000
05700379;882831600000
05702677;883436400000
05707406;884646000000
05711146;885855600000
05716419;887065200000
05718733;887670000000
05720868;888274800000
05723160;888879600000
05725608;889484400000
05728180;890089200000
05733862;891295200000
05736118;891900000000
05739097;892504800000
05739072;892504800000
05743934;893714400000
05753390;895528800000
05755975;896133600000
05759411;896738400000
05759213;896738400000
05762901;897343200000
05766270;897948000000
05769906;898552800000
05770730;898552800000
05776864;899762400000
05779945;900367200000
05783084;900972000000
05797989;903996000000
05807410;905810400000
05807529;905810400000
05811030;906415200000
05810892;906415200000
05814231;907020000000
05830242;910047600000
05837211;911257200000
05840085;911862000000
05843602;912466800000
05846501;913071600000
05851490;914281200000
05853691;914886000000
05853686;914886000000
05858325;916095600000
05861099;916700400000
05861134;916700400000
05864923;917910000000
05869012;918514800000
05871551;919119600000
05871571;919119600000
05871706;919119600000
05874055;919724400000
05879647;920934000000
05882361;921538800000
05895523;924559200000
05897848;925164000000
05897850;925164000000
05902474;926373600000
05906660;927583200000
05911959;929397600000
05914075;930002400000
05928617;933026400000
05929021;933026400000
05935275;934236000000
05935442;934236000000
05955043;937864800000
05958865;938469600000
05964901;939679200000
05969044;940284000000
05976478;941497200000
05985165;942706800000
05984981;942706800000
05993759;943916400000
05997599;944521200000
06013216;947545200000
06013209;947545200000
06022409;949964400000
06022386;949964400000
06022385;949964400000
06025429;950569200000
06024793;950569200000
06027607;951174000000
06036733;952988400000
06042622;954194400000
06056791;957218400000
06056905;957218400000
06063138;958428000000
06072066;960242400000
06074476;960847200000
06074441;960847200000
06077820;961452000000
06080977;962056800000
06080210;962056800000
06099615;965685600000
06099595;965685600000
06103139;966290400000
06106794;966895200000
06110438;967500000000
06113795;968104800000
06113657;968104800000
06117232;968709600000
06126702;970524000000
06133223;971733600000
06132484;971733600000
06132505;971733600000
06140302;972946800000
06143271;973551600000
06156114;975970800000
06159252;976575600000
06159382;976575600000
06162262;977180400000
06162263;977180400000
06171358;978994800000
06174453;979599600000
06176892;980204400000
06180074;980809200000
06197152;983833200000
06197073;983833200000
06203612;985042800000
06207123;985644000000
06210803;986248800000
06217909;987458400000
06217622;987458400000
06221322;988063200000
06221270;988063200000
06221153;988063200000
06224939;988668000000
06231624;989877600000
06231826;989877600000
06238443;991087200000
06251346;993506400000
06251358;993506400000
06251182;993506400000
06267789;996530400000
06270740;997135200000
06274544;997740000000
06284005;999554400000
06293973;1001368800000
06296673;1001973600000
06302958;1003183200000
06302926;1003183200000
06315966;1005606000000
06325836;1007420400000
06331193;1008630000000
06333019;1009234800000
06334989;1009839600000
06334878;1009839600000
06337295;1010444400000
06338742;1011049200000
06340452;1011654000000
06340373;1011654000000
06346523;1013468400000
06348180;1014073200000
06362157;1017097200000
06364920;1017698400000
06364914;1017698400000
06383553;1020722400000
06383233;1020722400000
06391205;1021932000000
06410470;1024956000000
06413291;1025560800000
06426406;1027980000000
06429184;1028584800000
06428724;1028584800000
06428583;1028584800000
06436154;1029794400000
06454979;1032818400000
06454853;1032818400000
06458756;1033423200000
06464736;1034632800000
06464737;1034632800000
06475458;1036450800000
06478828;1037055600000
06492024;1039474800000
06491795;1039474800000
06495189;1040079600000
06500216;1041289200000
06514475;1044313200000
06521004;1045522800000
06528594;1046732400000
06541426;1049148000000
06547836;1050357600000
06555514;1051567200000
06558435;1052172000000
06558434;1052172000000
06558644;1052172000000
06562120;1052776800000
06566490;1053381600000
06570036;1053986400000
06572833;1054591200000
06576209;1055196000000
06576831;1055196000000
06589906;1057615200000
06596684;1058824800000
06599332;1059429600000
06610267;1061848800000
06620214;1063663200000
06630006;1065477600000
06635207;1066687200000
06641622;1067900400000
06645445;1068505200000
06649027;1069110000000
06652603;1069714800000
06652822;1069714800000
06660049;1070924400000
06667021;1072134000000
06670036;1072738800000
06676712;1073948400000
06680288;1074553200000
06689334;1076367600000
06692716;1076972400000
06712864;1080597600000
06716959;1081202400000
06723139;1082412000000
06740632;1085436000000
06759521;1089064800000
06776972;1092693600000
06780206;1093298400000
06784151;1093903200000
06797056;1096322400000
06805821;1098136800000
06818142;1100559600000
06821306;1101164400000
06821339;1101164400000
06837918;1104793200000
06840968;1105398000000
06843851;1106002800000
06846417;1106607600000
06855176;1108422000000
06860907;1109631600000
06863312;1110236400000
06866688;1110841200000
06872250;1112047200000
06881231;1113861600000
06884269;1114466400000
06884268;1114466400000
06887622;1115071200000
06890509;1115676000000
06893474;1116280800000
06894018;1116280800000
06896807;1116885600000
06911056;1119909600000
06916371;1121119200000
06932845;1124748000000
06932784;1124748000000
06936087;1125352800000
06951575;1128376800000
06951837;1128376800000
06960256;1130799600000
06960300;1130799600000
06962952;1131404400000
06986878;1137452400000
07001526;1140476400000
07001438;1140476400000
07011708;1142290800000
07014832;1142895600000
07014705;1142895600000
07018594;1143496800000
07018972;1143496800000
07029504;1145311200000
07041144;1147125600000
07044926;1147730400000
07053038;1148940000000
07056356;1149544800000
07056906;1149544800000
07066171;1151359200000
D0524928;1152568800000
D0524929;1152568800000
D0525698;1153778400000
D0525697;1153778400000
D0525699;1153778400000
D0526401;1154988000000
D0527090;1156197600000
07097671;1156802400000
D0527451;1156802400000
D0529163;1159221600000
D0530415;1161036000000
07122083;1161036000000
07122642;1161036000000
D0531297;1162249200000
07127913;1162249200000
07128840;1162249200000
D0532095;1163458800000
D0532896;1164668400000
D0533788;1166482800000
D0533935;1166482800000
07150766;1166482800000
D0536777;1171321200000
07186677;1173135600000
07186394;1173135600000
07189328;1173740400000
07198653;1175551200000
07208020;1177365600000
D0541486;1177365600000
07211193;1177970400000
07217400;1179180000000
D0543415;1180389600000
07234606;1182808800000
D0545955;1183413600000
07247414;1185228000000
07247284;1185228000000
07247175;1185228000000
07270752;1190066400000
07276178;1191276000000
07279138;1191880800000
07285259;1193090400000
07288125;1193698800000
07291295;1194303600000
07297314;1195513200000
07303593;1196722800000
07311837;1198537200000
07323016;1201561200000
07332085;1203375600000
07344663;1205794800000
07354615;1207605600000
07357835;1208210400000
D0570987;1213048800000
07390335;1214258400000
07404828;1217282400000
07410627;1218492000000
07427382;1222120800000
07427302;1222120800000
07438729;1224540000000
07438730;1224540000000
07442848;1225148400000
07449030;1226358000000
07470411;1230591600000
07494635;1235430000000
07500995;1236639600000
07507388;1237849200000
07513972;1239055200000
07514051;1239055200000
07514043;1239055200000
07517509;1239660000000
07520932;1240264800000
07527773;1241474400000
07531023;1242079200000
07531579;1242079200000
07540884;1243893600000
07547425;1245103200000
07560414;1247522400000
07578983;1251151200000
07582237;1251756000000
07582147;1251756000000
07597810;1254780000000
07604782;1255989600000
07608145;1256598000000
07611548;1257202800000
07611208;1257202800000
07621968;1259017200000
07625413;1259622000000
07635460;1261436400000
07635395;1261436400000
07635396;1261436400000
07637965;1262041200000
07637966;1262041200000
07638109;1262041200000
07640914;1262646000000
07641932;1262646000000
07655053;1265065200000
07670579;1267484400000
07682588;1269298800000
07695528;1271109600000
07695527;1271109600000
07695705;1271109600000
07700363;1271714400000
07704325;1272319200000
07704370;1272319200000
07709135;1272924000000
07713312;1273528800000
07727497;1275343200000
07736614;1276552800000
07740775;1277157600000
07760776;1279576800000
07763223;1280181600000
07766979;1280786400000
07766980;1280786400000
07771681;1281391200000
07771494;1281391200000
07771493;1281391200000
07776109;1281996000000
07776110;1281996000000
07789937;1283810400000
07794600;1284415200000
07794674;1284415200000
07807119;1286229600000
07815732;1287439200000
07820057;1288044000000
07824565;1288652400000
07833446;1289862000000
07837971;1290466800000
07846216;1291676400000
07858058;1293490800000
07858066;1293490800000
