03858802;158281200000
03860063;158886000000
03861590;159490800000
03862395;159490800000
03863621;160700400000
03863710;160700400000
03865306;161305200000
03865969;161305200000
03868494;162514800000
03868060;162514800000
03870855;163724400000
03870052;163724400000
03870228;163724400000
03873022;164934000000
03874361;165538800000
03875996;166143600000
03877443;166748400000
03877638;166748400000
03877639;166748400000
03880230;167958000000
03881402;168562800000
03885529;170377200000
03885736;170377200000
03886998;170982000000
03888412;171586800000
03889742;172191600000
03889879;172191600000
03889878;172191600000
03890787;172796400000
03891817;172796400000
03890936;172796400000
03893506;174006000000
03894528;174610800000
03894369;174610800000
03894345;174610800000
03896992;175820400000
03897903;176425200000
03902474;178844400000
03905548;180054000000
03907199;180658800000
03908900;181263600000
03908901;181263600000
03908632;181263600000
03912163;182473200000
03911894;182473200000
03911999;182473200000
03913834;183078000000
03913835;183078000000
03913663;183078000000
03915148;183682800000
03916988;184287600000
03918637;184892400000
03918430;184892400000
03919998;185497200000
03921600;186102000000
03921508;186102000000
03926099;187916400000
03927299;187916400000
03927831;188521200000
03929305;189126000000
03929121;189126000000
03931851;190335600000
03933004;190940400000
03933307;190940400000
03934799;191545200000
03934798;191545200000
03934556;191545200000
03935897;192150000000
03937208;192754800000
03937275;192754800000
03940058;193964400000
03941311;194569200000
03942719;195174000000
03942515;195174000000
03944136;195778800000
03945433;196383600000
03946720;196984800000
03946721;196984800000
03948246;197589600000
03948312;197589600000
03948316;197589600000
03949095;197589600000
03949522;198194400000
03949936;198194400000
03949732;198194400000
03951204;198799200000
03952723;199404000000
03952724;199404000000
03953110;199404000000
03954097;200008800000
03955555;200613600000
03957109;201218400000
03958755;201823200000
03958754;201823200000
03958555;201823200000
03960135;202428000000
03960136;202428000000
03960205;202428000000
03964416;204242400000
03965972;204847200000
03966118;204847200000
03966119;204847200000
03968833;206056800000
03968836;206056800000
03970247;206661600000
03971454;207266400000
03971511;207266400000
03972317;207871200000
03974427;208476000000
03976243;209685600000
03977601;210290400000
03980071;211500000000
03981295;212104800000
03984050;213318000000
03983930;213318000000
03985117;213922800000
03986492;214527600000
03986664;214527600000
03986665;214527600000
03986666;214527600000
03987786;215132400000
03989098;215737200000
03989032;215737200000
03989030;215737200000
03989189;215737200000
03989183;215737200000
03990636;216342000000
03991741;216946800000
03991938;216946800000
03991937;216946800000
03993244;217551600000
03993041;217551600000
03994675;218156400000
03994435;218156400000
03994281;218156400000
03994276;218156400000
03996092;218761200000
03995809;218761200000
03995804;218761200000
03995810;218761200000
03997002;219366000000
03997109;219366000000
03997108;219366000000
03996759;219366000000
03996919;219366000000
03998385;219970800000
03999709;220575600000
03999710;220575600000
03999598;220575600000
04002159;221785200000
04002160;221785200000
04003363;222390000000
04003365;222390000000
04003366;222390000000
04004573;222994800000
04004574;222994800000
04006857;224204400000
04007776;224809200000
04007875;224809200000
04007874;224809200000
04008705;225414000000
04008709;225414000000
04010895;226623600000
04010735;226623600000
04010734;226623600000
04011989;227228400000
04012191;227228400000
04013221;227833200000
04012920;227833200000
04015962;229039200000
04015585;229039200000
04015586;229039200000
04016834;229644000000
04018381;230248800000
04018380;230248800000
04018581;230248800000
04019680;230853600000
04019681;230853600000
04019677;230853600000
04019679;230853600000
04019495;230853600000
04020827;231458400000
04021895;232063200000
04022378;232063200000
04022184;232063200000
04023555;232668000000
04024908;233272800000
04025043;233272800000
04026348;233877600000
04026269;233877600000
04027631;234482400000
04029081;235087200000
04031880;236296800000
04031916;236296800000
04031952;236296800000
04034204;236901600000
04034911;237506400000
04034912;237506400000
04034802;237506400000
04034803;237506400000
04034736;237506400000
04034738;237506400000
04036288;238111200000
04036287;238111200000
04037583;238716000000
04037779;238716000000
04037786;238716000000
04037650;238716000000
04037651;238716000000
04038972;239320800000
04040567;239925600000
04041724;240530400000
04043316;241135200000
04043318;241135200000
04045179;241740000000
04044949;241740000000
04044950;241740000000
04044820;241740000000
04046320;242344800000
04046133;242344800000
04049407;243554400000
04048981;243554400000
04049045;243554400000
04049046;243554400000
04049047;243554400000
04050508;244162800000
04050443;244162800000
04050441;244162800000
04050627;244162800000
04050628;244162800000
04050626;244162800000
04051831;244767600000
04051834;244767600000
04051825;244767600000
04051891;244767600000
04052001;244767600000
04052587;244767600000
04053106;245372400000
04053732;245372400000
04054416;245977200000
04054125;245977200000
04055299;246582000000
04055279;246582000000
04055163;246582000000
04055055;246582000000
04054981;246582000000
04055963;247186800000
04056094;247186800000
04056313;247186800000
04057189;247791600000
04057963;248396400000
04058255;248396400000
04058107;248396400000
04059969;249606000000
04060194;249606000000
04060072;249606000000
04060916;250210800000
04061132;250210800000
04061131;250210800000
04061129;250210800000
04062489;250815600000
04062349;250815600000
04062346;250815600000
04062347;250815600000
04063682;251420400000
04063547;251420400000
04063545;251420400000
04064867;252025200000
04065170;252025200000
04065056;252025200000
04065054;252025200000
04065055;252025200000
04065053;252025200000
04065938;252630000000
04066090;252630000000
04066062;252630000000
04066118;252630000000
04066210;252630000000
04067319;253234800000
04068652;253839600000
04069593;254444400000
04069972;254444400000
04069973;254444400000
04069810;254444400000
04069811;254444400000
04069809;254444400000
04070870;255049200000
04071018;255049200000
04071017;255049200000
04072141;255654000000
04072142;255654000000
04072186;255654000000
04073283;256258800000
04073434;256258800000
04074705;256863600000
04076026;257468400000
04076025;257468400000
04076011;257468400000
04076013;257468400000
04077568;258073200000
04077392;258073200000
04078549;258678000000
04078547;258678000000
04078544;258678000000
04078723;258678000000
04080221;259282800000
04079885;259282800000
04079888;259282800000
04079887;259282800000
04079725;259282800000
04079724;259282800000
04080954;259887600000
04080957;259887600000
04082143;260488800000
04082080;260488800000
04083359;261093600000
04083358;261093600000
04083356;261093600000
04083360;261093600000
04083673;261093600000
04084745;261698400000
04084573;261698400000
04085999;262303200000
04086072;262303200000
04086909;262908000000
04086911;262908000000
04087047;262908000000
04088120;263512800000
04088119;263512800000
04088115;263512800000
04088117;263512800000
04089142;264117600000
04090474;264722400000
04090497;264722400000
04090494;264722400000
04090492;264722400000
04090493;264722400000
04091994;265327200000
04091800;265327200000
04091797;265327200000
04093119;265932000000
04093868;265932000000
04092979;265932000000
04092978;265932000000
04094167;266536800000
04094301;266536800000
04094299;266536800000
04095087;266536800000
04095369;267141600000
04095584;267141600000
04095585;267141600000
04095938;267141600000
04096850;267746400000
04098327;268351200000
04098262;268351200000
04098260;268351200000
04098263;268351200000
04098264;268351200000
04099516;268956000000
04099556;268956000000
04100914;269560800000
04102327;270165600000
04102329;270165600000
04102328;270165600000
04103598;270770400000
04103493;270770400000
04103826;270770400000
04103735;270770400000
04103673;270770400000
04103674;270770400000
04103672;270770400000
04105158;271375200000
04105894;271375200000
04105822;271375200000
04106693;271980000000
04106692;271980000000
04106483;271980000000
04108375;272584800000
04108376;272584800000
04108154;272584800000
04108155;272584800000
04109640;273189600000
04109858;273189600000
04109859;273189600000
04112281;273794400000
04111185;273794400000
04111259;273794400000
04112921;274399200000
04112920;274399200000
04112919;274399200000
04114595;275004000000
04114597;275004000000
04116379;275608800000
04116380;275608800000
04116224;275608800000
04116219;275608800000
04116167;275608800000
04116507;275608800000
04117829;276217200000
04117883;276217200000
04119084;276822000000
04119083;276822000000
04119086;276822000000
04119085;276822000000
04120351;277426800000
04120282;277426800000
04120288;277426800000
04120287;277426800000
04120289;277426800000
04121566;278031600000
04121565;278031600000
04121568;278031600000
04121567;278031600000
04122893;278636400000
04122830;278636400000
04123003;278636400000
04123219;278636400000
04123883;279241200000
04124018;279241200000
04124062;279241200000
04124177;279241200000
04124178;279241200000
04124179;279241200000
04125107;279846000000
04125151;279846000000
04125148;279846000000
04126122;280450800000
04125946;280450800000
04127107;281055600000
04128124;281660400000
04128096;281660400000
04127926;281660400000
04127973;281660400000
04129251;282265200000
04129177;282265200000
04129179;282265200000
04130110;282870000000
04130105;282870000000
04131158;283474800000
04131231;283474800000
04132074;284079600000
04132263;284079600000
04132218;284079600000
04132221;284079600000
04133338;284684400000
04133299;284684400000
04133150;284684400000
04133574;284684400000
04133479;284684400000
04134267;285289200000
04134545;285289200000
04134448;285289200000
04134389;285289200000
04134390;285289200000
04135665;285894000000
04135571;285894000000
04135491;285894000000
04135492;285894000000
04136823;286498800000
04136824;286498800000
04136731;286498800000
04136669;286498800000
04136668;286498800000
04136672;286498800000
04138062;287103600000
04138061;287103600000
04137965;287103600000
04137900;287103600000
04137898;287103600000
04138992;287708400000
04138993;287708400000
04138996;287708400000
04138985;287708400000
04139152;287708400000
04139055;287708400000
04139321;287708400000
04140173;288313200000
04141337;288918000000
04141222;288918000000
04141498;288918000000
04141490;288918000000
04142678;289522800000
04142679;289522800000
04143642;290127600000
04143643;290127600000
04143640;290127600000
04143814;290127600000
04143817;290127600000
04143815;290127600000
04143816;290127600000
04143705;290127600000
04144874;290732400000
04144873;290732400000
04145788;291337200000
04146221;291337200000
04146176;291337200000
04146014;291337200000
04147155;291938400000
04147157;291938400000
04147301;291938400000
04147302;291938400000
04147303;291938400000
04148436;292543200000
04148296;292543200000
04149673;293148000000
04149520;293148000000
04149521;293148000000
04149517;293148000000
04150300;293148000000
04150788;293752800000
04150787;293752800000
04150661;293752800000
04150660;293752800000
04150552;293752800000
04151954;294357600000
04151721;294357600000
04153199;294962400000
04153104;294962400000
04153105;294962400000
04153043;294962400000
04153040;294962400000
04154292;295567200000
04154223;295567200000
04154222;295567200000
04155505;296172000000
04155506;296172000000
04155344;296172000000
04155226;296172000000
04156455;296776800000
04156420;296776800000
04158291;298591200000
04158439;298591200000
04158438;298591200000
04158386;298591200000
04159017;299196000000
04159802;299800800000
04159595;299800800000
04160524;300405600000
04160444;300405600000
04162670;302220000000
04163441;302824800000
04163369;302824800000
04164210;303429600000
04164660;303429600000
04165037;304034400000
04165036;304034400000
04164933;304034400000
04165782;304639200000
04165732;304639200000
04167967;306453600000
04167965;306453600000
04168030;306453600000
04168797;307058400000
04168737;307058400000
04169460;307666800000
04170261;308271600000
04170259;308271600000
04170507;308271600000
04170984;308876400000
04170982;308876400000
04170879;308876400000
04171089;308876400000
04171088;308876400000
04171694;309481200000
04171621;309481200000
04171770;309481200000
04171771;309481200000
04171772;309481200000
04171773;309481200000
04172494;310086000000
04172442;310086000000
04174749;311900400000
04175699;312505200000
04175698;312505200000
04175538;312505200000
04176787;313110000000
04176788;313110000000
04176709;313110000000
04177925;313714800000
04178907;314319600000
04179894;314924400000
04180234;314924400000
04180209;314924400000
04182489;316134000000
04182401;316134000000
04187543;318553200000
04187687;319158000000
04187982;319158000000
04189096;319762800000
04189097;319762800000
04189881;320367600000
04190199;320367600000
04191243;320972400000
04191242;320972400000
04192457;321577200000
04192455;321577200000
04192456;321577200000
04194688;322786800000
04194558;322786800000
04194489;322786800000
04194488;322786800000
04195777;323391600000
04196854;323992800000
04196595;323992800000
04200147;325807200000
04202493;327016800000
04203452;327621600000
04203487;327621600000
04206742;329436000000
04206874;329436000000
04206875;329436000000
04207865;330040800000
04209996;331250400000
04210102;331250400000
04211187;331855200000
04211207;331855200000
04211364;331855200000
04211365;331855200000
04212348;332460000000
04213563;333064800000
04213745;333064800000
04214699;333669600000
04215817;334274400000
04216759;334879200000
04216903;334879200000
04217646;334879200000
04218607;335484000000
04217878;335484000000
04219073;336088800000
04222435;337903200000
04223205;337903200000
04225176;339116400000
04226363;339721200000
04226364;339721200000
04227569;340326000000
04227647;340326000000
04228785;340930800000
04230267;341535600000
04231516;342140400000
04232211;342140400000
04231352;342140400000
04232522;342745200000
04232696;342745200000
04232657;342745200000
04232732;342745200000
04232820;342745200000
04232821;342745200000
04234037;343350000000
04235286;343954800000
04235369;343954800000
04239486;345769200000
04240404;346374000000
04240499;346374000000
04240581;346374000000
04241784;346978800000
04241874;346978800000
04242569;346978800000
04243871;347583600000
04242872;347583600000
04242950;347583600000
04243062;347583600000
04243176;347583600000
04243177;347583600000
04245476;348793200000
04246956;349398000000
04248049;350002800000
04248212;350002800000
04248378;350002800000
04249375;350607600000
04249594;350607600000
04249695;350607600000
04251028;351212400000
04251029;351212400000
04250866;351212400000
04252271;351817200000
04253427;352422000000
04253426;352422000000
04254758;353026800000
04254821;353026800000
04254822;353026800000
04256475;353631600000
04256082;353631600000
04257557;354236400000
04257556;354236400000
04257579;354236400000
04258615;354837600000
04258880;354837600000
04258878;354837600000
04259722;354837600000
04260103;355442400000
04260335;355442400000
04261326;356047200000
04263498;356652000000
04264826;357256800000
04263887;357256800000
04265298;357861600000
04265220;357861600000
04265397;357861600000
04269167;359676000000
04269263;359676000000
04269261;359676000000
04270695;360280800000
04270513;360280800000
04271897;361490400000
04273184;361490400000
04272016;361490400000
04274265;362095200000
04274390;362095200000
04274477;362095200000
04274581;362095200000
04275709;362700000000
04275705;362700000000
04275831;362700000000
04277021;363304800000
04277020;363304800000
04276929;363304800000
04276926;363304800000
04278126;363909600000
04279574;364514400000
04279381;364514400000
04280481;365119200000
04280555;365119200000
04280656;365119200000
04280330;365119200000
04281519;365724000000
04281789;365724000000
04282241;365724000000
04282421;365724000000
04283919;366933600000
04284127;366933600000
04284129;366933600000
04286613;368143200000
04287723;368748000000
04287872;368748000000
04289195;369352800000
04290272;369957600000
04290551;369957600000
04291834;370566000000
04291833;370566000000
04292814;371170800000
04293092;371170800000
04293094;371170800000
04293093;371170800000
04293759;371170800000
04294038;371775600000
04294223;371775600000
04294309;371775600000
04295460;372380400000
04295519;372380400000
04295520;372380400000
04295606;372380400000
04296770;372985200000
04296883;372985200000
04297987;373590000000
04298165;373590000000
04300536;374799600000
04300527;374799600000
04300720;374799600000
04302406;375404400000
04301662;375404400000
04301788;375404400000
04301862;375404400000
04301965;375404400000
04302942;376009200000
04303198;376009200000
04304292;376614000000
04304216;376614000000
04305354;377218800000
04305548;377218800000
04308990;379033200000
04308993;379033200000
04308994;379033200000
04309976;379638000000
04309982;379638000000
04312320;380847600000
04312476;380847600000
04313452;381452400000
04313561;381452400000
04313562;381452400000
04314547;382057200000
04314543;382057200000
04314601;382057200000
04314668;382057200000
04315598;382662000000
04315597;382662000000
04316251;382662000000
04317106;383266800000
04319125;384476400000
04318367;384476400000
04319557;385081200000
04320739;385686000000
04320738;385686000000
04320797;385686000000
04321962;386287200000
04321908;386287200000
04321758;386287200000
04322953;386892000000
04323109;386892000000
04323192;386892000000
04324184;387496800000
04324359;387496800000
04325430;388101600000
04325426;388101600000
04325509;388101600000
04325353;388101600000
04325355;388101600000
04326667;388706400000
04327761;389311200000
04329021;389916000000
04328683;389916000000
04330084;390520800000
04330083;390520800000
04330309;390520800000
04329847;390520800000
04331292;391125600000
04332290;391730400000
04332236;391730400000
04333524;392335200000
04333520;392335200000
04333606;392335200000
04334577;392940000000
04334518;392940000000
04335850;393544800000
04335848;393544800000
04335849;393544800000
04336692;394149600000
04336792;394149600000
04336836;394149600000
04337388;394149600000
04337619;394754400000
04337821;394754400000
04337894;394754400000
04337891;394754400000
04337893;394754400000
04338994;395359200000
04340112;395964000000
04340174;395964000000
04341263;396568800000
04341346;396568800000
04342359;397173600000
04342422;397173600000
04343290;397778400000
04344568;398383200000
04344569;398383200000
04344567;398383200000
04344450;398383200000
04345897;398988000000
04345715;398988000000
04346696;399592800000
04346686;399592800000
04346673;399592800000
04346839;399592800000
04347891;400197600000
04347972;400197600000
04349009;400802400000
04350024;401407200000
04350287;401407200000
04350289;401407200000
04350288;401407200000
04351276;402015600000
04351475;402015600000
04351476;402015600000
04351161;402015600000
04352391;402620400000
04352349;402620400000
04352454;402620400000
04352456;402620400000
04352455;402620400000
04353348;403225200000
04354548;403830000000
04355625;404434800000
04355753;404434800000
04355752;404434800000
04356706;405039600000
04356833;405039600000
04356967;405039600000
04356966;405039600000
04356965;405039600000
04358652;405644400000
04358052;405644400000
04357931;405644400000
04359187;406249200000
04360003;406854000000
04360036;406854000000
04360152;406854000000
04361170;407458800000
04361276;407458800000
04363218;408668400000
04363353;408668400000
04363442;408668400000
04364444;409273200000
04364512;409273200000
04364514;409273200000
04365742;409878000000
04366853;410482800000
04367631;411087600000
04368692;411692400000
04369918;412297200000
04369917;412297200000
04371112;412902000000
04371111;412902000000
04371779;412902000000
04370949;412902000000
04370956;412902000000
04372409;413506800000
04372372;413506800000
04372487;413506800000
04373354;414111600000
04373343;414111600000
04373506;414111600000
04373473;414111600000
04373665;414111600000
04373666;414111600000
04375831;415926000000
04376510;416530800000
04378087;417736800000
04378908;418341600000
04379447;418946400000
04380153;419551200000
04381075;420156000000
04381480;420156000000
04381819;420760800000
04383642;421970400000
04383643;421970400000
04384193;421970400000
04384673;422575200000
04385726;423180000000
04385725;423180000000
04387290;423784800000
04386734;423784800000
04386735;423784800000
04387701;424389600000
04388916;424994400000
04389980;425599200000
04390037;425599200000
04390124;425599200000
04390125;425599200000
04391323;426204000000
04391407;426204000000
04392359;426808800000
04392609;426808800000
04392610;426808800000
04393858;427413600000
04394960;428018400000
04394959;428018400000
04396060;428623200000
04396002;428623200000
04396148;428623200000
04397297;429228000000
04397418;429228000000
04398081;429228000000
04398663;429832800000
04399805;430437600000
04401101;431042400000
04401100;431042400000
04401106;431042400000
04401261;431042400000
04403731;432252000000
04403732;432252000000
04403573;432252000000
04403645;432252000000
04403644;432252000000
04406402;433465200000
04406136;433465200000
04406137;433465200000
04406322;433465200000
04406214;433465200000
04407449;434070000000
04407354;434070000000
04408278;434070000000
04408567;434674800000
04408716;434674800000
04408715;434674800000
04408714;434674800000
04410131;435279600000
04410134;435279600000
04410136;435279600000
04410135;435279600000
04410037;435279600000
04409927;435279600000
04411384;435884400000
04411385;435884400000
04411252;435884400000
04412652;436489200000
04412651;436489200000
04412529;436489200000
04412526;436489200000
04413571;437094000000
04414464;437094000000
04415018;437698800000
04415119;437698800000
04415118;437698800000
04414818;437698800000
04416121;438303600000
04416222;438303600000
04416254;438303600000
04416251;438303600000
04416418;438303600000
04417618;438908400000
04417688;438908400000
04417546;438908400000
04418743;439513200000
04418745;439513200000
04418679;439513200000
04418866;439513200000
04419926;440118000000
04420034;440118000000
04420032;440118000000
04420115;440118000000
04420114;440118000000
04420677;440118000000
04421159;440722800000
04421062;440722800000
04422572;441327600000
04422573;441327600000
04423658;441932400000
04424934;442537200000
04426037;443142000000
04427056;443746800000
04427057;443746800000
04427150;443746800000
04429679;444956400000
04429540;444956400000
04429830;444956400000
04429829;444956400000
04432493;446166000000
04432339;446166000000
04432336;446166000000
04433557;446770800000
04433810;446770800000
04434746;447375600000
04434934;447375600000
04435959;447980400000
04436079;447980400000
04437481;448585200000
04438340;448585200000
04438777;449186400000
04438881;449186400000
04438729;449186400000
04440343;449791200000
04440342;449791200000
04440213;449791200000
04440212;449791200000
04444022;451605600000
04444156;451605600000
04445567;452210400000
04445583;452210400000
04445638;452210400000
04445639;452210400000
04445636;452210400000
04446912;452815200000
04448348;453420000000
04448347;453420000000
04448136;453420000000
04448037;453420000000
04449572;454024800000
04449511;454024800000
04450868;454629600000
04450829;454629600000
04452620;455234400000
04453669;455839200000
04454984;456444000000
04454861;456444000000
04454728;456444000000
04456024;457048800000
04456055;457048800000
04456173;457048800000
04456171;457048800000
04456172;457048800000
04456456;457048800000
04455994;457048800000
04457326;457653600000
04458498;458258400000
04459973;458863200000
04459815;458863200000
04460006;458863200000
04461345;459468000000
04461242;459468000000
04462541;460072800000
04462542;460072800000
04462385;460072800000
04462386;460072800000
04463801;460677600000
04465154;461282400000
04465123;461282400000
04466422;461887200000
04466568;461887200000
04467178;461887200000
04467781;462492000000
04467958;462492000000
04467959;462492000000
04467960;462492000000
04467862;462492000000
04469118;463096800000
04470542;463701600000
04470541;463701600000
04470759;463701600000
04471754;464306400000
04471907;464306400000
04473351;464911200000
04473109;464911200000
04473060;464911200000
04474018;465519600000
04474227;465519600000
04474325;465519600000
04475343;466124400000
04475530;466124400000
04475687;466124400000
04476851;466729200000
04476920;466729200000
04476921;466729200000
04477021;466729200000
04477020;466729200000
04477019;466729200000
04479533;467938800000
04479484;467938800000
04479606;467938800000
04479605;467938800000
04480591;468543600000
04480785;468543600000
04480786;468543600000
04481788;469148400000
04481934;469148400000
04482009;469148400000
04482092;469148400000
04483479;469753200000
04483388;469753200000
04483310;469753200000
04483277;469753200000
04484594;470358000000
04484567;470358000000
04487364;471567600000
04488681;472172400000
04489708;472777200000
04489568;472777200000
04492093;473986800000
04492084;473986800000
04493364;474591600000
04495899;475801200000
04495935;475801200000
04496099;475801200000
04497439;476406000000
04497438;476406000000
04498622;477010800000
04498624;477010800000
04498623;477010800000
04499365;477010800000
04501231;478220400000
04501232;478220400000
04501390;478220400000
04502392;478825200000
04502292;478825200000
04503902;479430000000
04504011;479430000000
04505327;480034800000
04505328;480034800000
04506521;480639600000
04507938;481240800000
04507936;481240800000
04508132;481240800000
04508162;481240800000
04508264;481240800000
04509680;481845600000
04509681;481845600000
04509679;481845600000
04509503;481845600000
04509588;481845600000
04510756;482450400000
04512387;483055200000
04512288;483055200000
04513911;483660000000
04515208;484264800000
04515307;484264800000
04516207;484264800000
04516563;484869600000
04516721;484869600000
04516720;484869600000
04517810;485474400000
04517807;485474400000
04518117;485474400000
04518847;485474400000
04519540;486079200000
04519772;486079200000
04519218;486079200000
04520258;486079200000
04520836;486684000000
04520769;486684000000
04520740;486684000000
04522253;487288800000
04522219;487288800000
04523517;487893600000
04523518;487893600000
04523438;487893600000
04523714;487893600000
04523716;487893600000
04523605;487893600000
04523633;487893600000
04524909;488498400000
04524910;488498400000
04527246;489103200000
04526319;489103200000
04527618;489708000000
04527548;489708000000
04527733;489708000000
04529033;490312800000
04529123;490312800000
04529120;490312800000
04530658;490917600000
04531671;491522400000
04531379;491522400000
04532778;492127200000
04533081;492127200000
04534321;492732000000
04534507;492732000000
04535933;493336800000
04535934;493336800000
04536151;493336800000
04537117;493941600000
04537178;493941600000
04537345;493941600000
04537349;493941600000
04537348;493941600000
04538418;494546400000
04538760;494546400000
04540874;495151200000
04541561;495756000000
04541448;495756000000
04541408;495756000000
04542849;496360800000
04542850;496360800000
04543468;496360800000
04545526;497574000000
04548355;498783600000
04549471;499388400000
04549692;499388400000
04550689;499993200000
04552305;500598000000
04553401;501202800000
04553402;501202800000
04553697;501202800000
04556171;502412400000
04557321;503017200000
04557248;503017200000
04557249;503017200000
04557220;503017200000
04558689;503622000000
04558958;503622000000
04558571;503622000000
04559994;504226800000
04559788;504226800000
04561422;504831600000
04561421;504831600000
04562890;505436400000
04562956;505436400000
04562955;505436400000
04562957;505436400000
04562954;505436400000
04564142;506041200000
04567351;507250800000
04567353;507250800000
04566628;507250800000
04568264;507855600000
04570850;509065200000
04572111;509670000000
04572429;509670000000
04572430;509670000000
04573635;510274800000
04575003;510879600000
04575002;510879600000
04575001;510879600000
04576221;511484400000
04576122;511484400000
04576333;511484400000
04576332;511484400000
04577800;512089200000
04580720;513295200000
04580621;513295200000
04580486;513295200000
04582042;513900000000
04582252;513900000000
04584987;515109600000
04584985;515109600000
04585165;515109600000
04585054;515109600000
04587401;515714400000
04588124;516319200000
04588125;516319200000
04591691;517528800000
04591153;517528800000
04590888;517528800000
04592504;518133600000
04592412;518133600000
04593176;518133600000
04593531;518738400000
04593852;518738400000
04593853;518738400000
04595356;519343200000
04596284;519948000000
04596209;519948000000
04597376;520552800000
04598669;521157600000
04599992;521762400000
04599868;521762400000
04601426;522367200000
04604991;524181600000
04604974;524181600000
04605232;524181600000
04605164;524181600000
04605163;524181600000
04607169;524786400000
04606399;524786400000
04606325;524786400000
04608474;525391200000
04607791;525391200000
04608829;525996000000
04611466;527205600000
04611654;527205600000
04611652;527205600000
04611622;527205600000
04613073;527810400000
04613071;527810400000
04613072;527810400000
04612878;527810400000
04615483;529023600000
04615262;529023600000
04620339;531442800000
04623092;532652400000
04623093;532652400000
04622947;532652400000
04625910;533862000000
04625911;533862000000
04627483;534466800000
04627484;534466800000
04627412;534466800000
04628798;535071600000
04628696;535071600000
04629116;535071600000
04629117;535071600000
04630771;535676400000
04632306;536281200000
04632180;536281200000
04633820;536886000000
04633908;536886000000
04633768;536886000000
04637349;538095600000
04637347;538095600000
04638767;538700400000
04638828;538700400000
04638853;538700400000
04638944;538700400000
04638943;538700400000
04640340;539305200000
04640458;539305200000
04640232;539305200000
04640262;539305200000
04645125;541119600000
04646966;541724400000
04646815;541724400000
04646818;541724400000
04646814;541724400000
04649959;542934000000
04651680;543538800000
04651681;543538800000
04651923;543538800000
04653465;544140000000
04653573;544140000000
04653287;544140000000
04653689;544140000000
04653729;544140000000
04657038;545349600000
04657180;545349600000
04656877;545349600000
04660543;546559200000
04660761;546559200000
04662433;547164000000
04662187;547164000000
04662561;547164000000
04662562;547164000000
04664068;547768800000
04665890;548373600000
04667876;548978400000
04667875;548978400000
04669973;549583200000
04669656;549583200000
04671252;550188000000
04671459;550188000000
04672990;550792800000
04676434;552002400000
04676222;552002400000
04678118;552607200000
04679615;553212000000
04679730;553212000000
04679729;553212000000
04679728;553212000000
04681257;553816800000
04681153;553816800000
04682549;554421600000
04682581;554421600000
04682579;554421600000
04682476;554421600000
04683941;555026400000
04686378;555631200000
04685616;555631200000
04685617;555631200000
04687133;556236000000
04688717;556840800000
04688718;556840800000
04688547;556840800000
04688473;556840800000
04690102;557445600000
04690203;557445600000
04690324;557445600000
04691687;558050400000
04691862;558050400000
04691666;558050400000
04693416;558655200000
04693417;558655200000
04694891;559260000000
04694658;559260000000
04695052;559260000000
04696427;559868400000
04697065;559868400000
04697735;560473200000
04697434;560473200000
04699315;561078000000
04699316;561078000000
04699317;561078000000
04699091;561078000000
04700886;561682800000
04700889;561682800000
04700887;561682800000
04700888;561682800000
04702307;562287600000
04703889;562892400000
04703888;562892400000
04705213;563497200000
04705214;563497200000
04706883;564102000000
04706884;564102000000
04708287;564706800000
04707995;564706800000
04709855;565311600000
04709854;565311600000
04711204;565916400000
04712608;566521200000
04712734;566521200000
04712515;566521200000
04713525;566521200000
04714194;567126000000
04715192;567730800000
04715077;567730800000
04717402;568335600000
04718478;568940400000
04718401;568940400000
04718249;568940400000
04718922;568940400000
04718602;568940400000
04718601;568940400000
04718600;568940400000
04721066;570150000000
04722197;570754800000
04723533;571359600000
04723705;571359600000
04724898;571964400000
04724798;571964400000
04726514;572569200000
04728029;573174000000
04727854;573174000000
04730771;574383600000
04730637;574383600000
04732319;574988400000
04733635;575589600000
04733721;575589600000
04735130;576194400000
04735257;576194400000
04735061;576194400000
04736730;576799200000
04738396;577404000000
04738394;577404000000
04739926;578008800000
04739746;578008800000
04741391;578613600000
04741477;578613600000
04742957;579218400000
04744747;579823200000
04747537;581032800000
04748968;581637600000
04749028;581637600000
04750546;582242400000
04750671;582242400000
04750672;582242400000
04750673;582242400000
04750472;582242400000
04751823;582847200000
04751873;582847200000
04751910;582847200000
04753178;583452000000
04753219;583452000000
04753217;583452000000
04754614;584056800000
04754607;584056800000
04756475;584661600000
04756359;584661600000
04757944;585266400000
04757718;585266400000
04759499;585871200000
04759497;585871200000
04762170;587080800000
04764024;587685600000
04763682;587685600000
04766951;588895200000
04766925;588895200000
04766878;588895200000
04768708;589500000000
04768707;589500000000
04768495;589500000000
04770134;590104800000
04770341;590104800000
04771942;590709600000
04773391;591318000000
04773388;591318000000
04773309;591318000000
04773588;591318000000
04773589;591318000000
04775102;591922800000
04775944;591922800000
04776180;592527600000
04779795;593737200000
04779673;593737200000
04781242;594342000000
04781151;594342000000
04782815;594946800000
04782888;594946800000
04782889;594946800000
04784110;595551600000
04784173;595551600000
04787365;596761200000
04787210;596761200000
04789098;597366000000
04790477;597970800000
04790478;597970800000
04791274;597970800000
04792091;598575600000
04791887;598575600000
04791981;598575600000
04794537;599180400000
04798327;600994800000
04798056;600994800000
04798240;600994800000
04798176;600994800000
04799621;601599600000
04802341;602809200000
04802529;602809200000
04803958;603414000000
04803846;603414000000
04805689;604018800000
04809727;605228400000
04809517;605228400000
04811543;605833200000
04814579;606438000000
04813396;606438000000
04815526;607039200000
04815658;607039200000
04815491;607039200000
04817707;607644000000
04819715;608248800000
04819587;608248800000
04821792;608853600000
04821956;608853600000
04821682;608853600000
04824363;609458400000
04824014;609458400000
04823768;609458400000
04823770;609458400000
04823682;609458400000
04825847;610063200000
04828018;610668000000
04828170;610668000000
04828171;610668000000
04830276;611272800000
04830275;611272800000
04830098;611272800000
04829914;611272800000
04831827;611877600000
04832259;611877600000
04834285;612482400000
04834049;612482400000
04836445;613087200000
04836444;613087200000
04836184;613087200000
04836116;613087200000
04840220;614296800000
04843273;614901600000
04842046;614901600000
04842193;614901600000
04841740;614901600000
04844020;615506400000
04844150;615506400000
04844335;615506400000
04844334;615506400000
04844336;615506400000
04846617;616111200000
04846258;616111200000
04847468;616111200000
04848277;616716000000
04848655;616716000000
04850310;617320800000
04850264;617320800000
04852638;617925600000
04852639;617925600000
04852601;617925600000
04852366;617925600000
04852799;617925600000
04852797;617925600000
04852798;617925600000
04854381;618530400000
04858518;619740000000
04858825;619740000000
04860951;620344800000
04860552;620344800000
04863100;620949600000
04862951;620949600000
04865120;621554400000
04865251;621554400000
04865249;621554400000
04864972;621554400000
04867377;622159200000
04867376;622159200000
04870253;622767600000
04869070;622767600000
04871113;623372400000
04873421;623977200000
04872444;623977200000
04873842;624582000000
04873840;624582000000
04874036;624582000000
04874921;624582000000
04877184;625791600000
04880157;627001200000
04880051;627001200000
04880031;627001200000
04881610;627606000000
04883226;628210800000
04883082;628210800000
04884780;628815600000
04884744;628815600000
04884743;628815600000
04884556;628815600000
04885915;629420400000
04887586;630025200000
04892476;631839600000
04892248;631839600000
04892045;631839600000
04892830;631839600000
04893749;632444400000
04893748;632444400000
04897798;633654000000
04896829;633654000000
04896830;633654000000
04896831;633654000000
04896508;633654000000
04898325;634258800000
04898146;634258800000
04898152;634258800000
04899809;634863600000
04899931;634863600000
04901919;635468400000
04901788;635468400000
04901537;635468400000
04904846;636073200000
04903615;636073200000
04905895;636678000000
04905893;636678000000
04905894;636678000000
04907738;637282800000
04907739;637282800000
04907497;637282800000
04909045;637887600000
04909312;637887600000
04910969;638488800000
04911359;638488800000
04915615;639698400000
04915296;639698400000
04915297;639698400000
04919084;640908000000
04918933;640908000000
04920276;640908000000
04921163;641512800000
04921166;641512800000
04920759;641512800000
04922861;642117600000
04925093;642722400000
04925091;642722400000
04925092;642722400000
04927077;643327200000
04928754;643932000000
04928752;643932000000
04928667;643932000000
04930540;644536800000
04932429;645141600000
04935599;645746400000
04934924;645746400000
04934451;645746400000
04936505;646351200000
04936341;646351200000
04938172;646956000000
04940182;647560800000
04940041;647560800000
04940082;647560800000
04940083;647560800000
04941609;648165600000
04942863;648770400000
04943003;648770400000
04944453;649375200000
04944454;649375200000
04946097;649980000000
04946098;649980000000
04947930;650584800000
04947656;650584800000
04949903;651189600000
04949779;651189600000
04949553;651189600000
04951871;651794400000
04951741;651794400000
04953851;652399200000
04953536;652399200000
04955930;653004000000
04958766;654213600000
04962884;656031600000
04962883;656031600000
04962749;656031600000
04964797;656636400000
04966127;657241200000
04967780;657846000000
04967726;657846000000
04971136;659055600000
04971245;659055600000
04972992;659660400000
04972679;659660400000
04974778;660265200000
04974664;660265200000
04974667;660265200000
04976463;660870000000
04976464;660870000000
04976309;660870000000
04978291;661474800000
04978063;661474800000
04978064;661474800000
04979374;662079600000
04981262;662684400000
04981263;662684400000
04982895;663289200000
04984736;663894000000
04989781;665708400000
04993235;666918000000
04993630;666918000000
04995241;667522800000
04996950;668127600000
04996845;668127600000
05000259;669337200000
05004150;670543200000
05003788;670543200000
05007582;671752800000
05007583;671752800000
05009220;672357600000
05012070;672962400000
05012763;673567200000
05012859;673567200000
05014770;674172000000
05014910;674172000000
05014911;674172000000
05016609;674776800000
05016705;674776800000
05016704;674776800000
05016815;674776800000
05018490;675381600000
05020721;675986400000
05020320;675986400000
05022231;676591200000
05022459;676591200000
05025130;677196000000
05024377;677196000000
05024379;677196000000
05025985;677800800000
05025986;677800800000
05029442;679010400000
05031690;679615200000
05033451;680220000000
05033450;680220000000
05033673;680220000000
05037292;681429600000
05039007;682034400000
05038751;682034400000
05038850;682034400000
05040725;682639200000
05042431;683244000000
05042570;683244000000
05042566;683244000000
05044425;683848800000
05046481;684453600000
05046663;684453600000
05048753;685058400000
05048752;685058400000
05050396;685663200000
05050486;685663200000
05050796;685663200000
05052187;686271600000
05052282;686271600000
05053978;686271600000
05054542;686876400000
05054526;686876400000
05056714;687481200000
05056713;687481200000
05060601;688690800000
05060855;688690800000
05062352;689295600000
05062473;689295600000
05062280;689295600000
05063513;689295600000
05064117;689900400000
05067330;691110000000
05067652;691110000000
05070931;692319600000
05072879;692924400000
05074464;693529200000
05076254;694134000000
05076494;694134000000
05078203;694738800000
05078317;694738800000
05078318;694738800000
05080166;695343600000
05082176;695948400000
05082175;695948400000
05082174;695948400000
05086022;697158000000
05085267;697158000000
05085266;697158000000
05085269;697158000000
05086626;697762800000
05086731;697762800000
05088296;698367600000
05088646;698367600000
05090617;698972400000
05090896;698972400000
05093895;699577200000
05092518;699577200000
05092521;699577200000
05094224;700182000000
05095715;700786800000
05095936;700786800000
05098036;701391600000
05097893;701391600000
05101883;702597600000
05104037;703202400000
05106018;703807200000
05106447;703807200000
05109677;705016800000
05109807;705016800000
05109755;705016800000
05111875;705621600000
05113891;706226400000
05113892;706226400000
05115116;706226400000
05114071;706226400000
05115969;706831200000
05118038;707436000000
05118039;707436000000
05119988;708040800000
05121739;708645600000
05121880;708645600000
05123262;709250400000
05123594;709250400000
05123595;709250400000
05125572;709855200000
05127576;710460000000
05129578;711064800000
05131589;711669600000
05131458;711669600000
05133041;711669600000
05135046;712879200000
05137213;713484000000
05137445;713484000000
05139011;714088800000
05149654;717112800000
05156204;719535600000
05162038;721350000000
05161739;721350000000
05165250;722559600000
05165596;722559600000
05165595;722559600000
05165597;722559600000
05167677;723164400000
05169063;723769200000
05170936;724374000000
05170773;724374000000
05172857;724978800000
05172753;724978800000
05174254;725583600000
05174365;725583600000
05178323;726793200000
05178324;726793200000
05181553;728002800000
05181655;728002800000
05181656;728002800000
05183029;728607600000
05184773;729212400000
05184600;729212400000
05186237;729817200000
05187349;729817200000
05188288;730422000000
05189887;731026800000
05190025;731026800000
05190096;731026800000
05190215;731026800000
05192021;731631600000
05192022;731631600000
05191874;731631600000
05193138;731631600000
05195886;732841200000
05195328;732841200000
05199486;734047200000
05203498;735256800000
05203499;735256800000
05203500;735256800000
05205250;735861600000
05205133;735861600000
05207075;736466400000
05209401;737071200000
05211333;737676000000
05211334;737676000000
05216224;738885600000
05218844;740095200000
05219017;740095200000
05221043;740700000000
05220937;740700000000
05222661;741304800000
05224445;741909600000
05224650;741909600000
05226593;742514400000
05226594;742514400000
05226592;742514400000
05226595;742514400000
05230468;743724000000
05230326;743724000000
05232153;744328800000
05233969;744933600000
05235866;745538400000
05240179;746748000000
05240406;746748000000
05239838;746748000000
05243826;747957600000
05244037;747957600000
05244035;747957600000
05248084;749170800000
05248085;749170800000
05249742;749775600000
05249956;749775600000
05250261;749775600000
05251816;750380400000
05255338;750985200000
05253635;750985200000
05253806;750985200000
05253805;750985200000
05257738;752194800000
05261928;753404400000
05263892;754009200000
05265673;754614000000
05267552;755218800000
05271559;756428400000
05273105;757033200000
05273210;757033200000
05273209;757033200000
05275012;757638000000
05277365;758242800000
05279459;758847600000
05280852;759452400000
05285047;760662000000
05284204;760662000000
05285962;761266800000
05285963;761266800000
05287567;761871600000
05287876;761871600000
05292065;763081200000
05291960;763081200000
05291941;763081200000
05294050;763686000000
05294051;763686000000
05293928;763686000000
05299278;764892000000
05297729;764892000000
05299329;765496800000
05299554;765496800000
05299631;765496800000
05301873;766101600000
05305823;767311200000
05305735;767311200000
05305954;767311200000
05307849;767916000000
05312037;769125600000
05318100;770940000000
05320166;771544800000
05322217;772149600000
05323844;772754400000
05325821;773359200000
05325912;773359200000
05327744;773964000000
05327737;773964000000
05332028;775173600000
05333678;775778400000
05333679;775778400000
05335607;776383200000
05337729;776988000000
05341455;777592800000
05340020;777592800000
05340022;777592800000
05341843;778197600000
05344071;778802400000
05343935;778802400000
05347825;780012000000
05350114;780620400000
05351884;781225200000
05353986;781830000000
05356337;782434800000
05358178;783039600000
05361795;784249200000
05361751;784249200000
05361601;784249200000
05361865;784249200000
05363673;784854000000
05367601;785458800000
05367602;785458800000
05366152;785458800000
05366153;785458800000
05366150;785458800000
05366151;785458800000
05369597;786063600000
05370307;786668400000
05372185;787273200000
05377661;789087600000
05381902;790297200000
05383247;790902000000
05385299;791506800000
05385298;791506800000
05388423;792716400000
05390660;793321200000
05392611;793926000000
05392737;793926000000
05403233;796946400000
05405079;797551200000
05407130;798156000000
05406934;798156000000
05413279;799970400000
05417368;801180000000
05418131;801180000000
05423374;802994400000
05425503;803599200000
05429179;804808800000
05431340;805413600000
05433266;806018400000
05433379;806018400000
05435485;806623200000
05440486;807832800000
05443207;809042400000
05443206;809042400000
05443208;809042400000
05445329;809647200000
05447693;810252000000
05449113;810856800000
05454428;812674800000
05454512;812674800000
05456408;813279600000
05456409;813279600000
05460328;814489200000
05460415;814489200000
05461876;815094000000
05467006;816303600000
05469913;817513200000
05470019;817513200000
05479912;820537200000
05480093;820537200000
05485879;822351600000
05488968;823561200000
05494097;825375600000
05497941;826585200000
05501267;827794800000
05501265;827794800000
05505251;829000800000
05509274;830210400000
05509604;830210400000
05518449;832629600000
05517822;832629600000
05522234;833839200000
05524820;834444000000
05529112;835653600000
05531378;836258400000
05531264;836258400000
05533568;836863200000
05533669;836863200000
05535944;837468000000
05538031;838072800000
05538072;838072800000
05538472;838072800000
05537956;838072800000
05542603;839282400000
05544645;839887200000
05545085;839887200000
05547127;840492000000
05549153;841096800000
05551384;841701600000
05553636;842306400000
05556028;842911200000
05556027;842911200000
05555850;842911200000
05558273;843516000000
05560350;844120800000
05564627;845330400000
05566881;845935200000
05566880;845935200000
05573183;847753200000
05573184;847753200000
05573182;847753200000
05572985;847753200000
05577661;848962800000
05579996;849567600000
05582236;850172400000
05582238;850172400000
05584269;850777200000
05586720;851382000000
05586721;851382000000
05586449;851382000000
05588591;851986800000
05590832;852591600000
05593088;853196400000
05601142;855615600000
05605453;856825200000
05605642;856825200000
05607013;857430000000
05617504;859845600000
05617994;860450400000
05617995;860450400000
05619935;861055200000
05622311;861660000000
05622221;861660000000
05632442;864684000000
05632443;864684000000
05635397;865288800000
05643482;867708000000
05643522;867708000000
05647534;868917600000
05647533;868917600000
05653904;870732000000
05653387;870732000000
05653386;870732000000
05655710;871336800000
05660329;872546400000
05664730;873756000000
05667710;874360800000
05669555;874965600000
05669228;874965600000
05671773;875570400000
05678420;877384800000
05678759;877384800000
05678760;877384800000
05678761;877384800000
05681492;877993200000
05683031;878598000000
05687790;879807600000
05687908;879807600000
05692390;881017200000
05692676;881017200000
05692535;881017200000
05695118;881622000000
05697546;882226800000
05697551;882226800000
05699851;882831600000
05699960;882831600000
05701949;883436400000
05702055;883436400000
05704219;884041200000
05704545;884041200000
05707008;884646000000
05707007;884646000000
05707006;884646000000
05707227;884646000000
05711368;885855600000
05711258;885855600000
05718375;887670000000
05718374;887670000000
05721804;888274800000
05722588;888879600000
05725048;889484400000
05727396;890089200000
05727731;890089200000
05727730;890089200000
05730355;890694000000
05730356;890694000000
05730168;890694000000
05730089;890694000000
05732880;891295200000
05732764;891295200000
05735338;891900000000
05735238;891900000000
05738277;892504800000
05738506;892504800000
05740681;893109600000
05743466;893714400000
05743467;893714400000
05749516;894924000000
05752655;895528800000
05752654;895528800000
05755379;896133600000
05755380;896133600000
05758820;896738400000
05762267;897343200000
05762266;897343200000
05765511;897948000000
05769316;898552800000
05772113;899157600000
05775583;899762400000
05775582;899762400000
05775581;899762400000
05775407;899762400000
05779143;900367200000
05788149;902181600000
05788148;902181600000
05788152;902181600000
05788150;902181600000
05788151;902181600000
05792427;902786400000
05791558;902786400000
05794575;903391200000
05794845;903391200000
05796332;903391200000
05799869;904600800000
05799867;904600800000
05799723;904600800000
05806763;905810400000
05810246;906415200000
05816496;907624800000
05816495;907624800000
05816494;907624800000
05819843;908229600000
05829677;910047600000
05829676;910047600000
05829675;910047600000
05831514;910047600000
05832639;910652400000
05836380;911257200000
05836270;911257200000
05839656;911862000000
05839655;911862000000
05840248;911862000000
05842635;912466800000
05842636;912466800000
05847266;913071600000
05845485;913071600000
05855320;915490800000
05855319;915490800000
05860595;916700400000
05865369;917910000000
05871033;919119600000
05871151;919119600000
05871150;919119600000
05871149;919119600000
05875740;920329200000
05875741;920329200000
05875742;920329200000
05879491;920934000000
05878806;920934000000
05878810;920934000000
05878951;920934000000
05878950;920934000000
05881763;921538800000
05881712;921538800000
05881952;921538800000
05881953;921538800000
05881682;921538800000
05884839;922143600000
05884587;922143600000
05884697;922143600000
05887582;922744800000
05887551;922744800000
05887559;922744800000
05887786;922744800000
05887785;922744800000
05893407;923954400000
05894834;924559200000
05894988;924559200000
05897056;925164000000
05900178;925768800000
05899262;925768800000
05901572;926373600000
05901780;926373600000
05903060;926373600000
05906055;927583200000
05906109;927583200000
05906104;927583200000
05906177;927583200000
05908069;928188000000
05911361;929397600000
05913306;930002400000
05915620;930607200000
05915619;930607200000
05918805;931212000000
05918668;931212000000
05921467;931816800000
05921100;931816800000
05927269;933026400000
05927381;933026400000
05931379;933631200000
05931380;933631200000
05931381;933631200000
05934013;934236000000
05934360;934236000000
05938429;934840800000
05938115;934840800000
05938114;934840800000
05941089;935445600000
05941204;935445600000
05941220;935445600000
05947717;936655200000
05947374;936655200000
05947373;936655200000
05947376;936655200000
05947375;936655200000
05947107;936655200000
05947108;936655200000
05946927;936655200000
05946929;936655200000
05950575;937260000000
05950752;937260000000
05950720;937260000000
05950711;937260000000
05955006;937864800000
05954120;937864800000
05954266;937864800000
05957121;938469600000
05957378;938469600000
05957377;938469600000
05964215;939679200000
05964402;939679200000
05967411;940284000000
05966954;940284000000
05971289;940888800000
05971291;940888800000
05971292;940888800000
05971290;940888800000
05970972;940888800000
05975422;941497200000
05975421;941497200000
05979075;942102000000
05979781;942102000000
05979782;942102000000
05983146;942102000000
05984198;942706800000
05983987;942706800000
05983989;942706800000
05983990;942706800000
05988156;943311600000
05988264;943311600000
05992507;943916400000
05993191;943916400000
05993312;943916400000
05995889;943916400000
06003596;945730800000
06006998;946335600000
06006997;946335600000
06010076;946940400000
06014966;948150000000
06016967;948754800000
06018138;948754800000
06019163;949359600000
06021957;949964400000
06021843;949964400000
06021752;949964400000
06024291;950569200000
06024292;950569200000
06027032;951174000000
06029367;951778800000
06030504;951778800000
06034352;952383600000
06032723;952383600000
06032869;952383600000
06032868;952383600000
06035932;952988400000
06037567;952988400000
06039264;953593200000
06039006;953593200000
06039007;953593200000
06040561;953593200000
06042016;954194400000
06042017;954194400000
06041820;954194400000
06047896;955404000000
06047695;955404000000
06047666;955404000000
06049997;956008800000
06053416;956613600000
06053418;956613600000
06055848;957218400000
06058928;957823200000
06059198;957823200000
06059197;957823200000
06059018;957823200000
06062485;958428000000
06062483;958428000000
06068046;959637600000
06071071;960242400000
06073690;960847200000
06073857;960847200000
06073858;960847200000
06073407;960847200000
06076593;961452000000
06078107;961452000000
06079629;962056800000
06079218;962056800000
06082626;962661600000
06082625;962661600000
06082316;962661600000
06085985;963266400000
06089221;963871200000
06089465;963871200000
06092734;964476000000
06092592;964476000000
06095235;965080800000
06098894;965685600000
06101984;966290400000
06102114;966290400000
06102297;966290400000
06105876;966895200000
06105667;966895200000
06105666;966895200000
06106282;966895200000
06109533;967500000000
06109532;967500000000
06109534;967500000000
06109339;967500000000
06109346;967500000000
06115657;968104800000
06117687;968709600000
06116513;968709600000
06116514;968709600000
06116329;968709600000
06119951;969314400000
06123267;969919200000
06123147;969919200000
06126081;970524000000
06126082;970524000000
06129523;971128800000
06129287;971128800000
06129167;971128800000
06131536;971733600000
06131645;971733600000
06131652;971733600000
06133548;971733600000
06135201;972338400000
06138749;972946800000
06138919;972946800000
06138920;972946800000
06138662;972946800000
06142728;973551600000
06145754;974156400000
06149066;974761200000
06148910;974761200000
06152217;975366000000
06152377;975366000000
06155296;975970800000
06158665;976575600000
06158231;976575600000
06161768;977180400000
06164554;977785200000
06164553;977785200000
06164367;977785200000
06168086;978390000000
06169344;978390000000
06171185;978994800000
06175782;979599600000
06176306;980204400000
06177271;980204400000
06182903;981414000000
06186885;982018800000
06186883;982018800000
06189801;982623600000
06196246;983833200000
06202935;985042800000
06206092;985644000000
06206296;985644000000
06206084;985644000000
06209795;986248800000
06209796;986248800000
06213406;986853600000
06213405;986853600000
06213198;986853600000
06212894;986853600000
06216957;987458400000
06220521;988063200000
06220522;988063200000
06220520;988063200000
06220523;988063200000
06224478;988668000000
06227453;989272800000
06227452;989272800000
06227451;989272800000
06227194;989272800000
06232679;989877600000
06233951;990482400000
06234400;990482400000
06237855;991087200000
06240718;991692000000
06244335;992296800000
06244232;992296800000
06250561;993506400000
06255103;994111200000
06254474;994111200000
06254011;994111200000
06253841;994111200000
06257230;994716000000
06260608;995320800000
06260766;995320800000
06270016;997135200000
06270015;997135200000
06269872;997135200000
06276872;998344800000
06276148;998344800000
06283382;999554400000
06289685;1000764000000
06290142;1000764000000
06299071;1002578400000
06304803;1003183200000
06305612;1003788000000
06305462;1003788000000
06308896;1004396400000
06308895;1004396400000
06308770;1004396400000
06311764;1005001200000
06312886;1005001200000
06321997;1006815600000
06321996;1006815600000
06325298;1007420400000
06325297;1007420400000
06328220;1008025200000
06330910;1008630000000
06330980;1008630000000
06330979;1008630000000
06332580;1009234800000
06332330;1009234800000
06341814;1012258800000
06341648;1012258800000
06345769;1013468400000
06345770;1013468400000
06347748;1014073200000
06347527;1014073200000
06352208;1015282800000
06352102;1015282800000
06352106;1015282800000
06354511;1015887600000
06357246;1016492400000
06360958;1017097200000
06364213;1017698400000
06364212;1017698400000
06364010;1017698400000
06367703;1018303200000
06367260;1018303200000
06371381;1018908000000
06371202;1018908000000
06375087;1019512800000
06378777;1020117600000
06382518;1020722400000
06383672;1020722400000
06386965;1021327200000
06386279;1021327200000
06390381;1021932000000
06389772;1021932000000
06394361;1022536800000
06397942;1023141600000
06405933;1024351200000
06405793;1024351200000
06405688;1024351200000
06409090;1024956000000
06415986;1026165600000
06415866;1026165600000
06419006;1026770400000
06422477;1027375200000
06422308;1027375200000
06422309;1027375200000
06425818;1027980000000
06427924;1028584800000
06427923;1028584800000
06427770;1028584800000
06427474;1028584800000
06431460;1029189600000
06431461;1029189600000
06431457;1029189600000
06431459;1029189600000
06431124;1029189600000
06435420;1029794400000
06435419;1029794400000
06439469;1030399200000
06439296;1030399200000
06448535;1031608800000
06446877;1031608800000
06450414;1032213600000
06454179;1032818400000
06454180;1032818400000
06453993;1032818400000
06460607;1034028000000
06463998;1034632800000
06463999;1034632800000
06464715;1034632800000
06464027;1034632800000
06467698;1035237600000
06467537;1035237600000
06471136;1035846000000
06471137;1035846000000
06470837;1035846000000
06474561;1036450800000
06474406;1036450800000
06481636;1037660400000
06484951;1038265200000
06484755;1038265200000
06489598;1038870000000
06488214;1038870000000
06488077;1038870000000
06508409;1043103600000
06526921;1046732400000
06527548;1046732400000
06530426;1047337200000
06533025;1047942000000
06533184;1047942000000
06533185;1047942000000
06533186;1047942000000
06536458;1048546800000
06536678;1048546800000
06536677;1048546800000
06536679;1048546800000
06536680;1048546800000
06540150;1049148000000
06540151;1049148000000
06543531;1049752800000
06543698;1049752800000
06547152;1050357600000
06547153;1050357600000
06546898;1050357600000
06550687;1050962400000
06550688;1050962400000
06557773;1052172000000
06557774;1052172000000
06557772;1052172000000
06560978;1052776800000
06564567;1053381600000
06565012;1053381600000
06568468;1053986400000
06572026;1054591200000
06572370;1054591200000
06575233;1055196000000
06575379;1055196000000
06578771;1055800800000
06578830;1055800800000
06581678;1056405600000
06588495;1057615200000
06591901;1058220000000
06593131;1058220000000
06595276;1058824800000
06595431;1058824800000
06595433;1058824800000
06595432;1058824800000
06598599;1059429600000
06598665;1059429600000
06598671;1059429600000
06601639;1060034400000
06601773;1060034400000
06604576;1060639200000
06607029;1061244000000
06607142;1061244000000
06607141;1061244000000
06609664;1061848800000
06612267;1062453600000
06612504;1062453600000
06616060;1063058400000
06616059;1063058400000
06619557;1063663200000
06622787;1064268000000
06622929;1064268000000
06622930;1064268000000
06626234;1064872800000
06638031;1067295600000
06640570;1067900400000
06640889;1067900400000
06644398;1068505200000
06644559;1068505200000
06647302;1068505200000
06648236;1069110000000
06659167;1070924400000
06659361;1070924400000
06662864;1071529200000
06663011;1071529200000
06666681;1072134000000
06668572;1072738800000
06669102;1072738800000
06676027;1073948400000
06676028;1073948400000
06679320;1074553200000
06679432;1074553200000
06679433;1074553200000
06679434;1074553200000
06679771;1074553200000
06684944;1075762800000
06691526;1076972400000
06691925;1076972400000
06694175;1076972400000
06695046;1077577200000
06695037;1077577200000
06695743;1077577200000
06698223;1078182000000
06701795;1078786800000
06702008;1078786800000
06702189;1078786800000
06702191;1078786800000
06702190;1078786800000
06705287;1079391600000
06705535;1079391600000
06708083;1079391600000
06712027;1080597600000
06712283;1080597600000
06712282;1080597600000
06715540;1081202400000
06715691;1081202400000
06722576;1082412000000
06724983;1082412000000
06725679;1083016800000
06726115;1083016800000
06726114;1083016800000
06729151;1083621600000
06729390;1083621600000
06729551;1083621600000
06732940;1084226400000
06732942;1084226400000
06732941;1084226400000
06735969;1084831200000
06736190;1084831200000
06736329;1084831200000
06736327;1084831200000
06739097;1085436000000
06739517;1085436000000
06739868;1085436000000
06743012;1086040800000
06742516;1086040800000
06745829;1086645600000
06749014;1087250400000
06749008;1087250400000
06754541;1087855200000
06758260;1089064800000
06758740;1089064800000
06761135;1089669600000
06761210;1089669600000
06766962;1090879200000
06772045;1091484000000
06769481;1091484000000
06769476;1091484000000
06769623;1091484000000
06772712;1092088800000
06772722;1092088800000
06775981;1092693600000
06775999;1092693600000
06776222;1092693600000
06776227;1092693600000
06779737;1093298400000
06786422;1094508000000
06786816;1094508000000
06789607;1095112800000
06789617;1095112800000
06792201;1095112800000
06792898;1095717600000
06793147;1095717600000
06799727;1096927200000
06805298;1098136800000
06808119;1098741600000
06808018;1098741600000
06810952;1099350000000
06811395;1099350000000
06813631;1099350000000
06820818;1101164400000
06823935;1101769200000
06823820;1101769200000
06827141;1102374000000
06834714;1104188400000
06834710;1104188400000
06834709;1104188400000
06837443;1104793200000
06837307;1104793200000
06843312;1106002800000
06843426;1106002800000
06843425;1106002800000
06848726;1107212400000
06852361;1107817200000
06857578;1109026800000
06859687;1109026800000
06860430;1109631600000
06871790;1112047200000
06874695;1112652000000
06874694;1112652000000
06874693;1112652000000
06874575;1112652000000
06877550;1113256800000
06877670;1113256800000
06880762;1113861600000
06880620;1113861600000
06883590;1114466400000
06883467;1114466400000
06886626;1115071200000
06889910;1115676000000
06889911;1115676000000
06892808;1116280800000
06892807;1116280800000
06896191;1116885600000
06902391;1118095200000
06905072;1118700000000
06905076;1118700000000
06908039;1119304800000
06910526;1119909600000
06910448;1119909600000
06913067;1120514400000
06913458;1120514400000
06915959;1121119200000
06918543;1121724000000
06920921;1122328800000
06920922;1122328800000
06920914;1122328800000
06922963;1122933600000
06926077;1123538400000
06926207;1123538400000
06926206;1123538400000
06929190;1124143200000
06932151;1124748000000
06932148;1124748000000
06935421;1125352800000
06935361;1125352800000
06935567;1125352800000
06938581;1125957600000
06938677;1125957600000
06938828;1125957600000
06945323;1127167200000
06945324;1127167200000
06945770;1127167200000
06955303;1129586400000
06957696;1130191200000
06959669;1130799600000
06959561;1130799600000
06959754;1130799600000
06962150;1131404400000
06962195;1131404400000
06971585;1133823600000
06971440;1133823600000
06973959;1134428400000
06977591;1135033200000
06981545;1136242800000
06981651;1136242800000
06981649;1136242800000
06983890;1136847600000
06990830;1138662000000
06991027;1138662000000
06994268;1139266800000
06994157;1139266800000
07000847;1140476400000
07004245;1141081200000
07007857;1141686000000
07007858;1141686000000
07007856;1141686000000
07011179;1142290800000
07013842;1142895600000
07017528;1143496800000
07017828;1143496800000
07017659;1143496800000
07021554;1144101600000
07021553;1144101600000
07021552;1144101600000
07021372;1144101600000
07021073;1144101600000
07022008;1144101600000
07024877;1144706400000
07025026;1144706400000
07028915;1145311200000
07028913;1145311200000
07028767;1145311200000
07028643;1145311200000
07032544;1145916000000
07032333;1145916000000
07037187;1146520800000
07036746;1146520800000
07040545;1147125600000
07040544;1147125600000
07044398;1147730400000
07044399;1147730400000
07048201;1148335200000
07048200;1148335200000
07048036;1148335200000
07048044;1148335200000
07051947;1148940000000
07055760;1149544800000
07055590;1149544800000
07055591;1149544800000
07056173;1149544800000
07059537;1150149600000
07059536;1150149600000
07060936;1150149600000
07063137;1150754400000
07066396;1151359200000
07066239;1151359200000
07066729;1151359200000
07069983;1151964000000
07069880;1151964000000
07069736;1151964000000
07070119;1151964000000
07077741;1153173600000
07083110;1154383200000
07090142;1155592800000
07089885;1155592800000
07100675;1157407200000
07111623;1159221600000
07137445;1164063600000
07140427;1164668400000
07147071;1165878000000
07155922;1167692400000
07156055;1167692400000
07162987;1168902000000
07162884;1168902000000
07163456;1168902000000
07174735;1171321200000
07176805;1171321200000
07180105;1171926000000
07182129;1172530800000
07185610;1173135600000
07189158;1173740400000
07191610;1174345200000
07191826;1174345200000
07191825;1174345200000
07191789;1174345200000
07207379;1177365600000
07210522;1177970400000
RE039625;1179180000000
07216812;1179180000000
07216698;1179180000000
07216654;1179180000000
07222801;1180389600000
07222667;1180389600000
07225995;1180994400000
07228886;1181599200000
07228695;1181599200000
07229278;1181599200000
07234646;1182808800000
07240725;1184018400000
07240721;1184018400000
07241616;1184018400000
07255152;1187042400000
07255287;1187042400000
07264864;1188856800000
07267866;1189461600000
07275586;1191276000000
07275698;1191276000000
07278379;1191880800000
07281971;1192485600000
07284595;1193090400000
07284710;1193090400000
07284709;1193090400000
07286058;1193090400000
07287581;1193698800000
07287582;1193698800000
07293606;1194908400000
07296426;1195513200000
07299638;1196118000000
07307245;1197327600000
07314039;1199142000000
07316205;1199746800000
07316204;1199746800000
07318553;1200351600000
07322532;1201561200000
07328852;1202770800000
07331383;1203375600000
07334740;1203980400000
07335016;1203980400000
07346440;1205794800000
07377309;1211839200000
07380588;1212444000000
07380728;1212444000000
07387262;1213653600000
07395787;1215468000000
07398778;1216072800000
07401742;1216677600000
07401743;1216677600000
07410104;1218492000000
07410415;1218492000000
07415942;1219701600000
07416138;1219701600000
07416137;1219701600000
07421984;1220911200000
07422050;1220911200000
07434611;1223935200000
07434746;1223935200000
07441986;1225148400000
07442123;1225148400000
07478670;1232406000000
07481650;1233010800000
07484557;1233615600000
07487821;1234220400000
07503184;1237244400000
07506386;1237849200000
07506617;1237849200000
07506851;1237849200000
07509927;1238450400000
07516905;1239660000000
07520445;1240264800000
07520320;1240264800000
07521697;1240264800000
07523873;1240869600000
07527091;1241474400000
07530390;1242079200000
07533637;1242684000000
07540321;1243893600000
07546868;1245103200000
07575178;1250546400000
07575001;1250546400000
07591434;1253570400000
07597066;1254780000000
07597552;1254780000000
07600696;1255384800000
07600695;1255384800000
07614368;1257807600000
07614367;1257807600000
07621295;1259017200000
07628123;1260226800000
07628337;1260226800000
07637232;1262041200000
07640967;1262646000000
07641852;1262646000000
07644730;1263250800000
07644686;1263250800000
07650927;1264460400000
07654312;1265065200000
07658005;1265670000000
07658335;1265670000000
07661469;1266274800000
07665459;1266879600000
07667305;1266879600000
07669647;1267484400000
07669775;1267484400000
07686146;1269900000000
07700250;1271714400000
07726391;1275343200000
07726266;1275343200000
07730863;1275948000000
07735458;1276552800000
07735459;1276552800000
07735744;1276552800000
07762216;1280181600000
07762280;1280181600000
07766247;1280786400000
07775448;1281996000000
07775263;1281996000000
07779900;1282600800000
07789318;1283810400000
07793856;1284415200000
07793711;1284415200000
07794314;1284415200000
07806172;1286229600000
07806345;1286229600000
07806346;1286229600000
07810740;1286834400000
07810456;1286834400000
07814869;1287439200000
07818095;1287439200000
07819334;1288044000000
07823799;1288652400000
07823798;1288652400000
07833602;1289862000000
07854229;1292886000000
07854139;1292886000000
07857041;1293490800000
07857002;1293490800000
