03858803;158281200000
03858804;158281200000
03860237;158886000000
03860171;158886000000
03861591;159490800000
03861593;159490800000
03861592;159490800000
03863329;160700400000
03863840;160700400000
03865307;161305200000
03866830;161910000000
03869086;163119600000
03870231;163724400000
03870230;163724400000
03874639;165538800000
03876140;166143600000
03876141;166143600000
03877641;166748400000
03877640;166748400000
03878987;167353200000
03878988;167353200000
03881652;168562800000
03883072;169167600000
03884153;169772400000
03885655;170377200000
03885502;170377200000
03887128;170982000000
03887085;170982000000
03888413;171586800000
03888414;171586800000
03891433;172796400000
03890904;172796400000
03892185;173401200000
03892356;173401200000
03893643;174006000000
03893619;174006000000
03894687;174610800000
03894686;174610800000
03897056;175820400000
03898723;177030000000
03899825;177634800000
03902579;178844400000
03902431;178844400000
03904114;179449200000
03904113;179449200000
03904112;179449200000
03905549;180054000000
03907391;180658800000
03907200;180658800000
03907201;180658800000
03908902;181263600000
03910491;181868400000
03910493;181868400000
03910492;181868400000
03913712;183078000000
03916796;184287600000
03917039;184287600000
03918638;184892400000
03920182;185497200000
03920183;185497200000
03923245;186706800000
03922970;186706800000
03924103;186706800000
03928909;189126000000
03934800;191545200000
03936661;192150000000
03939617;193964400000
03942720;195174000000
03942579;195174000000
03942449;195174000000
03943818;195778800000
03945566;196383600000
03948010;197589600000
03952978;199404000000
03952839;199404000000
03952948;199404000000
03955761;200613600000
03957201;201218400000
03961751;203032800000
03964679;204242400000
03964680;204242400000
03967868;205452000000
03970248;206661600000
03974776;209080800000
03974963;209080800000
03985211;213922800000
03986667;214527600000
03987962;215132400000
03990371;216342000000
03994436;218156400000
03995907;218761200000
03997110;219366000000
03998981;219970800000
03998166;219970800000
04003714;222390000000
04003517;222390000000
04006393;223599600000
04009827;226018800000
04010896;226623600000
04014417;228438000000
04015537;229039200000
04018315;230248800000
04020300;230853600000
04023732;232668000000
04025044;233272800000
04026466;233877600000
04031662;236296800000
04034913;237506400000
04034678;237506400000
04047663;242949600000
04047600;242949600000
04049131;243554400000
04051466;244162800000
04053107;245372400000
04054247;245977200000
04060197;249606000000
04060963;250210800000
04061270;250210800000
04061268;250210800000
04061269;250210800000
04062490;250815600000
04066212;252630000000
04066211;252630000000
04067495;253234800000
04070201;254444400000
04071191;255049200000
04073435;256258800000
04074860;256863600000
04078724;258678000000
04079889;259282800000
04081133;259887600000
04082220;260488800000
04083491;261093600000
04084381;261698400000
04084746;261698400000
04088267;263512800000
04089426;264117600000
04089271;264117600000
04090665;264722400000
04091995;265327200000
04091561;265327200000
04093120;265932000000
04095743;267141600000
04098460;268351200000
04102497;270165600000
04104483;270770400000
04105175;271375200000
04105160;271375200000
04105159;271375200000
04106695;271980000000
04106694;271980000000
04106696;271980000000
04108377;272584800000
04108378;272584800000
04109860;273189600000
04111361;273794400000
04113177;274399200000
04113178;274399200000
04116381;275608800000
04117977;276217200000
04119271;276822000000
04121766;278031600000
04121765;278031600000
04128166;281660400000
04130244;282870000000
04133480;284684400000
04133481;284684400000
04134546;285289200000
04135666;285894000000
04139154;287708400000
04140276;288313200000
04141500;288918000000
04141499;288918000000
04143818;290127600000
04147304;291938400000
04148152;292543200000
04151145;293752800000
04150792;293752800000
04150791;293752800000
04150790;293752800000
04150789;293752800000
04152185;294357600000
04155507;296172000000
04156440;296776800000
04161279;301010400000
04166291;304639200000
04171090;308876400000
04171774;309481200000
04174066;311295600000
04175700;312505200000
04176789;313110000000
04179067;314319600000
04179066;314319600000
04185409;317948400000
04185773;317948400000
04190200;320367600000
04192459;321577200000
04193544;322182000000
04195776;323391600000
04196850;323992800000
04202494;327016800000
04203193;327621600000
04203549;327621600000
04203548;327621600000
04203547;327621600000
04203546;327621600000
04204660;328226400000
04208011;330040800000
04209130;330645600000
04210281;331250400000
04210280;331250400000
04211366;331855200000
04216816;334879200000
04216904;334879200000
04216905;334879200000
04217727;335484000000
04219153;336088800000
04219108;336088800000
04220326;336693600000
04221330;337298400000
04223835;338508000000
04223834;338508000000
04225081;339116400000
04225082;339116400000
04227562;340326000000
04230043;341535600000
04230269;341535600000
04231908;342140400000
04231517;342140400000
04231294;342140400000
04232823;342745200000
04232822;342745200000
04233906;343350000000
04235370;343954800000
04235371;343954800000
04236670;344559600000
04236671;344559600000
04238138;345164400000
04239156;345769200000
04241664;346978800000
04241875;346978800000
04245561;348793200000
04251030;351212400000
04250812;351212400000
04252272;351817200000
04253605;352422000000
04254907;353026800000
04254908;353026800000
04254909;353026800000
04256259;353631600000
04260105;355442400000
04260104;355442400000
04261459;356047200000
04261510;356047200000
04262845;356652000000
04265398;357861600000
04265399;357861600000
04265400;357861600000
04265401;357861600000
04266719;358466400000
04266718;358466400000
04266720;358466400000
04266484;358466400000
04267085;358466400000
04267969;359071200000
04267970;359071200000
04273284;361490400000
04274582;362095200000
04275832;362700000000
04278203;363909600000
04279532;364514400000
04280657;365119200000
04281791;365724000000
04284181;366933600000
04284238;366933600000
04285157;367538400000
04286753;368143200000
04286752;368143200000
04289273;369352800000
04289274;369352800000
04289059;369352800000
04292110;370566000000
04294405;371775600000
04295259;372380400000
04295770;372380400000
04296884;372985200000
04297787;373590000000
04298099;373590000000
04299697;374194800000
04299171;374194800000
04300722;374799600000
04300721;374799600000
04303199;376009200000
04303276;376009200000
04304187;376614000000
04304359;376614000000
04306504;377823600000
04306677;377823600000
04307837;378428400000
04310073;379638000000
04310120;379638000000
04311273;380242800000
04312478;380847600000
04312477;380847600000
04313563;381452400000
04316578;383266800000
04319425;385081200000
04325511;388101600000
04325510;388101600000
04326670;388706400000
04326668;388706400000
04326669;388706400000
04327865;389311200000
04336906;394149600000
04339077;395359200000
04343432;397778400000
04345524;398988000000
04349151;400802400000
04349150;400802400000
04349983;401407200000
04350291;401407200000
04350290;401407200000
04352329;402620400000
04353586;403225200000
04353503;403225200000
04353308;403225200000
04354634;403830000000
04355578;404434800000
04355754;404434800000
04356968;405039600000
04357877;405644400000
04360154;406854000000
04360153;406854000000
04361277;407458800000
04365744;409878000000
04365743;409878000000
04366846;410482800000
04368844;411692400000
04368845;411692400000
04372488;413506800000
04372489;413506800000
04373667;414111600000
04378909;418341600000
04378910;418341600000
04379521;418946400000
04381076;420156000000
04381839;420760800000
04381851;420760800000
04382547;421365600000
04383688;421970400000
04386570;423784800000
04386736;423784800000
04386751;423784800000
04386777;423784800000
04388357;424389600000
04388484;424389600000
04388036;424389600000
04389015;424994400000
04393960;427413600000
04394961;428018400000
04396313;428623200000
04397241;429228000000
04397419;429228000000
04397465;429228000000
04399941;430437600000
04401479;431042400000
04403733;432252000000
04403734;432252000000
04405081;432856800000
04406403;433465200000
04413777;437094000000
04415120;437698800000
04415157;437698800000
04416419;438303600000
04417690;438908400000
04421272;440722800000
04424935;442537200000
04431087;445561200000
04436246;447980400000
04440088;449791200000
04442973;451000800000
04445640;452210400000
04447006;452815200000
04448349;453420000000
04448350;453420000000
04449666;454024800000
04449665;454024800000
04451180;454629600000
04452392;455234400000
04454986;456444000000
04454985;456444000000
04457468;457653600000
04461421;459468000000
04461422;459468000000
04463898;460677600000
04463939;460677600000
04463583;460677600000
04464860;461282400000
04464831;461282400000
04466569;461887200000
04466570;461887200000
04467924;462492000000
04469278;463096800000
04469299;463096800000
04469277;463096800000
04470543;463701600000
04473291;464911200000
04479607;467938800000
04479650;467938800000
04480787;468543600000
04484706;470358000000
04485967;470962800000
04489884;472777200000
04489885;472777200000
04494694;475196400000
04494695;475196400000
04496100;475801200000
04497254;476406000000
04500037;477615600000
04502628;478825200000
04503778;479430000000
04504012;479430000000
04505428;480034800000
04511081;482450400000
04512706;483055200000
04513912;483660000000
04513966;483660000000
04515084;484264800000
04515309;484264800000
04515374;484264800000
04516953;484869600000
04518660;485474400000
04519789;486079200000
04520733;486684000000
04521206;486684000000
04527736;489708000000
04528711;490312800000
04534745;492732000000
04534508;492732000000
04540119;495151200000
04544094;496969200000
04545527;497574000000
04550910;499993200000
04555292;501807600000
04561589;504831600000
04566631;507250800000
04566630;507250800000
04566629;507250800000
04568020;507855600000
04569477;508460400000
04569478;508460400000
04570542;509065200000
04572432;509670000000
04572431;509670000000
04575350;510879600000
04576334;511484400000
04577801;512089200000
04580338;513295200000
04583685;514504800000
04585166;515109600000
04588126;516319200000
04589617;516924000000
04597615;520552800000
04600145;521762400000
04606498;524786400000
04609144;525996000000
04615484;529023600000
04616395;529628400000
04618093;530233200000
04625912;533862000000
04628756;535071600000
04629118;535071600000
04630772;535676400000
04632307;536281200000
04632308;536281200000
04632038;536281200000
04634049;536886000000
04635846;537490800000
04637496;538095600000
04640459;539305200000
04641779;539910000000
04648554;542329200000
04650115;542934000000
04652495;543538800000
04651924;543538800000
04657181;545349600000
04661532;546559200000
04662362;547164000000
04662283;547164000000
04662972;547164000000
04665830;548373600000
04665833;548373600000
04669657;549583200000
04677916;552607200000
04679293;553212000000
04679731;553212000000
04681482;553816800000
04685618;555631200000
04687134;556236000000
04688719;556840800000
04691863;558050400000
04693418;558655200000
04696429;559868400000
04697045;559868400000
04697812;560473200000
04697628;560473200000
04702661;562287600000
04703890;562892400000
04705215;563497200000
04710614;565311600000
04709856;565311600000
04712264;566521200000
04712735;566521200000
04714195;567126000000
04715533;567730800000
04715534;567730800000
04718604;568940400000
04718603;568940400000
04720043;569545200000
04722476;570754800000
04723706;571359600000
04726515;572569200000
04726516;572569200000
04728031;573174000000
04728030;573174000000
04728032;573174000000
04732320;574988400000
04737333;576799200000
04738878;577404000000
04743415;579218400000
04744512;579823200000
04753403;583452000000
04755238;584056800000
04754921;584056800000
04756477;584661600000
04756476;584661600000
04757945;585266400000
04760001;585871200000
04763835;587685600000
04765538;588290400000
04767475;588895200000
04767053;588895200000
04766725;588895200000
04770342;590104800000
04770343;590104800000
04771944;590709600000
04771943;590709600000
04771698;590709600000
04773591;591318000000
04773590;591318000000
04775103;591922800000
04778106;593132400000
04781120;594342000000
04781875;594342000000
04783001;594946800000
04785994;596156400000
04787556;596761200000
04790531;597970800000
04793545;599180400000
04795093;599785200000
04795091;599785200000
04795154;599785200000
04800817;602204400000
04800619;602204400000
04801084;602204400000
04801083;602204400000
04802624;602809200000
04802623;602809200000
04802622;602809200000
04817867;607644000000
04819869;608248800000
04819870;608248800000
04821957;608853600000
04824015;609458400000
04823704;609458400000
04826076;610063200000
04826078;610063200000
04826077;610063200000
04825769;610063200000
04828172;610668000000
04832261;611877600000
04836111;613087200000
04838828;613692000000
04841104;614296800000
04840309;614296800000
04842194;614901600000
04844337;615506400000
04844338;615506400000
04846401;616111200000
04860952;620344800000
04871809;623372400000
04872680;623977200000
04874128;624582000000
04876784;625791600000
04880158;627001200000
04889282;630630000000
04889281;630630000000
04892323;631839600000
04892249;631839600000
04895302;633049200000
04898404;634258800000
04898326;634258800000
04899933;634863600000
04899932;634863600000
04905896;636678000000
04907740;637282800000
04911360;638488800000
04912796;639093600000
04913343;639093600000
04915298;639698400000
04915299;639698400000
04917649;640303200000
04917295;640303200000
04919330;640908000000
04921167;641512800000
04921168;641512800000
04920890;641512800000
04922743;642117600000
04923118;642117600000
04925094;642722400000
04927078;643327200000
04928878;643932000000
04928602;643932000000
04934594;645746400000
04940183;647560800000
04941611;648165600000
04941610;648165600000
04943006;648770400000
04946099;649980000000
04948073;650584800000
04947756;650584800000
04950458;651189600000
04951872;651794400000
04953787;652399200000
04953786;652399200000
04953785;652399200000
04955537;653004000000
04964793;656636400000
04964751;656636400000
04965940;657241200000
04967955;657846000000
04967954;657846000000
04967669;657846000000
04971247;659055600000
04971246;659055600000
04978065;661474800000
04981264;662684400000
04982670;663289200000
04985276;663894000000
04984737;663894000000
04988040;665103600000
04989782;665708400000
04993768;666918000000
04993631;666918000000
04997187;668127600000
04998670;668732400000
05000715;669337200000
05007351;671752800000
05009168;672357600000
05011077;672962400000
05016816;674776800000
05018666;675381600000
05022584;676591200000
05024380;677196000000
05024381;677196000000
05025987;677800800000
05027712;678405600000
05029754;679010400000
05038685;682034400000
05043225;683244000000
05043052;683244000000
05042717;683244000000
05047595;684453600000
05046907;684453600000
05050797;685663200000
05055350;686876400000
05060856;688690800000
05061829;688690800000
05066834;690505200000
05065940;690505200000
05069386;691714800000
05074465;693529200000
05075515;693529200000
05078319;694738800000
05082178;695948400000
05083706;696553200000
05085148;697158000000
05090618;698972400000
05094019;700182000000
05094387;700182000000
05096117;700786800000
05096119;700786800000
05096118;700786800000
05100054;701992800000
05101734;702597600000
05102133;702597600000
05104040;703202400000
05104041;703202400000
05104039;703202400000
05105741;703807200000
05110046;705016800000
05114073;706226400000
05115970;706831200000
05120910;708040800000
05123596;709250400000
05125573;709855200000
05127577;710460000000
05131505;711669600000
05131618;711669600000
05135165;712879200000
05135164;712879200000
05139198;714088800000
05148981;717112800000
05148980;717112800000
05150835;717721200000
05154346;718930800000
05158414;720140400000
05160085;720745200000
05160084;720745200000
05160091;720745200000
05163614;721954800000
05165346;722559600000
05165348;722559600000
05165598;722559600000
05165599;722559600000
05169064;723769200000
05170937;724374000000
05172858;724978800000
05173012;724978800000
05174211;725583600000
05176318;726188400000
05181657;728002800000
05183369;728607600000
05188036;730422000000
05195679;732841200000
05201152;734652000000
05201467;734652000000
05204159;735256800000
05203502;735256800000
05203501;735256800000
05203733;735256800000
05207589;736466400000
05211366;737676000000
05218909;740095200000
05221044;740700000000
05222662;741304800000
05224575;741909600000
05230469;743724000000
05232154;744328800000
05236125;745538400000
05236711;745538400000
05238186;746143200000
05238734;746143200000
05249743;749775600000
05249654;749775600000
05251732;750380400000
05261599;753404400000
05267634;755218800000
05280418;758847600000
05282569;760057200000
05285964;761266800000
05288016;761871600000
05295624;764290800000
05297484;764892000000
05299735;765496800000
05299969;765496800000
05312038;769125600000
05314115;769730400000
05316108;770335200000
05316408;770335200000
05323962;772754400000
05332153;775173600000
05332152;775173600000
05335850;776383200000
05344072;778802400000
05346131;779407200000
05348120;780012000000
05353987;781830000000
05355805;782434800000
05361986;784249200000
05366184;785458800000
05370308;786668400000
05373988;787878000000
05377910;789087600000
05377595;789087600000
05383742;790902000000
05385102;791506800000
05392987;793926000000
05395045;794530800000
05402942;796946400000
05402941;796946400000
05405081;797551200000
05405080;797551200000
05413442;799970400000
05419490;801784800000
05423339;802994400000
05429300;804808800000
05435486;806623200000
05439171;807832800000
05440996;808437600000
05443225;809042400000
05449116;810856800000
05449115;810856800000
05452893;812070000000
05454513;812674800000
05454514;812674800000
05456410;813279600000
05457837;813884400000
05464152;815698800000
05464153;815698800000
05465903;816303600000
05470173;817513200000
05474266;818722800000
05474233;818722800000
05485955;822351600000
05486027;822351600000
05487501;822956400000
05492158;824770800000
05494213;825375600000
05494212;825375600000
05495809;825980400000
05501156;827794800000
05503082;828396000000
05503331;828396000000
05503330;828396000000
05507434;829605600000
05511485;830815200000
05513797;831420000000
05520330;833234400000
05522515;833839200000
05522542;833839200000
05526755;835048800000
05529241;835653600000
05531379;836258400000
05533670;836863200000
05535948;837468000000
05535947;837468000000
05538182;838072800000
05538183;838072800000
05537933;838072800000
05540382;838677600000
05549245;841096800000
05551632;841701600000
05551631;841701600000
05551633;841701600000
05553777;842306400000
05560300;844120800000
05562267;844725600000
05566882;845935200000
05577448;848962800000
05577662;848962800000
05579997;849567600000
05582346;850172400000
05582371;850172400000
05590833;852591600000
05593089;853196400000
05601900;855615600000
05605281;856825200000
05605283;856825200000
05605282;856825200000
05605284;856825200000
05609295;858034800000
05609294;858034800000
05608937;858034800000
05611234;858639600000
05617996;860450400000
05617796;860450400000
05622312;861660000000
05626289;862869600000
05626504;862869600000
05628454;863474400000
05634591;865288800000
05645216;868312800000
05644866;868312800000
05645653;868312800000
05651499;870127200000
05653388;870732000000
05655711;871336800000
05657695;871941600000
05671685;875570400000
05678489;877384800000
05678762;877384800000
05687649;879807600000
05690278;880412400000
05692677;881017200000
05702074;883436400000
05704570;884041200000
05706735;884646000000
05709152;885250800000
05711227;885855600000
05713517;886460400000
05713518;886460400000
05718376;887670000000
05722589;888879600000
05722509;888879600000
05725149;889484400000
05730357;890694000000
05735457;891900000000
05735458;891900000000
05738278;892504800000
05738279;892504800000
05740960;893109600000
05740961;893109600000
05753336;895528800000
05752678;895528800000
05758821;896738400000
05773779;899157600000
05779145;900367200000
05782186;900972000000
05782405;900972000000
05782406;900972000000
05788153;902181600000
05788056;902181600000
05791559;902786400000
05791253;902786400000
05794846;903391200000
05799870;904600800000
05799868;904600800000
05807021;905810400000
05806764;905810400000
05813602;907020000000
05813351;907020000000
05820021;908229600000
05820294;908229600000
05823426;908834400000
05826791;909442800000
05829357;910047600000
05833136;910652400000
05836512;911257200000
05839937;911862000000
05839657;911862000000
05842422;912466800000
05842637;912466800000
05850970;914281200000
05863087;917305200000
05863147;917305200000
05862983;917305200000
05865282;917910000000
05865370;917910000000
05868396;918514800000
05868076;918514800000
05873521;919724400000
05877468;920329200000
05878952;920934000000
05887788;922744800000
05887787;922744800000
05890948;923349600000
05899379;925768800000
05899380;925768800000
05916932;930607200000
05918806;931212000000
05924630;932421600000
05927600;933026400000
05931099;933631200000
05950770;937260000000
05952072;937260000000
05967052;940284000000
05967728;940284000000
05968110;940284000000
05970882;940888800000
05979783;942102000000
05988519;943311600000
05996901;944521200000
06000624;945126000000
06009812;946940400000
06016968;948754800000
06019289;949359600000
06021958;949964400000
06027034;951174000000
06027033;951174000000
06039172;953593200000
06044767;954799200000
06045052;954799200000
06055693;957218400000
06059199;957823200000
06068195;959637600000
06068196;959637600000
06069333;959637600000
06070806;960242400000
06074269;960847200000
06075563;960847200000
06079630;962056800000
06079631;962056800000
06085663;963266400000
06089466;963871200000
06093079;964476000000
06092735;964476000000
06123298;969919200000
06129289;971128800000
06129288;971128800000
06138921;972946800000
06146054;974156400000
06149067;974761200000
06149068;974761200000
06152800;975366000000
06155177;975970800000
06158666;976575600000
06158698;976575600000
06166347;977785200000
06164555;977785200000
06170756;978994800000
06170754;978994800000
06170755;978994800000
06179215;980809200000
06186799;982018800000
06186408;982018800000
06191228;982623600000
06196470;983833200000
06207920;985644000000
06213849;986853600000
06213407;986853600000
06214428;986853600000
06216958;987458400000
06230981;989877600000
06234401;990482400000
06237856;991087200000
06244517;992296800000
06247651;992901600000
06250562;993506400000
06253872;994111200000
06253685;994111200000
06257495;994716000000
06257494;994716000000
06270017;997135200000
06270018;997135200000
06273341;997740000000
06276280;998344800000
06276279;998344800000
06279833;998949600000
06283383;999554400000
06288133;1000159200000
06290143;1000764000000
06293473;1001368800000
06296195;1001973600000
06299072;1002578400000
06305615;1003788000000
06305614;1003788000000
06305613;1003788000000
06305294;1003788000000
06308897;1004396400000
06314602;1005606000000
06323441;1006815600000
06321657;1006815600000
06325300;1007420400000
06325301;1007420400000
06325299;1007420400000
06328500;1008025200000
06336265;1010444400000
06342287;1012258800000
06343747;1012863600000
06343748;1012863600000
06354512;1015887600000
06358112;1016492400000
06364215;1017698400000
06364214;1017698400000
06363564;1017698400000
06367704;1018303200000
06371709;1018908000000
06382519;1020722400000
06386492;1021327200000
06386461;1021327200000
06390382;1021932000000
06394362;1022536800000
06393644;1022536800000
06398122;1023141600000
06398121;1023141600000
06398123;1023141600000
06398120;1023141600000
06402044;1023746400000
06401318;1023746400000
06409092;1024956000000
06409091;1024956000000
06415987;1026165600000
06415988;1026165600000
06422479;1027375200000
06422478;1027375200000
06427926;1028584800000
06427925;1028584800000
06431462;1029189600000
06431463;1029189600000
06435421;1029794400000
06439470;1030399200000
06443363;1031004000000
06450415;1032213600000
06455605;1032818400000
06454505;1032818400000
06454181;1032818400000
06464039;1034632800000
06468631;1035237600000
06471140;1035846000000
06471138;1035846000000
06471139;1035846000000
06481637;1037660400000
06488215;1038870000000
06499667;1041289200000
06502760;1041894000000
06508179;1043103600000
06517008;1044918000000
06517007;1044918000000
06520420;1045522800000
06520714;1045522800000
06534146;1047942000000
06546612;1050357600000
06550393;1050962400000
06554199;1051567200000
06557775;1052172000000
06568601;1053986400000
06572027;1054591200000
06572434;1054591200000
06575660;1055196000000
06581848;1056405600000
06588677;1057615200000
06588676;1057615200000
06592288;1058220000000
06595434;1058824800000
06601774;1060034400000
06604689;1060639200000
06604690;1060639200000
06616061;1063058400000
06619558;1063663200000
06626116;1064872800000
06630042;1065477600000
06631850;1066082400000
06647893;1069110000000
06648238;1069110000000
06648237;1069110000000
06649237;1069110000000
06651896;1069714800000
06651897;1069714800000
06655296;1070319600000
06659363;1070924400000
06659362;1070924400000
06672516;1073343600000
06672515;1073343600000
06673417;1073343600000
06685100;1075762800000
06685101;1075762800000
06695219;1077577200000
06696122;1077577200000
06701594;1078786800000
06702192;1078786800000
06702836;1078786800000
06705536;1079391600000
06708896;1079996400000
06712285;1080597600000
06723973;1082412000000
06726116;1083016800000
06726117;1083016800000
06732418;1084226400000
06733361;1084226400000
06736330;1084831200000
06752322;1087855200000
06758406;1089064800000
06761322;1089669600000
06762395;1089669600000
06764021;1090274400000
06764022;1090274400000
06766963;1090879200000
06773982;1092088800000
06782311;1093298400000
06779738;1093298400000
06786459;1094508000000
06789740;1095112800000
06796509;1096322400000
06808120;1098741600000
06808660;1098741600000
06824070;1101769200000
06830199;1102978800000
06843181;1106002800000
06860433;1109631600000
06871791;1112047200000
06874972;1112652000000
06877671;1113256800000
06880763;1113861600000
06880764;1113861600000
06881006;1113861600000
06883719;1114466400000
06883720;1114466400000
06896234;1116885600000
06904847;1118700000000
06913717;1120514400000
06918544;1121724000000
06923381;1122933600000
06935574;1125352800000
06935920;1125352800000
06951307;1128376800000
06951498;1128376800000
06954974;1129586400000
06959877;1130799600000
06962292;1131404400000
06974086;1134428400000
06974087;1134428400000
06978927;1135638000000
06983891;1136847600000
06986470;1137452400000
06991070;1138662000000
06997391;1139871600000
06997419;1139871600000
07006441;1141081200000
07011253;1142290800000
07032829;1145916000000
07047156;1147730400000
07051948;1148940000000
07059799;1150149600000
07063269;1150754400000
07069704;1151964000000
07073726;1152568800000
07080791;1153778400000
07083111;1154383200000
07086605;1154988000000
07090143;1155592800000
07093768;1156197600000
07097112;1156802400000
07100837;1157407200000
07111560;1159221600000
07111792;1159221600000
07114740;1159826400000
07137601;1164063600000
07138095;1164063600000
07143954;1165273200000
07147169;1165878000000
07152807;1167087600000
07156319;1167692400000
07172136;1170716400000
07180016;1171926000000
07182023;1172530800000
07182024;1172530800000
07198200;1175551200000
07204430;1176760800000
07206727;1176760800000
07210636;1177970400000
07216075;1178575200000
07222780;1180389600000
07222735;1180389600000
07229232;1181599200000
07234647;1182808800000
07246754;1185228000000
07246643;1185228000000
07261244;1188252000000
07270279;1190066400000
07278588;1191880800000
07289675;1193698800000
07309023;1197932400000
07314182;1199142000000
07320435;1200956400000
07331534;1203375600000
07331533;1203375600000
07337981;1204585200000
07350719;1207000800000
07354006;1207605600000
07374110;1211234400000
07374109;1211234400000
07376612;1211234400000
07386929;1213653600000
07390140;1214258400000
07389940;1214258400000
07404524;1217282400000
07427035;1222120800000
07455242;1227567600000
07467748;1229986800000
07472837;1231196400000
07473318;1231196400000
07484669;1233615600000
07490766;1234825200000
07490781;1234825200000
07500617;1236639600000
07530502;1242079200000
07533829;1242684000000
07542931;1243893600000
07556209;1246917600000
07556208;1246917600000
07559486;1247522400000
07591705;1253570400000
07605690;1255989600000
07611065;1257202800000
07632557;1260831600000
07637438;1262041200000
07640864;1262646000000
07641127;1262646000000
07641128;1262646000000
07641129;1262646000000
07648079;1263855600000
07648080;1263855600000
07669778;1267484400000
07669779;1267484400000
07673810;1268089200000
07677181;1268694000000
07677466;1268694000000
07677465;1268694000000
07689332;1269900000000
07690584;1270504800000
07699239;1271714400000
07703695;1272319200000
07717387;1274133600000
07717352;1274133600000
07731126;1275948000000
07731099;1275948000000
07735746;1276552800000
07735745;1276552800000
07744010;1277762400000
07744009;1277762400000
07762474;1280181600000
07765936;1280786400000
07766249;1280786400000
07766248;1280786400000
07770811;1281391200000
07770810;1281391200000
07770524;1281391200000
07775455;1281996000000
07793857;1284415200000
07794301;1284415200000
07794123;1284415200000
07795329;1284415200000
07802736;1285624800000
07810741;1286834400000
07830112;1289257200000
07841543;1291071600000
07845578;1291676400000
07845577;1291676400000
07845285;1291676400000
07850090;1292281200000
07850089;1292281200000
07854392;1292886000000
07856930;1293490800000
