03865059;161305200000
03864794;161305200000
03866277;161910000000
03867744;162514800000
03868215;162514800000
03869768;163724400000
03870215;163724400000
03872557;164934000000
03874964;165538800000
03874958;165538800000
03874030;165538800000
03874043;165538800000
03876482;166143600000
03875624;166143600000
03877119;166748400000
03877118;166748400000
03880705;167958000000
03879990;167958000000
03879817;167958000000
03879816;167958000000
03879835;167958000000
03881229;168562800000
03882577;169167600000
03883935;169772400000
03884748;169772400000
03885015;169772400000
03885600;170377200000
03885899;170377200000
03886769;170982000000
03889325;172191600000
03890421;172191600000
03893246;174006000000
03893213;174006000000
03894412;174610800000
03894318;174610800000
03899808;177634800000
03900141;177634800000
03902230;178844400000
03904793;179449200000
03905765;180054000000
03906596;180658800000
03907186;180658800000
03908245;181263600000
03909890;181868400000
03914834;183682800000
03915632;183682800000
03916492;184287600000
03916491;184287600000
03916823;184287600000
03917883;184287600000
03922404;186102000000
03922736;186706800000
03922765;186706800000
03923449;186706800000
03925865;187916400000
03925864;187916400000
03925863;187916400000
03927844;188521200000
03930098;189126000000
03931427;189730800000
03931669;190335600000
03931750;190335600000
03932905;190940400000
03932919;190940400000
03933104;190940400000
03935979;192150000000
03936915;192754800000
03939537;193964400000
03939536;193964400000
03939576;193964400000
03939628;193964400000
03940043;193964400000
03940833;194569200000
03941326;194569200000
03941986;194569200000
03942735;195174000000
03943979;195778800000
03943613;195778800000
03943612;195778800000
03944149;195778800000
03945093;196383600000
03949128;197589600000
03948709;197589600000
03949575;198194400000
03954557;200008800000
03955251;200613600000
03955287;200613600000
03956806;201218400000
03957568;201218400000
03958309;201823200000
03958432;201823200000
03959826;202428000000
03961115;202428000000
03961425;203032800000
03961651;203032800000
03961400;203032800000
03962760;203637600000
03962730;203637600000
03967470;205452000000
03969780;206661600000
03969797;206661600000
03971235;207266400000
03971685;207266400000
03972254;207871200000
03973446;208476000000
03973304;208476000000
03973303;208476000000
03973306;208476000000
03973305;208476000000
03973359;208476000000
03974312;208476000000
03975806;209685600000
03977056;210290400000
03977055;210290400000
03978557;210895200000
03978556;210895200000
03978692;210895200000
03978696;210895200000
03982309;212713200000
03984399;213318000000
03983720;213318000000
03985001;213922800000
03986013;213922800000
03987519;215132400000
03991482;216946800000
03995457;218761200000
03997946;219970800000
03997947;219970800000
03999507;220575600000
04000342;220575600000
04003783;222390000000
04003684;222390000000
04004527;222994800000
04006516;224204400000
04007517;224809200000
04007865;224809200000
04009512;226018800000
04011128;226623600000
04010522;226623600000
04010550;226623600000
04011663;227228400000
04013752;227833200000
04012821;227833200000
04012815;227833200000
04014081;228438000000
04014187;228438000000
04015318;229039200000
04015452;229039200000
04017227;229644000000
04017722;229644000000
04020790;231458400000
04021894;232063200000
04021893;232063200000
04025679;233272800000
04029420;235087200000
04031596;236296800000
04033709;236901600000
04034446;237506400000
04034702;237506400000
04034634;237506400000
04041581;240530400000
04044434;241740000000
04050982;244162800000
04051215;244162800000
04050124;244162800000
04051604;244767600000
04051699;244767600000
04053967;245977200000
04055003;246582000000
04055697;246582000000
04055612;246582000000
04054974;246582000000
04058874;249001200000
04059974;249606000000
04061374;250210800000
04062989;250815600000
04062094;250815600000
04062093;250815600000
04065213;252025200000
04065838;252630000000
04065837;252630000000
04067211;253234800000
04068501;253839600000
04068356;253839600000
04068789;253839600000
04069561;254444400000
04070875;255049200000
04070738;255049200000
04072557;255654000000
04073043;256258800000
04074403;256863600000
04075736;257468400000
04080692;259887600000
04084026;261093600000
04085484;262303200000
04085700;262303200000
04086687;262908000000
04087226;262908000000
04087237;262908000000
04087993;263512800000
04088731;263512800000
04097973;268351200000
04100946;269560800000
04102023;270165600000
04103177;270165600000
04103054;270165600000
04103402;270770400000
04103403;270770400000
04103363;270770400000
04104769;271375200000
04106004;271375200000
04109352;273189600000
04112560;274399200000
04112559;274399200000
04112558;274399200000
04112532;274399200000
04116892;275608800000
04118179;276217200000
04118529;276217200000
04117577;276217200000
04117576;276217200000
04118956;276822000000
04118841;276822000000
04121311;278031600000
04124350;279241200000
04124923;279846000000
04125921;280450800000
04129416;282265200000
04132184;284079600000
04131977;284079600000
04134187;285289200000
04134188;285289200000
04134189;285289200000
04140574;288313200000
04140827;288313200000
04141773;288918000000
04142278;289522800000
04142277;289522800000
04145467;290732400000
04145796;291337200000
04146946;291938400000
04146947;291938400000
04151245;293752800000
04155148;296172000000
04155227;296172000000
04156955;297381600000
04158298;298591200000
04158252;298591200000
04158932;299196000000
04159558;299800800000
04161054;301010400000
04162563;302220000000
04173611;310690800000
04173812;311295600000
04173929;311295600000
04174555;311900400000
04176429;313110000000
04176430;313110000000
04183151;316738800000
04183451;316738800000
04183318;316738800000
04183985;316738800000
04184846;317343600000
04187132;318553200000
04186469;318553200000
04189336;319762800000
04192045;321577200000
04193175;322182000000
04194275;322786800000
04197621;324597600000
04200994;326412000000
04200963;326412000000
04201132;326412000000
04210987;331855200000
04212113;332460000000
04214462;333669600000
04217682;335484000000
04218810;336088800000
04219942;336693600000
04222158;337903200000
04222809;337903200000
04223426;338508000000
04224724;339116400000
04227288;340326000000
04232073;342140400000
04232434;342745200000
04232435;342745200000
04234135;343350000000
04233916;343350000000
04236285;344559600000
04236286;344559600000
04238530;345164400000
04239142;345769200000
04240185;346374000000
04241478;346978800000
04241507;346978800000
04245675;348793200000
04247969;350002800000
04249288;350607600000
04255050;353026800000
04256537;353631600000
04259214;354837600000
04259853;355442400000
04260527;355442400000
04261760;356047200000
04261391;356047200000
04261498;356047200000
04262397;356652000000
04263790;357256800000
04266327;358466400000
04266983;358466400000
04267075;358466400000
04268929;359676000000
04269046;359676000000
04271568;360885600000
04271569;360885600000
04274182;362095200000
04276911;363304800000
04279135;364514400000
04282636;366328800000
04282635;366328800000
04285100;367538400000
04287147;368143200000
04287261;368143200000
04286395;368143200000
04286428;368143200000
04286518;368143200000
04286955;368143200000
04288212;368748000000
04288999;369352800000
04291555;370566000000
04291441;370566000000
04293508;371170800000
04295284;372380400000
04298644;373590000000
04299878;374194800000
04301579;375404400000
04301577;375404400000
04303189;376009200000
04305184;377218800000
04305185;377218800000
04306341;377823600000
04306340;377823600000
04308649;379033200000
04316928;383266800000
04316309;383266800000
04318209;384476400000
04322026;386287200000
04322802;386287200000
04322957;386892000000
04323760;386892000000
04330499;390520800000
04330909;391125600000
04331624;391125600000
04332063;391730400000
04334365;392940000000
04335593;393544800000
04336638;394149600000
04337630;394754400000
04339856;395964000000
04339855;395964000000
04341829;396568800000
04345357;398988000000
04345385;398988000000
04346502;399592800000
04346621;399592800000
04349500;400802400000
04356602;405039600000
04362808;408063600000
04363161;408668400000
04364156;409273200000
04365424;409878000000
04368565;411692400000
04369231;411692400000
04375175;415321200000
04378161;417736800000
04381587;420760800000
04381586;420760800000
04384392;422575200000
04387590;424389600000
04388750;424994400000
04390566;425599200000
04391584;426204000000
04392309;426808800000
04393562;427413600000
04397103;429228000000
04400238;430437600000
04403379;432252000000
04407052;434070000000
04410122;435279600000
04411051;435884400000
04414476;437094000000
04418104;438908400000
04418451;439513200000
04419871;440118000000
04420514;440118000000
04422223;441327600000
04422308;441327600000
04424613;442537200000
04428723;444351600000
04429441;444956400000
04430779;445561200000
04432917;446166000000
04432926;446166000000
04432927;446166000000
04433018;446166000000
04434128;446770800000
04433460;446770800000
04433493;446770800000
04434631;447375600000
04435909;447980400000
04435883;447980400000
04435884;447980400000
04446632;452815200000
04446606;452815200000
04447938;453420000000
04447937;453420000000
04448582;453420000000
04449659;454024800000
04449276;454024800000
04451263;454629600000
04452607;455234400000
04454171;455839200000
04457968;457653600000
04459704;458863200000
04459724;458863200000
04463483;460677600000
04464820;461282400000
04464815;461282400000
04467505;462492000000
04468844;463096800000
04468937;463096800000
04471514;464306400000
04472864;464911200000
04473929;465519600000
04474644;465519600000
04476073;466124400000
04475417;466124400000
04478255;467334000000
04478900;467334000000
04480362;468543600000
04480363;468543600000
04484369;470358000000
04486926;471567600000
04492045;473986800000
04493234;474591600000
04494740;475196400000
04497096;476406000000
04497095;476406000000
04498217;477010800000
04499637;477615600000
04504359;479430000000
04507943;481240800000
04512065;483055200000
04516298;484869600000
04516760;484869600000
04517712;485474400000
04525404;488498400000
04525317;488498400000
04524589;488498400000
04531265;491522400000
04532683;492127200000
04533245;492127200000
04535230;492732000000
04539242;494546400000
04541156;495756000000
04541353;495756000000
04545098;497574000000
04548848;498783600000
04548116;498783600000
04554207;501202800000
04554713;501807600000
04554714;501807600000
04554715;501807600000
04555424;501807600000
04555425;501807600000
04558496;503622000000
04559680;504226800000
04561473;504831600000
04562627;505436400000
04563798;506041200000
04566162;507250800000
04566154;507250800000
04567738;507855600000
04573353;510274800000
04576611;511484400000
04575909;511484400000
04578085;512089200000
04578845;512690400000
04586222;515714400000
04586411;515714400000
04586372;515714400000
04598444;521157600000
04602407;522972000000
04604926;524181600000
04606290;524786400000
04607409;525391200000
04608767;525996000000
04611370;527205600000
04614011;528418800000
04616543;529628400000
04621440;532047600000
04622253;532047600000
04622728;532652400000
04624036;533257200000
04624023;533257200000
04625372;533862000000
04627135;534466800000
04628712;535071600000
04629858;535071600000
04630339;535676400000
04631911;536281200000
04631788;536281200000
04633914;536886000000
04637103;538095600000
04639984;539305200000
04641403;539910000000
04645699;541119600000
04646402;541724400000
04646403;541724400000
04649606;542934000000
04650345;542934000000
04650451;542934000000
04654180;544140000000
04654246;544140000000
04656702;545349600000
04656701;545349600000
04658482;545954400000
04660261;546559200000
04667859;548978400000
04668181;548978400000
04669646;549583200000
04674159;551397600000
04676943;552002400000
04677717;552607200000
04678693;552607200000
04679283;553212000000
04679333;553212000000
04680839;553816800000
04683093;554421600000
04684359;555026400000
04689862;557445600000
04692971;558655200000
04694526;559260000000
04697728;560473200000
04701985;562287600000
04702949;562287600000
04702597;562287600000
04706348;564102000000
04706349;564102000000
04707895;564706800000
04711751;565916400000
04711004;565916400000
04717143;568335600000
04717329;568335600000
04723345;571359600000
04726501;572569200000
04726293;572569200000
04727911;573174000000
04733445;575589600000
04733420;575589600000
04736498;576799200000
04741075;578613600000
04743483;579218400000
04747190;581032800000
04748909;581637600000
04760631;586476000000
04760627;586476000000
04760625;586476000000
04760626;586476000000
04765100;588290400000
04767578;588895200000
04768265;589500000000
04769879;590104800000
04771928;590709600000
04773135;591318000000
04773133;591318000000
04774770;591922800000
04774747;591922800000
04778372;593132400000
04788756;597366000000
04791481;597970800000
04793033;599180400000
04794677;599785200000
04797311;600390000000
04799367;601599600000
04800503;601599600000
04802348;602809200000
04803761;603414000000
04805274;604018800000
04805468;604018800000
04807791;604623600000
04807336;604623600000
04815181;607039200000
04817254;607644000000
04825547;610063200000
04829918;611272800000
04829746;611272800000
04833012;611877600000
04833762;612482400000
04835992;613087200000
04837066;613087200000
04837902;613692000000
04841605;614901600000
04843669;615506400000
04844969;615506400000
04850085;617320800000
04853776;617925600000
04853679;617925600000
04858843;619740000000
04859821;619740000000
04863775;620949600000
04862565;620949600000
04862564;620949600000
04866957;622159200000
04869413;622767600000
04870727;623372400000
04872383;623977200000
04873878;624582000000
04875301;625186800000
04875260;625186800000
04877062;625791600000
04879788;627001200000
04882006;627606000000
04882820;628210800000
04882818;628210800000
04882819;628210800000
04884325;628815600000
04885826;629420400000
04888860;630630000000
04888848;630630000000
04888840;630630000000
04890924;631234800000
04890365;631234800000
04892557;631839600000
04894196;632444400000
04894891;633049200000
04896516;633654000000
04896405;633654000000
04897901;634258800000
04897902;634258800000
04899425;634863600000
04899427;634863600000
04906520;636678000000
04908918;637887600000
04912820;639093600000
04918796;640908000000
04918795;640908000000
04921751;641512800000
04920622;641512800000
04920621;641512800000
04922589;642117600000
04924545;642722400000
04924563;642722400000
04925520;642722400000
04926529;643327200000
04928610;643932000000
04931064;644536800000
04932107;645141600000
04932106;645141600000
04939825;647560800000
04940047;647560800000
04941239;648165600000
04947529;650584800000
04947528;650584800000
04949438;651189600000
04951366;651794400000
04952363;651794400000
04953400;652399200000
04954306;652399200000
04955114;653004000000
04959893;654822000000
04965918;657241200000
04969243;658450800000
04970039;658450800000
04972560;659660400000
04977651;661474800000
04984606;663894000000
04987663;665103600000
04995151;667522800000
05000806;669337200000
05005270;671148000000
05005271;671148000000
05005272;671148000000
05005747;671148000000
05011060;672962400000
05012562;673567200000
05014402;674172000000
05017323;674776800000
05016329;674776800000
05016328;674776800000
05022336;676591200000
05025537;677800800000
05025644;677800800000
05028289;678405600000
05035030;680824800000
05035031;680824800000
05036780;681429600000
05041255;682639200000
05043036;683244000000
05042121;683244000000
05046272;684453600000
05050280;685663200000
05058329;688086000000
05060349;688690800000
05060587;688690800000
05066085;690505200000
05068000;691110000000
05067214;691110000000
05067646;691110000000
05069735;691714800000
05072493;692924400000
05075990;694134000000
05077873;694738800000
05077965;694738800000
05079810;695343600000
05080952;695343600000
05081751;695948400000
05081750;695948400000
05084948;697158000000
05084949;697158000000
05085566;697158000000
05085917;697158000000
05094664;700182000000
05099553;701992800000
05101864;702597600000
05101965;702597600000
05102724;702597600000
05102606;702597600000
05109630;705016800000
05111564;705621600000
05114056;706226400000
05117540;707436000000
05125034;709250400000
05126191;709855200000
05133099;712274400000
05139848;714088800000
05142750;715298400000
05142751;715298400000
05148583;717112800000
05151316;717721200000
05152039;718326000000
05159733;720745200000
05161674;721350000000
05163969;721954800000
05165151;722559600000
05167054;723164400000
05167053;723164400000
05170543;724374000000
05173239;724978800000
05178193;726793200000
05184379;729212400000
05188273;730422000000
05189934;731026800000
05191686;731631600000
05197643;733442400000
05205140;735861600000
05212452;737676000000
05218747;740095200000
05227224;742514400000
05229055;743119200000
05233734;744933600000
05233733;744933600000
05235733;745538400000
05249374;749775600000
05251676;750380400000
05255419;751590000000
05259097;752799600000
05261146;753404400000
05262653;753404400000
05263235;754009200000
05265313;754614000000
05267378;755218800000
05271131;756428400000
05273197;757033200000
05274891;757638000000
05274892;757638000000
05277139;758242800000
05279023;758847600000
05282298;760057200000
05285558;761266800000
05288220;761871600000
05296289;764290800000
05299513;765496800000
05309613;768520800000
05320267;771544800000
05333765;775778400000
05337460;776988000000
05341188;777592800000
05341547;778197600000
05356055;782434800000
05355564;782434800000
05357661;783039600000
05367753;786063600000
05373613;787878000000
05375305;788482800000
05379498;789692400000
05379497;789692400000
05381592;790297200000
05390398;793321200000
05391345;793321200000
05392499;793926000000
05395281;794530800000
05395581;794530800000
05394595;794530800000
05396688;795135600000
05400485;796341600000
05402556;796946400000
05404626;797551200000
05404625;797551200000
05405684;797551200000
05412853;799970400000
05414913;800575200000
05414912;800575200000
05416958;801180000000
05416959;801180000000
05417754;801180000000
05419021;801784800000
05419952;801784800000
05425162;803599200000
05426835;804204000000
05427723;804204000000
05431192;805413600000
05430915;805413600000
05437238;807228000000
05442842;809042400000
05442841;809042400000
05446950;810252000000
05450790;811461600000
05456292;813279600000
05455992;813279600000
05459911;814489200000
05461760;815094000000
05469608;817513200000
05473801;818722800000
05475905;819327600000
05478624;819932400000
05477890;819932400000
05483729;821746800000
05492037;824770800000
05491857;824770800000
05499433;827190000000
05505739;829000800000
05508775;829605600000
05512354;830815200000
05517737;832629600000
05517736;832629600000
05519922;833234400000
05523141;833839200000
05526557;835048800000
05528804;835653600000
05531630;836258400000
05535535;837468000000
05537725;838072800000
05537726;838072800000
05539964;838677600000
05540965;838677600000
05540982;838677600000
05542455;839282400000
05546643;840492000000
05547449;840492000000
05552206;841701600000
05551133;841701600000
05553365;842306400000
05553364;842306400000
05555611;842911200000
05555610;842911200000
05560793;844120800000
05564169;845330400000
05566723;845935200000
05566433;845935200000
05578359;848962800000
05581856;850172400000
05588192;851986800000
05590445;852591600000
05594978;853801200000
05594998;853801200000
05598614;855010800000
05605266;856825200000
05606812;857430000000
05609935;858034800000
05613284;859244400000
05619779;861055200000
05625932;862869600000
05630260;864079200000
05632072;864684000000
05636534;865893600000
05644824;868312800000
05649343;869522400000
05655275;871336800000
05657520;871941600000
05666704;874360800000
05666703;874360800000
05667122;874360800000
05669123;874965600000
05673727;876175200000
05678429;877384800000
05678288;877384800000
05679438;877384800000
05679042;877384800000
05690694;880412400000
05694979;881622000000
05701641;883436400000
05704101;884041200000
05704102;884041200000
05706995;884646000000
05709015;885250800000
05718107;887670000000
05727937;890089200000
05729878;890694000000
05732748;891295200000
05737812;892504800000
05738027;892504800000
05745966;894319200000
05749131;894924000000
05749400;894924000000
05753351;895528800000
05752300;895528800000
05765267;897948000000
05768755;898552800000
05771547;899157600000
05781974;900972000000
05781973;900972000000
05791031;902786400000
05791030;902786400000
05791029;902786400000
05791028;902786400000
05794317;903391200000
05794829;903391200000
05797172;903996000000
05809624;906415200000
05815896;907624800000
05819382;908229600000
05822835;908834400000
05826314;909442800000
05847739;913071600000
05845355;913071600000
05862574;917305200000
05862575;917305200000
05867878;918514800000
05867879;918514800000
05882697;921538800000
05884377;922143600000
05884376;922143600000
05893933;923954400000
05896631;925164000000
05901423;926373600000
05901422;926373600000
05903960;926978400000
05918353;931212000000
05920971;931816800000
05924180;932421600000
05924179;932421600000
05928462;933026400000
05933930;934236000000
05939845;934840800000
05937492;934840800000
05943747;936050400000
05943746;936050400000
05943745;936050400000
05954606;937864800000
05956824;938469600000
05958535;938469600000
05960647;939074400000
05966785;940284000000
05970583;940888800000
05970589;940888800000
05979029;942102000000
05979278;942102000000
05985070;942706800000
05996194;944521200000
05996196;944521200000
05996195;944521200000
06006791;946335600000
06014797;948150000000
06016591;948754800000
06029325;951778800000
06030905;951778800000
06033512;952383600000
06036739;952988400000
06035749;952988400000
06038750;953593200000
06041989;954194400000
06041482;954194400000
06047452;955404000000
06047483;955404000000
06051414;956008800000
06055709;957218400000
06058582;957823200000
06061885;958428000000
06070620;960242400000
06090158;963871200000
06101691;966290400000
06112381;968104800000
06119319;969314400000
06122807;969919200000
06131452;971733600000
06136120;972338400000
06141842;973551600000
06145174;974156400000
06152811;975366000000
06156562;975970800000
06155307;975970800000
06173507;979599600000
06177170;980204400000
06178607;980809200000
06182339;981414000000
06185800;982018800000
06195853;983833200000
06195854;983833200000
06205369;985042800000
06230376;989877600000
06233795;990482400000
06239620;991087200000
06242370;991692000000
06243930;992296800000
06247215;992901600000
06260247;995320800000
06265207;995925600000
06269525;997135200000
06279211;998949600000
06300122;1002578400000
06311377;1005001200000
06321424;1006815600000
06327759;1008025200000
06329016;1008025200000
06338187;1011049200000
06345421;1013468400000
06350504;1014678000000
06354017;1015887600000
06363701;1017698400000
06363592;1017698400000
06372174;1018908000000
06381587;1020117600000
06389663;1021932000000
06398993;1023141600000
06397441;1023141600000
06405416;1024351200000
06412155;1025560800000
06423165;1027375200000
06430787;1029189600000
06443935;1031004000000
06450210;1032213600000
06473948;1036450800000
06488230;1038870000000
06490771;1039474800000
06497793;1040684400000
06499202;1041289200000
06505388;1042498800000
06511734;1043708400000
06513212;1044313200000
06524521;1046127600000
06538252;1048546800000
06546605;1050357600000
06550113;1050962400000
06550656;1050962400000
06554754;1051567200000
06578701;1055800800000
06584657;1057010400000
06590056;1057615200000
06592960;1058220000000
06598276;1059429600000
06615462;1063058400000
06634070;1066687200000
06634068;1066687200000
06634069;1066687200000
06637084;1067295600000
06640680;1067900400000
06652166;1069714800000
06658708;1070924400000
06663678;1071529200000
06668435;1072738800000
06681467;1075158000000
06681461;1075158000000
06704978;1079391600000
06715189;1081202400000
06722000;1082412000000
06723416;1082412000000
06739024;1085436000000
06742948;1086040800000
06760466;1089064800000
06770240;1091484000000
06785937;1094508000000
06794008;1095717600000
06797226;1096322400000
06800235;1096927200000
06802110;1097532000000
06823567;1101769200000
06844412;1106002800000
06862781;1110236400000
06865783;1110841200000
06868592;1111446000000
06883539;1114466400000
06901639;1118095200000
06908304;1119304800000
06916349;1121119200000
06921569;1122328800000
06924022;1122933600000
06926029;1123538400000
RE038769;1123538400000
06934157;1124748000000
06938309;1125957600000
06941623;1126562400000
06950717;1127772000000
06973702;1134428400000
06996881;1139871600000
07039990;1147125600000
07039991;1147125600000
07055227;1149544800000
07065844;1151359200000
07067214;1151359200000
D0523983;1151359200000
D0524928;1152568800000
07073237;1152568800000
D0525698;1153778400000
D0525697;1153778400000
D0526401;1154988000000
07093333;1156197600000
D0527451;1156802400000
D0529163;1159221600000
D0530811;1161640800000
D0531297;1162249200000
D0532896;1164668400000
07146693;1165878000000
D0533937;1166482800000
D0534268;1167087600000
07162781;1168902000000
D0536085;1170111600000
D0536083;1170111600000
07168456;1170111600000
07171732;1170716400000
07188757;1173740400000
07194789;1174946400000
D0539894;1175551200000
07200904;1176156000000
07213313;1178575200000
07213310;1178575200000
07213309;1178575200000
07240408;1184018400000
07243404;1184623200000
D0549315;1187647200000
D0551335;1190066400000
07284892;1193090400000
07284305;1193090400000
07295989;1194908400000
07296328;1195513200000
D0556881;1196722800000
07322078;1201561200000
D0561326;1202166000000
D0562960;1203980400000
D0563540;1204585200000
07340856;1205190000000
D0566258;1207605600000
D0566259;1207605600000
D0567350;1208815200000
D0567706;1209420000000
D0570987;1213048800000
07395587;1215468000000
07398581;1216072800000
07401390;1216677600000
07434297;1223935200000
07437807;1224540000000
07451608;1226962800000
07458997;1228172400000
07468333;1229986800000
07493678;1235430000000
07503941;1237244400000
07512558;1238450400000
07513770;1239055200000
07536760;1243288800000
07554764;1246312800000
07587798;1252965600000
07596839;1254780000000
07603755;1255989600000
07669301;1267484400000
07688552;1269900000000
07757361;1279576800000
07765654;1280786400000
07765653;1280786400000
07770270;1281391200000
07770269;1281391200000
07771185;1281391200000
07799170;1285020000000
07802348;1285624800000
07832067;1289862000000
07836066;1289862000000
07854046;1292886000000
