03859898;158886000000
03866497;161910000000
03866900;161910000000
03869328;163119600000
03870290;163724400000
03870291;163724400000
03871639;164329200000
03871638;164329200000
03874649;165538800000
03874648;165538800000
03877628;166748400000
03877692;166748400000
03879028;167353200000
03879032;167353200000
03880418;167958000000
03881717;168562800000
03881716;168562800000
03883130;169167600000
03884458;169772400000
03884408;169772400000
03885780;170377200000
03887176;170982000000
03888267;171586800000
03889309;172191600000
03889939;172191600000
03891202;172796400000
03892427;173401200000
03897051;175820400000
03897727;176425200000
03897945;176425200000
03899165;177030000000
03899381;177030000000
03901500;178239600000
03902708;178844400000
03902709;178844400000
03904019;179449200000
03907279;180658800000
03907271;180658800000
03908978;181263600000
03908524;181263600000
03913467;183078000000
03913904;183078000000
03915445;183682800000
03916051;183682800000
03917251;184287600000
03917252;184287600000
03917250;184287600000
03919039;184892400000
03920236;185497200000
03921968;186102000000
03923145;186706800000
03924846;187311600000
03924845;187311600000
03926427;187916400000
03926423;187916400000
03934867;191545200000
03935769;192150000000
03937452;192754800000
03938799;193359600000
03938801;193359600000
03939766;193964400000
03941308;194569200000
03941366;194569200000
03941367;194569200000
03942783;195174000000
03942782;195174000000
03942300;195174000000
03944207;195778800000
03944206;195778800000
03945632;196383600000
03946879;196984800000
03948504;197589600000
03949978;198194400000
03951397;198799200000
03951398;198799200000
03951399;198799200000
03953023;199404000000
03953018;199404000000
03953017;199404000000
03955750;200613600000
03958798;201823200000
03965644;204847200000
03966185;204847200000
03966186;204847200000
03967818;205452000000
03970297;206661600000
03972283;207871200000
03972521;207871200000
03972520;207871200000
03972519;207871200000
03977665;210290400000
03979112;210895200000
03980289;211500000000
03982744;212713200000
03982743;212713200000
03982746;212713200000
03982745;212713200000
03983679;213318000000
03988016;215132400000
03988015;215132400000
03989234;215737200000
03989235;215737200000
03991992;216946800000
03991993;216946800000
03993299;217551600000
03993303;217551600000
03994485;218156400000
03995748;218761200000
03995848;218761200000
03995847;218761200000
03997154;219366000000
03998446;219970800000
03999746;220575600000
03999454;220575600000
04000890;221180400000
04000889;221180400000
04003565;222390000000
04003566;222390000000
04004512;222994800000
04009071;225414000000
04014535;228438000000
04015841;229039200000
04015837;229039200000
04017064;229644000000
04017066;229644000000
04018431;230248800000
04019728;230853600000
04021029;231458400000
04020614;231458400000
04021876;232063200000
04022455;232063200000
04023789;232668000000
04025065;233272800000
04026537;233877600000
04029309;235087200000
04032132;236296800000
04032131;236296800000
04033573;236901600000
04033807;236901600000
04034973;237506400000
04034974;237506400000
04036090;238111200000
04041883;240530400000
04042233;240530400000
04043235;241135200000
04045014;241740000000
04046367;242344800000
04046366;242344800000
04050361;244162800000
04050686;244162800000
04052049;244767600000
04052048;244767600000
04053149;245372400000
04058202;248396400000
04059264;249001200000
04059256;249001200000
04061325;250210800000
04065117;252025200000
04066251;252630000000
04068973;253839600000
04068835;253839600000
04068836;253839600000
04070014;254444400000
04072304;255654000000
04073206;256258800000
04073510;256258800000
04073391;256258800000
04076231;257468400000
04076232;257468400000
04078490;258678000000
04078784;258678000000
04078785;258678000000
04079928;259282800000
04080678;259887600000
04082258;260488800000
04083551;261093600000
04083550;261093600000
04084804;261698400000
04085927;262303200000
04086835;262908000000
04089514;264117600000
04092020;265327200000
04093203;265932000000
04094498;266536800000
04094499;266536800000
04095779;267141600000
04099810;268956000000
04102729;270165600000
04104983;271375200000
04105196;271375200000
04106148;271980000000
04106762;271980000000
04108293;272584800000
04108067;272584800000
04109936;273189600000
04114869;275004000000
04116427;275608800000
04116750;275608800000
04118022;276217200000
04118023;276217200000
04119306;276822000000
04121818;278031600000
04124203;279241200000
04125253;279846000000
04127261;281055600000
04127266;281055600000
04129293;282265200000
04131271;283474800000
04132402;284079600000
04133520;284684400000
04133521;284684400000
04134672;285289200000
04134558;285289200000
04134579;285289200000
04135707;285894000000
04135708;285894000000
04138101;287103600000
04139218;287708400000
04143870;290127600000
04145241;290732400000
04145038;290732400000
04145037;290732400000
04145035;290732400000
04146216;291337200000
04146215;291337200000
04147337;291938400000
04147338;291938400000
04149288;293148000000
04149709;293148000000
04149711;293148000000
04151986;294357600000
04154640;295567200000
04155133;296172000000
04155543;296172000000
04157175;297381600000
04157821;297986400000
04162066;301615200000
04163548;302824800000
04166613;305244000000
04166300;305244000000
04167265;305848800000
04168057;306453600000
04168828;307058400000
04170346;308271600000
04171127;308876400000
04174830;311900400000
04174829;311900400000
04175738;312505200000
04175739;312505200000
04177980;313714800000
04177981;313714800000
04177979;313714800000
04179110;314319600000
04179109;314319600000
04179108;314319600000
04179107;314319600000
04180255;314924400000
04181552;315529200000
04183514;316738800000
04189134;319762800000
04188881;319762800000
04190241;320367600000
04190243;320367600000
04190242;320367600000
04193589;322182000000
04194685;322786800000
04194832;322786800000
04196562;323992800000
04198039;324597600000
04200275;325807200000
04203334;327621600000
04203584;327621600000
04204639;328226400000
04211483;331855200000
04211396;331855200000
04221373;337298400000
04221372;337298400000
04223882;338508000000
04228992;340930800000
04231558;342140400000
04232858;342745200000
04234178;343350000000
04235430;343954800000
04236706;344559600000
04236858;344559600000
04238066;345164400000
04241908;346978800000
04241907;346978800000
04244564;348188400000
04247092;349398000000
04248413;350002800000
04248525;350002800000
04252597;351817200000
04253651;352422000000
04254947;353026800000
04260145;355442400000
04260144;355442400000
04262893;356652000000
04266761;358466400000
04269334;359676000000
04269401;359676000000
04270742;360280800000
04270743;360280800000
04270967;360280800000
04273319;361490400000
04275873;362700000000
04277057;363304800000
04279410;364514400000
04279411;364514400000
04279409;364514400000
04279610;364514400000
04280690;365119200000
04281920;365724000000
04285506;367538400000
04285509;367538400000
04285607;367538400000
04289561;369352800000
04290592;369957600000
04293214;371170800000
04295642;372380400000
04295643;372380400000
04295644;372380400000
04295733;372380400000
04299378;374194800000
04300791;374799600000
04302198;375404400000
04306711;377823600000
04312501;380847600000
04317203;383266800000
04318539;384476400000
04323229;386892000000
04326704;388706400000
04328064;389311200000
04331327;391125600000
04334672;392940000000
04339118;395359200000
04340212;395964000000
04344610;398383200000
04349185;400802400000
04350327;401407200000
04351517;402015600000
04352671;402620400000
04354671;403830000000
04355795;404434800000
04355794;404434800000
04358197;405644400000
04360194;406854000000
04361393;407458800000
04368665;411692400000
04368879;411692400000
04371156;412902000000
04371155;412902000000
04372473;413506800000
04373986;414111600000
04373710;414111600000
04373848;414111600000
04376529;416530800000
04378268;417736800000
04380330;419551200000
04381106;420156000000
04381107;420156000000
04381859;420760800000
04382592;421365600000
04384196;421970400000
04384709;422575200000
04384708;422575200000
04386768;423784800000
04388994;424994400000
04391439;426204000000
04392646;426808800000
04395031;428018400000
04396336;428623200000
04397599;429228000000
04398710;429832800000
04398708;429832800000
04401299;431042400000
04401300;431042400000
04402496;431647200000
04403770;432252000000
04403896;432252000000
04405121;432856800000
04408755;434674800000
04408754;434674800000
04410170;435279600000
04409870;435279600000
04411515;435884400000
04416447;438303600000
04416448;438303600000
04420148;440118000000
04420147;440118000000
04420146;440118000000
04422630;441327600000
04424963;442537200000
04425111;442537200000
04426072;443142000000
04429217;444351600000
04436296;447980400000
04437855;448585200000
04439865;449186400000
04438914;449186400000
04444491;451605600000
04445881;452210400000
04448127;453420000000
04453707;455839200000
04453706;455839200000
04456234;457048800000
04456127;457048800000
04457505;457653600000
04461464;459468000000
04462582;460072800000
04462583;460072800000
04462584;460072800000
04463939;460677600000
04463941;460677600000
04463940;460677600000
04463677;460677600000
04465269;461282400000
04466602;461887200000
04466603;461887200000
04466733;461887200000
04468021;462492000000
04468020;462492000000
04470588;463701600000
04470587;463701600000
04471954;464306400000
04471955;464306400000
04471953;464306400000
04471977;464306400000
04473219;464911200000
04473218;464911200000
04473220;464911200000
04473425;464911200000
04475730;466124400000
04475729;466124400000
04477065;466729200000
04477067;466729200000
04477066;466729200000
04478398;467334000000
04478399;467334000000
04479642;467938800000
04479643;467938800000
04479640;467938800000
04479641;467938800000
04481068;468543600000
04480517;468543600000
04482142;469148400000
04482141;469148400000
04482140;469148400000
04482139;469148400000
04482059;469148400000
04483526;469753200000
04484733;470358000000
04486011;470962800000
04487405;471567600000
04489930;472777200000
04490132;472777200000
04491310;473382000000
04491311;473382000000
04491309;473382000000
04493482;474591600000
04494740;475196400000
04494741;475196400000
04494742;475196400000
04496140;475801200000
04496141;475801200000
04497480;476406000000
04497478;476406000000
04497479;476406000000
04498663;477010800000
04500082;477615600000
04500083;477615600000
04499834;477615600000
04501415;478220400000
04502675;478825200000
04502676;478825200000
04504051;479430000000
04504235;479430000000
04505466;480034800000
04505467;480034800000
04505378;480034800000
04506873;480639600000
04508528;481240800000
04508527;481240800000
04508329;481240800000
04509732;481845600000
04509733;481845600000
04511131;482450400000
04511132;482450400000
04512562;483055200000
04512561;483055200000
04512845;483055200000
04514182;483660000000
04515356;484264800000
04517650;484869600000
04516760;484869600000
04516761;484869600000
04516759;484869600000
04518157;485474400000
04518156;485474400000
04519597;486079200000
04519598;486079200000
04519595;486079200000
04519596;486079200000
04519599;486079200000
04519594;486079200000
04521007;486684000000
04522383;487288800000
04522382;487288800000
04522384;487288800000
04523751;487893600000
04523750;487893600000
04524962;488498400000
04524961;488498400000
04525788;489103200000
04526356;489103200000
04527789;489708000000
04527788;489708000000
04527791;489708000000
04527790;489708000000
04527468;489708000000
04529227;490312800000
04529186;490312800000
04530689;490917600000
04531721;491522400000
04531722;491522400000
04533132;492127200000
04533131;492127200000
04533130;492127200000
04534548;492732000000
04536176;493336800000
04537390;493941600000
04537391;493941600000
04538517;494546400000
04540458;495151200000
04542893;496360800000
04544146;496969200000
04547856;498178800000
04546962;498178800000
04546961;498178800000
04548393;498783600000
04549804;499388400000
04549728;499388400000
04549729;499388400000
04552497;500598000000
04552349;500598000000
04553745;501202800000
04555101;501807600000
04556208;502412400000
04559032;503622000000
04558942;503622000000
04560159;504226800000
04564186;506041200000
04564184;506041200000
04564185;506041200000
04564183;506041200000
04564470;506041200000
04565130;506646000000
04565359;506646000000
04566681;507250800000
04566782;507250800000
04568072;507855600000
04570917;509065200000
04570916;509065200000
04572497;509670000000
04572496;509670000000
04572495;509670000000
04573618;510274800000
04573672;510274800000
04573670;510274800000
04573671;510274800000
04575296;510879600000
04575066;510879600000
04575065;510879600000
04575067;510879600000
04576369;511484400000
04576370;511484400000
04577848;512089200000
04577789;512089200000
04580770;513295200000
04582312;513900000000
04582313;513900000000
04582743;513900000000
04585113;515109600000
04585219;515109600000
04585220;515109600000
04586703;515714400000
04586704;515714400000
04586640;515714400000
04588179;516319200000
04587913;516319200000
04589644;516924000000
04592651;518133600000
04593893;518738400000
04594672;518738400000
04595187;519343200000
04595328;519343200000
04598860;521157600000
04601462;522367200000
04601693;522367200000
04602775;522972000000
04603971;523576800000
04603629;523576800000
04605213;524181600000
04605212;524181600000
04605211;524181600000
04605210;524181600000
04605209;524181600000
04606534;524786400000
04606533;524786400000
04607830;525391200000
04611741;527205600000
04611799;527205600000
04611798;527205600000
04614290;528418800000
04615517;529023600000
04616816;529628400000
04616815;529628400000
04619449;530838000000
04621757;532047600000
04623136;532652400000
04624452;533257200000
04625954;533862000000
04625952;533862000000
04626156;533862000000
04633793;536886000000
04634107;536886000000
04635915;537490800000
04639873;538700400000
04639177;538700400000
04641555;539910000000
04641825;539910000000
04641824;539910000000
04645191;541119600000
04647029;541724400000
04648586;542329200000
04650174;542934000000
04650173;542934000000
04655739;544744800000
04660818;546559200000
04662620;547164000000
04666139;548373600000
04667946;548978400000
04671501;550188000000
04674052;550792800000
04673382;550792800000
04674375;551397600000
04674732;551397600000
04676494;552002400000
04676495;552002400000
04677910;552607200000
04678174;552607200000
04678173;552607200000
04678172;552607200000
04679783;553212000000
04681310;553816800000
04682767;554421600000
04684118;555026400000
04684117;555026400000
04684116;555026400000
04687191;556236000000
04691908;558050400000
04696464;559868400000
04697805;560473200000
04700939;561682800000
04700940;561682800000
04700598;561682800000
04706951;564102000000
04706950;564102000000
04707790;564102000000
04708332;564706800000
04708331;564706800000
04708333;564706800000
04710256;565311600000
04709606;565311600000
04709910;565311600000
04711440;565916400000
04717135;568335600000
04717134;568335600000
04718654;568940400000
04720089;569545200000
04720090;569545200000
04720091;569545200000
04721295;570150000000
04721296;570150000000
04721294;570150000000
04720960;570150000000
04723770;571359600000
04725050;571964400000
04725051;571964400000
04726578;572569200000
04728089;573174000000
04729708;573778800000
04729554;573778800000
04730762;574383600000
04730822;574383600000
04730820;574383600000
04730821;574383600000
04732374;574988400000
04733856;575589600000
04734865;575589600000
04735406;576194400000
04736936;576799200000
04737045;576799200000
04738440;577404000000
04741233;578613600000
04743005;579218400000
04746109;580428000000
04746108;580428000000
04746107;580428000000
04746111;580428000000
04747817;581032800000
04747591;581032800000
04749178;581637600000
04749179;581637600000
04750724;582242400000
04750725;582242400000
04752684;582847200000
04753428;583452000000
04753429;583452000000
04753430;583452000000
04754959;584056800000
04757984;585266400000
04758021;585266400000
04762312;587080800000
04762311;587080800000
04763888;587685600000
04765604;588290400000
04765502;588290400000
04767112;588895200000
04767250;588895200000
04768766;589500000000
04768767;589500000000
04768768;589500000000
04768770;589500000000
04770284;590104800000
04770402;590104800000
04772003;590709600000
04773676;591318000000
04775137;591922800000
04775136;591922800000
04775358;591922800000
04778165;593132400000
04778166;593132400000
04778167;593132400000
04778441;593132400000
04779859;593737200000
04782363;594342000000
04781366;594342000000
04781367;594342000000
04784379;595551600000
04784381;595551600000
04789147;597366000000
04790523;597970800000
04792077;598575600000
04793251;599180400000
04795417;599785200000
04795418;599785200000
04795144;599785200000
04795143;599785200000
04797832;600390000000
04799989;601599600000
04799660;601599600000
04799661;601599600000
04800505;601599600000
04800506;601599600000
04800504;601599600000
04801036;602204400000
04801133;602204400000
04801132;602204400000
04805374;604018800000
04807865;604623600000
04809964;605228400000
04810007;605228400000
04812195;605833200000
04811938;605833200000
04811688;605833200000
04815374;607039200000
04815721;607039200000
04818332;607644000000
04817931;607644000000
04817932;607644000000
04819926;608248800000
04822328;608853600000
04822018;608853600000
04822016;608853600000
04824426;609458400000
04824503;609458400000
04828242;610668000000
04830352;611272800000
04830351;611272800000
04834359;612482400000
04836524;613087200000
04836528;613087200000
04838848;613692000000
04840365;614296800000
04840364;614296800000
04842260;614901600000
04842572;614901600000
04842573;614901600000
04844432;615506400000
04844433;615506400000
04844369;615506400000
04846454;616111200000
04846064;616111200000
04848231;616716000000
04851075;617320800000
04850947;617320800000
04852013;617320800000
04852487;617925600000
04852867;617925600000
04858904;619740000000
04861327;620344800000
04862378;620344800000
04863152;620949600000
04864350;620949600000
04865308;621554400000
04865304;621554400000
04867432;622159200000
04867429;622159200000
04869484;622767600000
04871157;623372400000
04871159;623372400000
04871158;623372400000
04872658;623977200000
04874158;624582000000
04874157;624582000000
04875669;625186800000
04875668;625186800000
04878981;626396400000
04878656;626396400000
04886260;629420400000
04886259;629420400000
04890060;630630000000
04891681;631234800000
04892297;631839600000
04892036;631839600000
04893152;631839600000
04893153;631839600000
04893803;632444400000
04895356;633049200000
04897587;633654000000
04897145;633654000000
04896870;633654000000
04898570;634258800000
04898372;634258800000
04898373;634258800000
04900391;634863600000
04900002;634863600000
04900001;634863600000
04901996;635468400000
04901993;635468400000
04901994;635468400000
04901995;635468400000
04905054;636073200000
04905055;636073200000
04903600;636073200000
04903952;636073200000
04905976;636678000000
04905977;636678000000
04908010;637282800000
04915368;639698400000
04917366;640303200000
04917367;640303200000
04917364;640303200000
04917365;640303200000
04921235;641512800000
04923188;642117600000
04923189;642117600000
04925170;642722400000
04925171;642722400000
04925174;642722400000
04925172;642722400000
04925173;642722400000
04928941;643932000000
04928940;643932000000
04928942;643932000000
04930761;644536800000
04932644;645141600000
04932645;645141600000
04932579;645141600000
04934681;645746400000
04936561;646351200000
04936562;646351200000
04938465;646956000000
04939888;647560800000
04941650;648165600000
04942535;648165600000
04944131;649375200000
04944503;649375200000
04944502;649375200000
04946151;649980000000
04946152;649980000000
04946150;649980000000
04946153;649980000000
04946154;649980000000
04948112;650584800000
04948111;650584800000
04948109;650584800000
04949948;651189600000
04952426;651794400000
04952203;651794400000
04953841;652399200000
04955594;653004000000
04957284;653608800000
04957280;653608800000
04958819;654213600000
04958820;654213600000
04959795;654213600000
04959600;654213600000
04961565;655426800000
04965629;656636400000
04964626;656636400000
04966352;657241200000
04966353;657241200000
04966354;657241200000
04969639;658450800000
04970654;658450800000
04971302;659055600000
04971303;659055600000
04973036;659660400000
04973035;659660400000
04972655;659660400000
04974822;660265200000
04974823;660265200000
04974824;660265200000
04976419;660870000000
04976420;660870000000
04981291;662684400000
04983096;663289200000
04982940;663289200000
04984948;663894000000
04984773;663894000000
04984772;663894000000
04987547;664498800000
04986521;664498800000
04986520;664498800000
04988030;665103600000
04988085;665103600000
04988086;665103600000
04989853;665708400000
04989854;665708400000
04989850;665708400000
04989851;665708400000
04989852;665708400000
04991829;666313200000
04993697;666918000000
04995600;667522800000
04997205;668127600000
04997175;668127600000
05000431;669337200000
05000434;669337200000
05000432;669337200000
05000433;669337200000
05003485;669942000000
05005751;671148000000
05005815;671148000000
05005816;671148000000
05008716;671752800000
05007623;671752800000
05007625;671752800000
05007624;671752800000
05009408;672357600000
05011123;672962400000
05011131;672962400000
05012073;672962400000
05013019;673567200000
05013020;673567200000
05013022;673567200000
05013021;673567200000
05014971;674172000000
05016863;674776800000
05019716;675381600000
05018535;675381600000
05018713;675381600000
05021273;675986400000
05020784;675986400000
05020785;675986400000
05020786;675986400000
05020434;675986400000
05021837;675986400000
05022637;676591200000
05024430;677196000000
05024429;677196000000
05026035;677800800000
05027462;678405600000
05028040;678405600000
05028192;678405600000
05029828;679010400000
05029829;679010400000
05029827;679010400000
05029831;679010400000
05029832;679010400000
05029830;679010400000
05031889;679615200000
05031891;679615200000
05031890;679615200000
05033727;680220000000
05033726;680220000000
05033725;680220000000
05035412;680824800000
05037078;681429600000
05037077;681429600000
05037076;681429600000
05039075;682034400000
05039076;682034400000
05039077;682034400000
05040782;682639200000
05042789;683244000000
05042788;683244000000
05044625;683848800000
05044617;683848800000
05044618;683848800000
05044619;683848800000
05046709;684453600000
05046710;684453600000
05048809;685058400000
05048810;685058400000
05050851;685663200000
05052667;686271600000
05052666;686271600000
05053831;686271600000
05054757;686876400000
05054758;686876400000
05054984;686876400000
05056767;687481200000
05058872;688086000000
05058873;688086000000
05060921;688690800000
05060922;688690800000
05062597;689295600000
05064180;689900400000
05064181;689900400000
05064179;689900400000
05067088;690505200000
05065993;690505200000
05065992;690505200000
05065994;690505200000
05067699;691110000000
05067697;691110000000
05067698;691110000000
05067700;691110000000
05071689;692319600000
05072920;692924400000
05072919;692924400000
05073803;692924400000
05076555;694134000000
05076556;694134000000
05078374;694738800000
05078375;694738800000
05078376;694738800000
05078825;694738800000
05080339;695343600000
05080338;695343600000
05080337;695343600000
05080342;695343600000
05080340;695343600000
05083281;695948400000
05082256;695948400000
05082255;695948400000
05083769;696553200000
05083760;696553200000
05085417;697158000000
05087023;697762800000
05088975;698367600000
05088710;698367600000
05088711;698367600000
05088712;698367600000
05088707;698367600000
05088708;698367600000
05088709;698367600000
05091777;698972400000
05090672;698972400000
05090671;698972400000
05090678;698972400000
05090673;698972400000
05090687;698972400000
05092509;699577200000
05092573;699577200000
05094379;700182000000
05094437;700182000000
05094438;700182000000
05096175;700786800000
05096174;700786800000
05096176;700786800000
05098074;701391600000
05098075;701391600000
05098076;701391600000
05099292;701391600000
05100117;701992800000
05100116;701992800000
05100119;701992800000
05100118;701992800000
05102110;702597600000
05102111;702597600000
05104107;703202400000
05104108;703202400000
05104104;703202400000
05104105;703202400000
05104106;703202400000
05106069;703807200000
05106068;703807200000
05106067;703807200000
05106066;703807200000
05108082;704412000000
05108081;704412000000
05110116;705016800000
05110102;705016800000
05110101;705016800000
05112179;705621600000
05112033;705621600000
05112036;705621600000
05112034;705621600000
05112035;705621600000
05114129;706226400000
05114128;706226400000
05114130;706226400000
05116033;706831200000
05118375;707436000000
05117610;707436000000
05120036;708040800000
05121911;708645600000
05121910;708645600000
05123890;709250400000
05125635;709855200000
05125634;709855200000
05125633;709855200000
05127640;710460000000
05129640;711064800000
05129639;711064800000
05131641;711669600000
05131640;711669600000
05131642;711669600000
05133539;712274400000
05135211;712879200000
05137264;713484000000
05137265;713484000000
05137266;713484000000
05137409;713484000000
05137506;713484000000
05139247;714088800000
05139249;714088800000
05139248;714088800000
05140380;714088800000
05141216;714693600000
05141215;714693600000
05142482;714693600000
05143362;715298400000
05144562;715298400000
05145158;715903200000
05145159;715903200000
05147279;716508000000
05147273;716508000000
05149075;717112800000
05150889;717721200000
05152511;718326000000
05154404;718930800000
05157617;719535600000
05156384;719535600000
05158273;720140400000
05161790;721350000000
05161795;721350000000
05165672;722559600000
05165671;722559600000
05165674;722559600000
05169134;723769200000
05169133;723769200000
05172162;724374000000
05172179;724374000000
05171005;724374000000
05172897;724978800000
05174557;725583600000
05174556;725583600000
05177546;726188400000
05177548;726188400000
05176371;726188400000
05176372;726188400000
05180153;727398000000
05180152;727398000000
05180151;727398000000
05181704;728002800000
05183246;728607600000
05183247;728607600000
05186444;729817200000
05186445;729817200000
05186443;729817200000
05187534;729817200000
05188349;730422000000
05188348;730422000000
05190274;731026800000
05191540;731026800000
05192065;731631600000
05192064;731631600000
05196083;732841200000
05195731;732841200000
05197722;733442400000
05201517;734652000000
05201503;734652000000
05203549;735256800000
05203551;735256800000
05203550;735256800000
05207412;736466400000
05209809;737071200000
05211384;737676000000
05211383;737676000000
05213318;738280800000
05213317;738280800000
05213316;738280800000
05217215;739490400000
05217216;739490400000
05217255;739490400000
05221953;740700000000
05222721;741304800000
05222720;741304800000
05226871;742514400000
05229812;743119200000
05229827;743119200000
05230453;743724000000
05230501;743724000000
05236184;745538400000
05236185;745538400000
05236189;745538400000
05241355;746748000000
05242366;747352800000
05242521;747352800000
05245547;747957600000
05244196;747957600000
05246219;748562400000
05248136;749170800000
05248135;749170800000
05251888;750380400000
05255908;751590000000
05255902;751590000000
05257081;751590000000
05259605;752799600000
05259604;752799600000
05263708;754009200000
05263696;754009200000
05263698;754009200000
05263697;754009200000
05265855;754614000000
05267727;755218800000
05267821;755218800000
05269503;755823600000
05269504;755823600000
05272511;756428400000
05273265;757033200000
05277413;758242800000
05279536;758847600000
05279218;758847600000
05279494;758847600000
05279495;758847600000
05280895;759452400000
05282611;760057200000
05283752;760057200000
05285249;760662000000
05284466;760662000000
05286016;761266800000
05286015;761266800000
05285554;761266800000
05287805;761871600000
05289251;761871600000
05288063;761871600000
05288062;761871600000
05289617;762476400000
05289770;762476400000
05290020;762476400000
05292111;763081200000
05292110;763081200000
05294100;763686000000
05293698;763686000000
05296066;764290800000
05297783;764892000000
05297784;764892000000
05299792;765496800000
05299793;765496800000
05301935;766101600000
05303909;766706400000
05305994;767311200000
05305993;767311200000
05308051;767916000000
05310398;768520800000
05314566;769730400000
05314176;769730400000
05316280;770335200000
05316281;770335200000
05316279;770335200000
05316425;770335200000
05317654;770335200000
05321624;771544800000
05321464;771544800000
05321466;771544800000
05320335;771544800000
05320334;771544800000
05320336;771544800000
05322232;772149600000
05324014;772754400000
05326088;773359200000
05326087;773359200000
05326209;773359200000
05328162;773964000000
05328547;773964000000
05330170;774568800000
05338017;776988000000
05337687;776988000000
05341543;778197600000
05343304;778197600000
05342033;778197600000
05342034;778197600000
05342032;778197600000
05344130;778802400000
05344131;778802400000
05346196;779407200000
05346195;779407200000
05346203;779407200000
05348288;780012000000
05348277;780012000000
05348278;780012000000
05348279;780012000000
05350268;780620400000
05350164;780620400000
05352177;781225200000
05353477;781830000000
05354042;781830000000
05354043;781830000000
05356125;782434800000
05360213;783644400000
05362200;784249200000
05364085;784854000000
05366212;785458800000
05373610;787878000000
05374042;787878000000
05374043;787878000000
05375825;788482800000
05375824;788482800000
05377120;788482800000
05377965;789087600000
05377964;789087600000
05383130;790297200000
05382016;790297200000
05382011;790297200000
05382012;790297200000
05384634;790902000000
05385340;791506800000
05386979;792111600000
05388819;792716400000
05388816;792716400000
05388815;792716400000
05390905;793321200000
05390910;793321200000
05393042;793926000000
05397106;795135600000
05398919;795740400000
05398918;795740400000
05400475;796341600000
05405127;797551200000
05405126;797551200000
05407081;798156000000
05407186;798156000000
05409202;798760800000
05409205;798760800000
05409201;798760800000
05411245;799365600000
05413658;799970400000
05413321;799970400000
05415386;800575200000
05415385;800575200000
05415092;800575200000
05417410;801180000000
05419541;801784800000
05421567;802389600000
05421568;802389600000
05421662;802389600000
05421699;802389600000
05425837;803599200000
05429627;804808800000
05429698;804808800000
05434661;806018400000
05435535;806623200000
05435534;806623200000
05435544;806623200000
05437442;807228000000
05437441;807228000000
05439206;807832800000
05441244;808437600000
05441245;808437600000
05443250;809042400000
05443249;809042400000
05443248;809042400000
05445367;809647200000
05445368;809647200000
05447262;810252000000
05447296;810252000000
05447298;810252000000
05447297;810252000000
05449167;810856800000
05449158;810856800000
05449156;810856800000
05449157;810856800000
05451040;811461600000
05451037;811461600000
05452887;812070000000
05458323;813884400000
05461469;814489200000
05460359;814489200000
05462266;815094000000
05462265;815094000000
05462399;815094000000
05465213;815698800000
05464200;815698800000
05464201;815698800000
05464199;815698800000
05466321;816303600000
05465947;816303600000
05467973;816908400000
05473420;818118000000
05472181;818118000000
05474286;818722800000
05474285;818722800000
05474221;818722800000
05478091;819932400000
05478063;819932400000
05478062;819932400000
05478061;819932400000
05480130;820537200000
05484379;821746800000
05489473;823561200000
05489969;823561200000
05489091;823561200000
05489092;823561200000
05490666;824166000000
05493367;824770800000
05492316;824770800000
05492315;824770800000
05494270;825375600000
05497984;826585200000
05499803;827190000000
05499564;827190000000
05501443;827794800000
05501442;827794800000
05501148;827794800000
05503379;828396000000
05503381;828396000000
05503380;828396000000
05508798;829605600000
05508799;829605600000
05509645;830210400000
05510997;830210400000
05511769;830815200000
05513839;831420000000
05516090;832024800000
05516256;832024800000
05519624;832629600000
05518228;832629600000
05520378;833234400000
05522586;833839200000
05522588;833839200000
05522587;833839200000
05524873;834444000000
05527025;835048800000
05527256;835048800000
05526748;835048800000
05529298;835653600000
05531437;836258400000
05531430;836258400000
05531429;836258400000
05533719;836863200000
05535996;837468000000
05538232;838072800000
05540421;838677600000
05540422;838677600000
05542655;839282400000
05544471;839887200000
05544583;839887200000
05547177;840492000000
05547178;840492000000
05547175;840492000000
05547176;840492000000
05549288;841096800000
05551682;841701600000
05551681;841701600000
05551680;841701600000
05551686;841701600000
05551679;841701600000
05551678;841701600000
05556087;842911200000
05556086;842911200000
05556251;842911200000
05558319;843516000000
05558318;843516000000
05558615;843516000000
05560594;844120800000
05562278;844725600000
05564684;845330400000
05564685;845330400000
05568917;846543600000
05570875;847148400000
05573233;847753200000
05573231;847753200000
05573232;847753200000
05575463;848358000000
05577718;848962800000
05580039;849567600000
05580038;849567600000
05584471;850777200000
05586964;851382000000
05588644;851986800000
05590442;852591600000
05590871;852591600000
05590828;852591600000
05592280;852591600000
05593148;853196400000
05592881;853196400000
05595379;853801200000
05597152;854406000000
05596932;854406000000
05599009;855010800000
05599008;855010800000
05603492;856220400000
05605322;856825200000
05605267;856825200000
05607145;857430000000
05607146;857430000000
05609333;858034800000
05613670;859244400000
05613669;859244400000
05614987;859244400000
05615871;859845600000
05616113;859845600000
05623722;861660000000
05622268;861660000000
05622359;861660000000
05622360;861660000000
05626333;862869600000
05628502;863474400000
05628501;863474400000
05630578;864079200000
05632587;864684000000
05632476;864684000000
05634633;865288800000
05634632;865288800000
05634631;865288800000
05634630;865288800000
05639080;866498400000
05639083;866498400000
05639077;866498400000
05639079;866498400000
05639078;866498400000
05642876;867708000000
05644380;867708000000
05647583;868917600000
05647582;868917600000
05649695;869522400000
05651537;870127200000
05653428;870732000000
05653429;870732000000
05655759;871336800000
05655760;871336800000
05658422;871941600000
05657979;871941600000
05657976;871941600000
05657978;871941600000
05657977;871941600000
05660382;872546400000
05662318;873151200000
05662319;873151200000
05667210;874360800000
05667213;874360800000
05667212;874360800000
05667211;874360800000
05673906;876175200000
05673910;876175200000
05676056;876780000000
05678813;877384800000
05678812;877384800000
05681035;877993200000
05685532;879202800000
05685530;879202800000
05685531;879202800000
05685529;879202800000
05685528;879202800000
05690324;880412400000
05692440;881017200000
05692740;881017200000
05695180;881622000000
05695181;881622000000
05700002;882831600000
05699980;882831600000
05702098;883436400000
05702097;883436400000
05704602;884041200000
05704603;884041200000
05704604;884041200000
05707055;884646000000
05707054;884646000000
05709374;885250800000
05709375;885250800000
05709376;885250800000
05713566;886460400000
05713565;886460400000
05717976;887065200000
05716190;887065200000
05720224;888274800000
05722031;888274800000
05722651;888879600000
05722650;888879600000
05724641;888879600000
05727725;890089200000
05727781;890089200000
05730695;890694000000
05730435;890694000000
05730438;890694000000
05730436;890694000000
05730437;890694000000
05730056;890694000000
05732315;890694000000
05733622;891295200000
05732940;891295200000
05732939;891295200000
05734566;891295200000
05735515;891900000000
05735516;891900000000
05735202;891900000000
05735108;891900000000
05738346;892504800000
05743517;893714400000
05745590;893714400000
05746162;894319200000
05746425;894319200000
05746424;894319200000
05749567;894924000000
05752154;894924000000
05754434;895528800000
05752697;895528800000
05752694;895528800000
05758251;896133600000
05758872;896738400000
05758873;896738400000
05758871;896738400000
05761535;896738400000
05762329;897343200000
05762328;897343200000
05765459;897948000000
05765824;897948000000
05765823;897948000000
05769403;898552800000
05769404;898552800000
05769405;898552800000
05769406;898552800000
05772198;899157600000
05772197;899157600000
05772195;899157600000
05772194;899157600000
05774778;899157600000
05775222;899762400000
05777443;899762400000
05777882;899762400000
05779233;900367200000
05779232;900367200000
05782467;900972000000
05782466;900972000000
05782465;900972000000
05782464;900972000000
05785224;901576800000
05788226;902181600000
05793298;902786400000
05791644;902786400000
05791643;902786400000
05791642;902786400000
05791641;902786400000
05791250;902786400000
05794926;903391200000
05797596;903996000000
05799935;904600800000
05806842;905810400000
05806850;905810400000
05810551;906415200000
05810346;906415200000
05810345;906415200000
05813667;907020000000
05816715;907624800000
05816773;907624800000
05816434;907624800000
05818724;907624800000
05820539;908229600000
05819666;908229600000
05819663;908229600000
05823320;908834400000
05823521;908834400000
05826158;908834400000
05826869;909442800000
05826868;909442800000
05829953;910047600000
05833232;910652400000
05833226;910652400000
05833107;910652400000
05836576;911257200000
05836577;911257200000
05836578;911257200000
05836579;911257200000
05839048;911257200000
05838574;911257200000
05848346;913071600000
05848325;913071600000
05845901;913071600000
05849140;913676400000
05848789;913676400000
05852765;914281200000
05853081;914886000000
05855730;915490800000
05857670;916095600000
05857669;916095600000
05860643;916700400000
05862754;917305200000
05868838;918514800000
05871433;919119600000
05874812;919724400000
05876027;920329200000
05876029;920329200000
05878999;920934000000
05881352;920934000000
05881337;920934000000
05884910;922143600000
05887532;922744800000
05887863;922744800000
05887864;922744800000
05890050;922744800000
05890344;923349600000
05893824;923954400000
05895036;924559200000
05898592;925164000000
05897733;925164000000
05899138;925768800000
05899447;925768800000
05902222;926373600000
05901949;926373600000
05905935;926978400000
05909814;928792800000
05909871;928792800000
05911414;929397600000
05911416;929397600000
05913099;929397600000
05915301;930607200000
05918101;930607200000
05918729;931212000000
05918871;931212000000
05918872;931212000000
05918879;931212000000
05921537;931816800000
05921538;931816800000
05924970;932421600000
05924689;932421600000
05931460;933631200000
05938100;934840800000
05938186;934840800000
05938192;934840800000
05937757;934840800000
05941516;935445600000
05944304;936050400000
05947461;936655200000
05951000;937260000000
05951004;937260000000
05953971;937864800000
05954323;937864800000
05954006;937864800000
05957652;938469600000
05961115;939074400000
05961110;939074400000
05964154;939679200000
05964459;939679200000
05966579;939679200000
05967503;940284000000
05971384;940888800000
05971383;940888800000
05971394;940888800000
05975525;941497200000
05975514;941497200000
05975182;941497200000
05975823;941497200000
05979888;942102000000
05980676;942102000000
05988632;943311600000
05988620;943311600000
05988352;943311600000
05992840;943916400000
05992839;943916400000
05992838;943916400000
05992889;943916400000
05997239;944521200000
05996314;944521200000
06000894;945126000000
06003853;945730800000
06004421;945730800000
06006065;945730800000
06006669;946335600000
06010122;946940400000
06010123;946940400000
06010129;946940400000
06012890;947545200000
06015145;948150000000
06017030;948754800000
06017027;948754800000
06016747;948754800000
06019047;949359600000
06022011;949964400000
06024684;950569200000
06024682;950569200000
06027270;951174000000
06027107;951174000000
06029026;951174000000
06029968;951778800000
06039317;953593200000
06038974;953593200000
06042672;954194400000
06042098;954194400000
06044246;954194400000
06044546;954799200000
06047960;955404000000
06047642;955404000000
06056321;957218400000
06063229;958428000000
06062555;958428000000
06070023;959637600000
06076817;961452000000
06079706;962056800000
06079705;962056800000
06082725;962661600000
06082724;962661600000
06082259;962661600000
06088568;963266400000
06085913;963266400000
06089558;963871200000
06089559;963871200000
06090467;963871200000
06090030;963871200000
06092804;964476000000
06092798;964476000000
06092712;964476000000
06095511;965080800000
06095510;965080800000
06095740;965080800000
06099452;965685600000
06098975;965685600000
06102385;966290400000
06105861;966895200000
06105958;966895200000
06109603;967500000000
06109029;967500000000
06116596;968709600000
06120020;969314400000
06120015;969314400000
06126163;970524000000
06125730;970524000000
06129346;971128800000
06129350;971128800000
06131053;971128800000
06137590;972338400000
06139009;972946800000
06139003;972946800000
06142470;973551600000
06142469;973551600000
06142461;973551600000
06142353;973551600000
06142354;973551600000
06145826;974156400000
06145825;974156400000
06152438;975366000000
06152439;975366000000
06152034;975366000000
06155563;975970800000
06155551;975970800000
06155552;975970800000
06158569;976575600000
06161827;977180400000
06161828;977180400000
06165116;977785200000
06167326;977785200000
06164511;977785200000
06168145;978390000000
06168154;978390000000
06171225;978994800000
06173949;979599600000
06176480;980204400000
06179287;980809200000
06186494;982018800000
06186498;982018800000
06192295;982623600000
06189880;982623600000
06189879;982623600000
06193640;983228400000
06193457;983228400000
06193228;983228400000
06193227;983228400000
06196537;983833200000
06195958;983833200000
06199850;984438000000
06199851;984438000000
06199852;984438000000
06199853;984438000000
06202005;984438000000
06203001;985042800000
06203000;985042800000
06206594;985644000000
06206358;985644000000
06209860;986248800000
06209864;986248800000
06213703;986853600000
06213456;986853600000
06213457;986853600000
06217271;987458400000
06217016;987458400000
06220592;988063200000
06223965;988668000000
06223964;988668000000
06224054;988668000000
06224048;988668000000
06227530;989272800000
06227531;989272800000
06227529;989272800000
06229984;989272800000
06231039;989877600000
06231045;989877600000
06234466;990482400000
06234467;990482400000
06234474;990482400000
06237908;991087200000
06240334;991087200000
06241234;991692000000
06241233;991692000000
06241232;991692000000
06244583;992296800000
06244584;992296800000
06244590;992296800000
06246926;992296800000
06247692;992901600000
06247694;992901600000
06247691;992901600000
06249716;992901600000
06250625;993506400000
06250622;993506400000
06251054;993506400000
06253057;993506400000
06254088;994111200000
06257567;994716000000
06257566;994716000000
06257142;994716000000
06260837;995320800000
06260838;995320800000
06264194;995925600000
06263814;995925600000
06267366;996530400000
06270073;997135200000
06270067;997135200000
06270068;997135200000
06273419;997740000000
06273413;997740000000
06273411;997740000000
06276677;998344800000
06276267;998344800000
06279899;998949600000
06279890;998949600000
06279892;998949600000
06279891;998949600000
06283304;999554400000
06283354;999554400000
06283466;999554400000
06290220;1000764000000
06293544;1001368800000
06293075;1001368800000
06296247;1001973600000
06298781;1002578400000
06299154;1002578400000
06302389;1003183200000
06302388;1003183200000
06304795;1003183200000
06305681;1003788000000
06305680;1003788000000
06311104;1004396400000
06311032;1004396400000
06308948;1004396400000
06308945;1004396400000
06311968;1005001200000
06311971;1005001200000
06315288;1005606000000
06315107;1005606000000
06322070;1006815600000
06324442;1006815600000
06321935;1006815600000
06321512;1006815600000
06325585;1007420400000
06325368;1007420400000
06325371;1007420400000
06327515;1007420400000
06328298;1008025200000
06328299;1008025200000
06328297;1008025200000
06330999;1008630000000
06332606;1009234800000
06332605;1009234800000
06334611;1009839600000
06337970;1010444400000
06336630;1010444400000
06336307;1010444400000
06339685;1011049200000
06338603;1011049200000
06341934;1012258800000
06341771;1012258800000
06341773;1012258800000
06341772;1012258800000
06343785;1012863600000
06347260;1013468400000
06349242;1014073200000
06350096;1014678000000
06349934;1014678000000
06352253;1015282800000
06352251;1015282800000
06352252;1015282800000
06354582;1015887600000
06354059;1015887600000
06357737;1016492400000
06357736;1016492400000
06361036;1017097200000
06364590;1017698400000
06364305;1017698400000
06363851;1017698400000
06367792;1018303200000
06367793;1018303200000
06367794;1018303200000
06371472;1018908000000
06371471;1018908000000
06374077;1018908000000
06375179;1019512800000
06375181;1019512800000
06375180;1019512800000
06378861;1020117600000
06378751;1020117600000
06378409;1020117600000
06381442;1020117600000
06381443;1020117600000
06382616;1020722400000
06382614;1020722400000
06382615;1020722400000
06386812;1021327200000
06386537;1021327200000
06390465;1021932000000
06390469;1021932000000
06394730;1022536800000
06394442;1022536800000
06394441;1022536800000
06394445;1022536800000
06398203;1023141600000
06402450;1023746400000
06402132;1023746400000
06402136;1023746400000
06402006;1023746400000
06406581;1024351200000
06406199;1024351200000
06406013;1024351200000
06409447;1024956000000
06412994;1025560800000
06416082;1026165600000
06418357;1026165600000
06419217;1026770400000
06419218;1026770400000
06419219;1026770400000
06421523;1026770400000
06422553;1027375200000
06422552;1027375200000
06427997;1028584800000
06435092;1029794400000
06439569;1030399200000
06439562;1030399200000
06443450;1031004000000
06443447;1031004000000
06445975;1031004000000
06447230;1031608800000
06447229;1031608800000
06446953;1031608800000
06450934;1032213600000
06450492;1032213600000
06454255;1032818400000
06457705;1033423200000
06459858;1033423200000
06459880;1033423200000
06460844;1034028000000
06460842;1034028000000
06460843;1034028000000
06464819;1034632800000
06464449;1034632800000
06467763;1035237600000
06467769;1035237600000
06473760;1035846000000
06471429;1035846000000
06474633;1036450800000
06481703;1037660400000
06481704;1037660400000
06481711;1037660400000
06485010;1038265200000
06488804;1038870000000
06494661;1040079600000
06494449;1040079600000
06499731;1041289200000
06500293;1041289200000
06502813;1041894000000
06502812;1041894000000
06502614;1041894000000
06506008;1042498800000
06513427;1044313200000
06517064;1044918000000
06517065;1044918000000
06519503;1044918000000
06520496;1045522800000
06526256;1046127600000
06527269;1046732400000
06530339;1047337200000
06532356;1047337200000
06539279;1048546800000
06542715;1049148000000
06546313;1049752800000
06547233;1050357600000
06547230;1050357600000
06547231;1050357600000
06547229;1050357600000
06547501;1050357600000
06549734;1050357600000
06550385;1050962400000
06550758;1050962400000
06550757;1050962400000
06550756;1050962400000
06551228;1050962400000
06554267;1051567200000
06554266;1051567200000
06557848;1052172000000
06557842;1052172000000
06561502;1052776800000
06561504;1052776800000
06561503;1052776800000
06561709;1052776800000
06565076;1053381600000
06565075;1053381600000
06565500;1053381600000
06568669;1053986400000
06568668;1053986400000
06568676;1053986400000
06572093;1054591200000
06572097;1054591200000
06572101;1054591200000
06575461;1055196000000
06575446;1055196000000
06575445;1055196000000
06575447;1055196000000
06577845;1055196000000
06578838;1055800800000
06581922;1056405600000
06581971;1056405600000
06588739;1057615200000
06592114;1058220000000
06592115;1058220000000
06592113;1058220000000
06595131;1058824800000
06595509;1058824800000
06599226;1059429600000
06601846;1060034400000
06601840;1060034400000
06607188;1061244000000
06612567;1062453600000
06612560;1062453600000
06612559;1062453600000
06615105;1062453600000
06616029;1063058400000
06616135;1063058400000
06616134;1063058400000
06619583;1063663200000
06619652;1063663200000
06622999;1064268000000
06629690;1065477600000
06631896;1066082400000
06631897;1066082400000
06632059;1066082400000
06634641;1066687200000
06634633;1066687200000
06637739;1067295600000
06637996;1067295600000
06641129;1067900400000
06644193;1068505200000
06644654;1068505200000
06644643;1068505200000
06644642;1068505200000
06648319;1069110000000
06651558;1069714800000
06651539;1069714800000
06655674;1070319600000
06659258;1070924400000
06659442;1070924400000
06661995;1070924400000
06666443;1072134000000
06666444;1072134000000
06669384;1072738800000
06669429;1072738800000
06672447;1073343600000
06673185;1073343600000
06674976;1073343600000
06676121;1073948400000
06679028;1074553200000
06682063;1075158000000
06682062;1075158000000
06682285;1075158000000
06685180;1075762800000
06685416;1075762800000
06685414;1075762800000
06687570;1075762800000
06687569;1075762800000
06690996;1076367600000
06688224;1076367600000
06688589;1076367600000
06689038;1076367600000
06691995;1076972400000
06691996;1076972400000
06692208;1076972400000
06694219;1076972400000
06695306;1077577200000
06695300;1077577200000
06698744;1078182000000
06698745;1078182000000
06698742;1078182000000
06698743;1078182000000
06699005;1078182000000
06705603;1079391600000
06705604;1079391600000
06705608;1079391600000
06705982;1079391600000
06708078;1079391600000
06708968;1079996400000
06708967;1079996400000
06712349;1080597600000
06712749;1080597600000
06714835;1080597600000
06715749;1081202400000
06717286;1081202400000
06718859;1081807200000
06719283;1081807200000
06719522;1081807200000
06722650;1082412000000
06722646;1082412000000
06722645;1082412000000
06725126;1082412000000
06726196;1083016800000
06726424;1083016800000
06726425;1083016800000
06727999;1083016800000
06730011;1083621600000
06730012;1083621600000
06730870;1083621600000
06731393;1083621600000
06732011;1083621600000
06729376;1083621600000
06729612;1083621600000
06733006;1084226400000
06735415;1084226400000
06736388;1084831200000
06739818;1085436000000
06739817;1085436000000
06740131;1085436000000
06746008;1086645600000
06746007;1086645600000
06746390;1086645600000
06747749;1086645600000
06748294;1086645600000
06749190;1087250400000
06755411;1088460000000
06755410;1088460000000
06764073;1090274400000
06764069;1090274400000
06764068;1090274400000
06767011;1090879200000
06769223;1091484000000
06769676;1091484000000
06769675;1091484000000
06769592;1091484000000
06773004;1092088800000
06773005;1092088800000
06773216;1092088800000
06776412;1092693600000
06776404;1092693600000
06779789;1093298400000
06779788;1093298400000
06779790;1093298400000
06783124;1093903200000
06783125;1093903200000
06788426;1094508000000
06789793;1095112800000
06793113;1095717600000
06793218;1095717600000
06793210;1095717600000
06793211;1095717600000
06796552;1096322400000
06796553;1096322400000
06796554;1096322400000
06796558;1096322400000
06799759;1096927200000
06802503;1097532000000
06802500;1097532000000
06802501;1097532000000
06802502;1097532000000
06805340;1098136800000
06809841;1098741600000
06810813;1099350000000
06814004;1099954800000
06814350;1099954800000
06817604;1100559600000
06817605;1100559600000
06817518;1100559600000
06819906;1100559600000
06820870;1101164400000
06820869;1101164400000
06821038;1101164400000
06823571;1101769200000
06824128;1101769200000
06825949;1101769200000
06827013;1102374000000
06827116;1102374000000
06827346;1102374000000
06827679;1102374000000
06829320;1102374000000
06830242;1102978800000
06830241;1102978800000
06830243;1102978800000
06832757;1103583600000
06834849;1104188400000
06840616;1105398000000
06843473;1106002800000
06845228;1106002800000
06845978;1106607600000
06848687;1107212400000
06851666;1107817200000
06851667;1107817200000
06857629;1109026800000
06857996;1109026800000
06860479;1109631600000
06860478;1109631600000
06863105;1110236400000
06866257;1110841200000
06866459;1110841200000
06868253;1110841200000
06869010;1111446000000
06871851;1112047200000
06873426;1112047200000
06874774;1112652000000
06877732;1113256800000
06880818;1113861600000
06885910;1114466400000
06886309;1115071200000
06886828;1115071200000
06886824;1115071200000
06886823;1115071200000
06887025;1115071200000
06887024;1115071200000
06889971;1115676000000
06889970;1115676000000
06892635;1116280800000
06893016;1116280800000
06895303;1116280800000
06895212;1116280800000
06895858;1116885600000
06896250;1116885600000
06901312;1117490400000
06898922;1117490400000
06899026;1117490400000
06899325;1117490400000
06899665;1117490400000
06901855;1118095200000
06904845;1118700000000
06905118;1118700000000
06907316;1118700000000
06908079;1119304800000
06908078;1119304800000
06910843;1119909600000
06910688;1119909600000
06910686;1119909600000
06912061;1119909600000
06915184;1120514400000
06913256;1120514400000
06916018;1121119200000
06916281;1121119200000
06918580;1121724000000
06918729;1121724000000
06921069;1122328800000
06923436;1122933600000
06926270;1123538400000
06926791;1123538400000
06929256;1124143200000
06929710;1124143200000
06930802;1124143200000
06941862;1126562400000
06942206;1126562400000
06945923;1127167200000
06948224;1127772000000
06948897;1127772000000
06955740;1129586400000
06957810;1130191200000
06962331;1131404400000
06964016;1131404400000
06964413;1132009200000
06966552;1132614000000
06966553;1132614000000
06966475;1132614000000
06969092;1133218800000
06971280;1133823600000
06971619;1133823600000
06973710;1134428400000
06976672;1135033200000
06980306;1135638000000
06978990;1135638000000
06978991;1135638000000
06978994;1135638000000
06978925;1135638000000
06981830;1136242800000
06981697;1136242800000
06983932;1136847600000
06983931;1136847600000
06988721;1138057200000
06991226;1138662000000
06991225;1138662000000
06991224;1138662000000
06991421;1138662000000
06992990;1138662000000
06994337;1139266800000
06994338;1139266800000
06994339;1139266800000
06996959;1139871600000
06997449;1139871600000
06997450;1139871600000
06997451;1139871600000
06997452;1139871600000
06997456;1139871600000
07000665;1140476400000
07000913;1140476400000
07000912;1140476400000
07007603;1141686000000
07007951;1141686000000
07007948;1141686000000
07008503;1141686000000
07008364;1141686000000
07011128;1142290800000
07012211;1142290800000
07014181;1142895600000
07014182;1142895600000
07014183;1142895600000
07014730;1142895600000
07017899;1143496800000
07017902;1143496800000
07017903;1143496800000
07018507;1143496800000
07021617;1144101600000
07021616;1144101600000
07021184;1144101600000
07024736;1144706400000
07029001;1145311200000
07031001;1145311200000
07032898;1145916000000
07033123;1145916000000
07036812;1146520800000
07040612;1147125600000
07043192;1147125600000
07044463;1147730400000
07048269;1148335200000
07048270;1148335200000
07052006;1148940000000
07052005;1148940000000
07055815;1149544800000
07055814;1149544800000
07063312;1150754400000
07063313;1150754400000
07063317;1150754400000
07066368;1151359200000
07072736;1151964000000
07073785;1152568800000
07077393;1153173600000
07077394;1153173600000
07077395;1153173600000
07080767;1153778400000
07080830;1153778400000
07080835;1153778400000
07082980;1154383200000
07090212;1155592800000
07090213;1155592800000
07093992;1156197600000
07093991;1156197600000
07096088;1156197600000
07097173;1156802400000
07101332;1157407200000
07102095;1157407200000
07100911;1157407200000
07100941;1157407200000
07104537;1158012000000
07104538;1158012000000
07108256;1158616800000
07108648;1158616800000
07111378;1159221600000
07111839;1159221600000
07111837;1159221600000
07111838;1159221600000
07113846;1159221600000
07120384;1160431200000
07121540;1161036000000
07121541;1161036000000
07133741;1162854000000
07134655;1163458800000
07134654;1163458800000
07134659;1163458800000
07134656;1163458800000
07134392;1163458800000
07134822;1163458800000
07135084;1163458800000
07137944;1164063600000
07137943;1164063600000
07137626;1164063600000
07137625;1164063600000
07140611;1164668400000
07147598;1165878000000
07147217;1165878000000
07150452;1166482800000
07152856;1167087600000
07152860;1167087600000
07153253;1167087600000
07156019;1167692400000
07158858;1167692400000
07159860;1168297200000
07165764;1169506800000
07172187;1170716400000
07172186;1170716400000
07172185;1170716400000
07172188;1170716400000
07172194;1170716400000
07172672;1170716400000
07173722;1170716400000
07175172;1171321200000
07175173;1171321200000
07175174;1171321200000
07178799;1171926000000
07182020;1172530800000
07182007;1172530800000
07185883;1173135600000
07185884;1173135600000
07191704;1174345200000
07192021;1174345200000
07192020;1174345200000
07192027;1174345200000
07195240;1174946400000
07197375;1174946400000
07198268;1175551200000
07198260;1175551200000
07198261;1175551200000
07199898;1175551200000
07201368;1176156000000
07201089;1176156000000
07203454;1176156000000
07204482;1176760800000
07207559;1177365600000
07207557;1177365600000
07207556;1177365600000
07210887;1177970400000
07213807;1178575200000
07214175;1178575200000
07216863;1179180000000
07221996;1179784800000
07222844;1180389600000
07222843;1180389600000
07222780;1180389600000
07233839;1182204000000
07231750;1182204000000
07232122;1182204000000
07232125;1182204000000
07234694;1182808800000
07237774;1183413600000
07240901;1184018400000
07240898;1184018400000
07243913;1184623200000
07248829;1185228000000
07249011;1185228000000
07246798;1185228000000
07249758;1185832800000
07255337;1187042400000
07255340;1187042400000
07258339;1187647200000
07261288;1188252000000
07264916;1188856800000
07264236;1188856800000
07264237;1188856800000
07267338;1189461600000
07267335;1189461600000
07272466;1190066400000
07275743;1191276000000
07277772;1191276000000
07281706;1192485600000
07281708;1192485600000
07281707;1192485600000
07284752;1193090400000
07284750;1193090400000
07284749;1193090400000
07285084;1193090400000
07286792;1193090400000
07287478;1193698800000
07287748;1193698800000
07288059;1193698800000
07291658;1194303600000
07293766;1194908400000
07296793;1195513200000
07296788;1195513200000
07296516;1195513200000
07300052;1196118000000
07300045;1196118000000
07300044;1196118000000
07300046;1196118000000
07303524;1196722800000
07306220;1197327600000
07306215;1197327600000
07306213;1197327600000
07306214;1197327600000
07306554;1197327600000
07314216;1199142000000
07318875;1200351600000
07318584;1200351600000
07324242;1201561200000
07326161;1202166000000
07325799;1202166000000
07325800;1202166000000
07325375;1202166000000
07328892;1202770800000
07328894;1202770800000
07328893;1202770800000
07331572;1203375600000
07331573;1203375600000
07333246;1203375600000
07333878;1203375600000
07337384;1203980400000
07341247;1205190000000
07341248;1205190000000
07344062;1205794800000
07344131;1205794800000
07344130;1205794800000
07354037;1207605600000
07354036;1207605600000
07354035;1207605600000
07354034;1207605600000
07354233;1207605600000
07360958;1208815200000
07360757;1208815200000
07364149;1209420000000
07364148;1209420000000
07373707;1211234400000
07374160;1211234400000
07374168;1211234400000
07380580;1212444000000
07380779;1212444000000
07380336;1212444000000
07384030;1213048800000
07387460;1213653600000
07389980;1214258400000
07389985;1214258400000
07389979;1214258400000
07392983;1214863200000
07392982;1214863200000
07396012;1215468000000
07396007;1215468000000
07396008;1215468000000
07396006;1215468000000
07398967;1216072800000
07401817;1216677600000
07401771;1216677600000
07402130;1216677600000
07404871;1217282400000
07406293;1217282400000
07404551;1217282400000
07404549;1217282400000
07404550;1217282400000
07406813;1217887200000
07407155;1217887200000
07407156;1217887200000
07408674;1217887200000
07409264;1217887200000
07410156;1218492000000
07410157;1218492000000
07410158;1218492000000
07413181;1219096800000
07413180;1219096800000
07413179;1219096800000
07413176;1219096800000
07413175;1219096800000
07413178;1219096800000
07413177;1219096800000
07416009;1219701600000
07416177;1219701600000
07417960;1219701600000
07419151;1220306400000
07419153;1220306400000
07419150;1220306400000
07419149;1220306400000
07422204;1220911200000
07422203;1220911200000
07427059;1222120800000
07429037;1222725600000
07429038;1222725600000
07429036;1222725600000
07431683;1223330400000
07431280;1223330400000
07431273;1223330400000
07431274;1223330400000
07431275;1223330400000
07431276;1223330400000
07431277;1223330400000
07431291;1223330400000
07434796;1223935200000
07434797;1223935200000
07434795;1223935200000
07438107;1224540000000
07441774;1225148400000
07441762;1225148400000
07442157;1225148400000
07445203;1225753200000
07448615;1226358000000
07448619;1226358000000
07451014;1226358000000
07451970;1226962800000
07451978;1226962800000
07451969;1226962800000
07451695;1226962800000
07452321;1226962800000
07454163;1226962800000
07455284;1227567600000
07458927;1228172400000
07458566;1228172400000
07458567;1228172400000
07461836;1228777200000
07461837;1228777200000
07464920;1229382000000
07466435;1229382000000
07467789;1229986800000
07467450;1229986800000
07469887;1230591600000
07472899;1231196400000
07472900;1231196400000
07472901;1231196400000
07475874;1231801200000
07475523;1231801200000
07477964;1231801200000
07484721;1233615600000
07484731;1233615600000
07486410;1233615600000
07487959;1234220400000
07490822;1234825200000
07490821;1234825200000
07490820;1234825200000
07494116;1235430000000
07494117;1235430000000
07494118;1235430000000
07497424;1236034800000
07497425;1236034800000
07497426;1236034800000
07497427;1236034800000
07497428;1236034800000
07500667;1236639600000
07500663;1236639600000
07500662;1236639600000
07503555;1237244400000
07503556;1237244400000
07503554;1237244400000
07506863;1237849200000
07506865;1237849200000
07506864;1237849200000
07510178;1238450400000
07510177;1238450400000
07510182;1238450400000
07513195;1239055200000
07514646;1239055200000
07516949;1239660000000
07516839;1239660000000
07517308;1239660000000
07520001;1239660000000
07520498;1240264800000
07520497;1240264800000
07520496;1240264800000
07520499;1240264800000
07520505;1240264800000
07523925;1240869600000
07523926;1240869600000
07523593;1240869600000
07523700;1240869600000
07527254;1241474400000
07527255;1241474400000
07527465;1241474400000
07529496;1241474400000
07530559;1242079200000
07530560;1242079200000
07530566;1242079200000
07533876;1242684000000
07533510;1242684000000
07537558;1243288800000
07537203;1243288800000
07537204;1243288800000
07537205;1243288800000
07537206;1243288800000
07537144;1243288800000
07540481;1243893600000
07540482;1243893600000
07543805;1244498400000
07543806;1244498400000
07544029;1244498400000
07546081;1244498400000
07547008;1245103200000
07547009;1245103200000
07549621;1245708000000
07552917;1246312800000
07556247;1246917600000
07556248;1246917600000
07556249;1246917600000
07556250;1246917600000
07556251;1246917600000
07556252;1246917600000
07559543;1247522400000
07562866;1248127200000
07566051;1248732000000
07568685;1249336800000
07568684;1249336800000
07568688;1249336800000
07568687;1249336800000
07568686;1249336800000
07571909;1249941600000
07571903;1249941600000
07571904;1249941600000
07571902;1249941600000
07574033;1249941600000
07577494;1250546400000
07575230;1250546400000
07575229;1250546400000
07575228;1250546400000
07575227;1250546400000
07578497;1251151200000
07578498;1251151200000
07580646;1251151200000
07581723;1251756000000
07581724;1251756000000
07581725;1251756000000
07582048;1251756000000
07584949;1252360800000
07584948;1252360800000
07588239;1252965600000
07588238;1252965600000
07588237;1252965600000
07588236;1252965600000
07588241;1252965600000
07588240;1252965600000
07591455;1253570400000
07591454;1253570400000
07594645;1254175200000
07597317;1254780000000
07597312;1254780000000
07597311;1254780000000
07604231;1255989600000
07604226;1255989600000
07604225;1255989600000
07604227;1255989600000
07607650;1256598000000
07607652;1256598000000
07607651;1256598000000
07607649;1256598000000
07607648;1256598000000
07607659;1256598000000
07611135;1257202800000
07611136;1257202800000
07611133;1257202800000
07611134;1257202800000
07613422;1257202800000
07618040;1258412400000
07618032;1258412400000
07618034;1258412400000
07618033;1258412400000
07619756;1258412400000
07620503;1258412400000
07621516;1259017200000
07621517;1259017200000
07624976;1259622000000
07624975;1259622000000
07628389;1260226800000
07628388;1260226800000
07628390;1260226800000
07631860;1260831600000
07631858;1260831600000
07631859;1260831600000
07631857;1260831600000
07635120;1261436400000
07635121;1261436400000
07637502;1262041200000
07637490;1262041200000
07637489;1262041200000
07644912;1263250800000
07644913;1263250800000
07644919;1263250800000
07648136;1263855600000
07650823;1264460400000
07651081;1264460400000
07651080;1264460400000
07654512;1265065200000
07654511;1265065200000
07658371;1265670000000
07658373;1265670000000
07658372;1265670000000
07660556;1265670000000
07661666;1266274800000
07661669;1266274800000
07661664;1266274800000
07661665;1266274800000
07661359;1266274800000
07668540;1266879600000
07665720;1266879600000
07665729;1266879600000
07665623;1266879600000
07665730;1266879600000
07669847;1267484400000
07669842;1267484400000
07669843;1267484400000
07672664;1267484400000
07673864;1268089200000
07673863;1268089200000
07673862;1268089200000
07673868;1268089200000
07673867;1268089200000
07673866;1268089200000
07673865;1268089200000
07674086;1268089200000
07677543;1268694000000
07677544;1268694000000
07681872;1269298800000
07681873;1269298800000
07681881;1269298800000
07686289;1269900000000
07686288;1269900000000
07693601;1270504800000
07690632;1270504800000
07690637;1270504800000
07690638;1270504800000
07690635;1270504800000
07690636;1270504800000
07690633;1270504800000
07690634;1270504800000
07694966;1271109600000
07694947;1271109600000
07694948;1271109600000
07699302;1271714400000
07699300;1271714400000
07699301;1271714400000
07699309;1271714400000
07699310;1271714400000
07702593;1271714400000
07703757;1272319200000
07703758;1272319200000
07703756;1272319200000
07706736;1272319200000
07711448;1272924000000
07712733;1273528800000
07712732;1273528800000
07717422;1274133600000
07717414;1274133600000
07717413;1274133600000
07717839;1274133600000
07722041;1274738400000
07722023;1274738400000
07722022;1274738400000
07722021;1274738400000
07724398;1274738400000
07726638;1275343200000
07726639;1275343200000
07726641;1275343200000
07726640;1275343200000
07726372;1275343200000
07731169;1275948000000
07731168;1275948000000
07731167;1275948000000
07738862;1276552800000
07738830;1276552800000
07739951;1277157600000
07739858;1277157600000
07740239;1277157600000
07740238;1277157600000
07740237;1277157600000
07747212;1277762400000
07744075;1277762400000
07744076;1277762400000
07744073;1277762400000
07744074;1277762400000
07744085;1277762400000
07748704;1278367200000
07748517;1278367200000
07748940;1278367200000
07749417;1278367200000
07753354;1278972000000
07753353;1278972000000
07753368;1278972000000
07753372;1278972000000
07756054;1278972000000
07761090;1279576800000
07758034;1279576800000
07758035;1279576800000
07758032;1279576800000
07758033;1279576800000
07758036;1279576800000
07758486;1279576800000
07762538;1280181600000
07762539;1280181600000
07762536;1280181600000
07762537;1280181600000
07762541;1280181600000
07762542;1280181600000
07762540;1280181600000
07762385;1280181600000
07762168;1280181600000
07765925;1280786400000
07766567;1280786400000
07766315;1280786400000
07766314;1280786400000
07766328;1280786400000
07770876;1281391200000
07775958;1281996000000
07775513;1281996000000
07775512;1281996000000
07775514;1281996000000
07775511;1281996000000
07775510;1281996000000
07775509;1281996000000
07780160;1282600800000
07780159;1282600800000
07780158;1282600800000
07780157;1282600800000
07780156;1282600800000
07784778;1283205600000
07784777;1283205600000
07784514;1283205600000
07789381;1283810400000
07789380;1283810400000
07789383;1283810400000
07789382;1283810400000
07789385;1283810400000
07789384;1283810400000
07793925;1284415200000
07793926;1284415200000
07798950;1285020000000
07798481;1285020000000
07798480;1285020000000
07798191;1285020000000
07802788;1285624800000
07802789;1285624800000
07802782;1285624800000
07802780;1285624800000
07802781;1285624800000
07802779;1285624800000
07802778;1285624800000
07806640;1286229600000
07809464;1286229600000
07813687;1286834400000
07810800;1286834400000
07815052;1287439200000
07815179;1287439200000
07815180;1287439200000
07819393;1288044000000
07819617;1288044000000
07819615;1288044000000
07826788;1288652400000
07823867;1288652400000
07823868;1288652400000
07828277;1289257200000
07828276;1289257200000
07828278;1289257200000
07832716;1289862000000
07832717;1289862000000
07832718;1289862000000
07832715;1289862000000
07832725;1289862000000
07837186;1290466800000
07841589;1291071600000
07841276;1291071600000
07845625;1291676400000
07845626;1291676400000
07845627;1291676400000
07845628;1291676400000
07845099;1291676400000
07850588;1292281200000
07849994;1292281200000
07850160;1292281200000
07850159;1292281200000
07850158;1292281200000
07850157;1292281200000
07850156;1292281200000
07850155;1292281200000
07850161;1292281200000
07854426;1292886000000
07854581;1292886000000
07855800;1292886000000
07857300;1293490800000
07857299;1293490800000
07857298;1293490800000
07857297;1293490800000
07857442;1293490800000
