03858863;158281200000
03858924;158281200000
03858925;158281200000
03860279;158886000000
03860225;158886000000
03860258;158886000000
03861488;159490800000
03861728;159490800000
03861729;159490800000
03861110;159490800000
03862669;160095600000
03863589;160700400000
03863909;160700400000
03865358;161305200000
03865418;161305200000
03865417;161305200000
03865416;161305200000
03865415;161305200000
03866720;161910000000
03866773;161910000000
03866963;161910000000
03866962;161910000000
03869166;163119600000
03869165;163119600000
03869167;163119600000
03869164;163119600000
03869163;163119600000
03869016;163119600000
03870130;163724400000
03871636;164329200000
03871695;164329200000
03873075;164934000000
03874718;165538800000
03876082;166143600000
03876243;166143600000
03876244;166143600000
03875661;166143600000
03877741;166748400000
03879075;167353200000
03879074;167353200000
03879073;167353200000
03880455;167958000000
03880454;167958000000
03881760;168562800000
03881767;168562800000
03881742;168562800000
03882574;169167600000
03882970;169167600000
03883156;169167600000
03883167;169167600000
03883168;169167600000
03883166;169167600000
03883127;169167600000
03883965;169772400000
03884521;169772400000
03884517;169772400000
03884516;169772400000
03884455;169772400000
03887223;170982000000
03887224;170982000000
03888532;171586800000
03888531;171586800000
03888502;171586800000
03889981;172191600000
03889994;172191600000
03891258;172796400000
03891200;172796400000
03893726;174006000000
03893727;174006000000
03894763;174610800000
03895835;175215600000
03897095;175820400000
03897967;176425200000
03899195;177030000000
03899047;177030000000
03899935;177634800000
03900222;177634800000
03901543;178239600000
03902748;178844400000
03903997;179449200000
03904219;179449200000
03904237;179449200000
03904182;179449200000
03905527;180054000000
03905630;180054000000
03905629;180054000000
03905454;180054000000
03907351;180658800000
03907352;180658800000
03907353;180658800000
03909058;181263600000
03909053;181263600000
03908781;181263600000
03910565;181868400000
03912295;182473200000
03913963;183078000000
03913707;183078000000
03914482;183078000000
03915486;183682800000
03916055;183682800000
03917020;184287600000
03917332;184287600000
03920111;185497200000
03920274;185497200000
03922014;186102000000
03922002;186102000000
03923330;186706800000
03923117;186706800000
03924888;187311600000
03926462;187916400000
03926463;187916400000
03927901;188521200000
03927907;188521200000
03928701;188521200000
03929370;189126000000
03930665;189730800000
03933938;190940400000
03933344;190940400000
03933386;190940400000
03933385;190940400000
03933387;190940400000
03934912;191545200000
03934911;191545200000
03934913;191545200000
03937508;192754800000
03937170;192754800000
03938795;193359600000
03938842;193359600000
03938841;193359600000
03938840;193359600000
03940194;193964400000
03940901;194569200000
03942603;195174000000
03943858;195778800000
03944198;195778800000
03944271;195778800000
03944270;195778800000
03945672;196383600000
03947061;196984800000
03947062;196984800000
03948499;197589600000
03948501;197589600000
03949697;198194400000
03951384;198799200000
03955640;200613600000
03959538;201823200000
03960397;202428000000
03961818;203032800000
03968862;206056800000
03970498;206661600000
03971873;207266400000
03971583;207266400000
03972551;207871200000
03972390;207871200000
03975006;209080800000
03975042;209080800000
03976287;209685600000
03977713;210290400000
03979110;210895200000
03979109;210895200000
03981114;212104800000
03982780;212713200000
03983963;213318000000
03983962;213318000000
03989292;215737200000
03989293;215737200000
03992047;216946800000
03993294;217551600000
03993352;217551600000
03993229;217551600000
03995901;218761200000
03997209;219366000000
03997208;219366000000
03997207;219366000000
03998468;219970800000
03998485;219970800000
03998178;219970800000
03999793;220575600000
04002362;221785200000
04002363;221785200000
04002364;221785200000
04003594;222390000000
04003454;222390000000
04005891;223599600000
04008915;225414000000
04010297;226018800000
04010969;226623600000
04010933;226623600000
04011626;227228400000
04013139;227833200000
04014582;228438000000
04014583;228438000000
04014401;228438000000
04015870;229039200000
04015760;229039200000
04018466;230248800000
04018299;230248800000
04021071;231458400000
04022451;232063200000
04022505;232063200000
04023841;232668000000
04023823;232668000000
04023652;232668000000
04025098;233272800000
04025099;233272800000
04026534;233877600000
04026590;233877600000
04027909;234482400000
04029350;235087200000
04029259;235087200000
04030744;235692000000
04030735;235692000000
04031978;236296800000
04032126;236296800000
04039215;239320800000
04043579;241135200000
04045009;241740000000
04046411;242344800000
04050726;244162800000
04050689;244162800000
04052522;244767600000
04054311;245977200000
04054312;245977200000
04055362;246582000000
04059301;249001200000
04059254;249001200000
04059938;249606000000
04060268;249606000000
04061385;250210800000
04061384;250210800000
04061386;250210800000
04062580;250815600000
04062994;250815600000
04063713;251420400000
04066286;252630000000
04066285;252630000000
04068876;253839600000
04068877;253839600000
04070051;254444400000
04070052;254444400000
04072334;255654000000
04073076;256258800000
04073528;256258800000
04076296;257468400000
04076295;257468400000
04076226;257468400000
04078827;258678000000
04078837;258678000000
04078638;258678000000
04079924;259282800000
04079975;259282800000
04082338;260488800000
04084533;261698400000
04085957;262303200000
04085956;262303200000
04085832;262303200000
04088357;263512800000
04089554;264117600000
04089276;264117600000
04090728;264722400000
04093290;265932000000
04095372;267141600000
04095831;267141600000
04096927;267746400000
04097080;267746400000
04098531;268351200000
04099760;268956000000
04099759;268956000000
04102464;270165600000
04103951;270770400000
04105237;271375200000
04105236;271375200000
04106804;271980000000
04106803;271980000000
04109951;273189600000
04109930;273189600000
04109899;273189600000
04111478;273794400000
04113296;274399200000
04113295;274399200000
04113269;274399200000
04114937;275004000000
04116482;275608800000
04116480;275608800000
04116893;275608800000
04124087;279241200000
04125214;279846000000
04126344;280450800000
04127295;281055600000
04127294;281055600000
04130312;282870000000
04132326;284079600000
04133549;284684400000
04134610;285289200000
04136787;286498800000
04138152;287103600000
04139236;287708400000
04143192;289522800000
04142753;289522800000
04142599;289522800000
04143898;290127600000
04143735;290127600000
04145077;290732400000
04149733;293148000000
04149742;293148000000
04152012;294357600000
04153144;294962400000
04154504;295567200000
04154469;295567200000
04160052;299800800000
04159833;299800800000
04159584;299800800000
04160561;300405600000
04160562;300405600000
04165113;304034400000
04167274;305848800000
04167282;305848800000
04168855;307058400000
04170380;308271600000
04171143;308876400000
04171838;309481200000
04171839;309481200000
04171730;309481200000
04175634;312505200000
04176858;313110000000
04177882;313714800000
04177735;313714800000
04178028;313714800000
04181198;315529200000
04181761;315529200000
04182520;316134000000
04182529;316134000000
04186915;318553200000
04190276;320367600000
04190275;320367600000
04190712;320367600000
04192538;321577200000
04193621;322182000000
04196926;323992800000
04200318;325807200000
04200310;325807200000
04201000;326412000000
04204701;328226400000
04205753;328831200000
04208069;330040800000
04211444;331855200000
04213645;333064800000
04213644;333064800000
04215496;334274400000
04216839;334879200000
04217715;335484000000
04220365;336693600000
04220681;336693600000
04221410;337298400000
04221411;337298400000
04221412;337298400000
04221413;337298400000
04225167;339116400000
04225168;339116400000
04227593;340326000000
04227729;340326000000
04227718;340326000000
04231607;342140400000
04231600;342140400000
04231601;342140400000
04234222;343350000000
04235466;343954800000
04235467;343954800000
04235317;343954800000
04235949;343954800000
04239253;345769200000
04240599;346374000000
04241945;346978800000
04243711;347583600000
04246303;348793200000
04245715;348793200000
04247585;349398000000
04247138;349398000000
04251096;351212400000
04251103;351212400000
04250596;351212400000
04252355;351817200000
04254978;353026800000
04257581;354236400000
04258641;354837600000
04260655;355442400000
04262778;356652000000
04262947;356652000000
04264093;357256800000
04264094;357256800000
04265383;357861600000
04266818;358466400000
04266817;358466400000
04268078;359071200000
04268079;359071200000
04269288;359676000000
04270785;360280800000
04270787;360280800000
04273369;361490400000
04273352;361490400000
04272115;361490400000
04272114;361490400000
04272103;361490400000
04275099;362095200000
04274648;362095200000
04274667;362095200000
04274668;362095200000
04275912;362700000000
04277526;363304800000
04278282;363909600000
04278391;363909600000
04288121;368748000000
04291076;369957600000
04292913;371170800000
04294478;371775600000
04296155;372380400000
04298640;373590000000
04299418;374194800000
04303267;376009200000
04305981;377218800000
04305694;377218800000
04307876;378428400000
04311335;380242800000
04313104;380847600000
04319539;385081200000
04320913;385686000000
04322106;386287200000
04324301;387496800000
04324427;387496800000
04325444;388101600000
04325574;388101600000
04328052;389311200000
04328986;389916000000
04331323;391125600000
04333674;392335200000
04333621;392335200000
04334706;392940000000
04336868;394149600000
04339144;395359200000
04346795;399592800000
04348042;400197600000
04349592;400802400000
04350378;401407200000
04350221;401407200000
04351868;402015600000
04352484;402620400000
04352514;402620400000
04352515;402620400000
04353584;403225200000
04354700;403830000000
04354566;403830000000
04357040;405039600000
04357041;405039600000
04359239;406249200000
04360228;406854000000
04360135;406854000000
04360549;406854000000
04361352;407458800000
04362424;408063600000
04363839;408668400000
04363507;408668400000
04363474;408668400000
04364591;409273200000
04366885;410482800000
04366976;410482800000
04368225;411087600000
04369225;411692400000
04369608;412297200000
04372595;413506800000
04372701;413506800000
04378749;418341600000
04379582;418946400000
04381122;420156000000
04385779;423180000000
04386799;423784800000
04387125;423784800000
04387920;424389600000
04388355;424389600000
04391464;426204000000
04397372;429228000000
04397896;429228000000
04397490;429228000000
04398758;429832800000
04398764;429832800000
04399764;430437600000
04401701;431042400000
04401332;431042400000
04401331;431042400000
04401339;431042400000
04402537;431647200000
04403674;432252000000
04405141;432856800000
04406489;433465200000
04408432;434674800000
04408790;434674800000
04410208;435279600000
04410207;435279600000
04411334;435884400000
04411461;435884400000
04411462;435884400000
04413027;436489200000
04413761;437094000000
04413856;437094000000
04419038;439513200000
04421351;440722800000
04421802;440722800000
04422680;441327600000
04424996;442537200000
04426109;443142000000
04427225;443746800000
04427189;443746800000
04429013;444351600000
04428568;444351600000
04428599;444351600000
04429914;444956400000
04431221;445561200000
04434901;447375600000
04437696;448585200000
04437697;448585200000
04437548;448585200000
04440435;449791200000
04440429;449791200000
04440814;449791200000
04441751;450396000000
04444818;451605600000
04446179;452210400000
04456420;457048800000
04457546;457653600000
04457547;457653600000
04458906;458258400000
04460206;458863200000
04460205;458863200000
04461503;459468000000
04463539;460677600000
04465312;461282400000
04466646;461887200000
04468052;462492000000
04469360;463096800000
04469727;463096800000
04470742;463701600000
04473334;464911200000
04474257;465519600000
04474395;465519600000
04478447;467334000000
04482180;469148400000
04483559;469753200000
04487396;471567600000
04487446;471567600000
04488745;472172400000
04491614;473382000000
04492398;473986800000
04493506;474591600000
04493502;474591600000
04494738;475196400000
04498697;477010800000
04498696;477010800000
04504534;479430000000
04509781;481845600000
04509782;481845600000
04514002;483660000000
04514003;483660000000
04518183;485474400000
04525005;488498400000
04530519;490917600000
04531560;491522400000
04533166;492127200000
04541661;495756000000
04542925;496360800000
04542926;496360800000
04545105;497574000000
04546022;497574000000
04546021;497574000000
04546840;498178800000
04549757;499388400000
04555123;501807600000
04560596;504226800000
04561685;504831600000
04562894;505436400000
04563374;505436400000
04563028;505436400000
04566555;507250800000
04567955;507855600000
04569865;508460400000
04570367;509065200000
04570986;509065200000
04572558;509670000000
04571903;509670000000
04573724;510274800000
04573734;510274800000
04579755;512690400000
04579497;512690400000
04579367;512690400000
04580811;513295200000
04582351;513900000000
04586739;515714400000
04586738;515714400000
04591019;517528800000
04592580;518133600000
04592937;518133600000
04594949;519343200000
04596412;519948000000
04598001;520552800000
04597603;520552800000
04597601;520552800000
04600204;521762400000
04601367;522367200000
04610458;526600800000
04613177;527810400000
04613178;527810400000
04613147;527810400000
04616879;529628400000
04616866;529628400000
04617209;529628400000
04620736;531442800000
04621849;532047600000
04623182;532652400000
04624493;533257200000
04626011;533862000000
04629232;535071600000
04634163;536886000000
04634735;536886000000
04635982;537490800000
04635981;537490800000
04635984;537490800000
04635983;537490800000
04641835;539910000000
04641872;539910000000
04641870;539910000000
04641871;539910000000
04643471;540514800000
04645250;541119600000
04645249;541119600000
04646863;541724400000
04648650;542329200000
04648644;542329200000
04652036;543538800000
04652032;543538800000
04652031;543538800000
04653788;544140000000
04653795;544140000000
04657296;545349600000
04657294;545349600000
04659130;545954400000
04658941;545954400000
04665285;547768800000
04666196;548373600000
04667995;548978400000
04668543;548978400000
04668565;548978400000
04671974;550188000000
04671550;550188000000
04671551;550188000000
04671552;550188000000
04673205;550792800000
04674933;551397600000
04674911;551397600000
04674783;551397600000
04674782;551397600000
04679838;553212000000
04679837;553212000000
04685712;555631200000
04685722;555631200000
04688824;556840800000
04688656;556840800000
04690446;557445600000
04691800;558050400000
04695084;559260000000
04697842;560473200000
04697541;560473200000
04700977;561682800000
04706991;564102000000
04707009;564102000000
04707008;564102000000
04708380;564706800000
04709525;565311600000
04711481;565916400000
04714287;567126000000
04715589;567730800000
04715630;567730800000
04715648;567730800000
04715645;567730800000
04720135;569545200000
04721333;570150000000
04722563;570754800000
04722651;570754800000
04726614;572569200000
04730690;574383600000
04733894;575589600000
04735448;576194400000
04738464;577404000000
04742899;579218400000
04746263;580428000000
04749613;581637600000
04750753;582242400000
04750767;582242400000
04753376;583452000000
04753468;583452000000
04753467;583452000000
04753560;583452000000
04753041;583452000000
04758034;585266400000
04762352;587080800000
04763939;587685600000
04765665;588290400000
04770453;590104800000
04770457;590104800000
04770420;590104800000
04773685;591318000000
04775282;591922800000
04778212;593132400000
04778208;593132400000
04782909;594946800000
04783104;594946800000
04783110;594946800000
04786459;596156400000
04786093;596156400000
04786094;596156400000
04787658;596761200000
04789156;597366000000
04789192;597366000000
04796935;600390000000
04798409;600994800000
04800130;601599600000
04802548;602809200000
04807915;604623600000
04808450;604623600000
04808451;604623600000
04809924;605228400000
04810028;605228400000
04810013;605228400000
04810015;605228400000
04811979;605833200000
04815777;607039200000
04822011;608853600000
04823923;609458400000
04825192;609458400000
04826226;610063200000
04826713;610063200000
04828303;610668000000
04828302;610668000000
04830417;611272800000
04830416;611272800000
04830418;611272800000
04830892;611272800000
04829979;611272800000
04832318;611877600000
04834436;612482400000
04834273;612482400000
04838004;613692000000
04838592;613692000000
04838593;613692000000
04840400;614296800000
04844213;615506400000
04853263;617925600000
04852704;617925600000
04856833;619135200000
04868021;622159200000
04869937;622767600000
04869538;622767600000
04869520;622767600000
04871205;623372400000
04875728;625186800000
04877657;625791600000
04877279;625791600000
04877266;625791600000
04879543;626396400000
04880674;627001200000
04883281;628210800000
04883299;628210800000
04884824;628815600000
04889374;630630000000
04893226;631839600000
04893857;632444400000
04893856;632444400000
04895406;633049200000
04895405;633049200000
04896911;633654000000
04896910;633654000000
04900076;634863600000
04902059;635468400000
04901895;635468400000
04904508;636073200000
04904016;636073200000
04904008;636073200000
04909883;637887600000
04909559;637887600000
04911349;638488800000
04911971;638488800000
04911959;638488800000
04913268;639093600000
04915441;639698400000
04915363;639698400000
04917434;640303200000
04917426;640303200000
04917203;640303200000
04917219;640303200000
04922832;642117600000
04925224;642722400000
04926610;643327200000
04929028;643932000000
04929008;643932000000
04930589;644536800000
04930823;644536800000
04932697;645141600000
04935269;645746400000
04934749;645746400000
04936599;646351200000
04940270;647560800000
04941701;648165600000
04943085;648770400000
04944540;649375200000
04946002;649980000000
04946727;649980000000
04948637;650584800000
04950031;651189600000
04950009;651189600000
04950010;651189600000
04951986;651794400000
04951985;651794400000
04951994;651794400000
04955754;653004000000
04958870;654213600000
04961603;655426800000
04961604;655426800000
04961605;655426800000
04963403;656031600000
04965103;656636400000
04966378;657241200000
04968076;657846000000
04967862;657846000000
04969674;658450800000
04971376;659055600000
04972913;659660400000
04974891;660265200000
04974892;660265200000
04976481;660870000000
04979843;662079600000
04979770;662079600000
04986571;664498800000
04988258;665103600000
04988137;665103600000
04988138;665103600000
04988081;665103600000
04991891;666313200000
04991890;666313200000
04991681;666313200000
04993765;666918000000
04993610;666918000000
04995660;667522800000
04995659;667522800000
04995486;667522800000
04996634;667522800000
04998761;668732400000
05000499;669337200000
05004281;670543200000
05004394;670543200000
05005887;671148000000
05011205;672962400000
05011217;672962400000
05016933;674776800000
05016932;674776800000
05022692;676591200000
05022703;676591200000
05026083;677800800000
05029920;679010400000
05029918;679010400000
05029919;679010400000
05031947;679615200000
05033593;680220000000
05033569;680220000000
05037681;681429600000
05037680;681429600000
05037148;681429600000
05042859;683244000000
05042858;683244000000
05050925;685663200000
05052732;686271600000
05056840;687481200000
05056839;687481200000
05060994;688690800000
05066057;690505200000
05067759;691110000000
05067760;691110000000
05071181;692319600000
05071500;692319600000
05072979;692924400000
05075917;694134000000
05078439;694738800000
05080412;695343600000
05080411;695343600000
05080410;695343600000
05085485;697158000000
05090755;698972400000
05092643;699577200000
05094469;700182000000
05096243;700786800000
05096242;700786800000
05096753;700786800000
05098765;701391600000
05100189;701992800000
05100188;701992800000
05100187;701992800000
05101927;702597600000
05102198;702597600000
05106137;703807200000
05106136;703807200000
05108138;704412000000
05108801;704412000000
05107949;704412000000
05112092;705621600000
05114198;706226400000
05114522;706226400000
05116092;706831200000
05122398;708645600000
05121818;708645600000
05123688;709250400000
05123695;709250400000
05125705;709855200000
05125704;709855200000
05125715;709855200000
05129695;711064800000
05129677;711064800000
05131702;711669600000
05131703;711669600000
05131669;711669600000
05135274;712879200000
05134749;712879200000
05137313;713484000000
05139304;714088800000
05139830;714088800000
05139296;714088800000
05139295;714088800000
05139297;714088800000
05141068;714693600000
05141282;714693600000
05141273;714693600000
05141279;714693600000
05143760;715298400000
05149166;717112800000
05149569;717112800000
05150935;717721200000
05152439;718326000000
05154463;718930800000
05154462;718930800000
05156425;719535600000
05158324;720140400000
05162139;721350000000
05163731;721954800000
05166240;722559600000
05165747;722559600000
05165712;722559600000
05167432;723164400000
05169189;723769200000
05171037;724374000000
05172948;724978800000
05174421;725583600000
05176421;726188400000
05178425;726793200000
05180629;727398000000
05181589;728002800000
05181697;728002800000
05181699;728002800000
05181734;728002800000
05183303;728607600000
05184857;729212400000
05186274;729817200000
05186509;729817200000
05188407;730422000000
05188408;730422000000
05194305;732236400000
05193836;732236400000
05193869;732236400000
05195793;732841200000
05199754;734047200000
05199755;734047200000
05202172;734652000000
05201912;734652000000
05201558;734652000000
05205597;735861600000
05213383;738280800000
05215325;738885600000
05215343;738885600000
05218919;740095200000
05219197;740095200000
05219626;740095200000
05226685;742514400000
05226686;742514400000
05226695;742514400000
05226998;742514400000
05229174;743119200000
05229175;743119200000
05230543;743724000000
05236150;745538400000
05241780;747352800000
05242322;747352800000
05242734;747352800000
05242200;747352800000
05242157;747352800000
05248129;749170800000
05248551;749170800000
05249636;749775600000
05252376;750380400000
05257842;752194800000
05265925;754614000000
05267763;755218800000
05269574;755823600000
05271650;756428400000
05273330;757033200000
05275436;757638000000
05277465;758242800000
05277462;758242800000
05286138;761266800000
05286536;761266800000
05285877;761266800000
05288117;761871600000
05288530;761871600000
05290079;762476400000
05290078;762476400000
05293973;763686000000
05301990;766101600000
05306033;767311200000
05306058;767311200000
05306056;767311200000
05312145;769125600000
05311963;769125600000
05314229;769730400000
05313907;769730400000
05320392;771544800000
05322311;772149600000
05326142;773359200000
05330805;774568800000
05332054;775173600000
05333923;775778400000
05335951;776383200000
05338077;776988000000
05339933;777592800000
05340178;777592800000
05340177;777592800000
05340623;777592800000
05348787;780012000000
05350608;780620400000
05352500;781225200000
05356177;782434800000
05358294;783039600000
05360311;783644400000
05364158;784854000000
05364142;784854000000
05366264;785458800000
05368903;786063600000
05370429;786668400000
05370430;786668400000
05378031;789087600000
05385375;791506800000
05393111;793926000000
05399394;795740400000
05399393;795740400000
05403049;796946400000
05403048;796946400000
05403113;796946400000
05404974;797551200000
05407239;798156000000
05409288;798760800000
05417300;801180000000
05419539;801784800000
05421625;802389600000
05423487;802994400000
05425561;803599200000
05427214;804204000000
05431463;805413600000
05431464;805413600000
05439343;807832800000
05441626;808437600000
05441319;808437600000
05451077;811461600000
05452931;812070000000
05456957;813279600000
05460421;814489200000
05460420;814489200000
05462144;815094000000
05462309;815094000000
05462325;815094000000
05462324;815094000000
05464266;815698800000
05465807;816303600000
05468033;816908400000
05470642;817513200000
05472257;818118000000
05474817;818722800000
05478127;819932400000
05478124;819932400000
05480688;820537200000
05482134;821142000000
05482336;821142000000
05487575;822956400000
05489108;823561200000
05498044;826585200000
05498045;826585200000
05503444;828396000000
05507540;829605600000
05507546;829605600000
05516169;832024800000
05518283;832629600000
05520765;833234400000
05520758;833234400000
05520428;833234400000
05525384;834444000000
05524916;834444000000
05525675;834444000000
05532045;836258400000
05531500;836258400000
05531478;836258400000
05536540;837468000000
05552195;841701600000
05560451;844120800000
05560662;844120800000
05562296;844725600000
05564535;845330400000
05564359;845330400000
05566777;845935200000
05571581;847148400000
05570918;847148400000
05577796;848962800000
05577784;848962800000
05579699;849567600000
05579695;849567600000
05580109;849567600000
05584518;850777200000
05588511;851986800000
05593195;853196400000
05603541;856220400000
05609374;858034800000
05618074;860450400000
05618073;860450400000
05620219;861055200000
05620218;861055200000
05620217;861055200000
05624143;862264800000
05626376;862869600000
05628536;863474400000
05632518;864684000000
05636885;865893600000
05639522;866498400000
05641179;867103200000
05641547;867103200000
05647621;868917600000
05651569;870127200000
05658089;871941600000
05658027;871941600000
05660897;872546400000
05660134;872546400000
05662453;873151200000
05672405;875570400000
05673953;876175200000
05678872;877384800000
05678885;877384800000
05683128;878598000000
05685594;879202800000
05688569;879807600000
05688006;879807600000
05695228;881622000000
05697657;882226800000
05697478;882226800000
05700545;882831600000
05709912;885250800000
05711561;885855600000
05711562;885855600000
05712003;885855600000
05714215;886460400000
05722708;888879600000
05725924;889484400000
05725267;889484400000
05725265;889484400000
05725266;889484400000
05726398;889484400000
05728443;890089200000
05727827;890089200000
05727826;890089200000
05732801;891295200000
05732785;891295200000
05735560;891900000000
05758891;896738400000
05762392;897343200000
05772267;899157600000
05775454;899762400000
05775750;899762400000
05780125;900367200000
05780129;900367200000
05779289;900367200000
05782514;900972000000
05785368;901576800000
05785367;901576800000
05788307;902181600000
05788297;902181600000
05791633;902786400000
05794976;903391200000
05799992;904600800000
05799991;904600800000
05799976;904600800000
05803517;905205600000
05803514;905205600000
05806901;905810400000
05810406;906415200000
05810427;906415200000
05823585;908834400000
05823586;908834400000
05823584;908834400000
05823587;908834400000
05829774;910047600000
05829805;910047600000
05829804;910047600000
05833283;910652400000
05836399;911257200000
05836182;911257200000
05845948;913071600000
05860385;916700400000
05860685;916700400000
05865500;917910000000
05876077;920329200000
05876078;920329200000
05875875;920329200000
05879037;920934000000
05882058;921538800000
05882054;921538800000
05881835;921538800000
05884959;922143600000
05897158;925164000000
05899518;925768800000
05902003;926373600000
05904386;926978400000
05904361;926978400000
05914163;930002400000
05915767;930607200000
05918663;931212000000
05925425;932421600000
05924513;932421600000
05927778;933026400000
05941582;935445600000
05941329;935445600000
05944372;936050400000
05947222;936655200000
05947452;936655200000
05947520;936655200000
05947538;936655200000
05951073;937260000000
05954151;937864800000
05957512;938469600000
05956918;938469600000
05967573;940284000000
05967592;940284000000
05971451;940888800000
05975572;941497200000
05975599;941497200000
05979953;942102000000
05984390;942706800000
05984389;942706800000
05984058;942706800000
05989657;943311600000
05988714;943311600000
05988713;943311600000
05997017;944521200000
05997059;944521200000
05997058;944521200000
05997057;944521200000
06000738;945126000000
06003933;945730800000
06003930;945730800000
06003912;945730800000
06007123;946335600000
06007102;946335600000
06010169;946940400000
06012761;947545200000
06017084;948754800000
06019419;949359600000
06022057;949964400000
06027150;951174000000
06027105;951174000000
06030567;951778800000
06030029;951778800000
06030030;951778800000
06032992;952383600000
06039349;953593200000
06039367;953593200000
06042162;954194400000
06042163;954194400000
06044924;954799200000
06050624;956008800000
06056337;957218400000
06056336;957218400000
06060004;957823200000
06059331;957823200000
06059330;957823200000
06062617;958428000000
06065786;959032800000
06068807;959637600000
06068329;959637600000
06076871;961452000000
06082792;962661600000
06086122;963266400000
06089628;963871200000
06089629;963871200000
06092959;964476000000
06099055;965685600000
06098767;965685600000
06102470;966290400000
06106038;966895200000
06106039;966895200000
06109676;967500000000
06109675;967500000000
06113178;968104800000
06113164;968104800000
06116667;968709600000
06126214;970524000000
06135517;972338400000
06139092;972946800000
06139044;972946800000
06142542;973551600000
06148970;974761200000
06152487;975366000000
06152503;975366000000
06152504;975366000000
06153715;975366000000
06155633;975970800000
06158556;976575600000
06158726;976575600000
06161867;977180400000
06161642;977180400000
06165588;977785200000
06164709;977785200000
06168226;978390000000
06167980;978390000000
06167645;978390000000
06174009;979599600000
06174008;979599600000
06176529;980204400000
06176530;980204400000
06179353;980809200000
06179354;980809200000
06179355;980809200000
06179356;980809200000
06180042;980809200000
06183025;981414000000
06183042;981414000000
06186564;982018800000
06186565;982018800000
06191686;982623600000
06189941;982623600000
06193460;983228400000
06196624;983833200000
06196612;983833200000
06196607;983833200000
06199937;984438000000
06199924;984438000000
06199942;984438000000
06203079;985042800000
06203078;985042800000
06203095;985042800000
06203098;985042800000
06206439;985644000000
06206438;985644000000
06209935;986248800000
06209934;986248800000
06213540;986853600000
06213526;986853600000
06217090;987458400000
06217089;987458400000
06221930;988063200000
06224120;988668000000
06224119;988668000000
06227583;989272800000
06227582;989272800000
06231093;989877600000
06231094;989877600000
06231095;989877600000
06234105;990482400000
06237304;991087200000
06244637;992296800000
06244638;992296800000
06247734;992901600000
06247745;992901600000
06248412;992901600000
06254151;994111200000
06254170;994111200000
06254161;994111200000
06254118;994111200000
06260893;995320800000
06264258;995925600000
06263996;995925600000
06267458;996530400000
06270130;997135200000
06270131;997135200000
06276105;998344800000
06279974;998949600000
06279973;998949600000
06283518;999554400000
06283677;999554400000
06282772;999554400000
06286879;1000159200000
06290271;1000764000000
06290272;1000764000000
06293587;1001368800000
06296287;1001973600000
06296299;1001973600000
06299227;1002578400000
06299226;1002578400000
06302458;1003183200000
06308999;1004396400000
06311451;1005001200000
06312028;1005001200000
06312027;1005001200000
06315339;1005606000000
06315338;1005606000000
06318743;1006210800000
06318773;1006210800000
06318774;1006210800000
06318775;1006210800000
06322865;1006815600000
06322115;1006815600000
06326077;1007420400000
06325430;1007420400000
06325431;1007420400000
06328366;1008025200000
06328358;1008025200000
06328359;1008025200000
06334645;1009839600000
06334639;1009839600000
06334638;1009839600000
06338605;1011049200000
06338510;1011049200000
06340187;1011654000000
06340186;1011654000000
06341813;1012258800000
06343820;1012863600000
06343821;1012863600000
06349521;1014678000000
06352297;1015282800000
06354641;1015887600000
06357816;1016492400000
06361092;1017097200000
06361093;1017097200000
06360441;1017097200000
06364384;1017698400000
06372311;1018908000000
06371540;1018908000000
06371541;1018908000000
06390658;1021932000000
06394734;1022536800000
06394513;1022536800000
06394512;1022536800000
06398276;1023141600000
06398275;1023141600000
06402209;1023746400000
06401887;1023746400000
06401565;1023746400000
06406079;1024351200000
06406077;1024351200000
06406078;1024351200000
06406080;1024351200000
06406081;1024351200000
06405819;1024351200000
06409239;1024956000000
06412836;1025560800000
06416093;1026165600000
06416094;1026165600000
06416095;1026165600000
06419289;1026770400000
06422604;1027375200000
06422643;1027375200000
06428074;1028584800000
06428065;1028584800000
06428064;1028584800000
06435577;1029794400000
06435578;1029794400000
06435579;1029794400000
06439650;1030399200000
06443512;1031004000000
06443511;1031004000000
06443513;1031004000000
06443510;1031004000000
06443509;1031004000000
06447032;1031608800000
06447053;1031608800000
06447049;1031608800000
06450556;1032213600000
06455126;1032818400000
06454326;1032818400000
06457755;1033423200000
06460907;1034028000000
06460908;1034028000000
06460909;1034028000000
06460914;1034028000000
06460667;1034028000000
06467831;1035237600000
06467836;1035237600000
06467822;1035237600000
06467821;1035237600000
06474708;1036450800000
06474709;1036450800000
06477978;1037055600000
06481782;1037660400000
06481690;1037660400000
06485072;1038265200000
06494510;1040079600000
06497183;1040684400000
06499796;1041289200000
06502874;1041894000000
06508506;1043103600000
06508325;1043103600000
06511109;1043708400000
06511119;1043708400000
06513843;1044313200000
06517307;1044918000000
06520469;1045522800000
06520552;1045522800000
06520553;1045522800000
06523872;1046127600000
06523873;1046127600000
06527317;1046732400000
06527318;1046732400000
06527319;1046732400000
06527333;1046732400000
06533055;1047942000000
06536790;1048546800000
06536818;1048546800000
06540275;1049148000000
06540277;1049148000000
06540276;1049148000000
06540442;1049148000000
06547294;1050357600000
06547295;1050357600000
06550844;1050962400000
06551540;1050962400000
06554333;1051567200000
06554332;1051567200000
06561571;1052776800000
06565147;1053381600000
06572086;1054591200000
06572161;1054591200000
06572162;1054591200000
06572163;1054591200000
06575509;1055196000000
06575510;1055196000000
06578847;1055800800000
06578904;1055800800000
06581955;1056405600000
06581992;1056405600000
06592164;1058220000000
06592158;1058220000000
06592173;1058220000000
06595397;1058824800000
06595502;1058824800000
06598914;1059429600000
06601886;1060034400000
06604765;1060639200000
06604735;1060639200000
06609740;1061848800000
06612595;1062453600000
06623055;1064268000000
06623054;1064268000000
06626474;1064872800000
06626475;1064872800000
06634702;1066687200000
06637790;1067295600000
06637789;1067295600000
06637788;1067295600000
06637787;1067295600000
06637786;1067295600000
06644699;1068505200000
06644726;1068505200000
06644700;1068505200000
06644701;1068505200000
06648385;1069110000000
06648384;1069110000000
06648383;1069110000000
06649109;1069110000000
06651581;1069714800000
06652010;1069714800000
06652011;1069714800000
06655721;1070319600000
06655708;1070319600000
06655824;1070319600000
06659220;1070924400000
06659520;1070924400000
06659518;1070924400000
06659519;1070924400000
06660797;1070924400000
06663151;1071529200000
06663150;1071529200000
06666488;1072134000000
06669251;1072738800000
06669252;1072738800000
06669179;1072738800000
06672438;1073343600000
06672635;1073343600000
06676179;1073948400000
06676180;1073948400000
06676709;1073948400000
06681543;1075158000000
06681907;1075158000000
06682111;1075158000000
06682128;1075158000000
06685243;1075762800000
06685244;1075762800000
06685245;1075762800000
06688237;1076367600000
06688661;1076367600000
06688675;1076367600000
06692047;1076972400000
06692064;1076972400000
06695367;1077577200000
06695368;1077577200000
06695366;1077577200000
06698808;1078182000000
06698809;1078182000000
06698820;1078182000000
06698968;1078182000000
06702343;1078786800000
06702347;1078786800000
06702346;1078786800000
06702345;1078786800000
06702344;1078786800000
06702366;1078786800000
06705653;1079391600000
06709044;1079996400000
06709035;1079996400000
06709036;1079996400000
06712410;1080597600000
06712411;1080597600000
06715764;1081202400000
06719078;1081807200000
06719339;1081807200000
06726262;1083016800000
06726261;1083016800000
06726260;1083016800000
06726259;1083016800000
06726258;1083016800000
06729451;1083621600000
06729429;1083621600000
06729681;1083621600000
06729793;1083621600000
06733161;1084226400000
06733054;1084226400000
06733055;1084226400000
06736435;1084831200000
06736434;1084831200000
06739011;1085436000000
06739634;1085436000000
06739635;1085436000000
06739613;1085436000000
06746061;1086645600000
06748716;1087250400000
06749205;1087250400000
06749218;1087250400000
06752450;1087855200000
06755459;1088460000000
06755453;1088460000000
06755452;1088460000000
06755451;1088460000000
06758507;1089064800000
06758506;1089064800000
06758515;1089064800000
06758484;1089064800000
06761385;1089669600000
06764099;1090274400000
06764116;1090274400000
06764117;1090274400000
06764118;1090274400000
06764119;1090274400000
06767039;1090879200000
06767650;1090879200000
06769725;1091484000000
06769727;1091484000000
06773044;1092088800000
06773045;1092088800000
06777049;1092693600000
06779821;1093298400000
06786520;1094508000000
06793256;1095717600000
06799794;1096927200000
06799783;1096927200000
06802547;1097532000000
06802548;1097532000000
06802686;1097532000000
06805389;1098136800000
06808215;1098741600000
06814379;1099954800000
06814381;1099954800000
06814380;1099954800000
06814378;1099954800000
06817652;1100559600000
06817638;1100559600000
06820924;1101164400000
06827173;1102374000000
06827377;1102374000000
06830274;1102978800000
06832669;1103583600000
06832795;1103583600000
06836717;1104188400000
06834899;1104188400000
06834898;1104188400000
06837326;1104793200000
06839943;1105398000000
06840554;1105398000000
06843192;1106002800000
06846026;1106607600000
06848730;1107212400000
06851246;1107817200000
06851731;1107817200000
06854574;1108422000000
06857690;1109026800000
06863321;1110236400000
06863322;1110236400000
06866284;1110841200000
06866333;1110841200000
06866313;1110841200000
06871888;1112047200000
06871889;1112047200000
06871890;1112047200000
06874590;1112652000000
06874831;1112652000000
06874832;1112652000000
06877795;1113256800000
06877785;1113256800000
06880882;1113861600000
06883843;1114466400000
06886873;1115071200000
06886872;1115071200000
06886883;1115071200000
06890009;1115676000000
06890010;1115676000000
06890011;1115676000000
06890019;1115676000000
06893065;1116280800000
06893064;1116280800000
06893063;1116280800000
06893062;1116280800000
06893079;1116280800000
06896303;1116885600000
06896314;1116885600000
06896317;1116885600000
06902215;1118095200000
06905282;1118700000000
06905153;1118700000000
06905745;1118700000000
06908127;1119304800000
06908129;1119304800000
06908128;1119304800000
06908130;1119304800000
06910721;1119909600000
06910722;1119909600000
06913278;1120514400000
06913277;1120514400000
06913126;1120514400000
06913300;1120514400000
06918223;1121724000000
06918621;1121724000000
06921117;1122328800000
06923107;1122933600000
06923494;1122933600000
06923484;1122933600000
06923483;1122933600000
06923482;1122933600000
06925735;1123538400000
06926327;1123538400000
06926326;1123538400000
06926325;1123538400000
06926324;1123538400000
06926323;1123538400000
06926322;1123538400000
06926321;1123538400000
06926320;1123538400000
06926265;1123538400000
06928351;1123538400000
06929296;1124143200000
06929297;1124143200000
06929842;1124143200000
06932201;1124748000000
06932398;1124748000000
06932397;1124748000000
06938936;1125957600000
06942262;1126562400000
06942261;1126562400000
06942263;1126562400000
06945576;1127167200000
06945593;1127167200000
06948749;1127772000000
06948750;1127772000000
06951184;1128376800000
06951356;1128376800000
06953215;1128981600000
06955383;1129586400000
06957727;1130191200000
06957837;1130191200000
06959950;1130799600000
06962230;1131404400000
06962380;1131404400000
06962378;1131404400000
06962379;1131404400000
06964441;1132009200000
06966602;1132614000000
06969084;1133218800000
06969097;1133218800000
06971693;1133823600000
06971692;1133823600000
06971691;1133823600000
06971690;1133823600000
06971694;1133823600000
06974166;1134428400000
06976729;1135033200000
06976718;1135033200000
06979016;1135638000000
06979030;1135638000000
06981713;1136242800000
06983964;1136847600000
06986536;1137452400000
06988753;1138057200000
06988754;1138057200000
06991282;1138662000000
06994384;1139266800000
06997490;1139871600000
06997491;1139871600000
06998174;1139871600000
07000975;1140476400000
07004519;1141081200000
07007990;1141686000000
07007989;1141686000000
07007988;1141686000000
07011360;1142290800000
07011350;1142290800000
07017960;1143496800000
07021686;1144101600000
07021685;1144101600000
07025396;1144706400000
07029044;1145311200000
07036837;1146520800000
07036844;1146520800000
07044514;1147730400000
07044515;1147730400000
07044516;1147730400000
07044517;1147730400000
07044524;1147730400000
07051667;1148940000000
07052056;1148940000000
07059031;1150149600000
07059642;1150149600000
07059458;1150149600000
07063364;1150754400000
07066508;1151359200000
07066509;1151359200000
07066525;1151359200000
07070217;1151964000000
07073830;1152568800000
07073831;1152568800000
07077441;1153173600000
07077442;1153173600000
07077440;1153173600000
07077438;1153173600000
07077439;1153173600000
07080862;1153778400000
07083181;1154383200000
07083207;1154383200000
07086690;1154988000000
07086691;1154988000000
07086674;1154988000000
07086673;1154988000000
07086679;1154988000000
07090288;1155592800000
07090265;1155592800000
07090267;1155592800000
07090266;1155592800000
07093866;1156197600000
07097221;1156802400000
07097222;1156802400000
07100952;1157407200000
07108303;1158616800000
07108315;1158616800000
07111420;1159221600000
07111882;1159221600000
07121060;1161036000000
07121562;1161036000000
07121596;1161036000000
07121597;1161036000000
07131674;1162854000000
07134700;1163458800000
07137658;1164063600000
07143876;1165273200000
07144074;1165273200000
07144054;1165273200000
07144055;1165273200000
07147258;1165878000000
07147088;1165878000000
07152915;1167087600000
07152883;1167087600000
07156433;1167692400000
07159911;1168297200000
07160621;1168297200000
07163242;1168902000000
07163241;1168902000000
07163244;1168902000000
07163243;1168902000000
07165794;1169506800000
07166350;1169506800000
07172227;1170716400000
07182375;1172530800000
07182393;1172530800000
07182398;1172530800000
07185930;1173135600000
07188875;1173740400000
07188876;1173740400000
07188877;1173740400000
07188890;1173740400000
07191862;1174345200000
07192079;1174345200000
07192068;1174345200000
07192067;1174345200000
07195305;1174946400000
07198309;1175551200000
07201412;1176156000000
07201413;1176156000000
07201414;1176156000000
07204531;1176760800000
07204355;1176760800000
07207617;1177365600000
07210717;1177970400000
07210718;1177970400000
07210719;1177970400000
07216904;1179180000000
07222895;1180389600000
07222894;1180389600000
07222897;1180389600000
07222896;1180389600000
07226097;1180994400000
07229108;1181599200000
07232002;1182204000000
07234741;1182808800000
07237828;1183413600000
07237792;1183413600000
07240932;1184018400000
07240933;1184018400000
07243964;1184623200000
07246833;1185228000000
07246832;1185228000000
07246831;1185228000000
07252314;1186437600000
07252313;1186437600000
07252312;1186437600000
07255378;1187042400000
07255377;1187042400000
07258472;1187647200000
07258394;1187647200000
07261346;1188252000000
07261345;1188252000000
07275776;1191276000000
07275775;1191276000000
07278666;1191880800000
07278667;1191880800000
07284788;1193090400000
07287788;1193698800000
07287789;1193698800000
07290781;1194303600000
07290812;1194303600000
07290811;1194303600000
07290810;1194303600000
07290809;1194303600000
07293809;1194908400000
07293808;1194908400000
07296833;1195513200000
07300080;1196118000000
07303219;1196722800000
07306080;1197327600000
07306270;1197327600000
07306271;1197327600000
07311352;1198537200000
07314245;1199142000000
07316432;1199746800000
07316433;1199746800000
07325848;1202166000000
07325861;1202166000000
07325581;1202166000000
07325642;1202166000000
07338099;1204585200000
07338024;1204585200000
07338100;1204585200000
07340833;1205190000000
07341397;1205190000000
07344008;1205794800000
07347474;1206399600000
07347465;1206399600000
07347464;1206399600000
07347486;1206399600000
07354083;1207605600000
07354082;1207605600000
07354030;1207605600000
RE040244;1208210400000
07357430;1208210400000
07357431;1208210400000
07357432;1208210400000
07357445;1208210400000
07360811;1208815200000
07360822;1208815200000
07364222;1209420000000
07367599;1210024800000
07370893;1210629600000
07370894;1210629600000
07374231;1211234400000
07374214;1211234400000
07377564;1211839200000
07377563;1211839200000
07377577;1211839200000
07384082;1213048800000
07384081;1213048800000
07387322;1213653600000
07390037;1214258400000
07390038;1214258400000
07390039;1214258400000
07393030;1214863200000
07393029;1214863200000
07393028;1214863200000
07399027;1216072800000
07399013;1216072800000
07399014;1216072800000
07399015;1216072800000
07401957;1216677600000
07401824;1216677600000
07401825;1216677600000
07401823;1216677600000
07401949;1216677600000
07404593;1217282400000
07407205;1217887200000
07407204;1217887200000
07407206;1217887200000
07407219;1217887200000
07410019;1218492000000
07410018;1218492000000
07410209;1218492000000
07413226;1219096800000
07413227;1219096800000
07416231;1219701600000
07416232;1219701600000
07416043;1219701600000
07422081;1220911200000
07422252;1220911200000
07427090;1222120800000
07431359;1223330400000
07438337;1224540000000
07438348;1224540000000
07441818;1225148400000
07441817;1225148400000
07445097;1225753200000
07445259;1225753200000
07448658;1226358000000
07451851;1226962800000
07452015;1226962800000
07455337;1227567600000
07461878;1228777200000
07461877;1228777200000
07461876;1228777200000
07461875;1228777200000
07461874;1228777200000
07464984;1229382000000
07467501;1229986800000
07469958;1230591600000
07469959;1230591600000
07469956;1230591600000
07472935;1231196400000
07475503;1231801200000
07478849;1232406000000
07481487;1233010800000
07481484;1233010800000
07484780;1233615600000
07484781;1233615600000
07484779;1233615600000
07488016;1234220400000
07488017;1234220400000
07488015;1234220400000
07490877;1234825200000
07494167;1235430000000
07494165;1235430000000
07494166;1235430000000
07497491;1236034800000
07503603;1237244400000
07503601;1237244400000
07503602;1237244400000
07506906;1237849200000
07506919;1237849200000
07509191;1237849200000
07513545;1239055200000
07516994;1239660000000
07516993;1239660000000
07520561;1240264800000
07520359;1240264800000
07527308;1241474400000
07527309;1241474400000
07530612;1242079200000
07531225;1242079200000
07533912;1242684000000
07533913;1242684000000
07533927;1242684000000
07537252;1243288800000
07537253;1243288800000
07537254;1243288800000
07537275;1243288800000
07540543;1243893600000
07540550;1243893600000
07543865;1244498400000
07543866;1244498400000
RE040736;1245103200000
07552955;1246312800000
07552898;1246312800000
07556297;1246917600000
07559589;1247522400000
07560003;1247522400000
07566031;1248732000000
07566081;1248732000000
07568746;1249336800000
07571942;1249941600000
07575259;1250546400000
07575271;1250546400000
07581769;1251756000000
07581778;1251756000000
07582349;1251756000000
07591095;1253570400000
07597171;1254780000000
07597383;1254780000000
07597464;1254780000000
07604268;1255989600000
07604267;1255989600000
07604269;1255989600000
07607705;1256598000000
07607677;1256598000000
07611177;1257202800000
07611175;1257202800000
07611176;1257202800000
07617916;1258412400000
07625022;1259622000000
07625023;1259622000000
07625021;1259622000000
07625036;1259622000000
07626888;1259622000000
07628444;1260226800000
07631717;1260831600000
07635152;1261436400000
07637545;1262041200000
07641246;1262646000000
07641245;1262646000000
07644966;1263250800000
07644965;1263250800000
07651155;1264460400000
07654423;1265065200000
07658421;1265670000000
07658427;1265670000000
07658437;1265670000000
07661735;1266274800000
07665778;1266879600000
07665779;1266879600000
07665777;1266879600000
07665238;1266879600000
07677617;1268694000000
07677616;1268694000000
07677615;1268694000000
07678208;1268694000000
07681700;1269298800000
07686131;1269900000000
07686358;1269900000000
07690703;1270504800000
07695018;1271109600000
07695033;1271109600000
07695052;1271109600000
07699347;1271714400000
07699367;1271714400000
07699383;1271714400000
07703819;1272319200000
07703820;1272319200000
07708323;1272924000000
07708324;1272924000000
07721838;1274738400000
07722098;1274738400000
07726725;1275343200000
07726709;1275343200000
07734393;1275948000000
07731444;1275948000000
07735902;1276552800000
07735885;1276552800000
07735614;1276552800000
07740294;1277157600000
07740293;1277157600000
07740295;1277157600000
07748507;1278367200000
07753419;1278972000000
07758089;1279576800000
07758106;1279576800000
07762595;1280181600000
07766403;1280786400000
07766402;1280786400000
07768381;1280786400000
07769490;1280786400000
07779954;1282600800000
07780224;1282600800000
07784855;1283205600000
07784656;1283205600000
07793996;1284415200000
07793997;1284415200000
07793998;1284415200000
07802829;1285624800000
07804414;1285624800000
07806448;1286229600000
07810868;1286834400000
07810870;1286834400000
07810858;1286834400000
07810857;1286834400000
07815245;1287439200000
07815250;1287439200000
07819218;1288044000000
07823939;1288652400000
07823938;1288652400000
07823959;1288652400000
07824126;1288652400000
07828350;1289257200000
07832779;1289862000000
07837244;1290466800000
07845710;1291676400000
07854454;1292886000000
07854453;1292886000000
07857365;1293490800000
07857367;1293490800000
07857366;1293490800000
