03858939;158281200000
03858929;158281200000
03860288;158886000000
03863985;160700400000
03863986;160700400000
03865046;161305200000
03870367;163724400000
03871706;164329200000
03876224;166143600000
03875981;166143600000
03880468;167958000000
03880469;167958000000
03880438;167958000000
03883020;169167600000
03884526;169772400000
03890006;172191600000
03890005;172191600000
03891043;172796400000
03895842;175215600000
03897972;176425200000
03901552;178239600000
03902616;178844400000
03904049;179449200000
03905616;180054000000
03905644;180054000000
03905498;180054000000
03907364;180658800000
03907162;180658800000
03908842;181263600000
03909146;181263600000
03910635;181868400000
03913948;183078000000
03913969;183078000000
03915496;183682800000
03915497;183682800000
03917084;184287600000
03917343;184287600000
03918604;184892400000
03921128;185497200000
03922036;186102000000
03923340;186706800000
03923331;186706800000
03923330;186706800000
03930681;189730800000
03936070;192150000000
03937502;192754800000
03938861;193359600000
03941420;194569200000
03944284;195778800000
03944097;195778800000
03950025;198194400000
03954195;200008800000
03955851;200613600000
03958829;201823200000
03958659;201823200000
03963274;203637600000
03964791;204242400000
03966255;204847200000
03966254;204847200000
03975052;209080800000
03977718;210290400000
03977726;210290400000
03980336;211500000000
03981539;212104800000
03985250;213922800000
03985253;213922800000
03988035;215132400000
03989301;215737200000
03990739;216342000000
03993353;217551600000
03993352;217551600000
03994530;218156400000
03995895;218761200000
03995894;218761200000
03995541;218761200000
03997089;219366000000
03997215;219366000000
03998491;219970800000
04002370;221785200000
04003301;222390000000
04003601;222390000000
04009906;226018800000
04009907;226018800000
04015879;229039200000
04018480;230248800000
04019780;230853600000
04019781;230853600000
04021074;231458400000
04026430;233877600000
04026590;233877600000
04027808;234482400000
04029357;235087200000
04029358;235087200000
04029359;235087200000
04030751;235692000000
04032192;236296800000
04033625;236901600000
04034880;237506400000
04036528;238111200000
04037336;238716000000
04046423;242344800000
04047630;242949600000
04049316;243554400000
04049137;243554400000
04050739;244162800000
04051746;244767600000
04051785;244767600000
04051960;244767600000
04052106;244767600000
04052105;244767600000
04054301;245977200000
04056283;247186800000
04058343;248396400000
04058239;248396400000
04058231;248396400000
04059307;249001200000
04059942;249606000000
04062591;250815600000
04062592;250815600000
04063779;251420400000
04066296;252630000000
04068891;253839600000
04068892;253839600000
04068769;253839600000
04069924;254444400000
04070059;254444400000
04070060;254444400000
04071274;255049200000
04071277;255049200000
04076310;257468400000
04077328;258073200000
04078822;258678000000
04079996;259282800000
04081191;259887600000
04082357;260488800000
04084853;261698400000
04084851;261698400000
04084852;261698400000
04087129;262908000000
04090490;264722400000
04092044;265327200000
04092051;265327200000
04092050;265327200000
04091944;265327200000
04091601;265327200000
04095844;267141600000
04097090;267746400000
04099285;268956000000
04104979;271375200000
04105237;271375200000
04106813;271980000000
04106812;271980000000
04108269;272584800000
04109963;273189600000
04109807;273189600000
04111485;273794400000
04111321;273794400000
04115023;275004000000
04116486;275608800000
04119222;276822000000
04122961;278636400000
04122758;278636400000
04126357;280450800000
04128275;281660400000
04129314;282265200000
04129333;282265200000
04129222;282265200000
04136909;286498800000
04138158;287103600000
04138159;287103600000
04139236;287708400000
04141582;288918000000
04141581;288918000000
04141591;288918000000
04143677;290127600000
04145085;290732400000
04145682;290732400000
04148526;292543200000
04148527;292543200000
04148528;292543200000
04149751;293148000000
04155469;296172000000
04161338;301010400000
04162766;302220000000
04165897;304639200000
04168932;307058400000
04168861;307058400000
04175906;312505200000
04175705;312505200000
04176881;313110000000
04178647;314319600000
04181336;315529200000
04182534;316134000000
04183712;316738800000
04186958;318553200000
04189278;319762800000
04193159;322182000000
04194787;322786800000
04196932;323992800000
04198096;324597600000
04200334;325807200000
04200408;325807200000
04206571;329436000000
04207022;329436000000
04211745;331855200000
04212580;332460000000
04213726;333064800000
04213725;333064800000
04215968;334274400000
04215963;334274400000
04215964;334274400000
04216996;334879200000
04218094;335484000000
04220438;336693600000
04221432;337298400000
04222186;337903200000
04223907;338508000000
04227732;340326000000
04228742;340930800000
04230360;341535600000
04236756;344559600000
04236757;344559600000
04241947;346978800000
04242031;346978800000
04242953;347583600000
04243267;347583600000
04252373;351817200000
04253536;352422000000
04254807;353026800000
04256434;353631600000
04258953;354837600000
04261676;356047200000
04261616;356047200000
04264083;357256800000
04265463;357861600000
04266486;358466400000
04270786;360280800000
04273382;361490400000
04273381;361490400000
04272904;361490400000
04276975;363304800000
04280779;365119200000
04286803;368143200000
04289353;369352800000
04289078;369352800000
04301645;375404400000
04301869;375404400000
04301943;375404400000
04302050;375404400000
04302894;376009200000
04305619;377218800000
04307541;378428400000
04311408;380242800000
04313701;381452400000
04314788;382057200000
04317593;383871600000
04317592;383871600000
04318664;384476400000
04318657;384476400000
04318658;384476400000
04323279;386892000000
04324434;387496800000
04325444;388101600000
04326750;388706400000
04326749;388706400000
04327455;389311200000
04327945;389311200000
04334820;392940000000
04341423;396568800000
04342333;397173600000
04343511;397778400000
04343060;397778400000
04346905;399592800000
04348054;400197600000
04348055;400197600000
04348047;400197600000
04348153;400197600000
04350469;401407200000
04352626;402620400000
04353597;403225200000
04353596;403225200000
04355944;404434800000
04358238;405644400000
04362457;408063600000
04363151;408668400000
04365841;409878000000
04366757;410482800000
04368673;411692400000
04371208;412902000000
04372064;413506800000
04372614;413506800000
04373851;414111600000
04373856;414111600000
04375903;415926000000
04378188;417736800000
04382631;421365600000
04382632;421365600000
04384816;422575200000
04388038;424389600000
04389314;424994400000
04390282;425599200000
04391562;426204000000
04392688;426808800000
04392687;426808800000
04394105;427413600000
04398768;429832800000
04400131;430437600000
04402549;431647200000
04407202;434070000000
04410207;435279600000
04411572;435884400000
04412699;436489200000
04413944;437094000000
04415300;437698800000
04417842;438908400000
04417765;438908400000
04418959;439513200000
04425002;442537200000
04426172;443142000000
04427231;443746800000
04429888;444956400000
04430038;444956400000
04431357;445561200000
04437705;448585200000
04442915;451000800000
04447089;452815200000
04453876;455839200000
04458588;458258400000
04468065;462492000000
04470747;463701600000
04471996;464306400000
04474526;465519600000
04474404;465519600000
04475672;466124400000
04480871;468543600000
04483650;469753200000
04484852;470358000000
04487007;471567600000
04488756;472172400000
04492490;473986800000
04494797;475196400000
04494798;475196400000
04497258;476406000000
04498400;477010800000
04500242;477615600000
04504184;479430000000
04508388;481240800000
04511154;482450400000
04511181;482450400000
04514131;483660000000
04516904;484869600000
04519189;486079200000
04520617;486684000000
04522554;487288800000
04523788;487893600000
04523690;487893600000
04531781;491522400000
04531780;491522400000
04534596;492732000000
04536033;493336800000
04538951;494546400000
04542461;495756000000
04541517;495756000000
04548541;498783600000
04552653;500598000000
04556357;502412400000
04557400;503017200000
04568028;507855600000
04568237;507855600000
04568239;507855600000
04569096;508460400000
04569187;508460400000
04572579;509670000000
04573742;510274800000
04576390;511484400000
04580844;513295200000
04580843;513295200000
04580502;513295200000
04583693;514504800000
04583901;514504800000
04589508;516924000000
04592593;518133600000
04593426;518738400000
04595210;519343200000
04596347;519948000000
04599040;521157600000
04601631;522367200000
04603908;523576800000
04606277;524786400000
04606570;524786400000
04608725;525996000000
04611642;527205600000
04613274;527810400000
04616879;529628400000
04617868;530233200000
04619484;530838000000
04619008;530838000000
04621972;532047600000
04621858;532047600000
04623197;532652400000
04624618;533257200000
04626166;533862000000
04627780;534466800000
04627782;534466800000
04627783;534466800000
04629203;535071600000
04629390;535071600000
04632461;536281200000
04636132;537490800000
04637320;538095600000
04639043;538700400000
04643625;540514800000
04643475;540514800000
04645225;541119600000
04645264;541119600000
04647110;541724400000
04646942;541724400000
04659147;545954400000
04660843;546559200000
04662160;547164000000
04664446;547768800000
04665649;548373600000
04666211;548373600000
04671526;550188000000
04671527;550188000000
04671561;550188000000
04673131;550792800000
04673328;550792800000
04674942;551397600000
04678235;552607200000
04681371;553816800000
04685619;555631200000
04687407;556236000000
04688819;556840800000
04688488;556840800000
04691959;558050400000
04696517;559868400000
04699428;561078000000
04699393;561078000000
04702662;562287600000
04704062;562892400000
04705295;563497200000
04710087;565311600000
04709541;565311600000
04711500;565916400000
04711499;565916400000
04722655;570754800000
04723817;571359600000
04723887;571359600000
04733451;575589600000
04735457;576194400000
04738462;577404000000
04741575;578613600000
04741576;578613600000
04747742;581032800000
04750785;582242400000
04756658;584661600000
04762370;587080800000
04763953;587685600000
04766820;588895200000
04772072;590709600000
04773598;591318000000
04775283;591922800000
04779931;593737200000
04793126;599180400000
04795303;599785200000
04796941;600390000000
04797056;600390000000
04802709;602809200000
04807904;604623600000
04811988;605833200000
04813841;606438000000
04818024;607644000000
04826233;610063200000
04826386;610063200000
04825909;610063200000
04830436;611272800000
04836610;613087200000
04840531;614296800000
04842470;614901600000
04842440;614901600000
04844675;615506400000
04844292;615506400000
04844336;615506400000
04846754;616111200000
04854804;618530400000
04854801;618530400000
04861219;620344800000
04861215;620344800000
04861110;620344800000
04865079;621554400000
04865389;621554400000
04865341;621554400000
04872728;623977200000
04875811;625186800000
04877366;625791600000
04877184;625791600000
04877293;625791600000
04880346;627001200000
04881782;627606000000
04883321;628210800000
04889390;630630000000
04889372;630630000000
04889464;630630000000
04898427;634258800000
04898333;634258800000
04902188;635468400000
04909694;637887600000
04915570;639698400000
04917557;640303200000
04917558;640303200000
04921305;641512800000
04922696;642117600000
04929142;643932000000
04929028;643932000000
04930297;644536800000
04930958;644536800000
04932829;645141600000
04940287;647560800000
04941581;648165600000
04943118;648770400000
04946331;649980000000
04946214;649980000000
04948324;650584800000
04948155;650584800000
04951999;651794400000
04951956;651794400000
04954039;652399200000
04958978;654213600000
04958845;654213600000
04962966;656031600000
04968097;657846000000
04968096;657846000000
04969690;658450800000
04975205;660265200000
04978068;661474800000
04979865;662079600000
04981411;662684400000
04984420;663894000000
04986716;664498800000
04988258;665103600000
04989917;665708400000
04989918;665708400000
04993908;666918000000
04995773;667522800000
04996831;668127600000
04999021;668732400000
05000358;669337200000
05000645;669337200000
05002340;669942000000
05006033;671148000000
05006039;671148000000
05009563;672357600000
05011362;672962400000
05016896;674776800000
05018651;675381600000
05018924;675381600000
05021156;675986400000
05020857;675986400000
05022703;676591200000
05027464;678405600000
05030053;679010400000
05033794;680220000000
05033931;680220000000
05035564;680824800000
05039271;682034400000
05040849;682639200000
05040807;682639200000
05044861;683848800000
05046774;684453600000
05048896;685058400000
05048895;685058400000
05051053;685663200000
05056624;687481200000
05058956;688086000000
05058957;688086000000
05060334;688690800000
05061147;688690800000
05062757;689295600000
05062759;689295600000
05064248;689900400000
05064338;689900400000
05065569;690505200000
05067737;691110000000
05067774;691110000000
05069507;691714800000
05070687;692319600000
05072485;692924400000
05074622;693529200000
05074737;693529200000
05076752;694134000000
05078567;694738800000
05080442;695343600000
05080548;695343600000
05085448;697158000000
05088795;698367600000
05090773;698972400000
05092656;699577200000
05094583;700182000000
05096336;700786800000
05100279;701992800000
05102198;702597600000
05104613;703202400000
05106113;703807200000
05105915;703807200000
05113548;706226400000
05118244;707436000000
05122025;708645600000
05121970;708645600000
05123800;709250400000
05131722;711669600000
05131798;711669600000
05137412;713484000000
05137366;713484000000
05141288;714693600000
05143496;715298400000
05147011;716508000000
05147003;716508000000
05149116;717112800000
05154488;718930800000
05153966;718930800000
05158340;720140400000
05174632;725583600000
05173989;725583600000
05176486;726188400000
05180271;727398000000
05183293;728607600000
05184872;729212400000
05190351;731026800000
05190433;731026800000
05192188;731631600000
05192189;731631600000
05192178;731631600000
05193882;732236400000
05195385;732841200000
05197782;733442400000
05199193;734047200000
05205696;735861600000
05215355;738885600000
05224761;741909600000
05226699;742514400000
05228750;743119200000
05235762;745538400000
05249842;749775600000
05249843;749775600000
05251652;750380400000
05252020;750380400000
05256025;751590000000
05256024;751590000000
05263807;754009200000
05265940;754614000000
05267779;755218800000
05267780;755218800000
05269592;755823600000
05273164;757033200000
05273317;757033200000
05277537;758242800000
05281074;759452400000
05284218;760662000000
05284097;760662000000
05288137;761871600000
05291722;763081200000
05294186;763686000000
05299856;765496800000
05302073;766101600000
05305782;767311200000
05312162;769125600000
05316430;770335200000
05322350;772149600000
05324097;772754400000
05326156;773359200000
05336035;776383200000
05338140;776988000000
05338101;776988000000
05344271;778802400000
05346286;779407200000
05346232;779407200000
05350030;780620400000
05354165;781830000000
05360259;783644400000
05359942;783644400000
05372376;787273200000
05378047;789087600000
05379801;789692400000
05380142;789692400000
05383714;790902000000
05385391;791506800000
05395163;794530800000
05397172;795135600000
05403238;796946400000
05405181;797551200000
05405215;797551200000
05407251;798156000000
05407390;798156000000
05411284;799365600000
05413402;799970400000
05417165;801180000000
05423654;802994400000
05423386;802994400000
05431475;805413600000
05431481;805413600000
05433462;806018400000
05435627;806623200000
05437499;807228000000
05447361;810252000000
05449224;810856800000
05452942;812070000000
05454684;812674800000
05454685;812674800000
05454620;812674800000
05454625;812674800000
05456520;813279600000
05456521;813279600000
05458451;813884400000
05460431;814489200000
05465808;816303600000
05465801;816303600000
05468054;816908400000
05474363;818722800000
05476285;819327600000
05480214;820537200000
05482356;821142000000
05482494;821142000000
05482425;821142000000
05498066;826585200000
05498067;826585200000
05501567;827794800000
05503462;828396000000
05509723;830210400000
05509724;830210400000
05513901;831420000000
05516135;832024800000
05518287;832629600000
05520496;833234400000
05520442;833234400000
05520443;833234400000
05527098;835048800000
05529488;835653600000
05531463;836258400000
05533855;836863200000
05540538;838677600000
05544944;839887200000
05549359;841096800000
05551824;841701600000
05551759;841701600000
05556807;842911200000
05560684;844120800000
05564891;845330400000
05575536;848358000000
05580134;849567600000
05580211;849567600000
05588711;851986800000
05588712;851986800000
05593271;853196400000
05597211;854406000000
05599071;855010800000
05601486;855615600000
05601298;855615600000
05606916;857430000000
05618155;860450400000
05637837;865893600000
05636902;865893600000
05647721;868917600000
05653469;870732000000
05660446;872546400000
05671979;875570400000
05674038;876175200000
05681095;877993200000
05687981;879807600000
05716103;887065200000
05720526;888274800000
05732993;891295200000
05738022;892504800000
05742228;893109600000
05749630;894924000000
05753532;895528800000
05758927;896738400000
05769501;898552800000
05769502;898552800000
05772389;899157600000
05782277;900972000000
05782538;900972000000
05782524;900972000000
05788333;902181600000
05795031;903391200000
05797657;903996000000
05797656;903996000000
05799960;904600800000
05810543;906415200000
05810375;906415200000
05816766;907624800000
05816765;907624800000
05823629;908834400000
05823630;908834400000
05826947;909442800000
05829842;910047600000
05829945;910047600000
05836657;911257200000
05842823;912466800000
05845971;913071600000
05851043;914281200000
05855466;915490800000
05871328;919119600000
05871330;919119600000
05873396;919724400000
05882085;921538800000
05884924;922143600000
05887914;922744800000
05890770;923349600000
05897283;925164000000
05902087;926373600000
05906417;927583200000
05913561;930002400000
05915728;930607200000
05921743;931816800000
05924708;932421600000
05934731;934236000000
05938300;934840800000
05947347;936655200000
05957538;938469600000
05967615;940284000000
05971494;940888800000
05971493;940888800000
05975642;941497200000
05975643;941497200000
05975824;941497200000
05979915;942102000000
05997099;944521200000
06000741;945126000000
06008890;946335600000
06015191;948150000000
06019568;949359600000
06019431;949359600000
06019432;949359600000
06022068;949964400000
06027173;951174000000
06036275;952988400000
06056368;957218400000
06059372;957823200000
06059371;957823200000
06062801;958428000000
06068434;959637600000
06071061;960242400000
06074159;960847200000
06077024;961452000000
06082827;962661600000
06086076;963266400000
06089670;963871200000
06089813;963871200000
06092863;964476000000
06092966;964476000000
06095616;965080800000
06099025;965685600000
06099232;965685600000
06106072;966895200000
06113193;968104800000
06113194;968104800000
06116697;968709600000
06116698;968709600000
06120079;969314400000
06135565;972338400000
06139247;972946800000
06139062;972946800000
06142554;973551600000
06142576;973551600000
06152536;975366000000
06155648;975970800000
06170916;978994800000
06176673;980204400000
06179385;980809200000
06186731;982018800000
06186596;982018800000
06189976;982623600000
06193319;983228400000
06196634;983833200000
06199955;984438000000
06206476;985644000000
06206477;985644000000
06209964;986248800000
06213482;986853600000
06217123;987458400000
06217122;987458400000
06220622;988063200000
06224161;988668000000
06227608;989272800000
06238166;991087200000
06238004;991087200000
06254192;994111200000
06253858;994111200000
06257669;994716000000
06257670;994716000000
06267448;996530400000
06267447;996530400000
06283554;999554400000
06290301;1000764000000
06293627;1001368800000
06302491;1003183200000
06302380;1003183200000
06315514;1005606000000
06318808;1006210800000
06322151;1006815600000
06336683;1010444400000
06354788;1015887600000
06361269;1017097200000
06364598;1017698400000
06371564;1018908000000
06371565;1018908000000
06382731;1020722400000
06386792;1021327200000
06394555;1022536800000
06402453;1023746400000
06409273;1024956000000
06409275;1024956000000
06409274;1024956000000
06412877;1025560800000
06413036;1025560800000
06416133;1026165600000
06439668;1030399200000
06439667;1030399200000
06447053;1031608800000
06471299;1035846000000
06478522;1037055600000
06478517;1037055600000
06481785;1037660400000
06488443;1038870000000
06488340;1038870000000
06491349;1039474800000
06499808;1041289200000
06505891;1042498800000
06517143;1044918000000
06520590;1045522800000
06520589;1045522800000
06523905;1046127600000
06527494;1046732400000
06536845;1048546800000
06536846;1048546800000
06537008;1048546800000
06543828;1049752800000
06543856;1049752800000
06543961;1049752800000
06547335;1050357600000
06554301;1051567200000
06554367;1051567200000
06557944;1052172000000
06561589;1052776800000
06565146;1053381600000
06568744;1053986400000
06568763;1053986400000
06572197;1054591200000
06578924;1055800800000
06578925;1055800800000
06581999;1056405600000
06582024;1056405600000
06592172;1058220000000
06601924;1060034400000
06616243;1063058400000
06619754;1063663200000
06623038;1064268000000
06626498;1064872800000
06641223;1067900400000
06644908;1068505200000
06648420;1069110000000
06659565;1070924400000
06659566;1070924400000
06663185;1071529200000
06666491;1072134000000
06669303;1072738800000
06669304;1072738800000
06676221;1073948400000
06676220;1073948400000
06676361;1073948400000
06698842;1078182000000
06705680;1079391600000
06705681;1079391600000
06715778;1081202400000
06715775;1081202400000
06715980;1081202400000
06726288;1083016800000
06726431;1083016800000
06733085;1084226400000
06733219;1084226400000
06733225;1084226400000
06745701;1086645600000
06749268;1087250400000
06749267;1087250400000
06752467;1087855200000
06752468;1087855200000
06755479;1088460000000
06755478;1088460000000
06761414;1089669600000
06761413;1089669600000
06764138;1090274400000
06766997;1090879200000
06767173;1090879200000
06783187;1093903200000
06789829;1095112800000
06796615;1096322400000
06796602;1096322400000
06799808;1096927200000
06814396;1099954800000
06817676;1100559600000
06817677;1100559600000
06820880;1101164400000
06820940;1101164400000
06824223;1101769200000
06834917;1104188400000
06840729;1105398000000
06850707;1107212400000
06848526;1107212400000
06851756;1107817200000
06854808;1108422000000
06863351;1110236400000
06880894;1113861600000
06880895;1113861600000
06886838;1115071200000
06893099;1116280800000
06899348;1117490400000
06905174;1118700000000
06905175;1118700000000
06908089;1119304800000
06908088;1119304800000
06916142;1121119200000
06920288;1121724000000
06923507;1122933600000
06929329;1124143200000
06932433;1124748000000
06938960;1125957600000
06948726;1127772000000
06955404;1129586400000
06957868;1130191200000
06960055;1130799600000
06966609;1132614000000
06966608;1132614000000
06976740;1135033200000
07004548;1141081200000
07014270;1142895600000
07017998;1143496800000
07032977;1145916000000
07037034;1146520800000
07055912;1149544800000
07059683;1150149600000
07070381;1151964000000
07073867;1152568800000
07090305;1155592800000
07100993;1157407200000
07111907;1159221600000
07111908;1159221600000
07114784;1159826400000
07125082;1161640800000
07134676;1163458800000
07147423;1165878000000
07153080;1167087600000
07159949;1168297200000
07168767;1170111600000
07182406;1172530800000
07185953;1173135600000
07201453;1176156000000
07207631;1177365600000
07207582;1177365600000
07228585;1181599200000
07232189;1182204000000
07234710;1182808800000
07240968;1184018400000
07243999;1184623200000
07247803;1185228000000
07267409;1189461600000
07290974;1194303600000
07296807;1195513200000
07306291;1197327600000
07316413;1199746800000
07320504;1200956400000
07325880;1202166000000
07325389;1202166000000
07350873;1207000800000
07350872;1207000800000
07350871;1207000800000
07357457;1208210400000
07360843;1208815200000
07369978;1210024800000
07377592;1211839200000
07390065;1214258400000
07398980;1216072800000
07399038;1216072800000
07401860;1216677600000
07412357;1218492000000
07448691;1226358000000
07464441;1229382000000
07478883;1232406000000
07488042;1234220400000
07523994;1240869600000
07523804;1240869600000
07547026;1245103200000
07559733;1247522400000
07559732;1247522400000
07559734;1247522400000
07562898;1248127200000
07568858;1249336800000
07578562;1251151200000
07578544;1251151200000
07581780;1251756000000
07581607;1251756000000
07591386;1253570400000
07591513;1253570400000
07604300;1255989600000
07611187;1257202800000
07614842;1257807600000
07641285;1262646000000
07651312;1264460400000
07651147;1264460400000
07654292;1265065200000
RE041126;1266274800000
07669911;1267484400000
07681957;1269298800000
07699382;1271714400000
07708351;1272924000000
07722126;1274738400000
07722125;1274738400000
07731297;1275948000000
07740323;1277157600000
07743604;1277762400000
07770981;1281391200000
07770980;1281391200000
07775531;1281996000000
07780241;1282600800000
07789467;1283810400000
07806483;1286229600000
07810887;1286834400000
07819486;1288044000000
07831352;1289257200000
07841668;1291071600000
07850248;1292281200000
