03858942;158281200000
03859704;158886000000
03860297;158886000000
03860296;158886000000
03860293;158886000000
03860295;158886000000
03860294;158886000000
03861752;159490800000
03862778;160095600000
03862779;160095600000
03865170;161305200000
03866978;161910000000
03866977;161910000000
03868147;162514800000
03869175;163119600000
03869174;163119600000
03870371;163724400000
03870372;163724400000
03871710;164329200000
03871709;164329200000
03871708;164329200000
03873162;164934000000
03873160;164934000000
03873161;164934000000
03874054;165538800000
03874055;165538800000
03874736;165538800000
03876256;166143600000
03876255;166143600000
03876257;166143600000
03877504;166748400000
03877754;166748400000
03879089;167353200000
03880219;167958000000
03880441;167958000000
03881778;168562800000
03882919;169167600000
03882885;169167600000
03883181;169167600000
03883182;169167600000
03883180;169167600000
03884527;169772400000
03885615;170377200000
03885814;170377200000
03885834;170377200000
03888281;171586800000
03888545;171586800000
03890009;172191600000
03890008;172191600000
03890010;172191600000
03891341;172796400000
03891276;172796400000
03893688;174006000000
03893689;174006000000
03893690;174006000000
03893708;174006000000
03894775;174610800000
03894774;174610800000
03894777;174610800000
03894776;174610800000
03895844;175215600000
03895667;175215600000
03896868;175820400000
03897113;175820400000
03897111;175820400000
03897112;175820400000
03897977;176425200000
03901554;178239600000
03904197;179449200000
03905648;180054000000
03905649;180054000000
03905089;180054000000
03905086;180054000000
03907369;180658800000
03907371;180658800000
03907372;180658800000
03907370;180658800000
03907053;180658800000
03909066;181263600000
03909065;181263600000
03909067;181263600000
03910336;181868400000
03910638;181868400000
03912333;182473200000
03912332;182473200000
03913943;183078000000
03913980;183078000000
03913981;183078000000
03913982;183078000000
03915266;183682800000
03915502;183682800000
03915504;183682800000
03915503;183682800000
03915511;183682800000
03917352;184287600000
03918186;184892400000
03918763;184892400000
03918762;184892400000
03918764;184892400000
03922018;186102000000
03921745;186102000000
03922106;186102000000
03923295;186706800000
03924928;187311600000
03924898;187311600000
03930526;189730800000
03930683;189730800000
03931871;190335600000
03931998;190335600000
03933392;190940400000
03933397;190940400000
03934936;191545200000
03934632;191545200000
03936061;192150000000
03937528;192754800000
03937262;192754800000
03939020;193359600000
03939946;193964400000
03942839;195174000000
03944285;195778800000
03947070;196984800000
03948563;197589600000
03950033;198194400000
03950032;198194400000
03950076;198194400000
03952786;199404000000
03952820;199404000000
03953074;199404000000
03953075;199404000000
03955852;200613600000
03957100;201218400000
03958833;201823200000
03960047;202428000000
03960409;202428000000
03961826;203032800000
03961827;203032800000
03963361;203637600000
03965708;204847200000
03966260;204847200000
03967879;205452000000
03967855;205452000000
03967857;205452000000
03967856;205452000000
03968996;206056800000
03969002;206056800000
03969034;206056800000
03970346;206661600000
03973801;208476000000
03976116;209685600000
03976302;209685600000
03977454;210290400000
03977728;210290400000
03978277;210290400000
03979154;210895200000
03982788;212713200000
03985391;213922800000
03985392;213922800000
03985393;213922800000
03985949;213922800000
03986750;214527600000
03987409;214527600000
03988038;215132400000
03988039;215132400000
03988040;215132400000
03989306;215737200000
03989307;215737200000
03989305;215737200000
03990747;216342000000
03992025;216946800000
03993357;217551600000
03993356;217551600000
03994355;218156400000
03995909;218761200000
03995938;218761200000
03995461;218761200000
03997018;219366000000
03997016;219366000000
03997217;219366000000
03998494;219970800000
03998258;219970800000
03999268;220575600000
04000926;221180400000
04002371;221785200000
04003630;222390000000
04003604;222390000000
04003444;222390000000
04004838;222994800000
04004837;222994800000
04005907;223599600000
04007967;224809200000
04007968;224809200000
04008923;225414000000
04009911;226018800000
04010986;226623600000
04012078;227228400000
04013499;227833200000
04013146;227833200000
04016947;229644000000
04017123;229644000000
04017348;229644000000
04018482;230248800000
04018298;230248800000
04019789;230853600000
04019782;230853600000
04021077;231458400000
04023511;232668000000
04027919;234482400000
04027549;234482400000
04029423;235087200000
04030753;235692000000
04030754;235692000000
04033627;236901600000
04035040;237506400000
04035028;237506400000
04035026;237506400000
04035027;237506400000
04034995;237506400000
04035895;238111200000
04036530;238111200000
04036408;238111200000
04037925;238716000000
04037924;238716000000
04039233;239320800000
04039226;239320800000
04039199;239320800000
04040671;239925600000
04040672;239925600000
04040670;239925600000
04040582;239925600000
04043374;241135200000
04043685;241135200000
04043603;241135200000
04045046;241740000000
04045096;241740000000
04046425;242344800000
04046433;242344800000
04046339;242344800000
04046184;242344800000
04047770;242949600000
04047764;242949600000
04047727;242949600000
04047800;242949600000
04049319;243554400000
04049320;243554400000
04054335;245977200000
04054322;245977200000
04054323;245977200000
04054324;245977200000
04056285;247186800000
04056172;247186800000
04058344;248396400000
04059229;249001200000
04060009;249606000000
04061400;250210800000
04063783;251420400000
04065186;252025200000
04066375;252630000000
04067621;253234800000
04067600;253234800000
04068898;253839600000
04070065;254444400000
04070066;254444400000
04071279;255049200000
04071280;255049200000
04072358;255654000000
04072357;255654000000
04072373;255654000000
04073540;256258800000
04074408;256863600000
04074910;256863600000
04074942;256863600000
04076319;257468400000
04076263;257468400000
04077455;258073200000
04080003;259282800000
04079958;259282800000
04082170;260488800000
04082363;260488800000
04082377;260488800000
04083606;261093600000
04084857;261698400000
04088372;263512800000
04089610;264117600000
04090570;264722400000
04090283;264722400000
04090737;264722400000
04090744;264722400000
04090751;264722400000
04093299;265932000000
04093311;265932000000
04093312;265932000000
04094550;266536800000
04094376;266536800000
04095846;267141600000
04096919;267746400000
04098540;268351200000
04099788;268956000000
04100247;268956000000
04102443;270165600000
04102423;270165600000
04103563;270770400000
04105254;271375200000
04105255;271375200000
04106172;271980000000
04106816;271980000000
04108535;272584800000
04108497;272584800000
04109549;273189600000
04109343;273189600000
04110141;273189600000
04111618;273794400000
04114952;275004000000
04114953;275004000000
04116489;275608800000
04116490;275608800000
04118073;276217200000
04120536;277426800000
04121871;278031600000
04123111;278636400000
04123112;278636400000
04123076;278636400000
04124051;279241200000
04127305;281055600000
04127306;281055600000
04128254;281660400000
04129345;282265200000
04129336;282265200000
04129474;282265200000
04130320;282870000000
04131323;283474800000
04131322;283474800000
04131321;283474800000
04133583;284684400000
04135229;285289200000
04135763;285894000000
04135765;285894000000
04135764;285894000000
04135766;285894000000
04138160;287103600000
04140368;288313200000
04140198;288313200000
04142569;289522800000
04145095;290732400000
04146273;291337200000
04146274;291337200000
04146992;291938400000
04149754;293148000000
04150553;293752800000
04150859;293752800000
04150854;293752800000
04153302;294962400000
04153303;294962400000
04153267;294962400000
04153497;294962400000
04154488;295567200000
04155601;296172000000
04155415;296172000000
04158468;298591200000
04159832;299800800000
04161869;301615200000
04162105;301615200000
04164358;303429600000
04164251;303429600000
04165131;304034400000
04165094;304034400000
04165777;304639200000
04165904;304639200000
04166653;305244000000
04167294;305848800000
04168016;306453600000
04169630;307666800000
04170369;308271600000
04170384;308271600000
04171149;308876400000
04171851;309481200000
04172620;310086000000
04173374;310690800000
04173992;311295600000
04174871;311900400000
04178043;313714800000
04178042;313714800000
04178041;313714800000
04179163;314319600000
04179162;314319600000
04180293;314924400000
04181365;315529200000
04181364;315529200000
04181169;315529200000
04183587;316738800000
04183572;316738800000
04183418;316738800000
04184531;317343600000
04185848;317948400000
04190297;320367600000
04190133;320367600000
04190092;320367600000
04191427;320972400000
04192396;321577200000
04192626;321577200000
04193466;322182000000
04193640;322182000000
04193639;322182000000
04194810;322786800000
04195947;323391600000
04200326;325807200000
04201396;326412000000
04201448;326412000000
04202582;327016800000
04203382;327621600000
04203481;327621600000
04203617;327621600000
04204478;328226400000
04208073;330040800000
04209230;330645600000
04209052;330645600000
04210367;331250400000
04213234;333064800000
04213654;333064800000
04214792;333669600000
04214941;333669600000
04217002;334879200000
04217003;334879200000
04217944;335484000000
04218099;335484000000
04218098;335484000000
04218097;335484000000
04219241;336088800000
04219240;336088800000
04220373;336693600000
04220372;336693600000
04221436;337298400000
04221435;337298400000
04222425;337903200000
04223753;338508000000
04223952;338508000000
04223951;338508000000
04225191;339116400000
04226308;339721200000
04226304;339721200000
04226478;339721200000
04226479;339721200000
04227827;340326000000
04229048;340930800000
04229047;340930800000
04229117;340930800000
04231619;342140400000
04231670;342140400000
04232907;342745200000
04234236;343350000000
04235476;343954800000
04235275;343954800000
04235271;343954800000
04240483;346374000000
04240670;346374000000
04241776;346978800000
04241954;346978800000
04242169;346978800000
04242385;346978800000
04243269;347583600000
04243270;347583600000
04244413;348188400000
04244588;348188400000
04246947;349398000000
04246950;349398000000
04246691;349398000000
04247152;349398000000
04247151;349398000000
04247127;349398000000
04248453;350002800000
04249783;350607600000
04251476;351212400000
04252378;351817200000
04252377;351817200000
04253510;352422000000
04253514;352422000000
04256346;353631600000
04256347;353631600000
04256348;353631600000
04256349;353631600000
04257651;354236400000
04257497;354236400000
04258815;354837600000
04261589;356047200000
04261621;356047200000
04261622;356047200000
04262967;356652000000
04263954;357256800000
04266832;358466400000
04266831;358466400000
04268090;359071200000
04268091;359071200000
04269423;359676000000
04269452;359676000000
04269451;359676000000
04270805;360280800000
04273345;361490400000
04273460;361490400000
04274465;362095200000
04274679;362095200000
04275932;362700000000
04275930;362700000000
04275931;362700000000
04277107;363304800000
04278297;363909600000
04278265;363909600000
04279446;364514400000
04279603;364514400000
04280736;365119200000
04280293;365119200000
04280348;365119200000
04281945;365724000000
04283091;366328800000
04282952;366328800000
04285573;367538400000
04286825;368143200000
04286824;368143200000
04289323;369352800000
04289376;369352800000
04290283;369957600000
04290654;369957600000
04291922;370566000000
04291921;370566000000
04293189;371170800000
04294490;371775600000
04294491;371775600000
04295510;372380400000
04295686;372380400000
04295685;372380400000
04295779;372380400000
04296939;372985200000
04298910;373590000000
04299425;374194800000
04299051;374194800000
04299310;374194800000
04300803;374799600000
04300804;374799600000
04302129;375404400000
04302872;376009200000
04305490;377218800000
04305621;377218800000
04305622;377218800000
04306604;377823600000
04306751;377823600000
04310200;379638000000
04312410;380847600000
04313618;381452400000
04314964;382057200000
04315360;382662000000
04316638;383266800000
04316637;383266800000
04317479;383871600000
04317597;383871600000
04317596;383871600000
04317579;383871600000
04318436;384476400000
04319618;385081200000
04319785;385081200000
04323414;386892000000
04324119;387496800000
04324414;387496800000
04325422;388101600000
04328997;389916000000
04330045;390520800000
04330914;391125600000
04331210;391125600000
04333688;392335200000
04335899;393544800000
04337003;394149600000
04337953;394754400000
04339859;395964000000
04341425;396568800000
04341001;396568800000
04343338;397778400000
04344653;398383200000
04344654;398383200000
04344655;398383200000
04345360;398988000000
04345795;398988000000
04346940;399592800000
04348061;400197600000
04350394;401407200000
04350196;401407200000
04351407;402015600000
04351382;402015600000
04351569;402015600000
04351568;402015600000
04352528;402620400000
04352525;402620400000
04353428;403225200000
04353586;403225200000
04354711;403830000000
04354407;403830000000
04355578;404434800000
04355848;404434800000
04357053;405039600000
04358148;405644400000
04358162;405644400000
04360083;406854000000
04360213;406854000000
04360222;406854000000
04361359;407458800000
04361358;407458800000
04361360;407458800000
04361980;408063600000
04363347;408668400000
04363502;408668400000
04363520;408668400000
04363521;408668400000
04363522;408668400000
04364608;409273200000
04364594;409273200000
04366992;410482800000
04371362;412902000000
04371213;412902000000
04371212;412902000000
04371214;412902000000
04370895;412902000000
04376554;416530800000
04376606;416530800000
04378868;418341600000
04379596;418946400000
04379597;418946400000
04380480;419551200000
04381874;420760800000
04382635;421365600000
04383787;421970400000
04383716;421970400000
04385785;423180000000
04387930;424389600000
04387494;424389600000
04388771;424994400000
04388841;424994400000
04389945;425599200000
04390191;425599200000
04392681;426808800000
04392690;426808800000
04396232;428623200000
04397345;429228000000
04397504;429228000000
04398770;429832800000
04400038;430437600000
04400037;430437600000
04401311;431042400000
04401144;431042400000
04402390;431647200000
04405179;432856800000
04405180;432856800000
04405006;432856800000
04405032;432856800000
04408804;434674800000
04408803;434674800000
04410201;435279600000
04410217;435279600000
04411329;435884400000
04412976;436489200000
04413860;437094000000
04416926;438303600000
04417462;438908400000
04417651;438908400000
04417766;438908400000
04418962;439513200000
04420190;440118000000
04421821;440722800000
04422660;441327600000
04422692;441327600000
04422795;441327600000
04422490;441327600000
04424842;442537200000
04424981;442537200000
04425004;442537200000
04426116;443142000000
04427097;443746800000
04427238;443746800000
04427237;443746800000
04431043;445561200000
04432427;446166000000
04433857;446770800000
04434830;447375600000
04434864;447375600000
04436133;447980400000
04437536;448585200000
04438979;449186400000
04440414;449791200000
04440411;449791200000
04440451;449791200000
04441762;450396000000
04443039;451000800000
04444435;451605600000
04447092;452815200000
04447093;452815200000
04447091;452815200000
04448456;453420000000
04448455;453420000000
04449756;454024800000
04452493;455234400000
04452327;455234400000
04453776;455839200000
04453583;455839200000
04456308;457048800000
04455732;457048800000
04457560;457653600000
04457561;457653600000
04457559;457653600000
04458952;458258400000
04460219;458863200000
04461514;459468000000
04461515;459468000000
04462640;460072800000
04462639;460072800000
04464150;460677600000
04463990;460677600000
04463961;460677600000
04465321;461282400000
04466623;461887200000
04466670;461887200000
04466503;461887200000
04467404;461887200000
04470638;463701600000
04470639;463701600000
04470637;463701600000
04470663;463701600000
04471999;464306400000
04473258;464911200000
04473257;464911200000
04473139;464911200000
04473129;464911200000
04474385;465519600000
04475634;466124400000
04477120;466729200000
04477121;466729200000
04478458;467334000000
04482189;469148400000
04483729;469753200000
04483400;469753200000
04483407;469753200000
04483214;469753200000
04486052;470962800000
04487456;471567600000
04487455;471567600000
04488774;472172400000
04488761;472172400000
04489988;472777200000
04489955;472777200000
04491340;473382000000
04496016;475801200000
04496183;475801200000
04497521;476406000000
04498709;477010800000
04500111;477615600000
04501450;478220400000
04503944;479430000000
04504094;479430000000
04504095;479430000000
04505314;480034800000
04508392;481240800000
04509239;481845600000
04511184;482450400000
04511182;482450400000
04511183;482450400000
04512614;483055200000
04512613;483055200000
04512382;483055200000
04514013;483660000000
04515198;484264800000
04515411;484264800000
04518204;485474400000
04521059;486684000000
04522268;487288800000
04523789;487893600000
04523790;487893600000
04526249;489103200000
04526425;489103200000
04527648;489708000000
04527839;489708000000
04529023;490312800000
04529253;490312800000
04529254;490312800000
04529251;490312800000
04529252;490312800000
04530620;490917600000
04530543;490917600000
04530542;490917600000
04531786;491522400000
04531785;491522400000
04531754;491522400000
04532097;491522400000
04533183;492127200000
04533184;492127200000
04534438;492732000000
04535957;493336800000
04535827;493336800000
04536038;493336800000
04537449;493941600000
04538332;494546400000
04538657;494546400000
04540220;495151200000
04542569;496360800000
04544209;496969200000
04544425;496969200000
04544010;496969200000
04547021;498178800000
04546512;498178800000
04552194;500598000000
04554961;501807600000
04556258;502412400000
04557526;503017200000
04559462;503622000000
04558727;503622000000
04561481;504831600000
04562903;505436400000
04563042;505436400000
04564056;506041200000
04564243;506041200000
04564242;506041200000
04565539;506646000000
04566563;507250800000
04567633;507855600000
04567973;507855600000
04571005;509065200000
04571025;509065200000
04572584;509670000000
04573510;510274800000
04573745;510274800000
04573338;510274800000
04576415;511484400000
04576301;511484400000
04577909;512089200000
04577734;512089200000
04580652;513295200000
04580846;513295200000
04582448;513900000000
04582338;513900000000
04582107;513900000000
04583787;514504800000
04585276;515109600000
04585277;515109600000
04586757;515714400000
04588542;516319200000
04588232;516319200000
04589252;516924000000
04589702;516924000000
04591212;517528800000
04591211;517528800000
04591210;517528800000
04592596;518133600000
04592595;518133600000
04592452;518133600000
04593953;518738400000
04595242;519343200000
04596425;519948000000
04597353;520552800000
04598918;521157600000
04598952;521157600000
04601519;522367200000
04602822;522972000000
04602823;522972000000
04602665;522972000000
04603025;522972000000
04603915;523576800000
04603916;523576800000
04603914;523576800000
04603871;523576800000
04603868;523576800000
04606390;524786400000
04606582;524786400000
04606581;524786400000
04606436;524786400000
04610482;526600800000
04615423;529023600000
04618187;530233200000
04619137;530838000000
04620616;531442800000
04620602;531442800000
04620749;531442800000
04621873;532047600000
04621872;532047600000
04622731;532652400000
04624038;533257200000
04626036;533862000000
04626037;533862000000
04627667;534466800000
04627666;534466800000
04632415;536281200000
04632464;536281200000
04632465;536281200000
04632202;536281200000
04634189;536886000000
04635695;537490800000
04636007;537490800000
04637665;538095600000
04638891;538700400000
04639046;538700400000
04639045;538700400000
04639044;538700400000
04640330;539305200000
04640377;539305200000
04641850;539910000000
04641878;539910000000
04641890;539910000000
04643696;540514800000
04643484;540514800000
04645269;541119600000
04645268;541119600000
04645267;541119600000
04648853;542329200000
04648487;542329200000
04649978;542934000000
04650257;542934000000
04655469;544744800000
04657057;545349600000
04657309;545349600000
04659148;545954400000
04660893;546559200000
04662482;547164000000
04664252;547768800000
04664290;547768800000
04666169;548373600000
04666215;548373600000
04666216;548373600000
04668122;548978400000
04669787;549583200000
04671575;550188000000
04673064;550792800000
04674356;551397600000
04674757;551397600000
04674759;551397600000
04678239;552607200000
04678197;552607200000
04679861;553212000000
04679860;553212000000
04679862;553212000000
04681647;553816800000
04682820;554421600000
04682821;554421600000
04682640;554421600000
04682393;554421600000
04683930;555026400000
04685743;555631200000
04687218;556236000000
04688823;556840800000
04690462;557445600000
04691934;558050400000
04693520;558655200000
04695099;559260000000
04696520;559868400000
04697628;560473200000
04699431;561078000000
04699432;561078000000
04699433;561078000000
04699434;561078000000
04700763;561682800000
04700813;561682800000
04702528;562287600000
04702526;562287600000
04702527;562287600000
04704058;562892400000
04703977;562892400000
04707034;564102000000
04707035;564102000000
04708398;564706800000
04708397;564706800000
04708399;564706800000
04708400;564706800000
04709967;565311600000
04712838;566521200000
04715460;567730800000
04715660;567730800000
04716993;568335600000
04718732;568940400000
04720149;569545200000
04721342;570150000000
04723818;571359600000
04723870;571359600000
04725100;571964400000
04728154;573174000000
04729606;573778800000
04729604;573778800000
04729605;573778800000
04729455;573778800000
04732428;574988400000
04733707;575589600000
04735460;576194400000
04735459;576194400000
04735038;576194400000
04736988;576799200000
04738490;577404000000
04738338;577404000000
04740038;578008800000
04741578;578613600000
04743070;579218400000
04744606;579823200000
04745993;580428000000
04747438;581032800000
04749235;581637600000
04749234;581637600000
04752079;582847200000
04755005;584056800000
04755006;584056800000
04754791;584056800000
04757868;585266400000
04759638;585871200000
04760891;586476000000
04761040;586476000000
04762374;587080800000
04764153;587685600000
04763957;587685600000
04763920;587685600000
04763392;587685600000
04765688;588290400000
04765646;588290400000
04768838;589500000000
04768839;589500000000
04770220;590104800000
04770011;590104800000
04770432;590104800000
04771901;590709600000
04772074;590709600000
04773889;591318000000
04773711;591318000000
04775190;591922800000
04776640;592527600000
04777887;593132400000
04781419;594342000000
04782876;594946800000
04784440;595551600000
04784441;595551600000
04783880;595551600000
04786115;596156400000
04786114;596156400000
04786113;596156400000
04787679;596761200000
04787681;596761200000
04787680;596761200000
04789206;597366000000
04790605;597970800000
04790552;597970800000
04790362;597970800000
04792191;598575600000
04792080;598575600000
04792020;598575600000
04793658;599180400000
04793659;599180400000
04798418;600994800000
04800939;602204400000
04801178;602204400000
04804233;603414000000
04805941;604018800000
04805747;604018800000
04805681;604018800000
04807939;604623600000
04810040;605228400000
04810039;605228400000
04812094;605833200000
04811991;605833200000
04811992;605833200000
04813507;606438000000
04818030;607644000000
04818031;607644000000
04818032;607644000000
04818033;607644000000
04818034;607644000000
04818041;607644000000
04818029;607644000000
04817765;607644000000
04819991;608248800000
04821824;608853600000
04822109;608853600000
04822108;608853600000
04822111;608853600000
04821388;608853600000
04824177;609458400000
04823900;609458400000
04826252;610063200000
04826253;610063200000
04825524;610063200000
04828328;610668000000
04830400;611272800000
04832651;611877600000
04832413;611877600000
04832414;611877600000
04834464;612482400000
04836261;613087200000
04836260;613087200000
04836615;613087200000
04835829;613087200000
04838616;613692000000
04840599;614296800000
04840399;614296800000
04842338;614901600000
04842339;614901600000
04844492;615506400000
04844551;615506400000
04844552;615506400000
04847971;616716000000
04850411;617320800000
04850410;617320800000
04852948;617925600000
04854357;618530400000
04854646;618530400000
04856849;619135200000
04856619;619135200000
04858297;619740000000
04858998;619740000000
04861538;620344800000
04861113;620344800000
04863207;620949600000
04869556;622767600000
04869633;622767600000
04869084;622767600000
04870736;623372400000
04874206;624582000000
04878527;626396400000
04880281;627001200000
04880280;627001200000
04880279;627001200000
04881842;627606000000
04881783;627606000000
04883324;628210800000
04884851;628815600000
04885834;629420400000
04887835;630025200000
04887917;630025200000
04887685;630025200000
04889394;630630000000
04889205;630630000000
04890889;631234800000
04890701;631234800000
04893877;632444400000
04893713;632444400000
04895887;633049200000
04895414;633049200000
04895415;633049200000
04896922;633654000000
04896921;633654000000
04896740;633654000000
04896899;633654000000
04898429;634258800000
04898403;634258800000
04900097;634863600000
04900096;634863600000
04900095;634863600000
04902074;635468400000
04901826;635468400000
04905605;636678000000
04906052;636678000000
04906053;636678000000
04906050;636678000000
04906051;636678000000
04910053;637887600000
04909523;637887600000
04909576;637887600000
04913979;639093600000
04913610;639093600000
04913500;639093600000
04915436;639698400000
04917440;640303200000
04917441;640303200000
04917442;640303200000
04917394;640303200000
04917162;640303200000
04919566;640908000000
04919489;640908000000
04919491;640908000000
04919490;640908000000
04923252;642117600000
04925248;642722400000
04925249;642722400000
04925250;642722400000
04926952;643327200000
04929032;643932000000
04929031;643932000000
04929030;643932000000
04930844;644536800000
04930843;644536800000
04932724;645141600000
04932451;645141600000
04936634;646351200000
04936598;646351200000
04938540;646956000000
04941408;648165600000
04943071;648770400000
04943101;648770400000
04943122;648770400000
04943121;648770400000
04943139;648770400000
04943171;648770400000
04944370;649375200000
04944563;649375200000
04944562;649375200000
04946228;649980000000
04950035;651189600000
04950036;651189600000
04950102;651189600000
04951962;651794400000
04953272;652399200000
04955099;653004000000
04955669;653004000000
04955670;653004000000
04957328;653608800000
04960159;654822000000
04961611;655426800000
04963115;656031600000
04962968;656031600000
04964287;656636400000
04966419;657241200000
04969692;658450800000
04969693;658450800000
04969245;658450800000
04971498;659055600000
04971495;659055600000
04971397;659055600000
04971396;659055600000
04972010;659055600000
04974909;660265200000
04976498;660870000000
04976497;660870000000
04978175;661474800000
04978174;661474800000
04978176;661474800000
04979262;662079600000
04981329;662684400000
04983430;663289200000
04982998;663289200000
04982990;663289200000
04984851;663894000000
04986608;664498800000
04986607;664498800000
04986606;664498800000
04986605;664498800000
04989920;665708400000
04989657;665708400000
04990000;665708400000
04991909;666313200000
04991698;666313200000
04995679;667522800000
04995673;667522800000
04995674;667522800000
04995675;667522800000
04997235;668127600000
04998780;668732400000
04998448;668732400000
05000518;669337200000
05002163;669942000000
05002342;669942000000
05002407;669942000000
05004030;670543200000
05005912;671148000000
05005913;671148000000
05011231;672962400000
05011232;672962400000
05011233;672962400000
05012575;673567200000
05012849;673567200000
05014392;674172000000
05016944;674776800000
05018566;675381600000
05018794;675381600000
05018795;675381600000
05020621;675986400000
05020861;675986400000
05022333;676591200000
05022672;676591200000
05022710;676591200000
05022712;676591200000
05022711;676591200000
05024297;677196000000
05024488;677196000000
05026122;677800800000
05026106;677800800000
05027508;678405600000
05028058;678405600000
05028093;678405600000
05029885;679010400000
05029945;679010400000
05029946;679010400000
05032029;679615200000
05031967;679615200000
05031966;679615200000
05031965;679615200000
05033522;680220000000
05033564;680220000000
05035190;680824800000
05035273;680824800000
05035314;680824800000
05039172;682034400000
05042882;683244000000
05042881;683244000000
05042880;683244000000
05045261;683848800000
05046579;684453600000
05046785;684453600000
05046784;684453600000
05048185;685058400000
05048367;685058400000
05048646;685058400000
05048848;685058400000
05048897;685058400000
05048898;685058400000
05050935;685663200000
05052758;686271600000
05054859;686876400000
05056630;687481200000
05056872;687481200000
05056871;687481200000
05056870;687481200000
05056974;687481200000
05058958;688086000000
05058959;688086000000
05061014;688690800000
05061013;688690800000
05064249;689900400000
05064250;689900400000
05066071;690505200000
05065510;690505200000
05067776;691110000000
05069462;691714800000
05071196;692319600000
05071197;692319600000
05071684;692319600000
05070810;692319600000
05072536;692924400000
05073217;692924400000
05073315;692924400000
05078326;694738800000
05078453;694738800000
05078454;694738800000
05080444;695343600000
05080443;695343600000
05083597;696553200000
05083842;696553200000
05083841;696553200000
05083803;696553200000
05087062;697762800000
05087103;697762800000
05088662;698367600000
05088798;698367600000
05088799;698367600000
05090777;698972400000
05090776;698972400000
05090778;698972400000
05092192;699577200000
05092661;699577200000
05096263;700786800000
05096265;700786800000
05096264;700786800000
05098168;701391600000
05098272;701391600000
05100161;701992800000
05100205;701992800000
05100206;701992800000
05100247;701992800000
05104197;703202400000
05104198;703202400000
05104199;703202400000
05104202;703202400000
05104200;703202400000
05104201;703202400000
05105308;703202400000
05106109;703807200000
05106113;703807200000
05108156;704412000000
05108157;704412000000
05107914;704412000000
05107968;704412000000
05110190;705016800000
05111549;705621600000
05112112;705621600000
05114166;706226400000
05116106;706831200000
05115746;706831200000
05118125;707436000000
05117885;707436000000
05120113;708040800000
05121973;708645600000
05121972;708645600000
05121809;708645600000
05121808;708645600000
05123711;709250400000
05125443;709855200000
05128085;710460000000
05129672;711064800000
05129709;711064800000
05129710;711064800000
05129711;711064800000
05131726;711669600000
05131727;711669600000
05133591;712274400000
05135289;712879200000
05135288;712879200000
05135330;712879200000
05139314;714088800000
05141291;714693600000
05143391;715298400000
05143426;715298400000
05143427;715298400000
05142936;715298400000
05145277;715903200000
05145197;715903200000
05147112;716508000000
05147479;716508000000
05149116;717112800000
05150949;717721200000
05152584;718326000000
05154490;718930800000
05156443;719535600000
05161860;721350000000
05161861;721350000000
05163320;721954800000
05163739;721954800000
05163740;721954800000
05165762;722559600000
05165708;722559600000
05167440;723164400000
05167439;723164400000
05170713;724374000000
05171068;724374000000
05171067;724374000000
05171074;724374000000
05174634;725583600000
05174633;725583600000
05174680;725583600000
05174839;725583600000
05180266;727398000000
05181767;728002800000
05184874;729212400000
05186269;729817200000
05186676;729817200000
05186521;729817200000
05188389;730422000000
05188429;730422000000
05188428;730422000000
05188430;730422000000
05188278;730422000000
05190355;731026800000
05190354;731026800000
05192117;731631600000
05193884;732236400000
05195561;732841200000
05195807;732841200000
05197786;733442400000
05197785;733442400000
05199536;734047200000
05199727;734047200000
05201378;734652000000
05205614;735861600000
05205617;735861600000
05205615;735861600000
05205616;735861600000
05209050;737071200000
05209550;737071200000
05209623;737071200000
05209701;737071200000
05211213;737676000000
05211448;737676000000
05213176;738280800000
05215324;738885600000
05215356;738885600000
05217322;739490400000
05219441;740095200000
05220869;740700000000
05223058;741304800000
05222786;741304800000
05222785;741304800000
05225010;741909600000
05224961;741909600000
05226673;742514400000
05226690;742514400000
05226691;742514400000
05228756;743119200000
05228755;743119200000
05228754;743119200000
05232069;744328800000
05232233;744328800000
05232270;744328800000
05233725;744933600000
05234260;744933600000
05234259;744933600000
05236028;745538400000
05236248;745538400000
05236249;745538400000
05237505;745538400000
05238297;746143200000
05240055;746748000000
05242214;747352800000
05242000;747352800000
05246082;748562400000
05246275;748562400000
05246238;748562400000
05248013;749170800000
05248019;749170800000
05249846;749775600000
05249847;749775600000
05249845;749775600000
05249879;749775600000
05251965;750380400000
05254187;750985200000
05253688;750985200000
05253928;750985200000
05253849;750985200000
05255874;751590000000
05257455;752194800000
05257855;752194800000
05259430;752799600000
05259632;752799600000
05263770;754009200000
05267888;755218800000
05269593;755823600000
05271633;756428400000
05271665;756428400000
05271664;756428400000
05271663;756428400000
05273345;757033200000
05275472;757638000000
05275473;757638000000
05275471;757638000000
05277450;758242800000
05277480;758242800000
05277479;758242800000
05277478;758242800000
05281911;759452400000
05281003;759452400000
05281005;759452400000
05281004;759452400000
05282673;760057200000
05282503;760057200000
05284096;760662000000
05284383;760662000000
05284386;760662000000
05286093;761266800000
05286092;761266800000
05287768;761871600000
05290094;762476400000
05291130;762476400000
05292182;763081200000
05291763;763081200000
05294187;763686000000
05294188;763686000000
05294189;763686000000
05295304;764290800000
05297854;764892000000
05297855;764892000000
05301778;766101600000
05303800;766706400000
05303992;766706400000
05303985;766706400000
05303940;766706400000
05303463;766706400000
05308152;767916000000
05309967;768520800000
05310250;768520800000
05312166;769125600000
05312165;769125600000
05312164;769125600000
05312844;769125600000
05314241;769730400000
05313996;769730400000
05316376;770335200000
05316377;770335200000
05318353;770940000000
05320418;771544800000
05320417;771544800000
05320420;771544800000
05324100;772754400000
05324099;772754400000
05324073;772754400000
05323867;772754400000
05326157;773359200000
05326128;773359200000
05325932;773359200000
05328252;773964000000
05332294;775173600000
05332295;775173600000
05333939;775778400000
05335706;776383200000
05337587;776988000000
05339660;777592800000
05340206;777592800000
05340201;777592800000
05344219;778802400000
05346288;779407200000
05345676;779407200000
05348379;780012000000
05350221;780620400000
05350220;780620400000
05352026;781225200000
05354391;781830000000
05355807;782434800000
05356209;782434800000
05358355;783039600000
05358313;783039600000
05358314;783039600000
05360045;783644400000
05360261;783644400000
05361493;784249200000
05361454;784249200000
05362173;784249200000
05362134;784249200000
05362075;784249200000
05364172;784854000000
05365786;785458800000
05366278;785458800000
05366279;785458800000
05367909;786063600000
05368371;786063600000
05368370;786063600000
05372406;787273200000
05372407;787273200000
05374072;787878000000
05375542;788482800000
05377735;789087600000
05379866;789692400000
05380103;789692400000
05380071;789692400000
05380070;789692400000
05380075;789692400000
05383715;790902000000
05383716;790902000000
05383539;790902000000
05383538;790902000000
05385356;791506800000
05386894;792111600000
05388528;792716400000
05388623;792716400000
05388330;792716400000
05390985;793321200000
05390769;793321200000
05390941;793321200000
05390947;793321200000
05393078;793926000000
05393134;793926000000
05393128;793926000000
05392872;793926000000
05397139;795135600000
05398625;795740400000
05398999;795740400000
05401080;796341600000
05401079;796341600000
05401037;796341600000
05402865;796946400000
05407255;798156000000
05407218;798156000000
05409255;798760800000
05409048;798760800000
05408854;798760800000
05411320;799365600000
05411286;799365600000
05411287;799365600000
05415463;800575200000
05415464;800575200000
05417476;801180000000
05419619;801784800000
05421642;802389600000
05423599;802994400000
05423195;802994400000
05427398;804204000000
05429421;804808800000
05429423;804808800000
05429422;804808800000
05431485;805413600000
05431486;805413600000
05433511;806018400000
05433306;806018400000
05435629;806623200000
05435632;806623200000
05435633;806623200000
05435630;806623200000
05435631;806623200000
05437352;807228000000
05441334;808437600000
05441286;808437600000
05443277;809042400000
05443582;809042400000
05445439;809647200000
05447362;810252000000
05450337;810856800000
05451097;811461600000
05451001;811461600000
05452381;811461600000
05452944;812070000000
05452945;812070000000
05454583;812674800000
05454628;812674800000
05454627;812674800000
05456477;813279600000
05458401;813884400000
05458223;813884400000
05457886;813884400000
05460017;814489200000
05460433;814489200000
05460254;814489200000
05464276;815698800000
05464277;815698800000
05464243;815698800000
05466050;816303600000
05466051;816303600000
05466049;816303600000
05465985;816303600000
05468055;816908400000
05470086;817513200000
05470133;817513200000
05475572;818722800000
05476275;819327600000
05476272;819327600000
05478141;819932400000
05478140;819932400000
05479868;820537200000
05482358;821142000000
05482305;821142000000
05483907;821746800000
05484192;821746800000
05485898;822351600000
05486053;822351600000
05487592;822956400000
05489147;823561200000
05489113;823561200000
05490342;824166000000
05490720;824166000000
05490719;824166000000
05492391;824770800000
05492390;824770800000
05492393;824770800000
05492392;824770800000
05492353;824770800000
05492436;824770800000
05492211;824770800000
05494341;825375600000
05494340;825375600000
05494335;825375600000
05494338;825375600000
05494339;825375600000
05494336;825375600000
05494337;825375600000
05494390;825375600000
05495809;825980400000
05499864;827190000000
05499832;827190000000
05499834;827190000000
05501510;827794800000
05503464;828396000000
05503466;828396000000
05503465;828396000000
05505525;829000800000
05507566;829605600000
05507370;829605600000
05507333;829605600000
05509726;830210400000
05509725;830210400000
05511894;830815200000
05511857;830815200000
05513861;831420000000
05515957;832024800000
05518302;832629600000
05518265;832629600000
05518096;832629600000
05520407;833234400000
05520445;833234400000
05524972;834444000000
05527050;835048800000
05527101;835048800000
05527100;835048800000
05526661;835048800000
05529323;835653600000
05529386;835653600000
05529385;835653600000
05528891;835653600000
05531511;836258400000
05531510;836258400000
05531508;836258400000
05531024;836258400000
05533794;836863200000
05533793;836863200000
05536098;837468000000
05536033;837468000000
05536075;837468000000
05536074;837468000000
05538114;838072800000
05538059;838072800000
05538330;838072800000
05538329;838072800000
05540485;838677600000
05542753;839282400000
05542752;839282400000
05542751;839282400000
05542750;839282400000
05544945;839887200000
05547308;840492000000
05549331;841096800000
05549315;841096800000
05549360;841096800000
05548896;841096800000
05552759;841701600000
05551762;841701600000
05551761;841701600000
05551763;841701600000
05551530;841701600000
05551349;841701600000
05553878;842306400000
05553927;842306400000
05558407;843516000000
05558406;843516000000
05560629;844120800000
05560619;844120800000
05560687;844120800000
05560686;844120800000
05560685;844120800000
05564790;845330400000
05564791;845330400000
05564792;845330400000
05564793;845330400000
05566969;845935200000
05568030;845935200000
05567019;845935200000
05567020;845935200000
05568830;846543600000
05570764;847148400000
05573310;847753200000
05573311;847753200000
05573309;847753200000
05573606;847753200000
05575540;848358000000
05575539;848358000000
05578154;848962800000
05577810;848962800000
05577809;848962800000
05580074;849567600000
05580093;849567600000
05580092;849567600000
05584628;850777200000
05584537;850777200000
05584359;850777200000
05584949;850777200000
05586632;851382000000
05588715;851986800000
05591386;852591600000
05590743;852591600000
05590890;852591600000
05590992;852591600000
05590935;852591600000
05595392;853801200000
05595423;853801200000
05595422;853801200000
05597213;854406000000
05597056;854406000000
05599409;855010800000
05598605;855010800000
05601342;855615600000
05601343;855615600000
05601299;855615600000
05603554;856220400000
05603555;856220400000
05603553;856220400000
05603517;856220400000
05611292;858639600000
05613739;859244400000
05620235;861055200000
05622412;861660000000
05626401;862869600000
05630891;864079200000
05630652;864079200000
05630654;864079200000
05630653;864079200000
05632364;864684000000
05632529;864684000000
05632528;864684000000
05632829;864684000000
05634694;865288800000
05634271;865288800000
05636905;865893600000
05636906;865893600000
05639147;866498400000
05639146;866498400000
05638591;866498400000
05641208;867103200000
05641365;867103200000
05642796;867708000000
05645324;868312800000
05647126;868917600000
05647828;868917600000
05647642;868917600000
05647643;868917600000
05649716;869522400000
05652677;870127200000
05651588;870127200000
05651589;870127200000
05651590;870127200000
05651591;870127200000
05653512;870732000000
05653511;870732000000
05653510;870732000000
05655784;871336800000
05655785;871336800000
05658054;871941600000
05658053;871941600000
05659989;872546400000
05660447;872546400000
05664846;873756000000
05664845;873756000000
05664847;873756000000
05664329;873756000000
05667281;874360800000
05667280;874360800000
05667326;874360800000
05667235;874360800000
05669619;874965600000
05669672;874965600000
05671932;875570400000
05673482;876175200000
05673976;876175200000
05673925;876175200000
05676430;876780000000
05676428;876780000000
05676429;876780000000
05676352;876780000000
05676227;876780000000
05685616;879202800000
05689882;880412400000
05690395;880412400000
05690375;880412400000
05692809;881017200000
05692811;881017200000
05692810;881017200000
05695212;881622000000
05695257;881622000000
05697677;882226800000
05700062;882831600000
05702162;883436400000
05704692;884041200000
05707114;884646000000
05707113;884646000000
05707069;884646000000
05711581;885855600000
05711393;885855600000
05716060;887065200000
05716105;887065200000
05716107;887065200000
05716106;887065200000
05718438;887670000000
05718485;887670000000
05718484;887670000000
05718499;887670000000
05720529;888274800000
05720530;888274800000
05722735;888879600000
05722734;888879600000
05725285;889484400000
05725284;889484400000
05727850;890089200000
05727660;890089200000
05733016;891295200000
05733015;891295200000
05734142;891295200000
05741019;893109600000
05752794;895528800000
05752746;895528800000
05752745;895528800000
05755008;896133600000
05757084;896133600000
05759276;896738400000
05759647;896738400000
05758887;896738400000
05762405;897343200000
05765928;897948000000
05769584;898552800000
05769507;898552800000
05769432;898552800000
05772286;899157600000
05772285;899157600000
05772288;899157600000
05772287;899157600000
05772223;899157600000
05772801;899157600000
05775458;899762400000
05779323;900367200000
05782540;900972000000
05785395;901576800000
05785389;901576800000
05785390;901576800000
05785391;901576800000
05785351;901576800000
05785332;901576800000
05788334;902181600000
05788335;902181600000
05788254;902181600000
05791743;902786400000
05791742;902786400000
05791741;902786400000
05791672;902786400000
05794340;903391200000
05794713;903391200000
05795034;903391200000
05795036;903391200000
05795035;903391200000
05795037;903391200000
05795097;903391200000
05797660;903996000000
05797661;903996000000
05797659;903996000000
05797658;903996000000
05800022;904600800000
05800024;904600800000
05800023;904600800000
05803552;905205600000
05803553;905205600000
05806878;905810400000
05806936;905810400000
05806935;905810400000
05810377;906415200000
05810453;906415200000
05810452;906415200000
05810451;906415200000
05810450;906415200000
05813687;907020000000
05813678;907020000000
05813258;907020000000
05816595;907624800000
05820203;908229600000
05820224;908229600000
05820225;908229600000
05823293;908834400000
05823555;908834400000
05823544;908834400000
05823634;908834400000
05823635;908834400000
05826948;909442800000
05826949;909442800000
05826684;909442800000
05829137;910047600000
05829757;910047600000
05829843;910047600000
05829844;910047600000
05833324;910652400000
05832609;910652400000
05836591;911257200000
05839814;911862000000
05839796;911862000000
05839795;911862000000
05842750;912466800000
05842749;912466800000
05845973;913071600000
05845972;913071600000
05851056;914281200000
05853225;914886000000
05853226;914886000000
05853227;914886000000
05853228;914886000000
05855416;915490800000
05860707;916700400000
05860708;916700400000
05863166;917305200000
05863103;917305200000
05865277;917910000000
05865560;917910000000
05868036;918514800000
05871286;919119600000
05871262;919119600000
05873637;919724400000
05873636;919724400000
05873640;919724400000
05873600;919724400000
05873145;919724400000
05876080;920329200000
05876099;920329200000
05875519;920329200000
05875550;920329200000
05879059;920934000000
05879013;920934000000
05882026;921538800000
05882087;921538800000
05882088;921538800000
05881835;921538800000
05884923;922143600000
05884983;922143600000
05884982;922143600000
05884981;922143600000
05884980;922143600000
05887952;922744800000
05890773;923349600000
05890567;923349600000
05891115;923349600000
05893569;923954400000
05893614;923954400000
05895166;924559200000
05897172;925164000000
05897171;925164000000
05897170;925164000000
05899536;925768800000
05899537;925768800000
05899538;925768800000
05899539;925768800000
05899253;925768800000
05899474;925768800000
05898997;925768800000
05902017;926373600000
05902018;926373600000
05901970;926373600000
05906418;927583200000
05906419;927583200000
05908519;928188000000
05909931;928792800000
05915274;930002400000
05915703;930607200000
05915796;930607200000
05918707;931212000000
05918947;931212000000
05918946;931212000000
05922151;931816800000
05921634;931816800000
05921635;931816800000
05921633;931816800000
05924705;932421600000
05927820;933026400000
05931269;933631200000
05931477;933631200000
05931543;933631200000
05931544;933631200000
05934763;934236000000
05938294;934840800000
05938293;934840800000
05938292;934840800000
05938291;934840800000
05941606;935445600000
05941607;935445600000
05941105;935445600000
05942068;935445600000
05944390;936050400000
05947613;936655200000
05947795;936655200000
05947565;936655200000
05951114;937260000000
05950784;937260000000
05954405;937864800000
05957494;938469600000
05957544;938469600000
05957543;938469600000
05957542;938469600000
05957541;938469600000
05959205;938469600000
05961132;939074400000
05961186;939074400000
05964469;939679200000
05964008;939679200000
05967619;940284000000
05967618;940284000000
05967212;940284000000
05967242;940284000000
05967552;940284000000
05971497;940888800000
05971496;940888800000
05971495;940888800000
05975646;941497200000
05975647;941497200000
05975645;941497200000
05979920;942102000000
05979992;942102000000
05979993;942102000000
05979994;942102000000
05985072;942706800000
05984422;942706800000
05984423;942706800000
05984421;942706800000
05990258;943311600000
05988761;943311600000
05988762;943311600000
05988763;943311600000
05988764;943311600000
05988656;943311600000
05988324;943311600000
05992943;943916400000
05992942;943916400000
05992913;943916400000
05997104;944521200000
05997103;944521200000
05997102;944521200000
05997105;944521200000
06000762;945126000000
06000763;945126000000
06000484;945126000000
06003888;945730800000
06003956;945730800000
06003955;945730800000
06003954;945730800000
06004064;945730800000
06007158;946335600000
06010197;946940400000
06010196;946940400000
06012986;947545200000
06017096;948754800000
06017097;948754800000
06019378;949359600000
06019435;949359600000
06019149;949359600000
06022081;949964400000
06022083;949964400000
06022082;949964400000
06022275;949964400000
06024413;950569200000
06024414;950569200000
06024417;950569200000
06024418;950569200000
06024415;950569200000
06024416;950569200000
06027176;951174000000
06026877;951174000000
06029986;951778800000
06030049;951778800000
06030052;951778800000
06030050;951778800000
06030051;951778800000
06033612;952383600000
06033119;952383600000
06033032;952383600000
06033033;952383600000
06032768;952383600000
06036280;952988400000
06036281;952988400000
06036279;952988400000
06036278;952988400000
06036419;952988400000
06036371;952988400000
06035913;952988400000
06039406;953593200000
06039407;953593200000
06039405;953593200000
06039408;953593200000
06042195;954194400000
06042194;954194400000
06042193;954194400000
06042192;954194400000
06044968;954799200000
06045196;954799200000
06045195;954799200000
06048035;955404000000
06048036;955404000000
06048037;955404000000
06050648;956008800000
06052901;956613600000
06056369;957218400000
06059378;957823200000
06059377;957823200000
06059376;957823200000
06059375;957823200000
06059374;957823200000
06059300;957823200000
06062651;958428000000
06065813;959032800000
06065812;959032800000
06068343;959637600000
06068344;959637600000
06068349;959637600000
06068345;959637600000
06068346;959637600000
06068347;959637600000
06068348;959637600000
06068350;959637600000
06070948;960242400000
06070947;960242400000
06070946;960242400000
06074014;960847200000
06074015;960847200000
06074016;960847200000
06073347;960847200000
06076896;961452000000
06076288;961452000000
06079789;962056800000
06081419;962056800000
06082829;962661600000
06082746;962661600000
06086162;963266400000
06086161;963266400000
06085815;963266400000
06089671;963871200000
06089673;963871200000
06089672;963871200000
06089675;963871200000
06089674;963871200000
06090194;963871200000
06092968;964476000000
06095717;965080800000
06095617;965080800000
06095543;965080800000
06095535;965080800000
06095291;965080800000
06099084;965685600000
06099083;965685600000
06099082;965685600000
06099167;965685600000
06102487;966290400000
06102488;966290400000
06102489;966290400000
06102168;966290400000
06102091;966290400000
06105981;966895200000
06105645;966895200000
06106074;966895200000
06106075;966895200000
06106076;966895200000
06106077;966895200000
06109635;967500000000
06109701;967500000000
06109796;967500000000
06109411;967500000000
06113196;968104800000
06113112;968104800000
06116700;968709600000
06116701;968709600000
06119746;969314400000
06120105;969314400000
06120104;969314400000
06120106;969314400000
06120103;969314400000
06122996;969919200000
06126242;970524000000
06126243;970524000000
06129797;971128800000
06128952;971128800000
06132006;971733600000
06132007;971733600000
06132008;971733600000
06131923;971733600000
06135569;972338400000
06135568;972338400000
06135570;972338400000
06135571;972338400000
06139040;972946800000
06139116;972946800000
06139115;972946800000
06139114;972946800000
06139113;972946800000
06138730;972946800000
06142490;973551600000
06142579;973551600000
06142578;973551600000
06143097;973551600000
06145936;974156400000
06145937;974156400000
06145938;974156400000
06145632;974156400000
06149245;974761200000
06149244;974761200000
06148945;974761200000
06148941;974761200000
06148968;974761200000
06152825;975366000000
06152540;975366000000
06152541;975366000000
06152537;975366000000
06152538;975366000000
06152539;975366000000
06155650;975970800000
06155651;975970800000
06158820;976575600000
06158819;976575600000
06164678;977785200000
06164729;977785200000
06168242;978390000000
06168243;978390000000
06167994;978390000000
06170918;978994800000
06170919;978994800000
06170920;978994800000
06170544;978994800000
06170628;978994800000
06174984;979599600000
06173975;979599600000
06176554;980204400000
06176553;980204400000
06179387;980809200000
06179388;980809200000
06183047;981414000000
06186598;982018800000
06188215;982018800000
06190102;982623600000
06189978;982623600000
06189979;982623600000
06189977;982623600000
06193321;983228400000
06193320;983228400000
06193323;983228400000
06193322;983228400000
06193325;983228400000
06193324;983228400000
06196637;983833200000
06196638;983833200000
06196639;983833200000
06196727;983833200000
06196563;983833200000
06199662;984438000000
06200411;984438000000
06203114;985042800000
06202960;985042800000
06202458;985042800000
06206479;985644000000
06206125;985644000000
06205664;985644000000
06209697;986248800000
06209204;986248800000
06213563;986853600000
06213562;986853600000
06213561;986853600000
06217220;987458400000
06217125;987458400000
06216758;987458400000
06216832;987458400000
06220674;988063200000
06224167;988668000000
06224165;988668000000
06224166;988668000000
06227622;989272800000
06227624;989272800000
06227623;989272800000
06231127;989877600000
06231128;989877600000
06231129;989877600000
06231130;989877600000
06230848;989877600000
06234582;990482400000
06234580;990482400000
06234581;990482400000
06237953;991087200000
06237960;991087200000
06237662;991087200000
06238005;991087200000
06238006;991087200000
06238007;991087200000
06238008;991087200000
06238009;991087200000
06241322;991692000000
06241321;991692000000
06244666;992296800000
06244667;992296800000
06244668;992296800000
06244669;992296800000
06247761;992901600000
06247760;992901600000
06247562;992901600000
06249722;992901600000
06249954;993506400000
06250814;993506400000
06250722;993506400000
06250721;993506400000
06250431;993506400000
06254195;994111200000
06254196;994111200000
06254193;994111200000
06254194;994111200000
06253891;994111200000
06257679;994716000000
06257678;994716000000
06257677;994716000000
06257676;994716000000
06257675;994716000000
06257674;994716000000
06260930;995320800000
06260931;995320800000
06260929;995320800000
06260681;995320800000
06260595;995320800000
06264230;995925600000
06264285;995925600000
06264283;995925600000
06267453;996530400000
06267452;996530400000
06267451;996530400000
06267450;996530400000
06267394;996530400000
06270167;997135200000
06273520;997740000000
06273516;997740000000
06273517;997740000000
06273515;997740000000
06273518;997740000000
06273519;997740000000
06273658;997740000000
06276759;998344800000
06276760;998344800000
06279630;998949600000
06279695;998949600000
06280096;998949600000
06280001;998949600000
06283556;999554400000
06283557;999554400000
06286909;1000159200000
06286906;1000159200000
06286908;1000159200000
06286907;1000159200000
06286910;1000159200000
06286572;1000159200000
06290304;1000764000000
06293565;1001368800000
06293631;1001368800000
06293630;1001368800000
06293629;1001368800000
06296322;1001973600000
06296321;1001973600000
06296320;1001973600000
06296319;1001973600000
06299258;1002578400000
06299259;1002578400000
06299264;1002578400000
06302493;1003183200000
06302494;1003183200000
06305755;1003788000000
06309110;1004396400000
06309027;1004396400000
06309026;1004396400000
06309025;1004396400000
06309028;1004396400000
06312059;1005001200000
06312058;1005001200000
06315367;1005606000000
06315366;1005606000000
06315368;1005606000000
06315109;1005606000000
06315091;1005606000000
06318809;1006210800000
06318810;1006210800000
06318533;1006210800000
06322153;1006815600000
06322154;1006815600000
06322155;1006815600000
06322156;1006815600000
06322157;1006815600000
06322158;1006815600000
06321859;1006815600000
06325461;1007420400000
06325463;1007420400000
06325462;1007420400000
06328320;1008025200000
06331771;1008630000000
06331036;1008630000000
06330937;1008630000000
06332653;1009234800000
06336685;1010444400000
06336515;1010444400000
06339323;1011049200000
06340210;1011654000000
06340065;1011654000000
06341825;1012258800000
06343843;1012863600000
06343428;1012863600000
06345868;1013468400000
06346159;1013468400000
06346061;1013468400000
06347839;1014073200000
06349994;1014678000000
06352314;1015282800000
06354670;1015887600000
06354667;1015887600000
06354669;1015887600000
06354668;1015887600000
06357925;1016492400000
06357765;1016492400000
06357833;1016492400000
06357834;1016492400000
06357557;1016492400000
06357500;1016492400000
06357562;1016492400000
06361121;1017097200000
06360800;1017097200000
06364422;1017698400000
06364421;1017698400000
06364424;1017698400000
06364423;1017698400000
06364426;1017698400000
06364425;1017698400000
06364073;1017698400000
06364078;1017698400000
06367884;1018303200000
06367885;1018303200000
06367883;1018303200000
06371571;1018908000000
06371570;1018908000000
06371569;1018908000000
06375274;1019512800000
06375273;1019512800000
06374493;1019512800000
06378953;1020117600000
06378955;1020117600000
06378954;1020117600000
06382734;1020722400000
06382735;1020722400000
06382736;1020722400000
06382381;1020722400000
06386643;1021327200000
06386644;1021327200000
06386642;1021327200000
06386252;1021327200000
06390564;1021932000000
06390563;1021932000000
06394556;1022536800000
06394203;1022536800000
06398313;1023141600000
06398312;1023141600000
06398311;1023141600000
06398236;1023141600000
06398232;1023141600000
06402384;1023746400000
06402253;1023746400000
06402254;1023746400000
06402255;1023746400000
06402256;1023746400000
06402257;1023746400000
06402258;1023746400000
06401895;1023746400000
06406101;1024351200000
06406100;1024351200000
06406038;1024351200000
06406043;1024351200000
06409280;1024956000000
06409284;1024956000000
06409283;1024956000000
06409282;1024956000000
06409281;1024956000000
06409277;1024956000000
06409279;1024956000000
06409278;1024956000000
06412803;1025560800000
06412878;1025560800000
06412879;1025560800000
06412525;1025560800000
06413626;1025560800000
06416135;1026165600000
06416136;1026165600000
06419327;1026770400000
06419325;1026770400000
06419326;1026770400000
06422758;1027375200000
06422656;1027375200000
06422655;1027375200000
06422657;1027375200000
06422369;1027375200000
06425639;1027980000000
06425641;1027980000000
06425642;1027980000000
06425640;1027980000000
06428113;1028584800000
06428112;1028584800000
06428116;1028584800000
06428115;1028584800000
06428114;1028584800000
06431664;1029189600000
06431659;1029189600000
06431657;1029189600000
06431658;1029189600000
06435621;1029794400000
06435622;1029794400000
06439671;1030399200000
06439672;1030399200000
06439670;1030399200000
06443533;1031004000000
06443530;1031004000000
06443532;1031004000000
06443531;1031004000000
06443529;1031004000000
06443528;1031004000000
06443463;1031004000000
06443466;1031004000000
06447073;1031608800000
06447072;1031608800000
06447071;1031608800000
06450582;1032213600000
06450583;1032213600000
06450584;1032213600000
06450585;1032213600000
06450225;1032213600000
06450226;1032213600000
06454361;1032818400000
06454362;1032818400000
06454363;1032818400000
06454062;1032818400000
06456477;1032818400000
06457780;1033423200000
06457781;1033423200000
06457501;1033423200000
06460938;1034028000000
06460939;1034028000000
06464399;1034632800000
06464305;1034632800000
06464303;1034632800000
06464304;1034632800000
06464302;1034632800000
06467853;1035237600000
06467852;1035237600000
06467519;1035237600000
06471221;1035846000000
06470936;1035846000000
06471303;1035846000000
06471302;1035846000000
06471301;1035846000000
06474746;1036450800000
06474432;1036450800000
06474385;1036450800000
06473967;1036450800000
06478521;1037055600000
06478387;1037055600000
06482140;1037660400000
06481804;1037660400000
06485188;1038265200000
06485108;1038265200000
06485109;1038265200000
06485106;1038265200000
06485107;1038265200000
06485110;1038265200000
06485044;1038265200000
06487886;1038870000000
06488341;1038870000000
06488342;1038870000000
06488289;1038870000000
06491351;1039474800000
06491350;1039474800000
06491127;1039474800000
06494543;1040079600000
06494544;1040079600000
06497459;1040684400000
06497460;1040684400000
06497314;1040684400000
06497042;1040684400000
06499810;1041289200000
06499591;1041289200000
06502906;1041894000000
06502308;1041894000000
06508517;1043103600000
06508518;1043103600000
06511133;1043708400000
06511132;1043708400000
06517168;1044918000000
06517169;1044918000000
06517166;1044918000000
06517167;1044918000000
06517165;1044918000000
06520594;1045522800000
06520595;1045522800000
06520596;1045522800000
06520597;1045522800000
06520598;1045522800000
06523659;1046127600000
06523660;1046127600000
06523841;1046127600000
06523909;1046127600000
06523910;1046127600000
06524011;1046127600000
06527073;1046732400000
06527346;1046732400000
06527347;1046732400000
06530624;1047337200000
06533009;1047942000000
06533362;1047942000000
06533363;1047942000000
06533364;1047942000000
06536111;1048546800000
06536550;1048546800000
06536849;1048546800000
06536848;1048546800000
06540306;1049148000000
06543559;1049752800000
06543857;1049752800000
06543858;1049752800000
06547340;1050357600000
06547341;1050357600000
06547338;1050357600000
06547339;1050357600000
06546892;1050357600000
06550510;1050962400000
06550798;1050962400000
06550869;1050962400000
06550868;1050962400000
06553666;1051567200000
06553831;1051567200000
06554036;1051567200000
06554371;1051567200000
06554370;1051567200000
06557684;1052172000000
06557875;1052172000000
06557946;1052172000000
06557947;1052172000000
06561591;1052776800000
06561593;1052776800000
06561592;1052776800000
06561594;1052776800000
06564912;1053381600000
06565159;1053381600000
06565158;1053381600000
06568765;1053986400000
06568764;1053986400000
06568767;1053986400000
06568766;1053986400000
06572198;1054591200000
06572199;1054591200000
06574865;1055196000000
06575536;1055196000000
06575535;1055196000000
06575538;1055196000000
06575537;1055196000000
06575539;1055196000000
06578678;1055800800000
06578931;1055800800000
06578930;1055800800000
06581444;1056405600000
06582029;1056405600000
06585331;1057010400000
06585330;1057010400000
06585329;1057010400000
06588474;1057615200000
06588861;1057615200000
06588853;1057615200000
06588852;1057615200000
06589125;1057615200000
06591956;1058220000000
06592188;1058220000000
06592189;1058220000000
06595596;1058824800000
06595595;1058824800000
06595597;1058824800000
06596370;1058824800000
06598296;1059429600000
06598640;1059429600000
06598940;1059429600000
06598942;1059429600000
06598941;1059429600000
06598939;1059429600000
06604589;1060639200000
06604794;1060639200000
06605884;1060639200000
06607250;1061244000000
06609765;1061848800000
06609764;1061848800000
06609763;1061848800000
06609719;1061848800000
06612658;1062453600000
06612656;1062453600000
06612657;1062453600000
06616157;1063058400000
06619758;1063663200000
06619852;1063663200000
06619823;1063663200000
06623086;1064268000000
06626501;1064872800000
06626502;1064872800000
06626503;1064872800000
06629736;1065477600000
06629735;1065477600000
06634665;1066687200000
06634720;1066687200000
06637835;1067295600000
06637834;1067295600000
06637833;1067295600000
06637832;1067295600000
06637831;1067295600000
06637830;1067295600000
06637829;1067295600000
06637828;1067295600000
06637827;1067295600000
06637943;1067295600000
06641224;1067900400000
06641227;1067900400000
06641228;1067900400000
06641225;1067900400000
06641226;1067900400000
06641229;1067900400000
06644757;1068505200000
06644756;1068505200000
06648421;1069110000000
06652036;1069714800000
06652037;1069714800000
06655061;1070319600000
06655747;1070319600000
06655748;1070319600000
06659480;1070924400000
06659567;1070924400000
06663190;1071529200000
06663189;1071529200000
06663188;1071529200000
06663187;1071529200000
06666303;1072134000000
06666525;1072134000000
06666526;1072134000000
06669306;1072738800000
06669305;1072738800000
06669374;1072738800000
06672679;1073343600000
06672678;1073343600000
06672677;1073343600000
06672676;1073343600000
06672770;1073343600000
06672681;1073343600000
06672680;1073343600000
06674620;1073343600000
06675850;1073948400000
06676298;1073948400000
06676227;1073948400000
06676228;1073948400000
06676225;1073948400000
06676226;1073948400000
06676223;1073948400000
06676224;1073948400000
06679560;1074553200000
06679561;1074553200000
06679562;1074553200000
06679563;1074553200000
06679634;1074553200000
06682151;1075158000000
06682150;1075158000000
06682152;1075158000000
06685276;1075762800000
06685275;1075762800000
06688355;1076367600000
06688619;1076367600000
06688636;1076367600000
06688703;1076367600000
06688704;1076367600000
06692084;1076972400000
06692086;1076972400000
06692085;1076972400000
06698557;1078182000000
06698776;1078182000000
06698845;1078182000000
06698846;1078182000000
06701763;1078786800000
06702399;1078786800000
06702350;1078786800000
06702398;1078786800000
06702397;1078786800000
06702396;1078786800000
06702395;1078786800000
06708994;1079996400000
06709066;1079996400000
06712432;1080597600000
06712371;1080597600000
06715845;1081202400000
06715843;1081202400000
06715844;1081202400000
06715842;1081202400000
06715776;1081202400000
06715975;1081202400000
06718634;1081807200000
06719028;1081807200000
06719374;1081807200000
06719375;1081807200000
06722478;1082412000000
06722680;1082412000000
06722744;1082412000000
06722743;1082412000000
06726291;1083016800000
06726290;1083016800000
06726292;1083016800000
06726289;1083016800000
06729695;1083621600000
06729694;1083621600000
06733088;1084226400000
06736007;1084831200000
06736464;1084831200000
06736463;1084831200000
06736462;1084831200000
06739674;1085436000000
06742613;1086040800000
06742849;1086040800000
06749209;1087250400000
06752187;1087855200000
06752471;1087855200000
06752469;1087855200000
06752470;1087855200000
06754957;1088460000000
06755484;1088460000000
06755483;1088460000000
06758532;1089064800000
06758533;1089064800000
06758534;1089064800000
06758535;1089064800000
06758531;1089064800000
06761486;1089669600000
06761417;1089669600000
06763865;1090274400000
06767070;1090879200000
06767071;1090879200000
06767069;1090879200000
06769743;1091484000000
06773077;1092088800000
06773165;1092088800000
06776458;1092693600000
06776459;1092693600000
06776460;1092693600000
06779853;1093298400000
06779852;1093298400000
06783190;1093903200000
06783191;1093903200000
06783192;1093903200000
06783188;1093903200000
06783189;1093903200000
06783143;1093903200000
06785962;1094508000000
06786559;1094508000000
06789445;1095112800000
06789854;1095112800000
06793294;1095717600000
06793293;1095717600000
06796345;1096322400000
06796406;1096322400000
06796617;1096322400000
06796618;1096322400000
06799811;1096927200000
06799810;1096927200000
06800033;1096927200000
06802570;1097532000000
06802569;1097532000000
06805413;1098136800000
06808050;1098741600000
06808186;1098741600000
06811003;1099350000000
06811228;1099350000000
06817679;1100559600000
06817680;1100559600000
06820475;1101164400000
06820669;1101164400000
06820668;1101164400000
06820943;1101164400000
06820942;1101164400000
06821208;1101164400000
06826817;1102374000000
06829825;1102978800000
06831321;1102978800000
06837549;1104793200000
06843536;1106002800000
06846046;1106607600000
06846047;1106607600000
06848526;1107212400000
06848752;1107212400000
06848751;1107212400000
06848750;1107212400000
06851759;1107817200000
06851817;1107817200000
06854569;1108422000000
06854812;1108422000000
06857786;1109026800000
06857709;1109026800000
06857707;1109026800000
06857708;1109026800000
06857835;1109026800000
06860346;1109631600000
06860568;1109631600000
06862808;1110236400000
06863353;1110236400000
06863357;1110236400000
06866345;1110841200000
06866344;1110841200000
06868880;1111446000000
06869149;1111446000000
06869151;1111446000000
06869150;1111446000000
06871914;1112047200000
06871915;1112047200000
06872425;1112047200000
06876311;1112652000000
06874856;1112652000000
06874794;1112652000000
06874941;1112652000000
06877820;1113256800000
06877819;1113256800000
06880247;1113861600000
06880682;1113861600000
06880597;1113861600000
06880897;1113861600000
06880898;1113861600000
06883569;1114466400000
06886616;1115071200000
06886893;1115071200000
06886894;1115071200000
06886891;1115071200000
06886892;1115071200000
06886987;1115071200000
06889543;1115676000000
06889549;1115676000000
06889989;1115676000000
06889802;1115676000000
06890040;1115676000000
06890038;1115676000000
06890039;1115676000000
06892778;1116280800000
06892841;1116280800000
06896334;1116885600000
06896335;1116885600000
06896336;1116885600000
06899402;1117490400000
06899400;1117490400000
06899401;1117490400000
06902240;1118095200000
06903920;1118095200000
06905177;1118700000000
06910743;1119909600000
06910742;1119909600000
06913050;1120514400000
06913324;1120514400000
06913323;1120514400000
06913322;1120514400000
06915880;1121119200000
06916072;1121119200000
06916073;1121119200000
06918182;1121724000000
06918467;1121724000000
06918637;1121724000000
06921094;1122328800000
06921138;1122328800000
06921137;1122328800000
06923230;1122933600000
06926371;1123538400000
06926370;1123538400000
06926369;1123538400000
06926297;1123538400000
06928737;1124143200000
06929332;1124143200000
06929331;1124143200000
06932434;1124748000000
06932436;1124748000000
06932435;1124748000000
RE038779;1124748000000
06935024;1125352800000
06935005;1125352800000
06935704;1125352800000
06935667;1125352800000
06935646;1125352800000
06936980;1125352800000
06938658;1125957600000
06938963;1125957600000
06938964;1125957600000
06938962;1125957600000
06942303;1126562400000
06942302;1126562400000
06944007;1126562400000
06945609;1127167200000
06948246;1127772000000
06948781;1127772000000
06948782;1127772000000
06953227;1128981600000
06953226;1128981600000
06953225;1128981600000
06955509;1129586400000
06955405;1129586400000
06959789;1130799600000
06962369;1131404400000
06964454;1132009200000
06965304;1132009200000
06966612;1132614000000
06969124;1133218800000
06969125;1133218800000
06971173;1133823600000
06971722;1133823600000
06974194;1134428400000
06978866;1135638000000
06979060;1135638000000
06981749;1136242800000
06983778;1136847600000
06983998;1136847600000
06983999;1136847600000
06986553;1137452400000
06991300;1138662000000
06991299;1138662000000
06991298;1138662000000
06991297;1138662000000
06991296;1138662000000
06992891;1138662000000
06994189;1139266800000
06994405;1139266800000
06997519;1139871600000
06998001;1139871600000
07000995;1140476400000
07004700;1141081200000
07004504;1141081200000
07004549;1141081200000
07011321;1142290800000
07011317;1142290800000
07011376;1142290800000
07013940;1142895600000
07013758;1142895600000
07014273;1142895600000
07014274;1142895600000
07014272;1142895600000
07018000;1143496800000
07021414;1144101600000
07021431;1144101600000
07021721;1144101600000
07021720;1144101600000
07025427;1144706400000
07025426;1144706400000
07025428;1144706400000
07025844;1144706400000
07029075;1145311200000
07029073;1145311200000
07029074;1145311200000
07032338;1145916000000
07032980;1145916000000
07032979;1145916000000
07036891;1146520800000
07040714;1147125600000
07040713;1147125600000
07040640;1147125600000
07041186;1147125600000
07042304;1147125600000
07044272;1147730400000
07044179;1147730400000
07044562;1147730400000
07044563;1147730400000
07044564;1147730400000
07044565;1147730400000
07044561;1147730400000
07044481;1147730400000
07048341;1148335200000
07051845;1148940000000
07052424;1148940000000
07055914;1149544800000
07055915;1149544800000
07059684;1150149600000
07059686;1150149600000
07059685;1150149600000
07063391;1150754400000
07063392;1150754400000
07066557;1151359200000
07066558;1151359200000
07066556;1151359200000
07070337;1151964000000
07070245;1151964000000
07070246;1151964000000
07073871;1152568800000
07077480;1153173600000
07083239;1154383200000
07083238;1154383200000
07086706;1154988000000
07086705;1154988000000
07090306;1155592800000
07090308;1155592800000
07090307;1155592800000
07090309;1155592800000
07093632;1156197600000
07093633;1156197600000
07093697;1156197600000
07093910;1156197600000
07093909;1156197600000
07093908;1156197600000
07093907;1156197600000
07093839;1156197600000
07096902;1156802400000
07097259;1156802400000
07097730;1156802400000
07102860;1157407200000
07100995;1157407200000
07104300;1158012000000
07104611;1158012000000
07108335;1158616800000
07108334;1158616800000
07108333;1158616800000
07108332;1158616800000
07108336;1158616800000
07108331;1158616800000
07111909;1159221600000
07111910;1159221600000
07111911;1159221600000
07111851;1159221600000
07114785;1159826400000
07117909;1160431200000
07118182;1160431200000
07121367;1161036000000
07121394;1161036000000
07121632;1161036000000
07121631;1161036000000
07125083;1161640800000
07125084;1161640800000
07131705;1162854000000
07131706;1162854000000
07131670;1162854000000
07134732;1163458800000
07134731;1163458800000
07137183;1164063600000
07137671;1164063600000
07137487;1164063600000
07140694;1164668400000
07140695;1164668400000
07140696;1164668400000
07144089;1165273200000
07147550;1165878000000
07147289;1165878000000
07147073;1165878000000
07152708;1167087600000
07152643;1167087600000
07156470;1167692400000
07156890;1167692400000
07159952;1168297200000
07159697;1168297200000
07163227;1168902000000
07165815;1169506800000
07166054;1169506800000
07168768;1170111600000
07175003;1171321200000
07175240;1171321200000
07178880;1171926000000
07178239;1171926000000
07179026;1171926000000
07181844;1172530800000
07182410;1172530800000
07182409;1172530800000
07182408;1172530800000
07185901;1173135600000
07185955;1173135600000
07192098;1174345200000
07192097;1174345200000
07192096;1174345200000
07193855;1174345200000
RE039528;1174946400000
07195322;1174946400000
07195399;1174946400000
07198333;1175551200000
07204562;1176760800000
07204561;1176760800000
07204503;1176760800000
07210746;1177970400000
07210747;1177970400000
07210748;1177970400000
07213890;1178575200000
07213888;1178575200000
07213889;1178575200000
07213815;1178575200000
07216938;1179180000000
07216743;1179180000000
07221441;1179784800000
07219452;1179784800000
07219410;1179784800000
07219778;1179784800000
07219707;1179784800000
07223458;1180389600000
07226133;1180994400000
07226132;1180994400000
07228629;1181599200000
07229137;1181599200000
07233221;1182204000000
07231949;1182204000000
07234783;1182808800000
07237326;1183413600000
07237329;1183413600000
07237849;1183413600000
07237631;1183413600000
07240969;1184018400000
07243749;1184623200000
07246860;1185228000000
07249804;1185832800000
07249805;1185832800000
07249775;1185832800000
07252344;1186437600000
07252348;1186437600000
07252347;1186437600000
07252470;1186437600000
07254041;1186437600000
RE039781;1187647200000
07258402;1187647200000
07258403;1187647200000
07260879;1188252000000
07264315;1188856800000
07264316;1188856800000
07267410;1189461600000
07270204;1190066400000
07270334;1190066400000
07270382;1190066400000
07270381;1190066400000
07273258;1190671200000
07273259;1190671200000
07275575;1191276000000
07278693;1191880800000
07279078;1191880800000
07281769;1192485600000
07284801;1193090400000
07284584;1193090400000
07287819;1193698800000
07287611;1193698800000
07290838;1194303600000
07290839;1194303600000
07296860;1195513200000
07300117;1196118000000
07300116;1196118000000
07303240;1196722800000
07303239;1196722800000
07306065;1197327600000
07306292;1197327600000
07309110;1197932400000
07309109;1197932400000
07311318;1198537200000
07311329;1198537200000
07311363;1198537200000
07314255;1199142000000
07314254;1199142000000
07314256;1199142000000
07314524;1199142000000
07318628;1200351600000
07325821;1202166000000
07328908;1202770800000
07331637;1203375600000
07331638;1203375600000
07331639;1203375600000
07334846;1203980400000
07334805;1203980400000
07334617;1203980400000
07341316;1205190000000
07341317;1205190000000
07343991;1205794800000
07344198;1205794800000
07346984;1206399600000
07347511;1206399600000
07347502;1206399600000
07347503;1206399600000
07347504;1206399600000
07347505;1206399600000
07347438;1206399600000
07351000;1207000800000
07351171;1207000800000
07350877;1207000800000
07354114;1207605600000
07354113;1207605600000
07356904;1208210400000
07357460;1208210400000
07357461;1208210400000
07357459;1208210400000
07360951;1208815200000
07360847;1208815200000
07360846;1208815200000
07361296;1208815200000
07364490;1209420000000
07367632;1210024800000
07367745;1210024800000
07370872;1210629600000
07372373;1210629600000
07374251;1211234400000
07374250;1211234400000
07374248;1211234400000
07374249;1211234400000
07377597;1211839200000
07377596;1211839200000
07377595;1211839200000
07377598;1211839200000
07387346;1213653600000
07387303;1213653600000
07390067;1214258400000
07390068;1214258400000
07393063;1214863200000
07393062;1214863200000
07393064;1214863200000
07396087;1215468000000
07407354;1217887200000
07407033;1217887200000
07407045;1217887200000
07410222;1218492000000
07412866;1219096800000
07413260;1219096800000
07413262;1219096800000
07413261;1219096800000
07413259;1219096800000
07413350;1219096800000
07416260;1219701600000
07416261;1219701600000
07416259;1219701600000
07419226;1220306400000
07425006;1221516000000
07425041;1221516000000
07426949;1222120800000
07427113;1222120800000
07427112;1222120800000
07427111;1222120800000
07427110;1222120800000
07431403;1223330400000
07431404;1223330400000
07431405;1223330400000
07434891;1223935200000
07434892;1223935200000
07437812;1224540000000
07438366;1224540000000
07438367;1224540000000
07441786;1225148400000
07441842;1225148400000
07441841;1225148400000
07442146;1225148400000
07445034;1225753200000
07445105;1225753200000
07445296;1225753200000
07445297;1225753200000
07448696;1226358000000
07448694;1226358000000
07448695;1226358000000
07448457;1226358000000
07452036;1226962800000
07452037;1226962800000
07455165;1227567600000
07458648;1228172400000
07461904;1228777200000
07464994;1229382000000
07464995;1229382000000
07467829;1229986800000
07469973;1230591600000
07469913;1230591600000
07472966;1231196400000
07472967;1231196400000
07475892;1231801200000
07475950;1231801200000
07475762;1231801200000
07478885;1232406000000
07481499;1233010800000
07481498;1233010800000
07481497;1233010800000
07484609;1233615600000
07484812;1233615600000
07484813;1233615600000
07487862;1234220400000
07487811;1234220400000
07488044;1234220400000
07488045;1234220400000
07488046;1234220400000
07490406;1234825200000
07494192;1235430000000
07494145;1235430000000
07503630;1237244400000
07506940;1237849200000
07506878;1237849200000
07510248;1238450400000
07509739;1238450400000
07516821;1239660000000
07520056;1240264800000
07523998;1240869600000
07524093;1240869600000
07527114;1241474400000
07530645;1242079200000
07530644;1242079200000
07530643;1242079200000
07536813;1243288800000
07536765;1243288800000
07537034;1243288800000
07537289;1243288800000
07537291;1243288800000
07537290;1243288800000
07540569;1243893600000
07540570;1243893600000
07540361;1243893600000
07543894;1244498400000
07543895;1244498400000
07546910;1245103200000
07547076;1245103200000
07547077;1245103200000
07552977;1246312800000
07552786;1246312800000
07556112;1246917600000
07556321;1246917600000
07559612;1247522400000
07559521;1247522400000
07559145;1247522400000
07559416;1247522400000
07559404;1247522400000
07562755;1248127200000
07562940;1248127200000
07562941;1248127200000
07562942;1248127200000
07562943;1248127200000
07562939;1248127200000
07566101;1248732000000
07566102;1248732000000
07568558;1249336800000
07568771;1249336800000
07571784;1249941600000
07571966;1249941600000
07574292;1249941600000
07575106;1250546400000
07578563;1251151200000
RE040888;1251756000000
07581795;1251756000000
07581794;1251756000000
07584659;1252360800000
07585032;1252360800000
07585031;1252360800000
07587825;1252965600000
07588834;1252965600000
07591592;1253570400000
07594437;1254175200000
07594567;1254175200000
07597405;1254780000000
07597404;1254780000000
07597403;1254780000000
07600824;1255384800000
07603776;1255989600000
07607837;1256598000000
07607740;1256598000000
07611211;1257202800000
07614437;1257807600000
07614707;1257807600000
07614706;1257807600000
07618099;1258412400000
07621355;1259017200000
07621601;1259017200000
07625030;1259622000000
07628518;1260226800000
07628457;1260226800000
07628417;1260226800000
07628416;1260226800000
07631948;1260831600000
07631946;1260831600000
07631947;1260831600000
07631944;1260831600000
07631945;1260831600000
07635170;1261436400000
07641288;1262646000000
07641289;1262646000000
07644616;1263250800000
07648211;1263855600000
07650696;1264460400000
07651173;1264460400000
07651171;1264460400000
07651172;1264460400000
07654546;1265065200000
07654548;1265065200000
07658450;1265670000000
07658452;1265670000000
07658451;1265670000000
07658455;1265670000000
07658262;1265670000000
07661766;1266274800000
07661767;1266274800000
07661311;1266274800000
07661255;1266274800000
07664576;1266274800000
07665807;1266879600000
07665746;1266879600000
07669940;1267484400000
07669941;1267484400000
07669871;1267484400000
07669870;1267484400000
07673947;1268089200000
07673946;1268089200000
07673539;1268089200000
07673482;1268089200000
07677677;1268694000000
07677676;1268694000000
07681958;1269298800000
07684027;1269298800000
07686050;1269900000000
07686403;1269900000000
07686312;1269900000000
07686313;1269900000000
07690668;1270504800000
07690505;1270504800000
07690410;1270504800000
07694705;1271109600000
07694706;1271109600000
07695073;1271109600000
07699405;1271714400000
07699404;1271714400000
07699531;1271714400000
07703958;1272319200000
07703717;1272319200000
07703858;1272319200000
07703859;1272319200000
07704009;1272319200000
07708352;1272924000000
07708353;1272924000000
07708124;1272924000000
07712840;1273528800000
07712843;1273528800000
07712842;1273528800000
07712841;1273528800000
07716833;1274133600000
07717526;1274133600000
07717525;1274133600000
07722059;1274738400000
07722128;1274738400000
07722129;1274738400000
07726746;1275343200000
07726371;1275343200000
07726370;1275343200000
07726454;1275343200000
07730978;1275948000000
07731301;1275948000000
07731300;1275948000000
07731214;1275948000000
07731299;1275948000000
07735937;1276552800000
07735936;1276552800000
07740324;1277157600000
07740325;1277157600000
07740036;1277157600000
07744165;1277762400000
07748790;1278367200000
07753815;1278972000000
07753453;1278972000000
07753454;1278972000000
07757332;1279576800000
07757402;1279576800000
07758131;1279576800000
07758250;1279576800000
07763825;1280181600000
07766387;1280786400000
07766143;1280786400000
07767046;1280786400000
07775540;1281996000000
07775610;1281996000000
07775605;1281996000000
07775604;1281996000000
07775108;1281996000000
07779877;1282600800000
07780243;1282600800000
07784185;1283205600000
07784878;1283205600000
07784877;1283205600000
07784876;1283205600000
07789178;1283810400000
07797832;1285020000000
07798575;1285020000000
07798261;1285020000000
07802363;1285624800000
07802804;1285624800000
07804395;1285624800000
07806484;1286229600000
07806485;1286229600000
07815261;1287439200000
07823981;1288652400000
07824107;1288652400000
07832812;1289862000000
07832939;1289862000000
07841669;1291071600000
07841670;1291071600000
07845657;1291676400000
07845217;1291676400000
07850252;1292281200000
07850251;1292281200000
07854438;1292886000000
07854301;1292886000000
