03858949;158281200000
03858947;158281200000
03858948;158281200000
03860299;158886000000
03860080;158886000000
03861762;159490800000
03865441;161305200000
03866985;161910000000
03869931;163724400000
03870379;163724400000
03870377;163724400000
03870380;163724400000
03871719;164329200000
03871720;164329200000
03872940;164934000000
03872939;164934000000
03876022;166143600000
03879092;167353200000
03880478;167958000000
03883190;169167600000
03883191;169167600000
03883284;169167600000
03883285;169167600000
03885642;170377200000
03885641;170377200000
03887242;170982000000
03887243;170982000000
03887244;170982000000
03888132;171586800000
03889769;172191600000
03892268;173401200000
03893526;174006000000
03894597;174610800000
03894778;174610800000
03894600;174610800000
03895845;175215600000
03897980;176425200000
03899219;177030000000
03899218;177030000000
03899220;177030000000
03900231;177634800000
03901563;178239600000
03902765;178844400000
03902766;178844400000
03902767;178844400000
03907382;180658800000
03907054;180658800000
03909076;181263600000
03910128;181868400000
03910649;181868400000
03912335;182473200000
03912336;182473200000
03912338;182473200000
03913985;183078000000
03913986;183078000000
03913987;183078000000
03913692;183078000000
03913693;183078000000
03913694;183078000000
03915509;183682800000
03915511;183682800000
03915510;183682800000
03917360;184287600000
03920286;185497200000
03922024;186102000000
03924905;187311600000
03924904;187311600000
03926273;187916400000
03929385;189126000000
03929242;189126000000
03930689;189730800000
03931861;190335600000
03933214;190940400000
03933213;190940400000
03934943;191545200000
03934944;191545200000
03934664;191545200000
03934665;191545200000
03937529;192754800000
03937528;192754800000
03937530;192754800000
03937289;192754800000
03938851;193359600000
03938606;193359600000
03938605;193359600000
03939930;193964400000
03944297;195778800000
03944296;195778800000
03944005;195778800000
03944006;195778800000
03945693;196383600000
03945451;196383600000
03947074;196984800000
03948110;197589600000
03948573;197589600000
03948572;197589600000
03948574;197589600000
03948331;197589600000
03948707;197589600000
03950038;198194400000
03953085;199404000000
03954308;200008800000
03955855;200613600000
03955646;200613600000
03958839;201823200000
03958836;201823200000
03960412;202428000000
03963278;203637600000
03963047;203637600000
03964797;204242400000
03966004;204847200000
03966181;204847200000
03971597;207266400000
03972570;207871200000
03972569;207871200000
03973638;208476000000
03973807;208476000000
03973808;208476000000
03974891;209080800000
03974890;209080800000
03975028;209080800000
03976153;209685600000
03976025;209685600000
03976337;209685600000
03980351;211500000000
03981373;212104800000
03985402;213922800000
03985366;213922800000
03987706;215132400000
03989314;215737200000
03993356;217551600000
03993367;217551600000
03993366;217551600000
03994064;218156400000
03994352;218156400000
03997217;219366000000
03996810;219366000000
03999585;220575600000
04000784;221180400000
04003608;222390000000
04005912;223599600000
04006940;224204400000
04007972;224809200000
04010789;226623600000
04011919;227228400000
04013112;227833200000
04014581;228438000000
04014400;228438000000
04018295;230248800000
04021081;231458400000
04021082;231458400000
04022072;232063200000
04023865;232668000000
04026608;233877600000
04027925;234482400000
04029366;235087200000
04030530;235692000000
04030178;235692000000
04030782;235692000000
04030730;235692000000
04035035;237506400000
04035036;237506400000
04034618;237506400000
04036538;238111200000
04036320;238111200000
04042065;240530400000
04042282;240530400000
04043610;241135200000
04045096;241740000000
04046429;242344800000
04046428;242344800000
04050495;244162800000
04050750;244162800000
04052111;244767600000
04055368;246582000000
04056288;247186800000
04056289;247186800000
04057302;247791600000
04058351;248396400000
04058352;248396400000
04058350;248396400000
04058322;248396400000
04059314;249001200000
04059315;249001200000
04059313;249001200000
04062598;250815600000
04062550;250815600000
04066302;252630000000
04068698;253839600000
04068732;253839600000
04068905;253839600000
04069856;254444400000
04070071;254444400000
04071068;255049200000
04072203;255654000000
04076334;257468400000
04076333;257468400000
04076089;257468400000
04078616;258678000000
04080008;259282800000
04081202;259887600000
04082371;260488800000
04082372;260488800000
04083610;261093600000
04083611;261093600000
04083569;261093600000
04086947;262908000000
04086974;262908000000
04087136;262908000000
04087135;262908000000
04088377;263512800000
04089531;264117600000
04089565;264117600000
04093033;265932000000
04093318;265932000000
04093319;265932000000
04092928;265932000000
04094514;266536800000
04094515;266536800000
04094516;266536800000
04094557;266536800000
04095478;267141600000
04095849;267141600000
04095661;267141600000
04095909;267141600000
04097093;267746400000
04098543;268351200000
04099795;268956000000
04099794;268956000000
04099797;268956000000
04099796;268956000000
04101177;269560800000
04102292;270165600000
04102423;270165600000
04103558;270770400000
04105260;271375200000
04105259;271375200000
04106822;271980000000
04108229;272584800000
04108502;272584800000
04109971;273189600000
04111436;273794400000
04111250;273794400000
04114467;275004000000
04114958;275004000000
04116496;275608800000
04116498;275608800000
04116497;275608800000
04119356;276822000000
04120537;277426800000
04120372;277426800000
04121875;278031600000
04122901;278636400000
04123120;278636400000
04123119;278636400000
04124255;279241200000
04126359;280450800000
04127180;281055600000
04128277;281660400000
04129193;282265200000
04129045;282265200000
04129990;282870000000
04132418;284079600000
04132279;284079600000
04133401;284684400000
04134622;285289200000
04136913;286498800000
04137981;287103600000
04139240;287708400000
04139241;287708400000
04141423;288918000000
04141125;288918000000
04141601;288918000000
04141600;288918000000
04141602;288918000000
04141599;288918000000
04141598;288918000000
04145092;290732400000
04146053;291337200000
04149757;293148000000
04149758;293148000000
04150858;293752800000
04150857;293752800000
04150856;293752800000
04152031;294357600000
04154488;295567200000
04159857;299800800000
04159856;299800800000
04163589;302824800000
04165137;304034400000
04165906;304639200000
04172486;310086000000
04175796;312505200000
04175798;312505200000
04175797;312505200000
04176887;313110000000
04177727;313714800000
04179130;314319600000
04183542;316738800000
04185877;317948400000
04185838;317948400000
04188076;319158000000
04189159;319762800000
04189158;319762800000
04190295;320367600000
04191431;320972400000
04194584;322786800000
04194583;322786800000
04195887;323391600000
04195852;323391600000
04196493;323992800000
04198103;324597600000
04199199;325202400000
04201393;326412000000
04203633;327621600000
04204583;328226400000
04204716;328226400000
04209204;330645600000
04209205;330645600000
04210339;331250400000
04212362;332460000000
04216973;334879200000
04217006;334879200000
04218070;335484000000
04218101;335484000000
04218932;336088800000
04221272;337298400000
04222453;337903200000
04222616;337903200000
04223878;338508000000
04227749;340326000000
04227748;340326000000
04229053;340930800000
04230378;341535600000
04232753;342745200000
04232911;342745200000
04235479;343954800000
04237950;345164400000
04239297;345769200000
04240642;346374000000
04241956;346978800000
04242036;346978800000
04244588;348188400000
04248439;350002800000
04251082;351212400000
04252204;351817200000
04253674;352422000000
04253708;352422000000
04256315;353631600000
04256316;353631600000
04257652;354236400000
04257653;354236400000
04258463;354837600000
04258768;354837600000
04258815;354837600000
04262764;356652000000
04262914;356652000000
04262973;356652000000
04262972;356652000000
04262971;356652000000
04262970;356652000000
04265494;357861600000
04265084;357861600000
04269457;359676000000
04270759;360280800000
04270811;360280800000
04274682;362095200000
04275890;362700000000
04278301;363909600000
04278302;363909600000
04278303;363909600000
04278391;363909600000
04279449;364514400000
04279603;364514400000
04279318;364514400000
04281882;365724000000
04283094;366328800000
04283093;366328800000
04284281;366933600000
04286681;368143200000
04288172;368748000000
04290618;369957600000
04295654;372380400000
04301884;375404400000
04303278;376009200000
04305476;377218800000
04306603;377823600000
04306753;377823600000
04310041;379638000000
04311346;380242800000
04314618;382057200000
04323102;386892000000
04323283;386892000000
04324303;387496800000
04324437;387496800000
04324414;387496800000
04325443;388101600000
04328849;389916000000
04330134;390520800000
04331339;391125600000
04332573;391730400000
04332425;391730400000
04332424;391730400000
04339156;395359200000
04348199;400197600000
04349234;400802400000
04351865;402015600000
04351380;402015600000
04351533;402015600000
04351572;402015600000
04351573;402015600000
04355988;404434800000
04359248;406249200000
04361364;407458800000
04361363;407458800000
04362340;408063600000
04364443;409273200000
04364572;409273200000
04365848;409878000000
04368929;411692400000
04371362;412902000000
04373758;414111600000
04378133;417736800000
04383794;421970400000
04383718;421970400000
04385652;423180000000
04386673;423784800000
04386809;423784800000
04390214;425599200000
04391341;426204000000
04392657;426808800000
04395074;428018400000
04394901;428018400000
04396198;428623200000
04396233;428623200000
04402555;431647200000
04405026;432856800000
04406501;433465200000
04407386;434070000000
04407551;434070000000
04407550;434070000000
04408646;434674800000
04410219;435279600000
04411329;435884400000
04413862;437094000000
04420192;440118000000
04422696;441327600000
04422650;441327600000
04423910;441932400000
04425008;442537200000
04425007;442537200000
04426091;443142000000
04428739;444351600000
04428625;444351600000
04428589;444351600000
04429898;444956400000
04429785;444956400000
04431075;445561200000
04433874;446770800000
04434642;447375600000
04434867;447375600000
04435022;447375600000
04437534;448585200000
04438981;449186400000
04438982;449186400000
04440253;449791200000
04442913;451000800000
04443041;451000800000
04444441;451605600000
04445582;452210400000
04448273;453420000000
04448459;453420000000
04449758;454024800000
04449756;454024800000
04449627;454024800000
04451097;454629600000
04452495;455234400000
04452496;455234400000
04453611;455839200000
04455053;456444000000
04455054;456444000000
04457526;457653600000
04457521;457653600000
04457564;457653600000
04457565;457653600000
04458773;458258400000
04458954;458258400000
04458955;458258400000
04461488;459468000000
04461516;459468000000
04462605;460072800000
04462480;460072800000
04462476;460072800000
04465321;461282400000
04469336;463096800000
04469379;463096800000
04470583;463701600000
04470641;463701600000
04472164;464306400000
04474414;465519600000
04475775;466124400000
04480670;468543600000
04482193;469148400000
04483407;469753200000
04488616;472172400000
04498679;477010800000
04500139;477615600000
04501452;478220400000
04502556;478825200000
04502560;478825200000
04502736;478825200000
04503924;479430000000
04503952;479430000000
04504066;479430000000
04506934;480639600000
04506933;480639600000
04511186;482450400000
04511011;482450400000
04514014;483660000000
04516649;484869600000
04519654;486079200000
04519465;486079200000
04522451;487288800000
04522452;487288800000
04530545;490917600000
04530546;490917600000
04531787;491522400000
04534437;492732000000
04536036;493336800000
04537268;493941600000
04537267;493941600000
04538860;494546400000
04541498;495756000000
04545624;497574000000
04546842;498178800000
04553791;501202800000
04553790;501202800000
04553760;501202800000
04555146;501807600000
04557374;503017200000
04560211;504226800000
04560174;504226800000
04565412;506646000000
04567957;507855600000
04568090;507855600000
04568294;507855600000
04569561;508460400000
04572528;509670000000
04572588;509670000000
04572587;509670000000
04573746;510274800000
04575914;511484400000
04579394;512690400000
04580850;513295200000
04582367;513900000000
04582366;513900000000
04583791;514504800000
04583792;514504800000
04586757;515714400000
04587280;515714400000
04588233;516319200000
04593929;518738400000
04594846;519343200000
04596298;519948000000
04597612;520552800000
04600246;521762400000
04602825;522972000000
04605264;524181600000
04607892;525391200000
04607854;525391200000
04611860;527205600000
04613006;527810400000
04615567;529023600000
04616883;529628400000
04618190;530233200000
04620602;531442800000
04626046;533862000000
04627630;534466800000
04636014;537490800000
04636012;537490800000
04636013;537490800000
04637665;538095600000
04640559;539305200000
04640377;539305200000
04642080;539910000000
04645274;541119600000
04645273;541119600000
04647116;541724400000
04650259;542934000000
04650260;542934000000
04655514;544744800000
04661011;546559200000
04664212;547768800000
04668025;548978400000
04669560;549583200000
04671774;550188000000
04673050;550792800000
04674757;551397600000
04678244;552607200000
04681377;553816800000
04681376;553816800000
04681177;553816800000
04687261;556236000000
04688805;556840800000
04694556;559260000000
04695102;559260000000
04696520;559868400000
04699229;561078000000
04699252;561078000000
04700992;561682800000
04705325;563497200000
04714125;567126000000
04714302;567126000000
04715668;567730800000
04726631;572569200000
04727948;573174000000
04732398;574988400000
04735465;576194400000
04738494;577404000000
04739852;578008800000
04744431;579823200000
04750792;582242400000
04752105;582847200000
04758055;585266400000
04759638;585871200000
04762377;587080800000
04763961;587685600000
04765695;588290400000
04765694;588290400000
04772076;590709600000
04775198;591922800000
04778019;593132400000
04781257;594342000000
04784512;595551600000
04789037;597366000000
04795222;599785200000
04795221;599785200000
04805968;604018800000
04810043;605228400000
04813750;606438000000
04813466;606438000000
04815794;607039200000
04818040;607644000000
04818041;607644000000
04817746;607644000000
04819999;608248800000
04819754;608248800000
04821824;608853600000
04826260;610063200000
04825969;610063200000
04828059;610668000000
04828339;610668000000
04830439;611272800000
04834478;612482400000
04836318;613087200000
04838373;613692000000
04838623;613692000000
04840438;614296800000
04840437;614296800000
04842345;614901600000
04842346;614901600000
04842086;614901600000
04844560;615506400000
04844562;615506400000
04844561;615506400000
04846092;616111200000
04846091;616111200000
04854650;618530400000
04856853;619135200000
04859006;619740000000
04861053;620344800000
04861120;620344800000
04863420;620949600000
04865400;621554400000
04865185;621554400000
04871216;623372400000
04874052;624582000000
04880283;627001200000
04881786;627606000000
04884852;628815600000
04886324;629420400000
04887872;630025200000
04890892;631234800000
04892365;631839600000
04893883;632444400000
04893687;632444400000
04900106;634863600000
04904030;636073200000
04906054;636678000000
04906052;636678000000
04919492;640908000000
04923257;642117600000
04932677;645141600000
04936639;646351200000
04938546;646956000000
04944353;649375200000
04948201;650584800000
04949800;651189600000
04950030;651189600000
04953921;652399200000
04953920;652399200000
04953919;652399200000
04957472;653608800000
04957332;653608800000
04961395;655426800000
04962940;656031600000
04966242;657241200000
04968104;657846000000
04981188;662684400000
04984648;663894000000
04991911;666313200000
04995678;667522800000
04998783;668732400000
05004030;670543200000
05005921;671148000000
05005922;671148000000
05005920;671148000000
05009278;672357600000
05016945;674776800000
05018591;675381600000
05020614;675986400000
05020865;675986400000
05022668;676591200000
05022718;676591200000
05031973;679615200000
05033801;680220000000
05040855;682639200000
05044415;683848800000
05056306;687481200000
05058963;688086000000
05069510;691714800000
05069509;691714800000
05071196;692319600000
05072800;692924400000
05078326;694738800000
05078454;694738800000
05096270;700786800000
05100212;701992800000
05104205;703202400000
05127714;710460000000
05131731;711669600000
05131728;711669600000
05139317;714088800000
05141299;714693600000
05145242;715903200000
05145241;715903200000
05161866;721350000000
05161867;721350000000
05165765;722559600000
05165766;722559600000
05167439;723164400000
05171074;724374000000
05172965;724978800000
05174638;725583600000
05183318;728607600000
05186227;729817200000
05186270;729817200000
05186526;729817200000
05188441;730422000000
05189819;731026800000
05190363;731026800000
05191951;731631600000
05199771;734047200000
05201171;734652000000
05201574;734652000000
05207489;736466400000
05209050;737071200000
05215360;738885600000
05221392;740700000000
05220869;740700000000
05226703;742514400000
05228528;743119200000
05234266;744933600000
05240084;746748000000
05246246;748562400000
05249868;749775600000
05251913;750380400000
05255964;751590000000
05257858;752194800000
05261733;753404400000
05261684;753404400000
05261853;753404400000
05265449;754614000000
05265949;754614000000
05273126;757033200000
05273351;757033200000
05273296;757033200000
05277266;758242800000
05279378;758847600000
05284096;760662000000
05284386;760662000000
05284387;760662000000
05286044;761266800000
05288143;761871600000
05293948;763686000000
05295741;764290800000
05299860;765496800000
05302012;766101600000
05303992;766706400000
05308098;767916000000
05308155;767916000000
05312176;769125600000
05312164;769125600000
05316381;770335200000
05318141;770940000000
05320585;771544800000
05330019;774568800000
05330260;774568800000
05334106;775778400000
05340205;777592800000
05340206;777592800000
05352029;781225200000
05354124;781830000000
05355807;782434800000
05358064;783039600000
05361860;784249200000
05362142;784249200000
05363936;784854000000
05366038;785458800000
05368115;786063600000
05368375;786063600000
05368376;786063600000
05370451;786668400000
05370198;786668400000
05373909;787878000000
05374115;787878000000
05379709;789692400000
05380076;789692400000
05380075;789692400000
05382033;790297200000
05382052;790297200000
05388900;792716400000
05388528;792716400000
05390997;793321200000
05390996;793321200000
05393134;793926000000
05399003;795740400000
05401088;796341600000
05401218;796341600000
05403643;796946400000
05409306;798760800000
05409305;798760800000
05408935;798760800000
05413367;799970400000
05413407;799970400000
05415470;800575200000
05419619;801784800000
05423559;802994400000
05427398;804204000000
05427443;804204000000
05429429;804808800000
05433515;806018400000
05447365;810252000000
05451001;811461600000
05451100;811461600000
05452949;812070000000
05456331;813279600000
05456527;813279600000
05462495;815094000000
05462345;815094000000
05466056;816303600000
05474146;818722800000
05478141;819932400000
05482126;821142000000
05482365;821142000000
05482364;821142000000
05484321;821746800000
05490719;824166000000
05492390;824770800000
05492436;824770800000
05494125;825375600000
05511869;830815200000
05511868;830815200000
05511870;830815200000
05515936;832024800000
05515935;832024800000
05522655;833839200000
05522654;833839200000
05533796;836863200000
05533587;836863200000
05540489;838677600000
05547268;840492000000
05553932;842306400000
05553931;842306400000
05563353;844725600000
05571275;847148400000
05573316;847753200000
05586614;851382000000
05593218;853196400000
05607210;857430000000
05616193;859845600000
05622234;861660000000
05630657;864079200000
05632538;864684000000
05632537;864684000000
05636911;865893600000
05639148;866498400000
05641213;867103200000
05641214;867103200000
05642921;867708000000
05669680;874965600000
05671819;875570400000
05676437;876780000000
05676436;876780000000
05678903;877384800000
05685620;879202800000
05685621;879202800000
05685616;879202800000
05690398;880412400000
05690375;880412400000
05692579;881017200000
05697683;882226800000
05704697;884041200000
05707123;884646000000
05709440;885250800000
05711586;885855600000
05713645;886460400000
05713644;886460400000
05716112;887065200000
05722745;888879600000
05725292;889484400000
05725204;889484400000
05730510;890694000000
05733020;891295200000
05739655;892504800000
05738421;892504800000
05738361;892504800000
05741052;893109600000
05749634;894924000000
05749635;894924000000
05749423;894924000000
05752574;895528800000
05755495;896133600000
05758932;896738400000
05762408;897343200000
05763956;897343200000
05769507;898552800000
05769511;898552800000
05769512;898552800000
05775447;899762400000
05785395;901576800000
05791257;902786400000
05794731;903391200000
05800026;904600800000
05803558;905205600000
05814167;907020000000
05813733;907020000000
05820230;908229600000
05822836;908834400000
05829545;910047600000
05829849;910047600000
05829848;910047600000
05829850;910047600000
05839802;911862000000
05839795;911862000000
05842756;912466800000
05842757;912466800000
05851058;914281200000
05853233;914886000000
05855421;915490800000
05860486;916700400000
05863104;917305200000
05873424;919724400000
05873640;919724400000
05881834;921538800000
05887958;922744800000
05894901;924559200000
05894900;924559200000
05897177;925164000000
05899542;925768800000
05899543;925768800000
05899541;925768800000
05899164;925768800000
05902017;926373600000
05902021;926373600000
05904217;926978400000
05906150;927583200000
05908226;928188000000
05913579;930002400000
05921642;931816800000
05927412;933026400000
05936878;934236000000
05938301;934840800000
05938300;934840800000
05941326;935445600000
05944134;936050400000
05944395;936050400000
05947217;936655200000
05951123;937260000000
05951124;937260000000
05951125;937260000000
05950748;937260000000
05954148;937864800000
05967630;940284000000
05980001;942102000000
05984436;942706800000
05984437;942706800000
05984438;942706800000
05988776;943311600000
05988775;943311600000
05997109;944521200000
05997110;944521200000
06001036;945126000000
06000766;945126000000
06007166;946335600000
06007074;946335600000
06006847;946335600000
06010199;946940400000
06012784;947545200000
06017103;948754800000
06019443;949359600000
06025062;950569200000
06024183;950569200000
06027185;951174000000
06030058;951778800000
06030057;951778800000
06033043;952383600000
06033044;952383600000
06039405;953593200000
06045200;954799200000
06045201;954799200000
06045295;954799200000
06050355;956008800000
06062327;958428000000
06062661;958428000000
06062662;958428000000
06065818;959032800000
06068353;959637600000
06068354;959637600000
06070955;960242400000
06074022;960847200000
06074023;960847200000
06074024;960847200000
06074025;960847200000
06076901;961452000000
06079802;962056800000
06080493;962056800000
06082475;962661600000
06086169;963266400000
06089684;963871200000
06089683;963871200000
06095531;965080800000
06095275;965080800000
06099091;965685600000
06102408;966290400000
06105969;966895200000
06106082;966895200000
06106083;966895200000
06109706;967500000000
06109705;967500000000
06109382;967500000000
06113343;968104800000
06120405;969314400000
06123399;969919200000
06125956;970524000000
06129426;971128800000
06132133;971733600000
06131833;971733600000
06139020;972946800000
06139121;972946800000
06142588;973551600000
06145941;974156400000
06154988;975970800000
06155656;975970800000
06155657;975970800000
06158827;976575600000
06161908;977180400000
06164736;977785200000
06164399;977785200000
06170925;978994800000
06175673;979599600000
06176491;980204400000
06176557;980204400000
06179073;980809200000
06186604;982018800000
06193335;983228400000
06196645;983833200000
06196646;983833200000
06203127;985042800000
06203126;985042800000
06203125;985042800000
06203124;985042800000
06206491;985644000000
06206492;985644000000
06206124;985644000000
06213573;986853600000
06217135;987458400000
06220378;988063200000
06224172;988668000000
06231136;989877600000
06234590;990482400000
06241327;991692000000
06247547;992901600000
06249994;993506400000
06250726;993506400000
06260465;995320800000
06264293;995925600000
06264294;995925600000
06264283;995925600000
06263991;995925600000
06267459;996530400000
06267458;996530400000
06267453;996530400000
06270173;997135200000
06273530;997740000000
06276768;998344800000
06280009;998949600000
06280010;998949600000
06283562;999554400000
06283239;999554400000
06283241;999554400000
06290313;1000764000000
06290009;1000764000000
06296329;1001973600000
06296328;1001973600000
06296330;1001973600000
06299265;1002578400000
06299264;1002578400000
06305762;1003788000000
06305763;1003788000000
06315374;1005606000000
06315070;1005606000000
06318484;1006210800000
06322170;1006815600000
06322171;1006815600000
06322172;1006815600000
06322173;1006815600000
06321864;1006815600000
06334496;1009839600000
06336690;1010444400000
06336515;1010444400000
06352319;1015282800000
06352320;1015282800000
06354678;1015887600000
06354677;1015887600000
06354679;1015887600000
06364437;1017698400000
06364438;1017698400000
06367827;1018303200000
06371577;1018908000000
06371578;1018908000000
06371579;1018908000000
06377192;1019512800000
06378635;1020117600000
06382742;1020722400000
06386654;1021327200000
06386652;1021327200000
06386653;1021327200000
06386651;1021327200000
06390572;1021932000000
06394562;1022536800000
06394204;1022536800000
06402268;1023746400000
06402161;1023746400000
06401847;1023746400000
06406106;1024351200000
06406029;1024351200000
06408965;1024956000000
06412887;1025560800000
06412888;1025560800000
06412267;1025560800000
06416142;1026165600000
06422667;1027375200000
06422666;1027375200000
06422665;1027375200000
06422664;1027375200000
06422576;1027375200000
06431666;1029189600000
06431664;1029189600000
06431665;1029189600000
06432010;1029189600000
06435628;1029794400000
06435629;1029794400000
06435291;1029794400000
06435292;1029794400000
06443466;1031004000000
06447077;1031608800000
06450593;1032213600000
06450594;1032213600000
06450279;1032213600000
06453400;1032213600000
06454366;1032818400000
06457786;1033423200000
06457304;1033423200000
06460945;1034028000000
06464309;1034632800000
06471307;1035846000000
06474755;1036450800000
06474756;1036450800000
06474754;1036450800000
06478701;1037055600000
06478388;1037055600000
06478389;1037055600000
06478387;1037055600000
06481807;1037660400000
06484083;1037660400000
06485115;1038265200000
06485116;1038265200000
06494548;1040079600000
06497460;1040684400000
06505897;1042498800000
06505896;1042498800000
06505895;1042498800000
06505643;1042498800000
06508524;1043103600000
06510913;1043708400000
06517173;1044918000000
06520602;1045522800000
06520603;1045522800000
06523915;1046127600000
06530626;1047337200000
06533371;1047942000000
06536852;1048546800000
06536851;1048546800000
06536854;1048546800000
06536853;1048546800000
06540310;1049148000000
06540630;1049148000000
06543862;1049752800000
06543863;1049752800000
06543861;1049752800000
06547345;1050357600000
06554377;1051567200000
06557953;1052172000000
06557954;1052172000000
06564539;1053381600000
06564889;1053381600000
06565162;1053381600000
06565161;1053381600000
06568769;1053986400000
06574711;1054591200000
06575540;1055196000000
06578934;1055800800000
06582258;1056405600000
06588862;1057615200000
06588861;1057615200000
06595603;1058824800000
06598947;1059429600000
06601664;1060034400000
06604589;1060639200000
06604796;1060639200000
06607256;1061244000000
06609772;1061848800000
06609771;1061848800000
06609770;1061848800000
06612663;1062453600000
06616374;1063058400000
06619417;1063663200000
06626258;1064872800000
06631961;1066082400000
06634725;1066687200000
06637840;1067295600000
06641235;1067900400000
06652043;1069714800000
06652044;1069714800000
06655757;1070319600000
06656293;1070319600000
06659573;1070924400000
06668951;1072738800000
06669312;1072738800000
06673011;1073343600000
06679570;1074553200000
06682155;1075158000000
06698850;1078182000000
06702407;1078786800000
06702406;1078786800000
06709077;1079996400000
06709076;1079996400000
06715575;1081202400000
06722746;1082412000000
06725895;1083016800000
06726293;1083016800000
06733092;1084226400000
06733093;1084226400000
06733091;1084226400000
06739678;1085436000000
06739679;1085436000000
06739680;1085436000000
06742853;1086040800000
06742852;1086040800000
06746090;1086645600000
06761236;1089669600000
06764143;1090274400000
06769746;1091484000000
06783196;1093903200000
06793026;1095717600000
06793296;1095717600000
06799815;1096927200000
06805416;1098136800000
06805311;1098136800000
06817682;1100559600000
06820948;1101164400000
06824229;1101769200000
06832659;1103583600000
06832820;1103583600000
06840588;1105398000000
06843539;1106002800000
06843540;1106002800000
06843876;1106002800000
06846051;1106607600000
06848757;1107212400000
06851768;1107817200000
06857490;1109026800000
06860571;1109631600000
06863142;1110236400000
06863357;1110236400000
06866351;1110841200000
06869244;1111446000000
06869153;1111446000000
06874859;1112652000000
06880901;1113861600000
06883876;1114466400000
06886323;1115071200000
06890042;1115676000000
06899651;1117490400000
06905182;1118700000000
06911778;1119909600000
06913330;1120514400000
06913329;1120514400000
06918639;1121724000000
06921304;1122328800000
06921140;1122328800000
06923515;1122933600000
06926460;1123538400000
06929334;1124143200000
06929335;1124143200000
06932442;1124748000000
06935708;1125352800000
06938732;1125957600000
06942305;1126562400000
06948784;1127772000000
06948783;1127772000000
06951373;1128376800000
RE038858;1130799600000
06964462;1132009200000
06968914;1133218800000
06974196;1134428400000
06976742;1135033200000
06981563;1136242800000
06983812;1136847600000
06984006;1136847600000
07000999;1140476400000
07004474;1141081200000
07014278;1142895600000
07014279;1142895600000
07018005;1143496800000
07025429;1144706400000
07032983;1145916000000
07036894;1146520800000
07036893;1146520800000
07040426;1147125600000
07040436;1147125600000
07040080;1147125600000
07044567;1147730400000
07048344;1148335200000
07048343;1148335200000
07052424;1148940000000
07062593;1150149600000
07063395;1150754400000
07063396;1150754400000
07066289;1151359200000
07066562;1151359200000
07070012;1151964000000
07077065;1153173600000
07077485;1153173600000
07083242;1154383200000
07083241;1154383200000
07086806;1154988000000
07090312;1155592800000
07093914;1156197600000
07100715;1157407200000
07108333;1158616800000
07108337;1158616800000
07114788;1159826400000
07121636;1161036000000
07121555;1161036000000
07128378;1162249200000
07128176;1162249200000
07131709;1162854000000
07134734;1163458800000
07137675;1164063600000
07156473;1167692400000
07156474;1167692400000
07156185;1167692400000
07159955;1168297200000
07163754;1168902000000
07172257;1170716400000
07182414;1172530800000
07185958;1173135600000
07188505;1173740400000
07188915;1173740400000
07198337;1175551200000
07201457;1176156000000
07201242;1176156000000
07210750;1177970400000
07213894;1178575200000
07213893;1178575200000
07219968;1179784800000
07222924;1180389600000
07223874;1180389600000
07226137;1180994400000
07226136;1180994400000
07229141;1181599200000
07229140;1181599200000
07232130;1182204000000
07237853;1183413600000
07240973;1184018400000
07252348;1186437600000
07252347;1186437600000
07252349;1186437600000
07255184;1187042400000
07258405;1187647200000
07267414;1189461600000
07267189;1189461600000
07293844;1194908400000
07296862;1195513200000
07300119;1196118000000
07306684;1197327600000
07316458;1199746800000
07325889;1202166000000
07325888;1202166000000
07334850;1203980400000
07338138;1204585200000
07347513;1206399600000
07347511;1206399600000
07347512;1206399600000
07354200;1207605600000
07357201;1208210400000
07367637;1210024800000
07370865;1210629600000
07370918;1210629600000
07374257;1211234400000
07377601;1211839200000
07380628;1212444000000
07380892;1212444000000
07383914;1213048800000
07396091;1215468000000
07404608;1217282400000
07407236;1217887200000
07410220;1218492000000
07410225;1218492000000
07413268;1219096800000
07416266;1219701600000
07422295;1220911200000
07425044;1221516000000
07434897;1223935200000
07438778;1224540000000
07445299;1225753200000
07458592;1228172400000
07464997;1229382000000
07467831;1229986800000
07469976;1230591600000
07478688;1232406000000
07481582;1233010800000
07497530;1236034800000
07520575;1240264800000
07520348;1240264800000
07523799;1240869600000
07524001;1240869600000
07527116;1241474400000
07530650;1242079200000
07533945;1242684000000
07533741;1242684000000
07533750;1242684000000
07547078;1245103200000
07547079;1245103200000
07552979;1246312800000
07552785;1246312800000
07556323;1246917600000
07571783;1249941600000
07575289;1250546400000
07578565;1251151200000
07591515;1253570400000
07594705;1254175200000
07594557;1254175200000
07597167;1254780000000
07597411;1254780000000
07597410;1254780000000
07600593;1255384800000
07604304;1255989600000
07614709;1257807600000
07617891;1258412400000
07618102;1258412400000
07624827;1259622000000
07625049;1259622000000
07625050;1259622000000
07637296;1262041200000
07638955;1262041200000
07641293;1262646000000
07641292;1262646000000
07641006;1262646000000
07641007;1262646000000
07644788;1263250800000
07644999;1263250800000
07654621;1265065200000
07657990;1265670000000
07658455;1265670000000
07661774;1266274800000
07673951;1268089200000
07686109;1269900000000
07690738;1270504800000
07695077;1271109600000
07695078;1271109600000
07703863;1272319200000
07708092;1272924000000
07712846;1273528800000
07726749;1275343200000
07731307;1275948000000
07731306;1275948000000
07737644;1276552800000
07740326;1277157600000
07740094;1277157600000
07744169;1277762400000
07766433;1280786400000
07770902;1281391200000
07770984;1281391200000
07775610;1281996000000
07780247;1282600800000
07784884;1283205600000
07784571;1283205600000
07784570;1283205600000
07798579;1285020000000
07806209;1286229600000
07806487;1286229600000
07815262;1287439200000
07815000;1287439200000
07823990;1288652400000
07823988;1288652400000
07823987;1288652400000
07823989;1288652400000
07828396;1289257200000
07828397;1289257200000
07832815;1289862000000
07832814;1289862000000
07841675;1291071600000
07845740;1291676400000
07845741;1291676400000
07850256;1292281200000
07854483;1292886000000
