03858828;158281200000
03858829;158281200000
03858967;158281200000
03858968;158281200000
03858969;158281200000
03858974;158281200000
03860332;158886000000
03860331;158886000000
03860198;158886000000
03860197;158886000000
03860196;158886000000
03860195;158886000000
03860935;158886000000
03861791;159490800000
03862799;160095600000
03864033;160700400000
03863862;160700400000
03865476;161305200000
03865475;161305200000
03865474;161305200000
03865738;161305200000
03867021;161910000000
03867022;161910000000
03867023;161910000000
03867024;161910000000
03868716;162514800000
03869093;163119600000
03870407;163724400000
03870406;163724400000
03870411;163724400000
03871013;163724400000
03871754;164329200000
03871756;164329200000
03871755;164329200000
03871760;164329200000
03872486;164329200000
03873193;164934000000
03873194;164934000000
03873046;164934000000
03876296;166143600000
03877799;166748400000
03877656;166748400000
03878546;166748400000
03878114;166748400000
03879116;167353200000
03879115;167353200000
03879114;167353200000
03879003;167353200000
03880373;167958000000
03880505;167958000000
03880504;167958000000
03880506;167958000000
03882526;168562800000
03883883;169167600000
03883244;169167600000
03883057;169167600000
03884563;169772400000
03884562;169772400000
03885864;170377200000
03885706;170377200000
03887272;170982000000
03888574;171586800000
03888573;171586800000
03888570;171586800000
03888572;171586800000
03888571;171586800000
03888780;171586800000
03891313;172796400000
03891312;172796400000
03891303;172796400000
03892477;173401200000
03893880;174006000000
03893756;174006000000
03893757;174006000000
03894796;174610800000
03894798;174610800000
03895862;175215600000
03895861;175215600000
03895863;175215600000
03895865;175215600000
03895766;175215600000
03896315;175215600000
03896465;175215600000
03896461;175215600000
03897142;175820400000
03897999;176425200000
03898000;176425200000
03898676;176425200000
03898679;176425200000
03898681;176425200000
03899245;177030000000
03899848;177634800000
03900251;177634800000
03901590;178239600000
03902798;178844400000
03902797;178844400000
03903358;178844400000
03904284;179449200000
03904283;179449200000
03904289;179449200000
03905693;180054000000
03905692;180054000000
03905691;180054000000
03905690;180054000000
03905701;180054000000
03907412;180658800000
03907413;180658800000
03907411;180658800000
03908882;181263600000
03908931;181263600000
03908930;181263600000
03909121;181263600000
03909120;181263600000
03910693;181868400000
03910692;181868400000
03911450;181868400000
03912381;182473200000
03912382;182473200000
03912383;182473200000
03912384;182473200000
03913116;182473200000
03913857;183078000000
03914491;183078000000
03914544;183078000000
03914540;183078000000
03914033;183078000000
03914035;183078000000
03914034;183078000000
03914036;183078000000
03915566;183682800000
03915565;183682800000
03917388;184287600000
03917394;184287600000
03917392;184287600000
03917144;184287600000
03917199;184287600000
03918073;184287600000
03918071;184287600000
03918802;184892400000
03918801;184892400000
03920332;185497200000
03920320;185497200000
03920321;185497200000
03920319;185497200000
03920318;185497200000
03920197;185497200000
03920198;185497200000
03921190;185497200000
03922077;186102000000
03922078;186102000000
03922075;186102000000
03922076;186102000000
03921935;186102000000
03921934;186102000000
03922185;186102000000
03923266;186706800000
03923271;186706800000
03923386;186706800000
03923387;186706800000
03923520;186706800000
03925797;187311600000
03924941;187311600000
03924940;187311600000
03924939;187311600000
03924822;187311600000
03924821;187311600000
03926512;187916400000
03926511;187916400000
03927847;188521200000
03927940;188521200000
03929304;189126000000
03931920;190335600000
03932187;190335600000
03932032;190335600000
03932033;190335600000
03933412;190940400000
03933413;190940400000
03934962;191545200000
03935524;191545200000
03936168;192150000000
03936166;192150000000
03936167;192150000000
03937378;192754800000
03937567;192754800000
03937568;192754800000
03938194;192754800000
03938721;193359600000
03938885;193359600000
03940777;193964400000
03940208;193964400000
03941463;194569200000
03941464;194569200000
03941462;194569200000
03941465;194569200000
03941287;194569200000
03942183;194569200000
03942882;195174000000
03942883;195174000000
03944349;195778800000
03944348;195778800000
03945718;196383600000
03945719;196383600000
03945079;196383600000
03945132;196383600000
03946410;196383600000
03947187;196984800000
03947101;196984800000
03947861;196984800000
03949287;197589600000
03949952;198194400000
03950775;198194400000
03950652;198194400000
03950084;198194400000
03950083;198194400000
03950086;198194400000
03951529;198799200000
03951536;198799200000
03951530;198799200000
03951531;198799200000
03951518;198799200000
03952319;198799200000
03952969;199404000000
03953871;199404000000
03953863;199404000000
03953104;199404000000
03953120;199404000000
03953116;199404000000
03954330;200008800000
03954214;200008800000
03955886;200613600000
03955887;200613600000
03955778;200613600000
03955779;200613600000
03957363;201218400000
03959580;201823200000
03958873;201823200000
03958872;201823200000
03958871;201823200000
03958870;201823200000
03958869;201823200000
03958868;201823200000
03960563;202428000000
03961956;203032800000
03963346;203637600000
03963335;203637600000
03963334;203637600000
03963333;203637600000
03963332;203637600000
03963331;203637600000
03964080;203637600000
03964826;204242400000
03964191;204242400000
03966312;204847200000
03966313;204847200000
03966315;204847200000
03966134;204847200000
03967886;205452000000
03967888;205452000000
03967887;205452000000
03967889;205452000000
03968506;205452000000
03968941;206056800000
03969021;206056800000
03969022;206056800000
03970385;206661600000
03970380;206661600000
03970377;206661600000
03970378;206661600000
03970379;206661600000
03971053;206661600000
03971071;206661600000
03972056;207266400000
03972604;207871200000
03972603;207871200000
03972606;207871200000
03972605;207871200000
03972607;207871200000
03973839;208476000000
03973841;208476000000
03973840;208476000000
03976376;209685600000
03977623;210290400000
03977776;210290400000
03977775;210290400000
03978504;210290400000
03978500;210290400000
03978497;210290400000
03979036;210895200000
03979161;210895200000
03979159;210895200000
03979774;210895200000
03979541;210895200000
03980254;211500000000
03980400;211500000000
03981570;212104800000
03981571;212104800000
03981572;212104800000
03982256;212104800000
03982826;212713200000
03982701;212713200000
03984179;213318000000
03984180;213318000000
03984181;213318000000
03984067;213318000000
03985430;213922800000
03986770;214527600000
03987461;214527600000
03989362;215737200000
03989363;215737200000
03989361;215737200000
03990087;215737200000
03990789;216342000000
03991956;216946800000
03991955;216946800000
03992305;216946800000
03992088;216946800000
03993404;217551600000
03994581;218156400000
03994577;218156400000
03994091;218156400000
03995285;218156400000
03995297;218156400000
03995291;218156400000
03995153;218156400000
03995946;218761200000
03995790;218761200000
03996597;218761200000
03997254;219366000000
03997253;219366000000
03997252;219366000000
03997251;219366000000
03999197;219970800000
03999192;219970800000
03998398;219970800000
03998532;219970800000
03998534;219970800000
03998533;219970800000
03999842;220575600000
03999843;220575600000
03999844;220575600000
04000496;220575600000
04000940;221180400000
04000941;221180400000
04002401;221785200000
04002517;221785200000
04003093;221785200000
04003064;221785200000
04003644;222390000000
04003643;222390000000
04003646;222390000000
04003645;222390000000
04003647;222390000000
04003653;222390000000
04004746;222994800000
04005445;222994800000
04005931;223599600000
04006976;224204400000
04006977;224204400000
04006975;224204400000
04006978;224204400000
04006979;224204400000
04007470;224204400000
04007889;224809200000
04009047;225414000000
04009949;226018800000
04009950;226018800000
04009951;226018800000
04009959;226018800000
04010480;226018800000
04010479;226018800000
04010910;226623600000
04012135;227228400000
04012134;227228400000
04013352;227833200000
04013339;227833200000
04015119;228438000000
04014112;228438000000
04015342;229039200000
04017177;229644000000
04017168;229644000000
04017167;229644000000
04017166;229644000000
04017182;229644000000
04018520;230248800000
04018518;230248800000
04018517;230248800000
04018519;230248800000
04018947;230248800000
04019695;230853600000
04019814;230853600000
04019817;230853600000
04020503;230853600000
04021104;231458400000
04021006;231458400000
04021846;231458400000
04023194;232063200000
04022525;232063200000
04023893;232668000000
04024557;232668000000
04025930;233272800000
04025174;233272800000
04026756;233877600000
04027318;233877600000
04027958;234482400000
04027956;234482400000
04027955;234482400000
04029405;235087200000
04031383;235692000000
04031560;235692000000
04030820;235692000000
04030818;235692000000
04030819;235692000000
04032224;236296800000
04032934;236296800000
04032801;236296800000
04033523;236901600000
04033681;236901600000
04033680;236901600000
04033683;236901600000
04033682;236901600000
04035067;237506400000
04035817;237506400000
04034935;237506400000
04036555;238111200000
04037955;238716000000
04037954;238716000000
04037951;238716000000
04037950;238716000000
04037948;238716000000
04037947;238716000000
04037949;238716000000
04037763;238716000000
04038453;238716000000
04038691;238716000000
04039256;239320800000
04041201;239925600000
04041510;239925600000
04041505;239925600000
04040730;239925600000
04042296;240530400000
04042297;240530400000
04042300;240530400000
04042189;240530400000
04043650;241135200000
04043649;241135200000
04043648;241135200000
04044364;241135200000
04045132;241740000000
04045821;241740000000
04045804;241740000000
04044756;241740000000
04047213;242344800000
04046465;242344800000
04046464;242344800000
04046615;242344800000
04049340;243554400000
04049907;243554400000
04050797;244162800000
04050795;244162800000
04050796;244162800000
04050793;244162800000
04050794;244162800000
04051496;244162800000
04052247;244767600000
04052126;244767600000
04052125;244767600000
04052023;244767600000
04052731;244767600000
04052712;244767600000
04053214;245372400000
04053934;245372400000
04054253;245977200000
04054920;245977200000
04055846;246582000000
04056312;247186800000
04057333;247791600000
04057335;247791600000
04057334;247791600000
04059349;249001200000
04059350;249001200000
04061232;250210800000
04061911;250210800000
04063259;250815600000
04063258;250815600000
04063671;251420400000
04064520;251420400000
04065209;252025200000
04067026;252630000000
04066348;252630000000
04066347;252630000000
04066346;252630000000
04066345;252630000000
04066963;252630000000
04068247;253234800000
04067647;253234800000
04068809;253839600000
04069989;254444400000
04070106;254444400000
04070107;254444400000
04070108;254444400000
04070098;254444400000
04071294;255049200000
04072280;255654000000
04072409;255654000000
04072962;255654000000
04073580;256258800000
04073581;256258800000
04073582;256258800000
04075018;256863600000
04076400;257468400000
04076396;257468400000
04077705;258073200000
04079398;258678000000
04078860;258678000000
04078765;258678000000
04080614;259282800000
04080615;259282800000
04080629;259282800000
04081211;259887600000
04082436;260488800000
04082437;260488800000
04081920;260488800000
04083057;260488800000
04084171;261093600000
04083480;261093600000
04083630;261093600000
04084893;261698400000
04084891;261698400000
04084892;261698400000
04085296;261698400000
04086005;262303200000
04087163;262908000000
04087165;262908000000
04087164;262908000000
04087634;262908000000
04088399;263512800000
04089596;264117600000
04089597;264117600000
04089490;264117600000
04090003;264117600000
04090209;264117600000
04090784;264722400000
04090783;264722400000
04090680;264722400000
04091275;264722400000
04091168;264722400000
04092062;265327200000
04092705;265327200000
04092654;265327200000
04092673;265327200000
04093142;265932000000
04093362;265932000000
04093363;265932000000
04093364;265932000000
04093365;265932000000
04093366;265932000000
04093371;265932000000
04094594;266536800000
04094595;266536800000
04094584;266536800000
04094603;266536800000
04095244;266536800000
04095249;266536800000
04095250;266536800000
04096500;267141600000
04097132;267746400000
04097133;267746400000
04097135;267746400000
04097166;267746400000
04097906;267746400000
04097881;267746400000
04098550;268351200000
04099869;268956000000
04100558;268956000000
04101209;269560800000
04101097;269560800000
04101910;269560800000
04103309;270165600000
04104656;270770400000
04104625;270770400000
04103993;270770400000
04106042;271375200000
04105306;271375200000
04105309;271375200000
04105307;271375200000
04105315;271375200000
04105311;271375200000
04105310;271375200000
04107712;271980000000
04106865;271980000000
04106864;271980000000
04106863;271980000000
04108542;272584800000
04108543;272584800000
04110017;273189600000
04110018;273189600000
04110019;273189600000
04110774;273189600000
04111536;273794400000
04114167;274399200000
04113366;274399200000
04113367;274399200000
04113368;274399200000
04113369;274399200000
04114994;275004000000
04114995;275004000000
04114996;275004000000
04114832;275004000000
04116400;275608800000
04116552;275608800000
04116551;275608800000
04116550;275608800000
04118737;276217200000
04118720;276217200000
04118714;276217200000
04119370;276822000000
04119371;276822000000
04119990;276822000000
04120572;277426800000
04120571;277426800000
04121786;278031600000
04121886;278031600000
04123765;278636400000
04123152;278636400000
04123153;278636400000
04124283;279241200000
04124784;279241200000
04125849;279846000000
04126386;280450800000
04128320;281660400000
04129363;282265200000
04131345;283474800000
04131344;283474800000
04131343;283474800000
04131342;283474800000
04132467;284079600000
04134649;285289200000
04134648;285289200000
04134526;285289200000
04135809;285894000000
04135784;285894000000
04135793;285894000000
04136935;286498800000
04136936;286498800000
04139382;287708400000
04139284;287708400000
04139283;287708400000
04139282;287708400000
04139285;287708400000
04140375;288313200000
04140374;288313200000
04140370;288313200000
04141629;288918000000
04141630;288918000000
04142193;288918000000
04142785;289522800000
04143952;290127600000
04143950;290127600000
04143951;290127600000
04143964;290127600000
04145231;290732400000
04145127;290732400000
04145126;290732400000
04145016;290732400000
04144991;290732400000
04146661;291337200000
04146312;291337200000
04146313;291337200000
04145966;291337200000
04146031;291337200000
04147408;291938400000
04148570;292543200000
04148566;292543200000
04148567;292543200000
04148568;292543200000
04148569;292543200000
04149782;293148000000
04149781;293148000000
04149792;293148000000
04150478;293752800000
04150883;293752800000
04150882;293752800000
04150881;293752800000
04150886;293752800000
04150885;293752800000
04150884;293752800000
04152053;294357600000
04152052;294357600000
04152061;294357600000
04153351;294962400000
04153352;294962400000
04153350;294962400000
04153362;294962400000
04154514;295567200000
04155634;296172000000
04155514;296172000000
04155646;296172000000
04156563;296776800000
04157217;297381600000
04157214;297381600000
04157570;297381600000
04157865;297986400000
04157866;297986400000
04158490;298591200000
04158489;298591200000
04158488;298591200000
04158487;298591200000
04159167;299196000000
04159163;299196000000
04159868;299800800000
04160999;300405600000
04160585;300405600000
04161365;301010400000
04161756;301010400000
04161758;301010400000
04162829;302220000000
04165926;304639200000
04168114;306453600000
04168115;306453600000
04168888;307058400000
04168886;307058400000
04168885;307058400000
04169658;307666800000
04169667;307666800000
04169666;307666800000
04169566;307666800000
04170407;308271600000
04171898;309481200000
04171896;309481200000
04171881;309481200000
04171885;309481200000
04172640;310086000000
04174157;311295600000
04174887;311900400000
04174888;311900400000
04175840;312505200000
04175719;312505200000
04176923;313110000000
04176924;313110000000
04176922;313110000000
04176701;313110000000
04178090;313714800000
04179199;314319600000
04179198;314319600000
04179197;314319600000
04181410;315529200000
04182554;316134000000
04183641;316738800000
04183640;316738800000
04183634;316738800000
04183633;316738800000
04183632;316738800000
04183639;316738800000
04183635;316738800000
04183534;316738800000
04184753;317343600000
04184757;317343600000
04185297;317343600000
04185899;317948400000
04185898;317948400000
04187021;318553200000
04187008;318553200000
04187009;318553200000
04187010;318553200000
04186891;318553200000
04186892;318553200000
04188099;319158000000
04188098;319158000000
04188115;319158000000
04189228;319762800000
04190216;320367600000
04191460;320972400000
04192585;321577200000
04192588;321577200000
04193667;322182000000
04194816;322786800000
04194817;322786800000
04195425;323391600000
04196990;323992800000
04196985;323992800000
04196983;323992800000
04196984;323992800000
04196873;323992800000
04198152;324597600000
04198135;324597600000
04198134;324597600000
04198133;324597600000
04198136;324597600000
04199246;325202400000
04199244;325202400000
04199220;325202400000
04199233;325202400000
04199232;325202400000
04200364;325807200000
04200363;325807200000
04200372;325807200000
04202614;327016800000
04202611;327016800000
04202610;327016800000
04203656;327621600000
04203655;327621600000
04204752;328226400000
04204751;328226400000
04205803;328831200000
04206981;329436000000
04206982;329436000000
04206983;329436000000
04208018;330040800000
04208028;330040800000
04208108;330040800000
04209235;330645600000
04211580;331855200000
04212528;332460000000
04212521;332460000000
04212673;332460000000
04214285;333064800000
04214823;333669600000
04214822;333669600000
04214821;333669600000
04215921;334274400000
04215920;334274400000
04217042;334879200000
04217050;334879200000
04217615;334879200000
04217606;334879200000
04218117;335484000000
04218116;335484000000
04218115;335484000000
04218133;335484000000
04218801;336088800000
04219259;336088800000
04220405;336693600000
04220403;336693600000
04222540;337903200000
04222648;337903200000
04223985;338508000000
04225881;339116400000
04226510;339721200000
04226511;339721200000
04226512;339721200000
04227326;340326000000
04227784;340326000000
04227781;340326000000
04227783;340326000000
04227782;340326000000
04229083;340930800000
04231642;342140400000
04233634;342745200000
04234244;343350000000
04235503;343954800000
04235534;343954800000
04235532;343954800000
04235533;343954800000
04235531;343954800000
04235660;343954800000
04236794;344559600000
04238145;345164400000
04238144;345164400000
04238143;345164400000
04238148;345164400000
04239354;345769200000
04239356;345769200000
04240742;346374000000
04240720;346374000000
04240727;346374000000
04240726;346374000000
04240731;346374000000
04243315;347583600000
04244500;348188400000
04244640;348188400000
04244644;348188400000
04244289;348188400000
04245298;348188400000
04245897;348793200000
04245906;348793200000
04247058;349398000000
04247180;349398000000
04247183;349398000000
04248507;350002800000
04249805;350607600000
04251140;351212400000
04253749;352422000000
04253748;352422000000
04255765;353026800000
04255026;353026800000
04255025;353026800000
04256389;353631600000
04257695;354236400000
04257693;354236400000
04258987;354837600000
04258986;354837600000
04260229;355442400000
04264166;357256800000
04264168;357256800000
04264157;357256800000
04265528;357861600000
04268173;359071200000
04269489;359676000000
04273426;361490400000
04273423;361490400000
04272187;361490400000
04272167;361490400000
04275412;362095200000
04274731;362095200000
04274730;362095200000
04274718;362095200000
04276371;362700000000
04276547;362700000000
04277152;363304800000
04278142;363909600000
04278332;363909600000
04278333;363909600000
04278340;363909600000
04279481;364514400000
04279055;364514400000
04281909;365724000000
04281913;365724000000
04283766;366328800000
04283863;366933600000
04284332;366933600000
04285480;367538400000
04285581;367538400000
04286857;368143200000
04286881;368143200000
04288150;368748000000
04290083;369352800000
04290679;369957600000
04291958;370566000000
04295153;371775600000
04294523;371775600000
04294531;371775600000
04295266;372380400000
04295713;372380400000
04297009;372985200000
04298149;373590000000
04298255;373590000000
04299457;374194800000
04299460;374194800000
04300167;374194800000
04300823;374799600000
04300822;374799600000
04301591;375404400000
04302097;375404400000
04302086;375404400000
04303320;376009200000
04303319;376009200000
04303316;376009200000
04305095;376614000000
04305131;376614000000
04304481;376614000000
04305645;377218800000
04306781;377823600000
04306794;377823600000
04306795;377823600000
04307946;378428400000
04309098;379033200000
04311369;380242800000
04311378;380242800000
04312576;380847600000
04313677;381452400000
04313653;381452400000
04314750;382057200000
04314744;382057200000
04315281;382057200000
04316656;383266800000
04316655;383266800000
04318605;384476400000
04318596;384476400000
04319801;385081200000
04319812;385081200000
04319837;385081200000
04320942;385686000000
04320941;385686000000
04320947;385686000000
04322043;386287200000
04322140;386287200000
04323920;386892000000
04323303;386892000000
04324488;387496800000
04324464;387496800000
04324465;387496800000
04326781;388706400000
04326782;388706400000
04326772;388706400000
04327983;389311200000
04330183;390520800000
04331396;391125600000
04331395;391125600000
04333152;391730400000
04333715;392335200000
04333716;392335200000
04334740;392940000000
04336984;394149600000
04339180;395359200000
04340286;395964000000
04340663;395964000000
04341446;396568800000
04346403;398988000000
04346987;399592800000
04346976;399592800000
04346975;399592800000
04348089;400197600000
04348187;400197600000
04349257;400802400000
04349252;400802400000
04350417;401407200000
04350428;401407200000
04351497;402015600000
04351590;402015600000
04354203;403225200000
04353645;403225200000
04357073;405039600000
04357081;405039600000
04357082;405039600000
04360254;406854000000
04360579;406854000000
04363538;408668400000
04365876;409878000000
04365875;409878000000
04365877;409878000000
04367020;410482800000
04367930;411087600000
04367931;411087600000
04368587;411692400000
04368960;411692400000
04368961;411692400000
04370041;412297200000
04370035;412297200000
04370409;412297200000
04370408;412297200000
04371239;412902000000
04371240;412902000000
04372656;413506800000
04373794;414111600000
04373791;414111600000
04375914;415926000000
04378148;417736800000
04383274;421365600000
04383287;421365600000
04382665;421365600000
04383742;421970400000
04385958;423180000000
04385814;423180000000
04389106;424994400000
04390270;425599200000
04391902;426204000000
04392743;426808800000
04394075;427413600000
04394989;428018400000
04397911;429228000000
04397532;429228000000
04398281;429228000000
04399327;429832800000
04398469;429832800000
04398723;429832800000
04398815;429832800000
04398799;429832800000
04402597;431647200000
04402581;431647200000
04403746;432252000000
04403747;432252000000
04405218;432856800000
04405217;432856800000
04405093;432856800000
04406529;433465200000
04406528;433465200000
04408838;434674800000
04408835;434674800000
04408860;434674800000
04410246;435279600000
04410247;435279600000
04411503;435884400000
04414565;437094000000
04414608;437094000000
04417791;438908400000
04418994;439513200000
04418993;439513200000
04418995;439513200000
04420238;440118000000
04420231;440118000000
04420230;440118000000
04421395;440722800000
04421486;440722800000
04422737;441327600000
04424529;441932400000
04427273;443746800000
04429353;444351600000
04429962;444956400000
04431280;445561200000
04433907;446770800000
04433903;446770800000
04435053;447375600000
04436369;447980400000
04437753;448585200000
04437745;448585200000
04437552;448585200000
04441796;450396000000
04441667;450396000000
04445187;451605600000
04446526;452210400000
04446205;452210400000
04448362;453420000000
04451128;454629600000
04452523;455234400000
04453234;455234400000
04453682;455839200000
04453809;455839200000
04455076;456444000000
04456349;457048800000
04457599;457653600000
04458992;458258400000
04460253;458863200000
04461553;459468000000
04461552;459468000000
04464029;460677600000
04464028;460677600000
04466714;461887200000
04467983;462492000000
04472037;464306400000
04472742;464306400000
04474439;465519600000
04474443;465519600000
04477160;466729200000
04478908;467334000000
04480893;468543600000
04482222;469148400000
04483599;469753200000
04483612;469753200000
04487491;471567600000
04489480;472777200000
04491399;473382000000
04494864;475196400000
04496228;475801200000
04498745;477010800000
04498744;477010800000
04498747;477010800000
04501478;478220400000
04501479;478220400000
04504130;479430000000
04504025;479430000000
04505558;480034800000
04506970;480639600000
04509173;481240800000
04509061;481240800000
04509835;481845600000
04509836;481845600000
04510525;481845600000
04514068;483660000000
04515455;484264800000
04519691;486079200000
04519701;486079200000
04523204;487288800000
04522475;487288800000
04522476;487288800000
04522352;487288800000
04523725;487893600000
04523829;487893600000
04525045;488498400000
04525745;488498400000
04527872;489708000000
04531159;490917600000
04531822;491522400000
04531819;491522400000
04534629;492732000000
04534630;492732000000
04534632;492732000000
04536066;493336800000
04536069;493336800000
04537482;493941600000
04537481;493941600000
04540255;495151200000
04540256;495151200000
04542865;496360800000
04543609;496360800000
04544259;496969200000
04544247;496969200000
04545517;497574000000
04545659;497574000000
04547050;498178800000
04547051;498178800000
04548468;498783600000
04548492;498783600000
04549796;499388400000
04550994;499993200000
04551764;499993200000
04551763;499993200000
04551827;499993200000
04553170;500598000000
04552322;500598000000
04553833;501202800000
04555167;501807600000
04556913;502412400000
04556907;502412400000
04556301;502412400000
04556283;502412400000
04557570;503017200000
04558367;503017200000
04558368;503017200000
04558935;503622000000
04560260;504226800000
04560931;504226800000
04562477;504831600000
04562476;504831600000
04564856;506041200000
04567526;507250800000
04566768;507250800000
04569026;507855600000
04568160;507855600000
04568165;507855600000
04569577;508460400000
04571616;509065200000
04572460;509670000000
04574319;510274800000
04575230;510879600000
04576456;511484400000
04576455;511484400000
04577302;511484400000
04578708;512089200000
04577944;512089200000
04579434;512690400000
04581729;513295200000
04580886;513295200000
04583123;513900000000
04584615;514504800000
04588272;516319200000
04589750;516924000000
04591250;517528800000
04591248;517528800000
04591238;517528800000
04592632;518133600000
04592522;518133600000
04593985;518738400000
04594733;518738400000
04596451;519948000000
04597633;520552800000
04600297;521762400000
04600284;521762400000
04600281;521762400000
04600280;521762400000
04601557;522367200000
04602857;522972000000
04602858;522972000000
04603099;522972000000
04603030;522972000000
04603952;523576800000
04604652;523576800000
04606625;524786400000
04607804;525391200000
04609942;525996000000
04611894;527205600000
04613220;527810400000
04613911;527810400000
04614943;528418800000
04615597;529023600000
04620266;530838000000
04619507;530838000000
04621785;532047600000
04623223;532652400000
04624550;533257200000
04625938;533862000000
04626091;533862000000
04627695;534466800000
04629604;535071600000
04630907;535676400000
04630913;535676400000
04630911;535676400000
04632541;536281200000
04635150;536886000000
04634244;536886000000
04634248;536886000000
04636846;537490800000
04637701;538095600000
04637680;538095600000
04641918;539910000000
04642692;539910000000
04642945;540514800000
04643548;540514800000
04646146;541119600000
04645320;541119600000
04645318;541119600000
04649431;542329200000
04650305;542934000000
04650282;542934000000
04651228;542934000000
04652100;543538800000
04652238;543538800000
04655567;544744800000
04655566;544744800000
04656506;544744800000
04657805;545349600000
04657220;545349600000
04657267;545349600000
04659199;545954400000
04659198;545954400000
04662732;547164000000
04666271;548373600000
04668992;548978400000
04669841;549583200000
04669840;549583200000
04669865;549583200000
04672436;550188000000
04671632;550188000000
04671467;550188000000
04673267;550792800000
04673266;550792800000
04673268;550792800000
04674702;551397600000
04676613;552002400000
04678299;552607200000
04678298;552607200000
04685649;555631200000
04685790;555631200000
04692004;558050400000
04695141;559260000000
04695891;559260000000
04695887;559260000000
04695953;559260000000
04697896;560473200000
04699483;561078000000
04699484;561078000000
04702699;562287600000
04702577;562287600000
04705371;563497200000
04705374;563497200000
04705375;563497200000
04705380;563497200000
04707091;564102000000
04708447;564706800000
04710819;565311600000
04711543;565916400000
04713686;566521200000
04714184;567126000000
04714319;567126000000
04717343;568335600000
04720805;569545200000
04725863;571964400000
04725135;571964400000
04729536;573778800000
04731677;574383600000
04730918;574383600000
04733259;574988400000
04737464;576799200000
04739357;577404000000
04739411;577404000000
04740076;578008800000
04740073;578008800000
04743108;579218400000
04744650;579823200000
04744651;579823200000
04746207;580428000000
04746949;580428000000
04746944;580428000000
04750832;582242400000
04750810;582242400000
04751570;582242400000
04752065;582847200000
04754297;583452000000
04754875;584056800000
04757970;585266400000
04760443;585871200000
04760419;585871200000
04761675;586476000000
04763151;587080800000
04764008;587685600000
04767079;588895200000
04769678;589500000000
04769681;589500000000
04772952;590709600000
04772902;590709600000
04775352;591922800000
04777513;592527600000
04778093;593132400000
04779974;593737200000
04782365;594342000000
04781337;594342000000
04783165;594946800000
04789889;597366000000
04796039;599785200000
04796990;600390000000
04798376;600994800000
04806964;604018800000
04807039;604018800000
04811042;605228400000
04811058;605228400000
04815013;606438000000
04816860;607039200000
04816857;607039200000
04815819;607039200000
04819016;607644000000
04821106;608248800000
04826310;610063200000
04827532;610063200000
04832481;611877600000
04835555;612482400000
04835621;612482400000
04836463;613087200000
04836647;613087200000
04838344;613692000000
04838685;613692000000
04841291;614296800000
04844367;615506400000
04847543;616111200000
04847693;616111200000
04849778;616716000000
04854696;618530400000
04859994;619740000000
04860037;619740000000
04861157;620344800000
04862278;620344800000
04863262;620949600000
04864335;620949600000
04864334;620949600000
04864362;620949600000
04866355;621554400000
04868588;622159200000
04870368;622767600000
04872750;623977200000
04874162;624582000000
04877200;625791600000
04878843;626396400000
04889424;630630000000
04889423;630630000000
04892404;631839600000
04893198;631839600000
04893898;632444400000
04893921;632444400000
04896960;633654000000
04900293;634863600000
04901933;635468400000
04903906;636073200000
04907030;636678000000
04907024;636678000000
04907873;637282800000
04908641;637282800000
04910545;637887600000
04913539;639093600000
04916485;639698400000
04915496;639698400000
04915497;639698400000
04918485;640303200000
04919197;640908000000
04920367;640908000000
04921342;641512800000
04925294;642722400000
04927238;643327200000
04927261;643327200000
04928900;643932000000
04930721;644536800000
04933693;645141600000
04933691;645141600000
04933881;645141600000
04934824;645746400000
04938586;646956000000
04938585;646956000000
04941041;647560800000
04942566;648165600000
04943820;648770400000
04946272;649980000000
04946258;649980000000
04949106;650584800000
04949108;650584800000
04951076;651189600000
04950071;651189600000
04952051;651794400000
04952953;651794400000
04957361;653608800000
04958781;654213600000
04959798;654213600000
04962396;655426800000
04962420;655426800000
04963015;656031600000
04963904;656031600000
04963906;656031600000
04965627;656636400000
04966436;657241200000
04966454;657241200000
04967282;657241200000
04968132;657846000000
04971435;659055600000
04974096;659660400000
04973151;659660400000
04973150;659660400000
04977419;660870000000
04977323;660870000000
04976387;660870000000
04978984;661474800000
04979021;661474800000
04980762;662079600000
04980565;662079600000
04982092;662684400000
04983991;663289200000
04984087;663289200000
04987047;664498800000
04989466;665708400000
04991955;666313200000
04993828;666918000000
04994851;666918000000
04997270;668127600000
04998283;668127600000
04999713;668732400000
05002387;669942000000
05005030;670543200000
05004335;670543200000
05005967;671148000000
05006873;671148000000
05007707;671752800000
05008804;671752800000
05009499;672357600000
05010414;672357600000
05012265;672962400000
05012271;672962400000
05013147;673567200000
05015089;674172000000
05015088;674172000000
05015933;674172000000
05014929;674172000000
05016030;674172000000
05020899;675986400000
05021820;675986400000
05021824;675986400000
05023637;676591200000
05023725;676591200000
05022604;676591200000
05024521;677196000000
05024522;677196000000
05027144;677800800000
05026152;677800800000
05029313;678405600000
05031122;679010400000
05029795;679010400000
05029997;679010400000
05034836;680220000000
05036343;680824800000
05037195;681429600000
05039050;682034400000
05041933;682639200000
05042941;683244000000
05049911;685058400000
05048948;685058400000
05050984;685663200000
05050985;685663200000
05051835;685663200000
05052796;686271600000
05054725;686876400000
05054909;686876400000
05056745;687481200000
05056911;687481200000
05059019;688086000000
05058842;688086000000
05061061;688690800000
05064062;689900400000
05064109;689900400000
05065180;689900400000
05068646;691110000000
05067808;691110000000
05067807;691110000000
05072162;692319600000
05072254;692319600000
05073022;692924400000
05073788;692924400000
05074657;693529200000
05076686;694134000000
05077575;694134000000
05081478;695343600000
05080479;695343600000
05083147;695948400000
05082357;695948400000
05083860;696553200000
05088812;698367600000
05088813;698367600000
05092670;699577200000
05096288;700786800000
05096287;700786800000
05096286;700786800000
05098182;701391600000
05099320;701391600000
05101268;701992800000
05100228;701992800000
05106185;703807200000
05108171;704412000000
05111241;705016800000
05111236;705016800000
05110201;705016800000
05113236;705621600000
05117221;706831200000
05117249;706831200000
05119234;707436000000
05121977;708645600000
05121982;708645600000
05123727;709250400000
05125041;709250400000
05125733;709855200000
05125732;709855200000
05130745;711064800000
05132724;711669600000
05136397;712879200000
05137346;713484000000
05137348;713484000000
05141306;714693600000
05146266;715903200000
05146264;715903200000
05146249;715903200000
05151725;717721200000
05153733;718326000000
05153620;718326000000
05153625;718326000000
05155510;718930800000
05159198;720140400000
05159362;720140400000
05160949;720745200000
05160948;720745200000
05165186;722559600000
05166840;722559600000
05170197;723769200000
05171038;724374000000
05175573;725583600000
05175575;725583600000
05174517;725583600000
05174516;725583600000
05177513;726188400000
05177516;726188400000
05179399;726793200000
05184158;728607600000
05184521;729212400000
05187508;729817200000
05189451;730422000000
05190256;731026800000
05191449;731026800000
05192969;731631600000
05193015;731631600000
05194892;732236400000
05198902;733442400000
05197700;733442400000
05197702;733442400000
05204706;735256800000
05208891;736466400000
05216540;738885600000
05218403;739490400000
05218388;739490400000
05220848;740700000000
05223867;741304800000
05225863;741909600000
05225860;741909600000
05225861;741909600000
05225350;741909600000
05224675;741909600000
05227819;742514400000
05229810;743119200000
05229798;743119200000
05231451;743724000000
05237352;745538400000
05237353;745538400000
05240220;746748000000
05243369;747352800000
05243370;747352800000
05242306;747352800000
05247323;748562400000
05257066;751590000000
05257065;751590000000
05258807;752194800000
05264881;754009200000
05264882;754009200000
05264897;754009200000
05266979;754614000000
05266980;754614000000
05268539;755218800000
05268734;755218800000
05270751;755823600000
05272473;756428400000
05271106;756428400000
05280314;758847600000
05282029;759452400000
05285225;760662000000
05287175;761266800000
05289215;761871600000
05300976;765496800000
05302989;766101600000
05305149;766706400000
05305034;766706400000
05312304;769125600000
05313522;769125600000
05321456;771544800000
05321396;771544800000
05323206;772149600000
05323193;772149600000
05326058;773359200000
05327182;773359200000
05328073;773964000000
05328074;773964000000
05331359;774568800000
05333020;775173600000
05333202;775173600000
05332136;775173600000
05337120;776383200000
05337096;776383200000
05339123;776988000000
05341182;777592800000
05343272;778197600000
05345286;778802400000
05347644;779407200000
05353089;781225200000
05361106;783644400000
05360196;783644400000
05361444;784249200000
05363157;784249200000
05363158;784249200000
05363156;784249200000
05365294;784854000000
05367348;785458800000
05366172;785458800000
05376978;788482800000
05381204;789692400000
05386257;791506800000
05386255;791506800000
05386256;791506800000
05389972;792716400000
05389987;792716400000
05389992;792716400000
05394205;793926000000
05400200;795740400000
05402191;796341600000
05402166;796341600000
05418579;801180000000
05420626;801784800000
05424791;802994400000
05423467;802994400000
05428418;804204000000
05429332;804808800000
05432586;805413600000
05432597;805413600000
05433670;806018400000
05436682;806623200000
05435515;806623200000
05440361;807832800000
05448322;810252000000
05447828;810252000000
05450146;810856800000
05453802;812070000000
05455647;812674800000
05457507;813279600000
05459537;813884400000
05463432;815094000000
05462214;815094000000
05465144;815698800000
05467159;816303600000
05467906;816908400000
05469295;816908400000
05469236;816908400000
05469313;816908400000
05471263;817513200000
05471296;817513200000
05477282;819327600000
05479351;819932400000
05479223;819932400000
05481321;820537200000
05483293;821142000000
05483306;821142000000
05485232;821746800000
05486914;822351600000
05487665;822956400000
05491464;824166000000
05491585;824166000000
05499051;826585200000
05500702;827190000000
05506639;829000800000
05506907;829000800000
05508761;829605600000
05515119;831420000000
05517262;832024800000
05517300;832024800000
05519442;832629600000
05518869;832629600000
05521922;833234400000
05521663;833234400000
05523996;833839200000
05523820;833839200000
05526075;834444000000
05528324;835048800000
05528425;835048800000
05529232;835653600000
05532777;836258400000
05532773;836258400000
05534954;836863200000
05535137;836863200000
05537165;837468000000
05539487;838072800000
05539483;838072800000
05540408;838677600000
05541820;838677600000
05543868;839282400000
05543869;839282400000
05543274;839282400000
05546143;839887200000
05550603;841096800000
05553049;841701600000
05561519;844120800000
05561518;844120800000
05561483;844120800000
05560966;844120800000
05563751;844725600000
05563668;844725600000
05565912;845330400000
05565960;845330400000
05568189;845935200000
05570153;846543600000
05570177;846543600000
05572271;847148400000
05572317;847148400000
05574909;847753200000
05576153;848358000000
05579071;848962800000
05579064;848962800000
05581402;849567600000
05581313;849567600000
05585967;850777200000
05587749;851382000000
05587750;851382000000
05594513;853196400000
05596380;853801200000
05600206;855010800000
05600617;855010800000
05600388;855010800000
05600384;855010800000
05601353;855615600000
05601265;855615600000
05602617;855615600000
05607823;857430000000
05608473;857430000000
05608474;857430000000
05608805;857430000000
05610674;858034800000
05612755;858639600000
05617158;859845600000
05621489;861055200000
05621490;861055200000
05623709;861660000000
05627614;862869600000
05633696;864684000000
05638151;865893600000
05639585;866498400000
05640228;866498400000
05640222;866498400000
05642285;867103200000
05644376;867708000000
05644377;867708000000
05646747;868312800000
05650794;869522400000
05652642;870127200000
05659382;871941600000
05659323;871941600000
05666185;873756000000
05666188;873756000000
05668595;874360800000
05671089;874965600000
05673098;875570400000
05678089;876780000000
05677752;876780000000
05677753;876780000000
05678822;877384800000
05687943;879807600000
05691801;880412400000
05701171;882831600000
05704061;883436400000
05706074;884041200000
05710616;885250800000
05717453;887065200000
05719620;887670000000
05721586;888274800000
05725979;889484400000
05727242;889484400000
05734171;891295200000
05740294;892504800000
05739895;892504800000
05739894;892504800000
05740802;893109600000
05742862;893109600000
05741136;893109600000
05745213;893714400000
05748199;894319200000
05752112;894924000000
05751402;894924000000
05751398;894924000000
05751397;894924000000
05754359;895528800000
05753402;895528800000
05757465;896133600000
05758209;896133600000
05758196;896133600000
05760873;896738400000
05760874;896738400000
05761349;896738400000
05762413;897343200000
05768647;897948000000
05768648;897948000000
05779016;900367200000
05784966;901576800000
05786854;901576800000
05786847;901576800000
05790236;902181600000
05790124;902181600000
05790910;902181600000
05797054;903391200000
05798818;903996000000
05802181;904600800000
05802412;904600800000
05805243;905205600000
05808722;905810400000
05806953;905810400000
05820061;908229600000
05822438;908229600000
05825540;908834400000
05832320;910047600000
05835193;910652400000
05835385;910652400000
05838360;911257200000
05841513;911862000000
05841512;911862000000
05841514;911862000000
05850277;913676400000
05856862;915490800000
05856057;915490800000
05861909;916700400000
05870171;918514800000
05870170;918514800000
05872615;919119600000
05871167;919119600000
05875020;919724400000
05877842;920329200000
05880788;920934000000
05880815;920934000000
05881321;920934000000
05883696;921538800000
05883695;921538800000
05886771;922143600000
05886772;922143600000
05898475;925164000000
05900925;925768800000
05901849;926373600000
05903337;926373600000
05905564;926978400000
05907439;927583200000
05920376;931212000000
05920350;931212000000
05923402;931816800000
05923400;931816800000
05933664;933631200000
05940645;934840800000
05940167;934840800000
05938447;934840800000
05941472;935445600000
05946027;936050400000
05946076;936050400000
05946500;936050400000
05949522;936655200000
05959716;938469600000
05959717;938469600000
05963303;939074400000
05963302;939074400000
05964064;939679200000
05972440;940888800000
05971631;940888800000
05974272;940888800000
05974978;941497200000
05991551;943311600000
05991003;943311600000
05988817;943311600000
05992780;943916400000
06000163;945126000000
06011610;946940400000
06012242;947545200000
06014198;947545200000
06016183;948150000000
06016182;948150000000
06020952;949359600000
06019326;949359600000
06019473;949359600000
06025902;950569200000
06027258;951174000000
06027257;951174000000
06028972;951174000000
06028657;951174000000
06028658;951174000000
06030130;951778800000
06033128;952383600000
06032843;952383600000
06038361;952988400000
06038071;952988400000
06038010;952988400000
06044101;954194400000
06048066;955404000000
06052539;956008800000
06056450;957218400000
06056406;957218400000
06061462;957823200000
06065015;958428000000
06072760;960242400000
06072627;960242400000
06078354;961452000000
06081293;962056800000
06084654;962661600000
06088527;963266400000
06086207;963266400000
06090344;963871200000
06095453;965080800000
06097468;965080800000
06101591;965685600000
06108130;966895200000
06118113;968709600000
06120151;969314400000
06128132;970524000000
06141079;972946800000
06139153;972946800000
06142632;973551600000
06144440;973551600000
06154251;975366000000
06157434;975970800000
06157438;975970800000
06160607;976575600000
06161933;977180400000
06169595;978390000000
06169368;978390000000
06172734;978994800000
06175454;979599600000
06183089;981414000000
06183087;981414000000
06188806;982018800000
06191842;982623600000
06195185;983228400000
06198524;983833200000
06211940;986248800000
06211941;986248800000
06215544;986853600000
06220730;988063200000
06233003;989877600000
06232033;989877600000
06239857;991087200000
06243156;991692000000
06242150;991692000000
06244759;992296800000
06246461;992296800000
06247857;992901600000
06249386;992901600000
06259865;994716000000
06257725;994716000000
06260971;995320800000
06264330;995925600000
06266124;995925600000
06281930;998949600000
06283645;999554400000
06293676;1001368800000
06295178;1001368800000
06296359;1001973600000
06301447;1002578400000
06313865;1005001200000
06317194;1005606000000
06317191;1005606000000
06318861;1006210800000
06323971;1006815600000
06325556;1007420400000
06327020;1007420400000
06334687;1009839600000
06339680;1011049200000
06339455;1011049200000
06338503;1011049200000
06341010;1011654000000
06345919;1013468400000
06347892;1014073200000
06351302;1014678000000
06351720;1014678000000
06353468;1015282800000
06354706;1015887600000
06354750;1015887600000
06354544;1015887600000
06356296;1015887600000
06359675;1016492400000
06363225;1017097200000
06384893;1020722400000
06392133;1021932000000
06393134;1021932000000
06407798;1024351200000
06412972;1025560800000
06416185;1026165600000
06416027;1026165600000
06417910;1026165600000
06422702;1027375200000
06425666;1027980000000
06425697;1027980000000
06429922;1028584800000
06443590;1031004000000
06445814;1031004000000
06450706;1032213600000
06450644;1032213600000
06452660;1032213600000
06457827;1033423200000
06466183;1034632800000
06469776;1035237600000
06471355;1035846000000
06474615;1036450800000
06478427;1037055600000
06478426;1037055600000
06483644;1037660400000
06483568;1037660400000
06485144;1038265200000
06501530;1041289200000
06505798;1042498800000
06513932;1044313200000
06513933;1044313200000
06517207;1044918000000
06520641;1045522800000
06520642;1045522800000
06522838;1045522800000
06523956;1046127600000
06523957;1046127600000
06524020;1046127600000
06525801;1046127600000
06526232;1046127600000
06530667;1047337200000
06531696;1047337200000
06535269;1047942000000
06538732;1048546800000
06542217;1049148000000
06545742;1049752800000
06545741;1049752800000
06545740;1049752800000
06550922;1050962400000
06550921;1050962400000
06554500;1051567200000
06556272;1051567200000
06556273;1051567200000
06556256;1051567200000
06558050;1052172000000
06564486;1053381600000
06573973;1054591200000
06577377;1055196000000
06578971;1055800800000
06578967;1055800800000
06579016;1055800800000
06582082;1056405600000
06584374;1056405600000
06585428;1057010400000
06588904;1057615200000
06588907;1057615200000
06592228;1058220000000
06593994;1058220000000
06595704;1058824800000
06604831;1060639200000
06608249;1061244000000
06608461;1061244000000
06621552;1063663200000
06623120;1064268000000
06624874;1064268000000
06624873;1064268000000
06630983;1065477600000
06639649;1067295600000
06641010;1067900400000
06646800;1068505200000
06650396;1069110000000
06654664;1069714800000
06661496;1070924400000
06665985;1072134000000
06669346;1072738800000
06669380;1072738800000
06684130;1075158000000
06685148;1075762800000
06688747;1076367600000
06697171;1077577200000
06697573;1077577200000
06700640;1078182000000
06701030;1078182000000
06704460;1078786800000
06702445;1078786800000
06705773;1079391600000
06709172;1079996400000
06709171;1079996400000
06710844;1079996400000
06712477;1080597600000
06714173;1080597600000
06715223;1081202400000
06715939;1081202400000
06717615;1081202400000
06718666;1081807200000
06721500;1081807200000
06727971;1083016800000
06731370;1083621600000
06736512;1084831200000
06736527;1084831200000
06738575;1084831200000
06741323;1085436000000
06741809;1085436000000
06744487;1086040800000
06744488;1086040800000
06742896;1086040800000
06749304;1087250400000
06750943;1087250400000
06750942;1087250400000
06751412;1087250400000
06754008;1087855200000
06755531;1088460000000
06762794;1089669600000
06771349;1091484000000
06769771;1091484000000
06773110;1092088800000
06773113;1092088800000
06775475;1092088800000
06776488;1092693600000
06778252;1092693600000
06778253;1092693600000
06778254;1092693600000
06778775;1092693600000
06782139;1093298400000
06783084;1093903200000
06784971;1093903200000
06788382;1094508000000
06789344;1095112800000
06793415;1095717600000
06793347;1095717600000
06795159;1095717600000
06795158;1095717600000
06801294;1096927200000
06801127;1096927200000
06803988;1097532000000
06803987;1097532000000
06807760;1098741600000
06809792;1098741600000
06812994;1099350000000
06814448;1099954800000
06819459;1100559600000
06819395;1100559600000
06819394;1100559600000
06819867;1100559600000
06822726;1101164400000
06823080;1101164400000
06820980;1101164400000
06824320;1101769200000
06824272;1101769200000
06829033;1102374000000
06829392;1102374000000
06830337;1102978800000
06831729;1102978800000
06834960;1104188400000
06842218;1105398000000
06842219;1105398000000
06844912;1106002800000
06850351;1107212400000
06849366;1107212400000
06853331;1107817200000
06853438;1107817200000
06856375;1108422000000
06865030;1110236400000
06868229;1110841200000
06869191;1111446000000
06870596;1111446000000
06871961;1112047200000
06873395;1112047200000
06876432;1112652000000
06876433;1112652000000
06876434;1112652000000
06874889;1112652000000
06877864;1113256800000
06877857;1113256800000
06883917;1114466400000
06885428;1114466400000
06886280;1115071200000
06898326;1116885600000
06909489;1119304800000
06912039;1119909600000
06914662;1120514400000
06918671;1121724000000
06923542;1122933600000
06927797;1123538400000
06927769;1123538400000
06930752;1124143200000
06930759;1124143200000
06934002;1124748000000
06940580;1125957600000
06961459;1130799600000
06965397;1132009200000
06972829;1133823600000
06972828;1133823600000
06980253;1135638000000
06980276;1135638000000
06982780;1136242800000
06983082;1136242800000
06985206;1136847600000
06988802;1138057200000
06994436;1139266800000
06997557;1139871600000
06999071;1139871600000
07000879;1140476400000
07007331;1141686000000
07009698;1141686000000
07009561;1141686000000
07011417;1142290800000
07012669;1142290800000
07016011;1142895600000
07021767;1144101600000
07025466;1144706400000
07027124;1144706400000
07030956;1145311200000
07034916;1145916000000
07037006;1146520800000
07036777;1146520800000
07043019;1147125600000
07046159;1147730400000
07050142;1148335200000
07053978;1148940000000
07055791;1149544800000
07059783;1150149600000
07070277;1151964000000
07070283;1151964000000
07071942;1151964000000
07071402;1151964000000
07077529;1153173600000
07093939;1156197600000
07097368;1156802400000
07097307;1156802400000
07097894;1156802400000
07101045;1157407200000
07106411;1158012000000
07108375;1158616800000
07111997;1159221600000
07112774;1159221600000
07116324;1159826400000
07118228;1160431200000
07120309;1160431200000
07123339;1161036000000
07126663;1161640800000
07128419;1162249200000
07137710;1164063600000
07137703;1164063600000
07137747;1164063600000
07142281;1164668400000
07144114;1165273200000
07146501;1165273200000
07148906;1165878000000
07148947;1165878000000
07150531;1166482800000
07154579;1167087600000
07156359;1167692400000
07158207;1167692400000
07161620;1168297200000
07164462;1168902000000
07165848;1169506800000
07170577;1170111600000
07176967;1171321200000
07181136;1171926000000
07181636;1171926000000
07184120;1172530800000
07191923;1174345200000
07192203;1174345200000
07199857;1175551200000
07199798;1175551200000
07200320;1175551200000
07204607;1176760800000
07218376;1179180000000
07221486;1179784800000
07222973;1180389600000
07227611;1180994400000
07232265;1182204000000
07236175;1182808800000
07236227;1182808800000
07236226;1182808800000
07236225;1182808800000
07251011;1185832800000
07267496;1189461600000
07268805;1189461600000
07274428;1190671200000
07276686;1191276000000
07277154;1191276000000
07283197;1192485600000
07287731;1193698800000
07295281;1194908400000
07298451;1195513200000
07298965;1195513200000
07303644;1196722800000
07304714;1196722800000
07305088;1196722800000
07313571;1198537200000
07311452;1198537200000
07326911;1202166000000
07331675;1203375600000
07336339;1203980400000
07340096;1204585200000
07347560;1206399600000
07349062;1206399600000
07349627;1206399600000
07352387;1207000800000
07365746;1209420000000
07367676;1210024800000
07369760;1210024800000
07372536;1210629600000
07379850;1211839200000
07382969;1212444000000
07386065;1213048800000
07388598;1213653600000
07390131;1214258400000
07393105;1214863200000
07394519;1214863200000
07400821;1216072800000
07400378;1216072800000
07403258;1216677600000
07403708;1216677600000
07405801;1217282400000
07405095;1217282400000
07408654;1217887200000
07409152;1217887200000
07414698;1219096800000
07417642;1219701600000
07419265;1220306400000
07420649;1220306400000
07424219;1220911200000
07425953;1221516000000
07429139;1222725600000
07434943;1223935200000
07440590;1224540000000
07446766;1225753200000
07464215;1228777200000
07465108;1229382000000
07468778;1229986800000
07473041;1231196400000
07480041;1232406000000
07483628;1233010800000
07488078;1234220400000
07489384;1234220400000
07495694;1235430000000
07496416;1235430000000
07508484;1237849200000
07508485;1237849200000
07513628;1239055200000
07522257;1240264800000
07528928;1241474400000
07538768;1243288800000
07557852;1246917600000
07566136;1248732000000
07573475;1249941600000
07576830;1250546400000
07575324;1250546400000
07583355;1251756000000
07585077;1252360800000
07593042;1253570400000
07593057;1253570400000
07595860;1254175200000
07604354;1255989600000
07605776;1255989600000
07606372;1255989600000
07611293;1257202800000
07613174;1257202800000
07616883;1257807600000
07616885;1257807600000
07616886;1257807600000
07618016;1258412400000
07623781;1259017200000
07623661;1259017200000
07625106;1259622000000
07625090;1259622000000
07628552;1260226800000
07632023;1260831600000
07652665;1264460400000
07653304;1264460400000
07654755;1265065200000
07657402;1265065200000
07658556;1265670000000
07661535;1266274800000
07667767;1266879600000
07670004;1267484400000
07684007;1269298800000
07703995;1272319200000
07718119;1274133600000
07721893;1274738400000
07724205;1274738400000
07728950;1275343200000
07736025;1276552800000
07742145;1277157600000
07748851;1278367200000
07751024;1278367200000
07753528;1278972000000
07755025;1278972000000
07768726;1280786400000
07768527;1280786400000
07771131;1281391200000
07777859;1281996000000
07782439;1282600800000
07794088;1284415200000
07798662;1285020000000
07802887;1285624800000
07802888;1285624800000
07809732;1286229600000
07817166;1287439200000
07827712;1289257200000
07828442;1289257200000
07832868;1289862000000
07844079;1291071600000
07845799;1291676400000
07852455;1292281200000
07854512;1292886000000
07857453;1293490800000
07857455;1293490800000
07859529;1293490800000
