03858861;158281200000
03859501;158281200000
03859500;158281200000
03860222;158886000000
03860736;158886000000
03862348;159490800000
03865174;161305200000
03866017;161305200000
03867130;161910000000
03867561;161910000000
03867562;161910000000
03867563;161910000000
03866891;161910000000
03868473;162514800000
03869560;163119600000
03869254;163119600000
03870463;163724400000
03871632;164329200000
03872231;164329200000
03873807;164934000000
03873809;164934000000
03875322;165538800000
03876418;166143600000
03876417;166143600000
03876817;166143600000
03876818;166143600000
03878311;166748400000
03877880;166748400000
03879165;167353200000
03879022;167353200000
03882261;168562800000
03883677;169167600000
03883678;169167600000
03883679;169167600000
03885082;169772400000
03885945;170377200000
03885908;170377200000
03887359;170982000000
03888650;171586800000
03890457;172191600000
03891427;172796400000
03891828;172796400000
03894573;174610800000
03895174;174610800000
03895175;174610800000
03896257;175215600000
03896258;175215600000
03896288;175215600000
03897046;175820400000
03897234;175820400000
03898413;176425200000
03898366;176425200000
03898365;176425200000
03898364;176425200000
03898707;177030000000
03899628;177030000000
03899627;177030000000
03900117;177634800000
03900696;177634800000
03900695;177634800000
03901999;178239600000
03902889;178844400000
03905804;180054000000
03905803;180054000000
03905589;180054000000
03905417;180054000000
03908072;180658800000
03909499;181263600000
03909242;181263600000
03909590;181263600000
03912477;182473200000
03912488;182473200000
03912486;182473200000
03913005;182473200000
03912847;182473200000
03912848;182473200000
03912846;182473200000
03913898;183078000000
03914527;183078000000
03914526;183078000000
03915217;183682800000
03916047;183682800000
03916088;183682800000
03917896;184287600000
03917241;184287600000
03918692;184892400000
03919454;184892400000
03920429;185497200000
03920062;185497200000
03921698;186102000000
03922527;186102000000
03924053;186706800000
03924052;186706800000
03924672;187311600000
03926606;187916400000
03926600;187916400000
03929457;189126000000
03929458;189126000000
03930641;189730800000
03930488;189730800000
03932171;190335600000
03933434;190940400000
03935371;191545200000
03935059;191545200000
03934863;191545200000
03935412;191545200000
03936586;192150000000
03936587;192150000000
03936588;192150000000
03936290;192150000000
03937868;192754800000
03937869;192754800000
03937866;192754800000
03937867;192754800000
03937625;192754800000
03938788;193359600000
03938976;193359600000
03939296;193359600000
03939297;193359600000
03939028;193359600000
03939799;193964400000
03940245;193964400000
03940552;193964400000
03940551;193964400000
03941900;194569200000
03941088;194569200000
03942968;195174000000
03944412;195778800000
03944715;195778800000
03944714;195778800000
03944713;195778800000
03945818;196383600000
03945906;196383600000
03947265;196984800000
03947621;196984800000
03948495;197589600000
03948641;197589600000
03948643;197589600000
03949151;197589600000
03950602;198194400000
03950601;198194400000
03952140;198799200000
03952139;198799200000
03952138;198799200000
03954416;200008800000
03954433;200008800000
03956572;200613600000
03956611;200613600000
03959575;201823200000
03958936;201823200000
03961126;202428000000
03962528;203032800000
03963978;203637600000
03963223;203637600000
03964897;204242400000
03965334;204242400000
03967048;204847200000
03967047;204847200000
03967046;204847200000
03968422;205452000000
03970290;206661600000
03971679;207266400000
03973076;207871200000
03973075;207871200000
03972702;207871200000
03975578;209080800000
03975576;209080800000
03975577;209080800000
03975575;209080800000
03975184;209080800000
03976829;209685600000
03976424;209685600000
03979197;210895200000
03979551;210895200000
03980802;211500000000
03980801;211500000000
03980854;211500000000
03980467;211500000000
03980460;211500000000
03982885;212713200000
03983309;212713200000
03984615;213318000000
03984616;213318000000
03984617;213318000000
03984611;213318000000
03984612;213318000000
03984613;213318000000
03984614;213318000000
03985545;213922800000
03985946;213922800000
03985947;213922800000
03985944;213922800000
03985945;213922800000
03987237;214527600000
03987236;214527600000
03988138;215132400000
03988525;215132400000
03989512;215737200000
03989883;215737200000
03989999;215737200000
03989091;215737200000
03990686;216342000000
03991263;216342000000
03992564;216946800000
03993450;217551600000
03994676;218156400000
03995101;218156400000
03995100;218156400000
03996412;218761200000
03997316;219366000000
03997712;219366000000
03997711;219366000000
03997710;219366000000
03999000;219970800000
03999001;219970800000
03998619;219970800000
03998623;219970800000
03999976;220575600000
03999979;220575600000
04000423;220575600000
04000360;220575600000
04000361;220575600000
04001487;221180400000
04001488;221180400000
04000595;221180400000
04001996;221785200000
04002465;221785200000
04002466;221785200000
04002448;221785200000
04002816;221785200000
04002551;221785200000
04002942;221785200000
04004076;222390000000
04003730;222390000000
04003697;222390000000
04004844;222994800000
04005252;222994800000
04006284;223599600000
04006285;223599600000
04007325;224204400000
04007324;224204400000
04007027;224204400000
04008364;224809200000
04007770;224809200000
04008993;225414000000
04010313;226018800000
04011394;226623600000
04011395;226623600000
04011430;226623600000
04012218;227228400000
04013401;227833200000
04013421;227833200000
04015068;228438000000
04015069;228438000000
04016403;229039200000
04016355;229039200000
04017294;229644000000
04017674;229644000000
04017673;229644000000
04017672;229644000000
04018974;230248800000
04018973;230248800000
04018975;230248800000
04019895;230853600000
04020273;230853600000
04021602;231458400000
04021603;231458400000
04020791;231458400000
04022446;232063200000
04022612;232063200000
04024338;232668000000
04024336;232668000000
04024337;232668000000
04025713;233272800000
04025610;233272800000
04026689;233877600000
04027095;233877600000
04027093;233877600000
04027092;233877600000
04027091;233877600000
04027861;234482400000
04029489;235087200000
04029887;235087200000
04029888;235087200000
04031309;235692000000
04031308;235692000000
04031615;236296800000
04032705;236296800000
04032704;236296800000
04033564;236901600000
04033562;236901600000
04033846;236901600000
04034146;236901600000
04035574;237506400000
04035573;237506400000
04037043;238111200000
04037044;238111200000
04038484;238716000000
04038483;238716000000
04039738;239320800000
04039737;239320800000
04039778;239320800000
04041236;239925600000
04040795;239925600000
04043778;241135200000
04044199;241135200000
04045006;241740000000
04046544;242344800000
04046535;242344800000
04047555;242949600000
04047920;242949600000
04048556;242949600000
04048436;242949600000
04049384;243554400000
04049385;243554400000
04049900;243554400000
04049901;243554400000
04049899;243554400000
04052339;244767600000
04052195;244767600000
04052153;244767600000
04055391;246582000000
04055215;246582000000
04055722;246582000000
04055723;246582000000
04056677;247186800000
04056678;247186800000
04057396;247791600000
04058667;248396400000
04058668;248396400000
04060692;249606000000
04060409;249606000000
04061493;250210800000
04061871;250210800000
04061870;250210800000
04063028;250815600000
04063027;250815600000
04063931;251420400000
04064352;251420400000
04065634;252025200000
04069032;253839600000
04070542;254444400000
04071687;255049200000
04072814;255654000000
04073640;256258800000
04075414;256863600000
04076954;257468400000
04076982;257468400000
04077614;258073200000
04079184;258678000000
04079185;258678000000
04080508;259282800000
04080509;259282800000
04080510;259282800000
04080511;259282800000
04081178;259887600000
04082543;260488800000
04082914;260488800000
04083155;261093600000
04086424;262303200000
04086468;262303200000
04086380;262303200000
04088824;263512800000
04088825;263512800000
04089640;264117600000
04090054;264117600000
04090055;264117600000
04091355;264722400000
04091229;264722400000
04091228;264722400000
04092124;265327200000
04093816;265932000000
04094495;266536800000
04094496;266536800000
04096344;267141600000
04095804;267141600000
04097259;267746400000
04097036;267746400000
04097679;267746400000
04098603;268351200000
04099019;268351200000
04097978;268351200000
04100364;268956000000
04100365;268956000000
04101726;269560800000
04101725;269560800000
04101724;269560800000
04102637;270165600000
04102765;270165600000
04102764;270165600000
04102766;270165600000
04103100;270165600000
04103099;270165600000
04103277;270165600000
04105437;271375200000
04107450;271980000000
04107445;271980000000
04107446;271980000000
04107447;271980000000
04107448;271980000000
04107449;271980000000
04110098;273189600000
04110546;273189600000
04110545;273189600000
04110548;273189600000
04110547;273189600000
04110586;273189600000
04112246;273794400000
04113468;274399200000
04113977;274399200000
04113978;274399200000
04115108;275004000000
04115654;275004000000
04115653;275004000000
04117252;275608800000
04117253;275608800000
04118215;276217200000
04118592;276217200000
04119792;276822000000
04121150;277426800000
04121043;277426800000
04121042;277426800000
04120641;277426800000
04121955;278031600000
04122295;278031600000
04122294;278031600000
04122296;278031600000
04122293;278031600000
04122292;278031600000
04123617;278636400000
04123045;278636400000
04123886;279241200000
04124200;279241200000
04124199;279241200000
04125145;279846000000
04126757;280450800000
04127737;281055600000
04129172;282265200000
04129742;282265200000
04130416;282870000000
04130391;282870000000
04131419;283474800000
04131754;283474800000
04131753;283474800000
04131752;283474800000
04132852;284079600000
04132886;284079600000
04132545;284079600000
04133967;284684400000
04133968;284684400000
04133969;284684400000
04135053;285289200000
04135052;285289200000
04135575;285894000000
04136733;286498800000
04137422;286498800000
04139723;287708400000
04139722;287708400000
04140867;288313200000
04141694;288918000000
04141483;288918000000
04142063;288918000000
04142062;288918000000
04143232;289522800000
04142880;289522800000
04145564;290732400000
04145563;290732400000
04145562;290732400000
04146373;291337200000
04146375;291337200000
04146390;291337200000
04146742;291337200000
04147887;291938400000
04147888;291938400000
04149022;292543200000
04149024;292543200000
04149865;293148000000
04150248;293148000000
04150247;293148000000
04151400;293752800000
04151362;293752800000
04150971;293752800000
04152111;294357600000
04152534;294357600000
04152532;294357600000
04152533;294357600000
04152187;294357600000
04153812;294962400000
04155008;295567200000
04154973;295567200000
04154972;295567200000
04154975;295567200000
04154974;295567200000
04155731;296172000000
04156102;296172000000
04156792;296776800000
04158139;297986400000
04158699;298591200000
04158695;298591200000
04158744;298591200000
04158743;298591200000
04158742;298591200000
04159184;299196000000
04159415;299196000000
04159392;299196000000
04160118;299800800000
04160117;299800800000
04159891;299800800000
04160868;300405600000
04160867;300405600000
04160869;300405600000
04161618;301010400000
04161617;301010400000
04161619;301010400000
04161620;301010400000
04162367;301615200000
04162368;301615200000
04162156;301615200000
04162061;301615200000
04165361;304034400000
04166192;304639200000
04167642;305848800000
04167643;305848800000
04168392;306453600000
04169962;307666800000
04169963;307666800000
04170713;308271600000
04170712;308271600000
04171462;308876400000
04171126;308876400000
04174462;311295600000
04176237;312505200000
04177036;313110000000
04177061;313110000000
04177060;313110000000
04179603;314319600000
04178986;314319600000
04180697;314924400000
04181812;315529200000
04181504;315529200000
04182610;316134000000
04182927;316134000000
04183508;316738800000
04184863;317343600000
04185160;317343600000
04185159;317343600000
04185158;317343600000
04185157;317343600000
04185980;317948400000
04189617;319762800000
04190946;320972400000
04191486;320972400000
04192962;321577200000
04194078;322182000000
04194077;322182000000
04194079;322182000000
04193757;322182000000
04194282;322786800000
04195821;323391600000
04195820;323391600000
04197422;323992800000
04199652;325202400000
04199545;325202400000
04201882;326412000000
04202997;327016800000
04204082;327621600000
04205045;328226400000
04205197;328226400000
04205720;328831200000
04206312;328831200000
04207065;329436000000
04207060;329436000000
04208042;330040800000
04208149;330040800000
04210101;331250400000
04210315;331250400000
04211887;331855200000
04212633;332460000000
04213002;332460000000
04214117;333064800000
04213599;333064800000
04214736;333669600000
04214897;333669600000
04215232;333669600000
04215233;333669600000
04216347;334274400000
04216348;334274400000
04215738;334274400000
04217462;334879200000
04217479;334879200000
04218962;336088800000
04219692;336088800000
04220843;336693600000
04221629;337298400000
04221762;337298400000
04221922;337298400000
04222337;337903200000
04223206;337903200000
04224459;338508000000
04224460;338508000000
04225744;339116400000
04225745;339116400000
04227029;339721200000
04227031;339721200000
04227030;339721200000
04227033;339721200000
04227032;339721200000
04228314;340326000000
04231773;342140400000
04233468;342745200000
04236139;343954800000
04235424;343954800000
04235173;343954800000
04238637;345164400000
04238636;345164400000
04238635;345164400000
04238634;345164400000
04238633;345164400000
04238632;345164400000
04241232;346374000000
04242532;346978800000
04243833;347583600000
04243832;347583600000
04245132;348188400000
04245133;348188400000
04246433;348793200000
04246434;348793200000
04246432;348793200000
04246023;348793200000
04245822;348793200000
04247732;349398000000
04247734;349398000000
04247733;349398000000
04247736;349398000000
04247735;349398000000
04248839;350002800000
04248408;350002800000
04249032;350002800000
04249888;350607600000
04249996;350607600000
04251678;351212400000
04252856;351817200000
04252988;351817200000
04252559;351817200000
04254298;352422000000
04255126;353026800000
04256919;353631600000
04256918;353631600000
04256945;353631600000
04257337;354236400000
04259538;354837600000
04259539;354837600000
04259128;354837600000
04261857;356047200000
04262159;356047200000
04262158;356047200000
04262192;356047200000
04262160;356047200000
04263470;356652000000
04263469;356652000000
04263468;356652000000
04264062;357256800000
04264803;357256800000
04264351;357256800000
04264778;357256800000
04265644;357861600000
04266119;357861600000
04268298;359071200000
04268296;359071200000
04268708;359071200000
04269887;359676000000
04269398;359676000000
04273949;361490400000
04273948;361490400000
04273576;361490400000
04272639;361490400000
04272638;361490400000
04272271;361490400000
04275035;362095200000
04275258;362095200000
04276082;362700000000
04277638;363304800000
04279952;364514400000
04279407;364514400000
04279642;364514400000
04280038;364514400000
04280891;365119200000
04280807;365119200000
04280836;365119200000
04280550;365119200000
04281985;365724000000
04282393;365724000000
04285711;367538400000
04286111;367538400000
04286142;367538400000
04287045;368143200000
04287381;368143200000
04287380;368143200000
04287839;368748000000
04288353;368748000000
04288650;368748000000
04290709;369957600000
04290800;369957600000
04291190;369957600000
04292487;370566000000
04292460;370566000000
04292505;370566000000
04292276;370566000000
04293730;371170800000
04295000;371775600000
04295001;371775600000
04294603;371775600000
04294435;371775600000
04296269;372380400000
04298767;373590000000
04299364;374194800000
04301320;374799600000
04302508;375404400000
04302659;375404400000
04302623;375404400000
04303797;376009200000
04304953;376614000000
04304954;376614000000
04304396;376614000000
04307278;377823600000
04307263;377823600000
04306726;377823600000
04307872;378428400000
04308008;378428400000
04308177;378428400000
04308415;378428400000
04309567;379033200000
04309170;379033200000
04310350;379638000000
04311508;380242800000
04312658;380847600000
04317951;383871600000
04319068;384476400000
04319739;385081200000
04320245;385081200000
04320244;385081200000
04321446;385686000000
04321415;385686000000
04323763;386892000000
04323717;386892000000
04323718;386892000000
04323383;386892000000
04324390;387496800000
04324944;387496800000
04324942;387496800000
04324943;387496800000
04325694;388101600000
04325693;388101600000
04326093;388101600000
04327241;388706400000
04328529;389311200000
04328019;389311200000
04328388;389311200000
04328386;389311200000
04330698;390520800000
04331828;391125600000
04331827;391125600000
04332553;391730400000
04334119;392335200000
04334857;392940000000
04335265;392940000000
04336086;393544800000
04336412;393544800000
04336411;393544800000
04336442;393544800000
04335870;393544800000
04337390;394149600000
04337373;394149600000
04337927;394754400000
04339328;395359200000
04339656;395359200000
04339625;395359200000
04339624;395359200000
04339902;395964000000
04340420;395964000000
04341916;396568800000
04341915;396568800000
04342118;396568800000
04342918;397173600000
04342878;397173600000
04345106;398383200000
04345333;398383200000
04345332;398383200000
04346252;398988000000
04347614;399592800000
04347431;399592800000
04347400;399592800000
04348767;400197600000
04349912;400802400000
04349911;400802400000
04349910;400802400000
04349909;400802400000
04350516;401407200000
04351055;401407200000
04351054;401407200000
04351057;401407200000
04351056;401407200000
04351058;401407200000
04352189;402015600000
04352969;402620400000
04354831;403830000000
04356340;404434800000
04357210;405039600000
04357485;405039600000
04357706;405039600000
04358094;405644400000
04361441;407458800000
04361716;407458800000
04362501;408063600000
04362554;408063600000
04362555;408063600000
04363653;408668400000
04363656;408668400000
04365986;409878000000
04366571;409878000000
04367866;411087600000
04370546;412297200000
04371392;412902000000
04371970;412902000000
04371971;412902000000
04372543;413506800000
04373705;414111600000
04375340;415321200000
04375449;415321200000
04375958;415926000000
04376243;415926000000
04377405;417135600000
04377289;417135600000
04377347;417135600000
04379382;418946400000
04381634;420760800000
04383321;421365600000
04385391;422575200000
04385918;423180000000
04385931;423180000000
04385889;423180000000
04387464;423784800000
04388108;424389600000
04388721;424389600000
04388722;424389600000
04389560;424994400000
04389725;424994400000
04389724;424994400000
04389041;424994400000
04390773;425599200000
04390168;425599200000
04390290;425599200000
04392230;426204000000
04392052;426204000000
04393507;426808800000
04392822;426808800000
04392821;426808800000
04394566;427413600000
04394766;427413600000
04394765;427413600000
04395023;428018400000
04395771;428018400000
04397026;428623200000
04397028;428623200000
04396421;428623200000
04398295;429228000000
04399545;429832800000
04399544;429832800000
04399546;429832800000
04398472;429832800000
04400816;430437600000
04400815;430437600000
04400190;430437600000
04401613;431042400000
04402083;431042400000
04403326;431647200000
04403327;431647200000
04403328;431647200000
04403329;431647200000
04402490;431647200000
04403769;432252000000
04403955;432252000000
04404461;432252000000
04406008;432856800000
04406618;433465200000
04407666;434070000000
04407651;434070000000
04409451;434674800000
04410796;435279600000
04410166;435279600000
04410996;435279600000
04410998;435279600000
04410997;435279600000
04410999;435279600000
04411311;435884400000
04411412;435884400000
04411758;435884400000
04411621;435884400000
04412334;435884400000
04412126;435884400000
04413346;436489200000
04414673;437094000000
04414672;437094000000
04414674;437094000000
04416014;437698800000
04417343;438303600000
04417344;438303600000
04417345;438303600000
04417346;438303600000
04417347;438303600000
04417097;438303600000
04416623;438303600000
04418415;438908400000
04418414;438908400000
04418107;438908400000
04419076;439513200000
04419755;439513200000
04419754;439513200000
04420838;440118000000
04422172;440722800000
04422173;440722800000
04422174;440722800000
04421538;440722800000
04421479;440722800000
04421976;440722800000
04423303;441327600000
04423512;441327600000
04423514;441327600000
04423513;441327600000
04423516;441327600000
04423515;441327600000
04424584;441932400000
04425092;442537200000
04425660;442537200000
04425657;442537200000
04425656;442537200000
04425659;442537200000
04425658;442537200000
04426217;443142000000
04426569;443142000000
04426709;443142000000
04429209;444351600000
04429402;444351600000
04429401;444351600000
04429403;444351600000
04428731;444351600000
04430187;444956400000
04430055;444956400000
04432093;445561200000
04432289;446166000000
04433233;446166000000
04433419;446166000000
04433421;446166000000
04433420;446166000000
04434495;446770800000
04434494;446770800000
04434496;446770800000
04433995;446770800000
04435820;447375600000
04435811;447375600000
04435812;447375600000
04435813;447375600000
04435814;447375600000
04435815;447375600000
04435816;447375600000
04435817;447375600000
04435818;447375600000
04435819;447375600000
04435631;447375600000
04437186;447980400000
04437187;447980400000
04436290;447980400000
04438516;448585200000
04438515;448585200000
04438518;448585200000
04439145;449186400000
04441191;449791200000
04441190;449791200000
04442525;450396000000
04442526;450396000000
04443186;451000800000
04443188;451000800000
04443880;451000800000
04443881;451000800000
04443879;451000800000
04443878;451000800000
04445220;451605600000
04445024;451605600000
04446561;452210400000
04446562;452210400000
04446560;452210400000
04446563;452210400000
04445851;452210400000
04447906;452815200000
04448802;453420000000
04449221;453420000000
04450570;454024800000
04450569;454024800000
04450333;454024800000
04451925;454629600000
04451926;454629600000
04451727;454629600000
04453254;455234400000
04453253;455234400000
04455660;456444000000
04455659;456444000000
04455017;456444000000
04455282;456444000000
04457002;457048800000
04458352;457653600000
04458351;457653600000
04458353;457653600000
04459103;458258400000
04459697;458258400000
04460389;458863200000
04461010;458863200000
04462104;459468000000
04462887;460072800000
04462888;460072800000
04462963;460072800000
04462792;460072800000
04464764;460677600000
04466105;461282400000
04466104;461282400000
04466824;461887200000
04467185;461887200000
04468164;462492000000
04468783;462492000000
04468779;462492000000
04468782;462492000000
04468781;462492000000
04468780;462492000000
04469925;463096800000
04471488;463701600000
04471487;463701600000
04470804;463701600000
04473903;464911200000
04475204;465519600000
04475205;465519600000
04475206;465519600000
04475207;465519600000
04474613;465519600000
04476564;466124400000
04476565;466124400000
04477911;466729200000
04477910;466729200000
04478676;467334000000
04478574;467334000000
04481636;468543600000
04481637;468543600000
04481638;468543600000
04481639;468543600000
04481500;468543600000
04483008;469148400000
04483709;469753200000
04485476;470358000000
04486652;470962800000
04486888;470962800000
04486889;470962800000
04486211;470962800000
04488312;471567600000
04487401;471567600000
04490824;472777200000
04490827;472777200000
04490828;472777200000
04490825;472777200000
04490826;472777200000
04491952;473382000000
04491951;473382000000
04491568;473382000000
04490898;473382000000
04493089;473986800000
04493088;473986800000
04492587;473986800000
04492567;473986800000
04495624;475196400000
04495625;475196400000
04498185;476406000000
04498610;477010800000
04499583;477010800000
04503087;478825200000
04503319;478825200000
04503304;478825200000
04504957;479430000000
04506370;480034800000
04507636;480639600000
04508040;481240800000
04509178;481240800000
04509179;481240800000
04509177;481240800000
04509807;481845600000
04510609;481845600000
04510610;481845600000
04512023;482450400000
04513425;483055200000
04512801;483055200000
04512737;483055200000
04514851;483660000000
04515614;484264800000
04517678;484869600000
04518846;485474400000
04518351;485474400000
04520487;486079200000
04521890;486684000000
04523321;487288800000
04523747;487893600000
04526678;489103200000
04528672;489708000000
04528673;489708000000
04527329;489708000000
04528939;490312800000
04530100;490312800000
04530101;490312800000
04530102;490312800000
04530853;490917600000
04531219;490917600000
04531218;490917600000
04532634;491522400000
04532633;491522400000
04532398;491522400000
04533385;492127200000
04533822;492127200000
04534730;492732000000
04537671;493941600000
04537551;493941600000
04538279;493941600000
04539688;494546400000
04539645;494546400000
04538876;494546400000
04541098;495151200000
04541099;495151200000
04542513;495756000000
04543124;496360800000
04543656;496360800000
04543470;496360800000
04545058;496969200000
04546485;497574000000
04546484;497574000000
04546483;497574000000
04547644;498178800000
04549301;498783600000
04548670;498783600000
04550413;499388400000
04550411;499388400000
04550412;499388400000
04551844;499993200000
04553245;500598000000
04553246;500598000000
04552343;500598000000
04554441;501202800000
04554435;501202800000
04553853;501202800000
04555358;501807600000
04559011;503622000000
04559632;503622000000
04559630;503622000000
04559631;503622000000
04559629;503622000000
04562943;505436400000
04563558;505436400000
04563766;505436400000
04564951;506041200000
04564950;506041200000
04566108;506646000000
04568809;507855600000
04569055;507855600000
04569056;507855600000
04569057;507855600000
04568065;507855600000
04569733;508460400000
04569307;508460400000
04571259;509065200000
04573164;509670000000
04575619;510879600000
04575856;510879600000
04577326;511484400000
04577325;511484400000
04578794;512089200000
04578795;512089200000
04580271;512690400000
04580273;512690400000
04580272;512690400000
04579524;512690400000
04581745;513295200000
04582972;513900000000
04583229;513900000000
04583230;513900000000
04586188;515109600000
04586187;515109600000
04587660;515714400000
04587658;515714400000
04587659;515714400000
04589119;516319200000
04589637;516924000000
04589634;516924000000
04591371;517528800000
04592067;517528800000
04592066;517528800000
04594722;518738400000
04594723;518738400000
04594087;518738400000
04596020;519343200000
04596019;519343200000
04595826;519343200000
04595358;519343200000
04596922;519948000000
04599069;521157600000
04601042;521762400000
04601041;521762400000
04601887;522367200000
04602238;522367200000
04603423;522972000000
04603424;522972000000
04603730;523576800000
04604165;523576800000
04604135;523576800000
04604754;523576800000
04606055;524181600000
04606038;524181600000
04606037;524181600000
04607372;524786400000
04607373;524786400000
04607374;524786400000
04608698;525391200000
04608473;525391200000
04609249;525996000000
04610015;525996000000
04610017;525996000000
04610016;525996000000
04611332;526600800000
04611339;526600800000
04611338;526600800000
04611331;526600800000
04611330;526600800000
04610711;526600800000
04612151;527205600000
04612105;527205600000
04612045;527205600000
04612023;527205600000
04612649;527205600000
04612650;527205600000
04612651;527205600000
04613306;527810400000
04615036;528418800000
04615035;528418800000
04616363;529023600000
04617673;529628400000
04617671;529628400000
04617672;529628400000
04618964;530233200000
04618962;530233200000
04618963;530233200000
04620308;530838000000
04620309;530838000000
04619811;530838000000
04622679;532047600000
04622677;532047600000
04622678;532047600000
04623250;532652400000
04624003;532652400000
04624002;532652400000
04626654;533862000000
04627069;533862000000
04628516;534466800000
04629280;535071600000
04630281;535071600000
04630280;535071600000
04633480;536281200000
04633481;536281200000
04635273;536886000000
04634104;536886000000
04637033;537490800000
04637034;537490800000
04637032;537490800000
04638489;538095600000
04638488;538095600000
04638487;538095600000
04638492;538095600000
04638491;538095600000
04638490;538095600000
04639929;538700400000
04639928;538700400000
04639927;538700400000
04639931;538700400000
04639930;538700400000
04641319;539305200000
04641321;539305200000
04641320;539305200000
04643890;540514800000
04643404;540514800000
04644559;540514800000
04644558;540514800000
04644557;540514800000
04646315;541119600000
04646316;541119600000
04646317;541119600000
04646318;541119600000
04648097;541724400000
04649002;542329200000
04648584;542329200000
04649807;542934000000
04651326;542934000000
04653066;543538800000
04653067;543538800000
04653064;543538800000
04653065;543538800000
04653730;544140000000
04654858;544140000000
04654076;544140000000
04655968;544744800000
04655436;544744800000
04657878;545349600000
04657572;545349600000
04658404;545349600000
04660212;545954400000
04660211;545954400000
04659442;545954400000
04661150;546559200000
04662526;547164000000
04663764;547164000000
04663763;547164000000
04665530;547768800000
04666775;548373600000
04666495;548373600000
04666681;548373600000
04669087;548978400000
04668481;548978400000
04668287;548978400000
04668298;548978400000
04670048;549583200000
04670884;549583200000
04672627;550188000000
04672628;550188000000
04674101;550792800000
04674102;550792800000
04675048;551397600000
04675879;551397600000
04675878;551397600000
04676940;552002400000
04677643;552002400000
04677642;552002400000
04679205;552607200000
04679206;552607200000
04682341;553816800000
04681537;553816800000
04683577;554421600000
04685112;555026400000
04686687;555631200000
04687911;556236000000
04688231;556236000000
04689076;556840800000
04689800;556840800000
04689799;556840800000
04691325;557445600000
04691324;557445600000
04692929;558050400000
04692930;558050400000
04694464;558655200000
04694465;558655200000
04696014;559260000000
04696013;559260000000
04695316;559260000000
04695448;559260000000
04697274;559868400000
04697273;559868400000
04698825;560473200000
04698824;560473200000
04698581;560473200000
04700356;561078000000
04700355;561078000000
04701931;561682800000
04701932;561682800000
04701933;561682800000
04702696;562287600000
04702461;562287600000
04703492;562287600000
04703493;562287600000
04704230;562892400000
04704252;562892400000
04706258;563497200000
04706943;564102000000
04707583;564102000000
04710607;565311600000
04712086;565916400000
04713826;566521200000
04715041;567126000000
04715042;567126000000
04716572;567730800000
04716338;567730800000
04717126;568335600000
04718477;568940400000
04720838;569545200000
04720837;569545200000
04722684;570754800000
04723996;571359600000
04725939;571964400000
04726033;571964400000
04725161;571964400000
04726892;572569200000
04726995;572569200000
04728772;573174000000
04730338;573778800000
04730339;573778800000
04730336;573778800000
04730337;573778800000
04731537;574383600000
04732369;574988400000
04733853;575589600000
04734551;575589600000
04734127;575589600000
04735400;576194400000
04736383;576194400000
04736384;576194400000
04737966;576799200000
04737256;576799200000
04737247;576799200000
04738700;577404000000
04738713;577404000000
04740991;578008800000
04740990;578008800000
04740989;578008800000
04741753;578613600000
04742529;578613600000
04742528;578613600000
04743283;579218400000
04745619;579823200000
04745620;579823200000
04745338;579823200000
04746344;580428000000
04747582;581032800000
04748315;581032800000
04750187;581637600000
04750188;581637600000
04752451;582847200000
04752938;582847200000
04754124;583452000000
04754463;583452000000
04754464;583452000000
04755203;584056800000
04755658;584056800000
04754542;584056800000
04756004;584056800000
04756814;584661600000
04756813;584661600000
04758267;585266400000
04759032;585266400000
04760584;585871200000
04760585;585871200000
04761793;586476000000
04761528;586476000000
04763337;587080800000
04764208;587685600000
04766598;588290400000
04770826;590104800000
04772514;590709600000
04773079;590709600000
04775982;591922800000
04775981;591922800000
04775455;591922800000
04777022;592527600000
04779287;593132400000
04778974;593132400000
04780120;593737200000
04782215;594342000000
04782497;594342000000
04783790;594946800000
04784733;595551600000
04786438;596156400000
04789990;597366000000
04789991;597366000000
04791261;597970800000
04794625;599180400000
04796277;599785200000
04796276;599785200000
04797897;600390000000
04797524;600390000000
04797525;600390000000
04802188;602204400000
04801435;602204400000
04803698;602809200000
04804633;603414000000
04804395;603414000000
04805186;603414000000
04807246;604018800000
04808795;604623600000
04809294;604623600000
04811356;605228400000
04812372;605833200000
04813055;605833200000
04815098;606438000000
04815097;606438000000
04815096;606438000000
04816228;607039200000
04816230;607039200000
04819247;607644000000
04819248;607644000000
04821284;608248800000
04823358;608853600000
04823359;608853600000
04824733;609458400000
04827486;610063200000
04829538;610668000000
04831633;611272800000
04833303;611877600000
04833287;611877600000
04835789;612482400000
04836732;613087200000
04838933;613692000000
04839904;613692000000
04841542;614296800000
04840718;614296800000
04843614;614901600000
04845334;615506400000
04847859;616111200000
04849987;616716000000
04850575;617320800000
04850572;617320800000
04850573;617320800000
04852119;617320800000
04852118;617320800000
04852120;617320800000
04853941;617925600000
04853942;617925600000
04856022;618530400000
04856021;618530400000
04857821;619135200000
04857689;619135200000
04856576;619135200000
04860306;619740000000
04862477;620344800000
04864096;620949600000
04865643;621554400000
04866230;621554400000
04866239;621554400000
04866731;621554400000
04867848;622159200000
04870655;622767600000
04870256;622767600000
04873063;623977200000
04873698;623977200000
04876438;625186800000
04878944;626396400000
04881239;627001200000
04882736;627606000000
04883258;628210800000
04885073;628815600000
04887277;629420400000
04888242;630025200000
04891822;631234800000
04891821;631234800000
04895678;633049200000
04897526;633654000000
04897170;633654000000
04897852;633654000000
04897853;633654000000
04896849;633654000000
04899034;634258800000
04900249;634863600000
04900887;634863600000
04903278;635468400000
04903277;635468400000
04903948;636073200000
04907244;636678000000
04907245;636678000000
04912296;638488800000
04916714;639698400000
04918705;640303200000
04918282;640303200000
04919191;640908000000
04919190;640908000000
04922505;641512800000
04923508;642117600000
04926439;642722400000
04927446;643327200000
04932035;644536800000
04931075;644536800000
04931945;644536800000
04931610;644536800000
04931624;644536800000
04931702;644536800000
04935607;645746400000
04940486;647560800000
04941149;647560800000
04942279;648165600000
04947405;649980000000
04947404;649980000000
04951298;651189600000
04952237;651794400000
04953177;651794400000
04956849;653004000000
04958358;653608800000
04959841;654213600000
04964114;656031600000
04965813;656636400000
04965812;656636400000
04966624;657241200000
04969158;657846000000
04969940;658450800000
04972063;659055600000
04973818;659660400000
04977576;660870000000
04979182;661474800000
04979896;662079600000
04982411;662684400000
04982410;662684400000
04983806;663289200000
04985067;663894000000
04986517;664498800000
04989218;665103600000
04990179;665708400000
04993043;666313200000
04993690;666918000000
04995051;666918000000
04995593;667522800000
04996402;667522800000
04996694;667522800000
04997475;668127600000
04997474;668127600000
04998709;668732400000
04998486;668732400000
05003160;669942000000
05003551;669942000000
05008897;671752800000
05012064;672962400000
05012487;672962400000
05012488;672962400000
05015518;674172000000
05017209;674776800000
05017754;674776800000
05022044;675986400000
05028248;678405600000
05030335;679010400000
05034199;680220000000
05034590;680220000000
05033948;680220000000
05038361;681429600000
05044860;683848800000
05046145;683848800000
05046144;683848800000
05047113;684453600000
05050185;685058400000
05052018;685663200000
05051235;685663200000
05054033;686271600000
05056104;686876400000
05058126;687481200000
05058127;687481200000
05057287;687481200000
05059757;688086000000
05062118;688690800000
05064995;689900400000
05065131;689900400000
05068860;691110000000
05068871;691110000000
05071459;692319600000
05075076;693529200000
05081640;695343600000
05083012;695948400000
05084090;696553200000
05087490;697762800000
05089457;698367600000
05090022;698367600000
05090340;698972400000
05097114;700786800000
05099438;701391600000
05100463;701992800000
05103458;702597600000
05104096;703202400000
05104432;703202400000
05107517;703807200000
05109389;704412000000
05111022;705016800000
05110427;705016800000
05112378;705621600000
05115447;706226400000
05115184;706226400000
05114528;706226400000
05117085;706831200000
05117439;706831200000
05117438;706831200000
05119395;707436000000
05121406;708040800000
05125002;709250400000
05125004;709250400000
05125003;709250400000
05128012;710460000000
05127468;710460000000
05131005;711064800000
05131941;711669600000
05132984;711669600000
05134628;712274400000
05134627;712274400000
05134629;712274400000
05134261;712274400000
05136610;712879200000
05136609;712879200000
05135781;712879200000
05135047;712879200000
05135726;712879200000
05138630;713484000000
05138629;713484000000
05139236;714088800000
05142650;714693600000
05142549;714693600000
05144108;715298400000
05146469;715903200000
05151918;717721200000
05153896;718326000000
05153895;718326000000
05153894;718326000000
05155740;718930800000
05157242;719535600000
05157685;719535600000
05160825;720745200000
05166950;722559600000
05173921;724978800000
05173920;724978800000
05173919;724978800000
05177763;726188400000
05182488;728002800000
05187771;729817200000
05189682;730422000000
05191592;731026800000
05190901;731026800000
05193100;731631600000
05197081;732841200000
05197080;732841200000
05198032;733442400000
05199043;733442400000
05200974;734047200000
05200975;734047200000
05204873;735256800000
05204872;735256800000
05206880;735861600000
05206879;735861600000
05208433;736466400000
05208828;736466400000
05214667;738280800000
05216690;738885600000
05218615;739490400000
05218617;739490400000
05222074;740700000000
05222097;740700000000
05222096;740700000000
05224118;741304800000
05226056;741909600000
05225169;741909600000
05224971;741909600000
05226949;742514400000
05228052;742514400000
05227119;742514400000
05231645;743724000000
05233165;744328800000
05233625;744328800000
05235611;744933600000
05237585;745538400000
05236490;745538400000
05239554;746143200000
05241560;746748000000
05241558;746748000000
05241559;746748000000
05243621;747352800000
05242501;747352800000
05245627;747957600000
05247539;748562400000
05247538;748562400000
05249198;749170800000
05251231;749775600000
05250777;749775600000
05253266;750380400000
05252120;750380400000
05255284;750985200000
05255285;750985200000
05254829;750985200000
05254151;750985200000
05257280;751590000000
05257281;751590000000
05260538;752799600000
05260966;752799600000
05263044;753404400000
05262305;753404400000
05261964;753404400000
05263690;754009200000
05265118;754009200000
05265117;754009200000
05264020;754009200000
05267258;754614000000
05267257;754614000000
05267259;754614000000
05268924;755218800000
05268925;755218800000
05267609;755218800000
05270016;755823600000
05271033;755823600000
05271032;755823600000
05272720;756428400000
05272719;756428400000
05272718;756428400000
05274662;757033200000
05274663;757033200000
05274664;757033200000
05278384;758242800000
05278861;758242800000
05280495;758847600000
05280496;758847600000
05282221;759452400000
05283803;760057200000
05283804;760057200000
05283805;760057200000
05287383;761266800000
05287382;761266800000
05289495;761871600000
05288969;761871600000
05289787;762476400000
05291514;762476400000
05291513;762476400000
05293404;763081200000
05292109;763081200000
05297160;764290800000
05297159;764290800000
05299224;764892000000
05299225;764892000000
05298196;764892000000
05304230;766706400000
05304701;766706400000
05308594;767916000000
05308947;767916000000
05312471;769125600000
05313047;769125600000
05315091;769730400000
05315085;769730400000
05317592;770335200000
05317591;770335200000
05319176;770940000000
05319671;770940000000
05319670;770940000000
05319669;770940000000
05322542;772149600000
05323484;772149600000
05323417;772149600000
05327452;773359200000
05327453;773359200000
05327454;773359200000
05329545;773964000000
05331661;774568800000
05331676;774568800000
05333146;775173600000
05332200;775173600000
05332702;775173600000
05335310;775778400000
05336015;776383200000
05338913;776988000000
05338329;776988000000
05339329;776988000000
05341394;777592800000
05343491;778197600000
05343492;778197600000
05349605;780012000000
05351267;780620400000
05351266;780620400000
05352872;781225200000
05353719;781830000000
05354970;781830000000
05357540;782434800000
05356786;782434800000
05363400;784249200000
05362033;784249200000
05365043;784854000000
05365542;784854000000
05367532;785458800000
05369241;786063600000
05368282;786063600000
05368627;786063600000
05371759;786668400000
05373529;787273200000
05373530;787273200000
05375139;787878000000
05377220;788482800000
05376767;788482800000
05381441;789692400000
05381440;789692400000
05383218;790297200000
05384804;790902000000
05389550;792716400000
05390212;792716400000
05392312;793321200000
05393037;793926000000
05394431;793926000000
05394432;793926000000
05400358;795740400000
05399829;795740400000
05402439;796341600000
05403991;796946400000
05405264;797551200000
05406047;797551200000
05406580;797551200000
05406581;797551200000
05406582;797551200000
05406579;797551200000
05408494;798156000000
05410566;798760800000
05410565;798760800000
05410564;798760800000
05410567;798760800000
05410121;798760800000
05414927;800575200000
05416796;800575200000
05416794;800575200000
05416795;800575200000
05416792;800575200000
05416793;800575200000
05416967;801180000000
05418348;801180000000
05418811;801180000000
05420394;801784800000
05421850;802389600000
05425047;802994400000
05425048;802994400000
05426663;803599200000
05426664;803599200000
05430757;804808800000
05430758;804808800000
05432319;805413600000
05438588;807228000000
05439496;807832800000
05442158;808437600000
05444732;809042400000
05444734;809042400000
05444733;809042400000
05446269;809647200000
05448040;810252000000
05452881;812070000000
05454852;812674800000
05459748;813884400000
05461214;814489200000
05463653;815094000000
05462259;815094000000
05467366;816303600000
05467365;816303600000
05469461;816908400000
05471496;817513200000
05471495;817513200000
05473141;818118000000
05473628;818118000000
05473627;818118000000
05479433;819932400000
05479434;819932400000
05479435;819932400000
05479436;819932400000
05479437;819932400000
05479438;819932400000
05478985;819932400000
05483548;821142000000
05485483;821746800000
05487082;822351600000
05487081;822351600000
05486675;822351600000
05487873;822956400000
05490163;823561200000
05490162;823561200000
05493578;824770800000
05493580;824770800000
05495495;825375600000
05497394;825980400000
05496988;825980400000
05499264;826585200000
05498852;826585200000
05500870;827190000000
05501159;827794800000
05502743;827794800000
05502742;827794800000
05504306;828396000000
05507933;829605600000
05508497;829605600000
05513207;830815200000
05513206;830815200000
05514349;831420000000
05517001;832024800000
05524119;833839200000
05524019;833839200000
05524020;833839200000
05523631;833839200000
05526375;834444000000
05526374;834444000000
05528012;835048800000
05528620;835048800000
05532446;836258400000
05533043;836258400000
05533044;836258400000
05535236;836863200000
05535235;836863200000
05535234;836863200000
05539183;838072800000
05539768;838072800000
05541952;838677600000
05544194;839282400000
05544195;839282400000
05543603;839282400000
05548611;840492000000
05548612;840492000000
05550353;841096800000
05550354;841096800000
05550858;841096800000
05550857;841096800000
05555259;842306400000
05557631;842911200000
05559827;843516000000
05559826;843516000000
05561685;844120800000
05564102;844725600000
05563903;844725600000
05563904;844725600000
05562753;844725600000
05566200;845330400000
05568506;845935200000
05567399;845935200000
05571320;847148400000
05572544;847148400000
05573573;847753200000
05573689;847753200000
05574746;847753200000
05575582;848358000000
05577065;848358000000
05579334;848962800000
05581574;849567600000
05583883;850172400000
05586140;850777200000
05585023;850777200000
05588018;851382000000
05588019;851382000000
05588978;851986800000
05590150;851986800000
05590152;851986800000
05590151;851986800000
05593608;853196400000
05596598;853801200000
05597501;854406000000
05600669;855010800000
05601743;855615600000
05602867;855615600000
05605640;856825200000
05605645;856825200000
05608838;857430000000
05610935;858034800000
05610937;858034800000
05613994;859244400000
05617447;859845600000
05616264;859845600000
05621751;861055200000
05627454;862869600000
05629879;863474400000
05628958;863474400000
05628808;863474400000
05631919;864079200000
05636240;865288800000
05636241;865288800000
05636320;865288800000
05638398;865893600000
05648981;868917600000
05651024;869522400000
05654976;870732000000
05659564;871941600000
05661749;872546400000
05660752;872546400000
05666377;873756000000
05665302;873756000000
05668827;874360800000
05671245;874965600000
05673285;875570400000
05676869;876780000000
05677925;876780000000
05677926;876780000000
05680413;877384800000
05685997;879202800000
05687187;879202800000
05693211;881017200000
05694413;881017200000
05698158;882226800000
05698124;882226800000
05699379;882226800000
05703901;883436400000
05705261;884041200000
05708257;884646000000
05708678;884646000000
05708677;884646000000
05715273;886460400000
05715272;886460400000
05719897;887670000000
05729569;890089200000
05731564;890694000000
05733356;891295200000
05734673;891295200000
05737355;891900000000
05740196;892504800000
05739505;892504800000
05738823;892504800000
05744784;893714400000
05743933;893714400000
05743729;893714400000
05748666;894319200000
05749937;894924000000
05749932;894924000000
05751759;894924000000
05753891;895528800000
05753004;895528800000
05757841;896133600000
05757843;896133600000
05772430;899157600000
05778021;899762400000
05781581;900367200000
05782952;900972000000
05783802;900972000000
05785923;901576800000
05787108;901576800000
05787109;901576800000
05787110;901576800000
05788920;902181600000
05788769;902181600000
05789721;902181600000
05795539;903391200000
05798496;903996000000
05798497;903996000000
05802142;904600800000
05802097;904600800000
05802098;904600800000
05800591;904600800000
05809054;905810400000
05809056;905810400000
05809055;905810400000
05809057;905810400000
05811752;906415200000
05812586;906415200000
05812587;906415200000
05822357;908229600000
05822358;908229600000
05824988;908834400000
05835523;910652400000
05835525;910652400000
05835524;910652400000
05838716;911257200000
05844933;912466800000
05847353;913071600000
05848093;913071600000
05850413;913676400000
05850073;913676400000
05851263;914281200000
05854807;914886000000
05862169;916700400000
05861599;916700400000
05864576;917305200000
05867523;917910000000
05869810;918514800000
05870424;918514800000
05870423;918514800000
05872352;919119600000
05872805;919119600000
05878074;920329200000
05879617;920934000000
05881090;920934000000
05882373;921538800000
05883919;921538800000
05883918;921538800000
05887015;922143600000
05887016;922143600000
05887017;922143600000
05887018;922143600000
05887019;922143600000
05889809;922744800000
05889810;922744800000
05889812;922744800000
05889811;922744800000
05889813;922744800000
05892790;923349600000
05894541;923954400000
05896410;924559200000
05896409;924559200000
05898727;925164000000
05898726;925164000000
05900177;925768800000
05900209;925768800000
05901170;925768800000
05901169;925768800000
05902508;926373600000
05902509;926373600000
05903591;926373600000
05905753;926978400000
05905754;926978400000
05905752;926978400000
05908564;928188000000
05912080;929397600000
05912916;929397600000
05914979;930002400000
05916466;930607200000
05923699;931816800000
05923698;931816800000
05923697;931816800000
05926498;932421600000
05926499;932421600000
05925165;932421600000
05930284;933026400000
05930285;933026400000
05931665;933631200000
05933445;933631200000
05936996;934236000000
05936995;934236000000
05940426;934840800000
05940427;934840800000
05943360;935445600000
05946340;936050400000
05946342;936050400000
05946341;936050400000
05946339;936050400000
05948138;936655200000
05953363;937260000000
05956366;937864800000
05956365;937864800000
05958264;938469600000
05960026;938469600000
05960027;938469600000
05961689;939074400000
05963580;939074400000
05963579;939074400000
05970083;940284000000
05970213;940284000000
05971338;940888800000
05974076;940888800000
05974077;940888800000
05974075;940888800000
05978410;941497200000
05977526;941497200000
05981900;942102000000
05984672;942706800000
05987054;942706800000
05987051;942706800000
05987053;942706800000
05987052;942706800000
05991328;943311600000
05991327;943311600000
05989021;943311600000
05992503;943916400000
05993202;943916400000
05993058;943916400000
05993049;943916400000
05995532;943916400000
05997802;944521200000
05999558;944521200000
05999556;944521200000
05999557;944521200000
06004504;945730800000
06008477;946335600000
06014402;947545200000
06014403;947545200000
06015963;948150000000
06018542;948754800000
06021155;949359600000
06023487;949964400000
06024912;950569200000
06026113;950569200000
06028882;951174000000
06031861;951778800000
06031207;951778800000
06031206;951778800000
06034985;952383600000
06036915;952988400000
06038247;952988400000
06038245;952988400000
06038246;952988400000
06037560;952988400000
06043472;954194400000
06044667;954799200000
06049067;955404000000
06049560;955404000000
06049559;955404000000
06052403;956008800000
06051822;956008800000
06058133;957218400000
06058134;957218400000
06061383;957823200000
06061384;957823200000
06058741;957823200000
06064686;958428000000
06064687;958428000000
06063188;958428000000
06066825;959032800000
06069910;959637600000
06072821;960242400000
06072166;960242400000
06074205;960847200000
06075806;960847200000
06077417;961452000000
06081545;962056800000
06083710;962661600000
06083625;962661600000
06084903;962661600000
06084902;962661600000
06086361;963266400000
06085551;963266400000
06093911;964476000000
06097750;965080800000
06101212;965685600000
06104743;966290400000
06104742;966290400000
06104744;966290400000
06108363;966895200000
06111908;967500000000
06111227;967500000000
06113666;968104800000
06115404;968104800000
06115405;968104800000
06114675;968104800000
06121009;969314400000
06122308;969314400000
06125134;969919200000
06125133;969919200000
06124573;969919200000
06127645;970524000000
06125658;970524000000
06131533;971733600000
06133550;971733600000
06137823;972338400000
06137822;972338400000
06136060;972338400000
06144690;973551600000
06144688;973551600000
06144689;973551600000
06146437;974156400000
06148019;974156400000
06148018;974156400000
06149858;974761200000
06150643;974761200000
06154709;975366000000
06154481;975366000000
06157004;975970800000
06155765;975970800000
06157667;975970800000
06157666;975970800000
06157665;975970800000
06157664;975970800000
06159884;976575600000
06160836;976575600000
06160238;976575600000
06163560;977180400000
06163562;977180400000
06163561;977180400000
06163019;977180400000
06167076;977785200000
06173002;978994800000
06175584;979599600000
06175585;979599600000
06178192;980204400000
06178191;980204400000
06178777;980809200000
06185242;981414000000
06185243;981414000000
06192065;982623600000
06193503;983228400000
06195382;983228400000
06201826;984438000000
06208682;985644000000
06206941;985644000000
06211495;986248800000
06212218;986248800000
06214286;986853600000
06219370;987458400000
06219371;987458400000
06219372;987458400000
06221123;988063200000
06222167;988063200000
06225602;988668000000
06226313;988668000000
06226312;988668000000
06226314;988668000000
06229838;989272800000
06235075;990482400000
06235184;990482400000
06239415;991087200000
06240120;991087200000
06243408;991692000000
06241798;991692000000
06246712;992296800000
06249538;992901600000
06250799;993506400000
06252202;993506400000
06269112;996530400000
06268590;996530400000
06272887;997740000000
06274851;997740000000
06274081;997740000000
06273179;997740000000
06279352;998949600000
06283749;999554400000
06289033;1000159200000
06289035;1000159200000
06289034;1000159200000
06291802;1000764000000
06295309;1001368800000
06301285;1002578400000
06304590;1003183200000
06307875;1003788000000
06307874;1003788000000
06314123;1005001200000
06318127;1006210800000
06327296;1007420400000
06330269;1008025200000
06330270;1008025200000
06335945;1009839600000
06334337;1009839600000
06339610;1011049200000
06347110;1013468400000
06349108;1014073200000
06349107;1014073200000
06350973;1014678000000
06350293;1014678000000
06355904;1015887600000
06355909;1015887600000
06363098;1017097200000
06360810;1017097200000
06365877;1017698400000
06371711;1018908000000
06377602;1019512800000
06377603;1019512800000
06377604;1019512800000
06377605;1019512800000
06376796;1019512800000
06375893;1019512800000
06385231;1020722400000
06385230;1020722400000
06389054;1021327200000
06393044;1021932000000
06393043;1021932000000
06400749;1023141600000
06400748;1023141600000
06400747;1023141600000
06404800;1023746400000
06404799;1023746400000
06407367;1024351200000
06409790;1024956000000
06409791;1024956000000
06411643;1024956000000
06414982;1025560800000
06418157;1026165600000
06421500;1026770400000
06421366;1026770400000
06424672;1027375200000
06424671;1027375200000
06422861;1027375200000
06426969;1027980000000
06427610;1028584800000
06427462;1028584800000
06434182;1029189600000
06433318;1029189600000
06436336;1029794400000
06438154;1029794400000
06440193;1030399200000
06450804;1032213600000
06452956;1032213600000
06452955;1032213600000
06452957;1032213600000
06452140;1032213600000
06454829;1032818400000
06466605;1034632800000
06470041;1035237600000
06470040;1035237600000
06473446;1035846000000
06477195;1036450800000
06478839;1037055600000
06485675;1038265200000
06487234;1038265200000
06490312;1038870000000
06492631;1039474800000
06492628;1039474800000
06496529;1040079600000
06496530;1040079600000
06501784;1041289200000
06501028;1041289200000
06507599;1042498800000
06507598;1042498800000
06510672;1043708400000
06516019;1044313200000
06523598;1046127600000
06529544;1046732400000
06535543;1047942000000
06537342;1048546800000
06537485;1048546800000
06542535;1049148000000
06546039;1049752800000
06549557;1050357600000
06549558;1050357600000
06553055;1050962400000
06557619;1052172000000
06557620;1052172000000
06563855;1052776800000
06568215;1053986400000
06570906;1053986400000
06573691;1054591200000
06574263;1054591200000
06574264;1054591200000
06577667;1055196000000
06580743;1055800800000
06580744;1055800800000
06584137;1056405600000
06590926;1057615200000
06593554;1058220000000
06596221;1058824800000
06597722;1058824800000
06600768;1059429600000
06600769;1059429600000
06603795;1060034400000
06608856;1061244000000
06608857;1061244000000
06613291;1062453600000
06614831;1062453600000
06614832;1062453600000
06618426;1063058400000
06625196;1064268000000
06624390;1064268000000
06636548;1066687200000
06642472;1067900400000
06642486;1067900400000
06655955;1070319600000
06660219;1070924400000
06680023;1074553200000
06684796;1075762800000
06686556;1075762800000
06687284;1075762800000
06690710;1076367600000
06693264;1076972400000
06693948;1076972400000
06693947;1076972400000
06693949;1076972400000
06693950;1076972400000
06695035;1077577200000
06696770;1077577200000
06700918;1078182000000
06712875;1080597600000
06719944;1081807200000
06723968;1082412000000
06724803;1082412000000
06724802;1082412000000
06728291;1083016800000
06735237;1084226400000
06741632;1085436000000
06744022;1086040800000
06742699;1086040800000
06748004;1086645600000
06751989;1087855200000
06752624;1087855200000
06753495;1087855200000
06757317;1088460000000
06758902;1089064800000
06760356;1089064800000
06765949;1090274400000
06768766;1090879200000
06779366;1093298400000
06780146;1093298400000
06781086;1093298400000
06787742;1094508000000
06793894;1095717600000
06794618;1095717600000
06794599;1095717600000
06794598;1095717600000
06795484;1095717600000
06798821;1096322400000
06798822;1096322400000
06799441;1096927200000
06800110;1096927200000
06801563;1096927200000
06804288;1097532000000
06804582;1097532000000
06805723;1098136800000
06807220;1098136800000
06810068;1098741600000
06810069;1098741600000
06813909;1099954800000
06817212;1100559600000
06818175;1100559600000
06819704;1100559600000
06819705;1100559600000
06829287;1102374000000
06831939;1102978800000
06834072;1103583600000
06850551;1107212400000
06848275;1107212400000
06853673;1107817200000
06853672;1107817200000
06870873;1111446000000
06872918;1112047200000
06873642;1112047200000
06873641;1112047200000
06879622;1113256800000
06880365;1113861600000
06889527;1115676000000
06895032;1116280800000
06898232;1116885600000
06909075;1119304800000
06914218;1120514400000
06919539;1121724000000
06925104;1122933600000
06934039;1124748000000
06936792;1125352800000
06947467;1127167200000
06952438;1128376800000
06953337;1128981600000
06965629;1132009200000
06973116;1133823600000
06980580;1135638000000
06983006;1136242800000
06983007;1136242800000
06987792;1137452400000
06993060;1138662000000
06993061;1138662000000
06996153;1139266800000
06999496;1139871600000
06999495;1139871600000
07000678;1140476400000
07003014;1140476400000
07003985;1141081200000
07003986;1141081200000
07006552;1141081200000
07010941;1142290800000
07012947;1142290800000
07013677;1142895600000
07016394;1142895600000
07024888;1144706400000
07027481;1144706400000
07040241;1147125600000
07050524;1148335200000
07061964;1150149600000
07072378;1151964000000
07075966;1152568800000
07078656;1153173600000
07085305;1154383200000
07087870;1154988000000
07088763;1154988000000
07095777;1156197600000
07098421;1156802400000
07103083;1157407200000
07108808;1158616800000
07110430;1158616800000
07112904;1159221600000
07113535;1159221600000
07120185;1160431200000
07137277;1164063600000
07145932;1165273200000
07148450;1165878000000
07152549;1167087600000
07154932;1167087600000
07156979;1167692400000
07156538;1167692400000
07167501;1169506800000
07174746;1171321200000
07180931;1171926000000
07189940;1173740400000
07193189;1174345200000
07195479;1174946400000
07197285;1174946400000
07197061;1174946400000
07202448;1176156000000
07206330;1176760800000
07212562;1177970400000
07212561;1177970400000
07217123;1179180000000
07227882;1180994400000
07230208;1181599200000
07230969;1181599200000
07232975;1182204000000
07257146;1187042400000
07257145;1187042400000
07260161;1187647200000
07295593;1194908400000
07297909;1195513200000
07301982;1196118000000
07306763;1197327600000
07313160;1198537200000
07324577;1201561200000
07324576;1201561200000
07329878;1202770800000
07335864;1203980400000
07336692;1203980400000
07341253;1205190000000
07352792;1207000800000
07368690;1210024800000
07374716;1211234400000
07379484;1211839200000
07378621;1211839200000
07381238;1212444000000
07382819;1212444000000
07386369;1213048800000
07388896;1213653600000
07390361;1214258400000
07394430;1214863200000
07423242;1220911200000
07424045;1220911200000
07426230;1221516000000
07435929;1223935200000
07439473;1224540000000
07447250;1225753200000
07449143;1226358000000
07452499;1226962800000
07457344;1227567600000
07466740;1229382000000
07466739;1229382000000
07483471;1233010800000
07487356;1233615600000
07491360;1234825200000
07498544;1236034800000
07503188;1237244400000
07531769;1242079200000
07533543;1242684000000
07544321;1244498400000
07564007;1248127200000
07573432;1249941600000
07576306;1250546400000
07595465;1254175200000
07598477;1254780000000
07604698;1255989600000
07606285;1255989600000
07606286;1255989600000
07618473;1258412400000
07619187;1258412400000
07625517;1259622000000
07633734;1260831600000
07644752;1263250800000
07649158;1263855600000
07660337;1265670000000
07672355;1267484400000
07675959;1268089200000
07676017;1268089200000
07685843;1269900000000
07687019;1269900000000
07692122;1270504800000
07700898;1271714400000
07704443;1272319200000
07704444;1272319200000
07704445;1272319200000
07705276;1272319200000
07706157;1272319200000
07714788;1273528800000
07730745;1275948000000
07736586;1276552800000
07745764;1277762400000
07759618;1279576800000
07764008;1280181600000
07767136;1280786400000
07776253;1281996000000
07789660;1283810400000
07791544;1283810400000
07792177;1283810400000
07792178;1283810400000
07796674;1284415200000
07799270;1285020000000
07814767;1287439200000
07815846;1287439200000
07824604;1288652400000
07830947;1289257200000
07832367;1289862000000
07835419;1289862000000
07837969;1290466800000
07838802;1290466800000
07848383;1291676400000
07852901;1292281200000
07858018;1293490800000
