03858763;158281200000
03858714;158281200000
03858943;158281200000
03860031;158886000000
03861599;159490800000
03861830;159490800000
03861753;159490800000
03862707;160095600000
03862780;160095600000
03863428;160700400000
03863808;160700400000
03863990;160700400000
03865280;161305200000
03865254;161305200000
03865547;161305200000
03865439;161305200000
03867064;161910000000
03867593;161910000000
03866628;161910000000
03866769;161910000000
03867773;162514800000
03867954;162514800000
03868148;162514800000
03868149;162514800000
03868028;162514800000
03868071;162514800000
03868032;162514800000
03868964;163119600000
03869042;163119600000
03869843;163724400000
03870070;163724400000
03870375;163724400000
03870374;163724400000
03870373;163724400000
03870250;163724400000
03871826;164329200000
03871712;164329200000
03871711;164329200000
03873163;164934000000
03873164;164934000000
03874860;165538800000
03874740;165538800000
03874733;165538800000
03874737;165538800000
03874739;165538800000
03874738;165538800000
03874569;165538800000
03874560;165538800000
03876258;166143600000
03876259;166143600000
03876261;166143600000
03876260;166143600000
03876352;166143600000
03876853;166143600000
03877241;166748400000
03878287;166748400000
03878946;167353200000
03880177;167958000000
03880297;167958000000
03881425;168562800000
03881530;168562800000
03881775;168562800000
03883010;169167600000
03884528;169772400000
03884401;169772400000
03884373;169772400000
03885631;170377200000
03885606;170377200000
03885835;170377200000
03885757;170377200000
03885684;170377200000
03886972;170982000000
03887330;170982000000
03888188;171586800000
03888433;171586800000
03888434;171586800000
03889830;172191600000
03890011;172191600000
03890508;172191600000
03892336;173401200000
03892372;173401200000
03893474;174006000000
03893691;174006000000
03893557;174006000000
03896942;175820400000
03897228;175820400000
03897978;176425200000
03899131;177030000000
03899214;177030000000
03900041;177634800000
03900391;177634800000
03901462;178239600000
03901555;178239600000
03902761;178844400000
03902762;178844400000
03902647;178844400000
03902682;178844400000
03904248;179449200000
03904255;179449200000
03905650;180054000000
03905349;180054000000
03906972;180658800000
03907515;180658800000
03907366;180658800000
03907373;180658800000
03907374;180658800000
03907134;180658800000
03907170;180658800000
03907231;180658800000
03909068;181263600000
03910299;181868400000
03910523;181868400000
03912474;182473200000
03913795;183078000000
03915505;183682800000
03916542;184287600000
03917354;184287600000
03918116;184892400000
03918706;184892400000
03918585;184892400000
03920542;185497200000
03920116;185497200000
03920039;185497200000
03922019;186102000000
03921533;186102000000
03923342;186706800000
03923343;186706800000
03925189;187311600000
03924901;187311600000
03924900;187311600000
03924899;187311600000
03926203;187916400000
03929379;189126000000
03929261;189126000000
03930685;189730800000
03930684;189730800000
03930377;189730800000
03930450;189730800000
03931914;190335600000
03931974;190335600000
03931999;190335600000
03933280;190940400000
03933393;190940400000
03933394;190940400000
03934937;191545200000
03937521;192754800000
03937522;192754800000
03937283;192754800000
03938677;193359600000
03938848;193359600000
03938912;193359600000
03940184;193964400000
03940243;193964400000
03940091;193964400000
03941425;194569200000
03941426;194569200000
03941070;194569200000
03942842;195174000000
03942840;195174000000
03942841;195174000000
03942561;195174000000
03944118;195778800000
03945682;196383600000
03945683;196383600000
03945505;196383600000
03947236;196984800000
03947071;196984800000
03948466;197589600000
03948564;197589600000
03948565;197589600000
03949908;198194400000
03949953;198194400000
03950147;198194400000
03950146;198194400000
03950034;198194400000
03951461;198799200000
03951462;198799200000
03952889;199404000000
03952667;199404000000
03953078;199404000000
03953077;199404000000
03953076;199404000000
03954303;200008800000
03955853;200613600000
03955486;200613600000
03955593;200613600000
03957674;201218400000
03958722;201823200000
03960277;202428000000
03961643;203032800000
03961639;203032800000
03962128;203032800000
03961772;203032800000
03963415;203637600000
03964793;204242400000
03964512;204242400000
03964693;204242400000
03966262;204847200000
03966261;204847200000
03967858;205452000000
03967860;205452000000
03967761;205452000000
03968634;206056800000
03968999;206056800000
03968998;206056800000
03968997;206056800000
03970547;206661600000
03970159;206661600000
03969834;206661600000
03971531;207266400000
03972567;207871200000
03973802;208476000000
03975057;209080800000
03975058;209080800000
03975850;209685600000
03976232;209685600000
03976264;209685600000
03976330;209685600000
03976331;209685600000
03976332;209685600000
03976329;209685600000
03977540;210290400000
03977811;210290400000
03977730;210290400000
03977729;210290400000
03979152;210895200000
03980208;211500000000
03980212;211500000000
03980024;211500000000
03980136;211500000000
03981541;212104800000
03981417;212104800000
03982627;212713200000
03982789;212713200000
03982790;212713200000
03985316;213922800000
03985394;213922800000
03987937;215132400000
03989308;215737200000
03989309;215737200000
03989310;215737200000
03989311;215737200000
03989147;215737200000
03990748;216342000000
03993359;217551600000
03993358;217551600000
03993184;217551600000
03994824;218156400000
03994701;218156400000
03994532;218156400000
03996026;218761200000
03995910;218761200000
03995754;218761200000
03995771;218761200000
03995777;218761200000
03995775;218761200000
03998405;219970800000
03999690;220575600000
03999487;220575600000
03999806;220575600000
04000701;221180400000
04000927;221180400000
04002372;221785200000
04003530;222390000000
04004615;222994800000
04004349;222994800000
04004753;222994800000
04005908;223599600000
04005806;223599600000
04006846;224204400000
04006868;224204400000
04006938;224204400000
04007694;224809200000
04007969;224809200000
04007842;224809200000
04008924;225414000000
04008865;225414000000
04009912;226018800000
04009913;226018800000
04009803;226018800000
04009788;226018800000
04010551;226623600000
04010981;226623600000
04011668;227228400000
04013551;227833200000
04013544;227833200000
04013371;227833200000
04013321;227833200000
04013196;227833200000
04014576;228438000000
04014577;228438000000
04014578;228438000000
04014256;228438000000
04015880;229039200000
04016053;229039200000
04015731;229039200000
04015751;229039200000
04015754;229039200000
04016994;229644000000
04017039;229644000000
04017270;229644000000
04017269;229644000000
04018484;230248800000
04018483;230248800000
04018671;230248800000
04019783;230853600000
04019720;230853600000
04019641;230853600000
04021078;231458400000
04022512;232063200000
04022218;232063200000
04023280;232668000000
04023688;232668000000
04023713;232668000000
04023500;232668000000
04024655;233272800000
04024944;233272800000
04024822;233272800000
04025122;233272800000
04025121;233272800000
04026437;233877600000
04026606;233877600000
04027921;234482400000
04027920;234482400000
04027833;234482400000
04028009;234482400000
04027760;234482400000
04027688;234482400000
04027407;234482400000
04027464;234482400000
04029362;235087200000
04029363;235087200000
04029364;235087200000
04029365;235087200000
04029238;235087200000
04030893;235692000000
04030755;235692000000
04030642;235692000000
04030635;235692000000
04030639;235692000000
04032193;236296800000
04032082;236296800000
04033151;236901600000
04033628;236901600000
04033470;236901600000
04033518;236901600000
04033811;236901600000
04035288;237506400000
04035029;237506400000
04035030;237506400000
04034869;237506400000
04034870;237506400000
04036532;238111200000
04036531;238111200000
04036408;238111200000
04037335;238716000000
04037992;238716000000
04037877;238716000000
04037805;238716000000
04039105;239320800000
04039431;239320800000
04041959;240530400000
04042099;240530400000
04042190;240530400000
04042666;240530400000
04043775;241135200000
04043718;241135200000
04045091;241740000000
04045092;241740000000
04045086;241740000000
04047677;242949600000
04047644;242949600000
04049405;243554400000
04049321;243554400000
04049394;243554400000
04049255;243554400000
04049247;243554400000
04050742;244162800000
04050741;244162800000
04052108;244767600000
04053184;245372400000
04054507;245977200000
04055280;246582000000
04055315;246582000000
04057155;247791600000
04057399;247791600000
04057295;247791600000
04058274;248396400000
04058227;248396400000
04058223;248396400000
04059310;249001200000
04059311;249001200000
04059246;249001200000
04058986;249001200000
04060223;249606000000
04060281;249606000000
04060282;249606000000
04060181;249606000000
04060458;249606000000
04061401;250210800000
04062596;250815600000
04063572;251420400000
04065076;252025200000
04066298;252630000000
04067623;253234800000
04067622;253234800000
04067616;253234800000
04068397;253839600000
04071452;255049200000
04071170;255049200000
04072359;255654000000
04072109;255654000000
04073244;256258800000
04074921;256863600000
04075947;257468400000
04076321;257468400000
04076320;257468400000
04076150;257468400000
04077612;258073200000
04078498;258678000000
04078964;258678000000
04078703;258678000000
04081201;259887600000
04081110;259887600000
04082513;260488800000
04082364;260488800000
04082366;260488800000
04082365;260488800000
04082368;260488800000
04082367;260488800000
04082205;260488800000
04083607;261093600000
04084769;261698400000
04084770;261698400000
04084628;261698400000
04085977;262303200000
04085976;262303200000
04085975;262303200000
04086064;262303200000
04086706;262908000000
04087214;262908000000
04087134;262908000000
04087133;262908000000
04089053;263512800000
04088373;263512800000
04089515;264117600000
04089563;264117600000
04090645;264722400000
04092046;265327200000
04091940;265327200000
04093062;265932000000
04094551;266536800000
04094552;266536800000
04094810;266536800000
04094651;266536800000
04095847;267141600000
04095776;267141600000
04095643;267141600000
04096731;267746400000
04097243;267746400000
04097092;267746400000
04098541;268351200000
04098568;268351200000
04098412;268351200000
04098675;268351200000
04099457;268956000000
04099789;268956000000
04099688;268956000000
04101175;269560800000
04101174;269560800000
04102278;270165600000
04102056;270165600000
04104035;270770400000
04104171;270770400000
04104889;271375200000
04105256;271375200000
04105537;271375200000
04106210;271980000000
04106533;271980000000
04106817;271980000000
04108193;272584800000
04108077;272584800000
04108079;272584800000
04108500;272584800000
04108498;272584800000
04108499;272584800000
04109394;273189600000
04109966;273189600000
04109903;273189600000
04109861;273189600000
04111493;273794400000
04111492;273794400000
04113247;274399200000
04113202;274399200000
04113148;274399200000
04114954;275004000000
04114955;275004000000
04114956;275004000000
04114835;275004000000
04114748;275004000000
04114785;275004000000
04115070;275004000000
04116491;275608800000
04116368;275608800000
04116367;275608800000
04115929;275608800000
04118075;276217200000
04118074;276217200000
04122003;278031600000
04123114;278636400000
04123113;278636400000
04125194;279846000000
04127397;281055600000
04127307;281055600000
04127950;281660400000
04129339;282265200000
04129338;282265200000
04129337;282265200000
04129411;282265200000
04130300;282870000000
04131072;283474800000
04131320;283474800000
04131319;283474800000
04131318;283474800000
04132450;284079600000
04134466;285289200000
04134300;285289200000
04135767;285894000000
04135684;285894000000
04135685;285894000000
04136911;286498800000
04138161;287103600000
04138162;287103600000
04138163;287103600000
04138047;287103600000
04140350;288313200000
04140349;288313200000
04142685;289522800000
04143921;290127600000
04143922;290127600000
04144021;290127600000
04145087;290732400000
04145453;290732400000
04144618;290732400000
04146370;291337200000
04146195;291337200000
04147392;291938400000
04149755;293148000000
04149756;293148000000
04149685;293148000000
04149684;293148000000
04151935;294357600000
04152029;294357600000
04152254;294357600000
04153427;294962400000
04153304;294962400000
04154485;295567200000
04154484;295567200000
04154486;295567200000
04154370;295567200000
04155602;296172000000
04155367;296172000000
04156546;296776800000
04157796;297986400000
04157848;297986400000
04158469;298591200000
04159151;299196000000
04159150;299196000000
04159897;299800800000
04159824;299800800000
04160618;300405600000
04160567;300405600000
04162106;301615200000
04162784;302220000000
04162811;302220000000
04163583;302824800000
04163582;302824800000
04164359;303429600000
04165260;304034400000
04165135;304034400000
04165134;304034400000
04165133;304034400000
04165132;304034400000
04165845;304639200000
04165820;304639200000
04165822;304639200000
04166419;305244000000
04167235;305848800000
04168864;307058400000
04169632;307666800000
04169631;307666800000
04169508;307666800000
04170385;308271600000
04170074;308271600000
04171925;309481200000
04171852;309481200000
04171853;309481200000
04172617;310086000000
04172618;310086000000
04172539;310086000000
04172535;310086000000
04173188;310690800000
04173530;310690800000
04174001;311295600000
04174921;311900400000
04174868;311900400000
04175662;312505200000
04175570;312505200000
04175893;312505200000
04175892;312505200000
04175872;312505200000
04176987;313110000000
04176988;313110000000
04176885;313110000000
04177647;313714800000
04178231;313714800000
04178233;313714800000
04178114;313714800000
04178113;313714800000
04179371;314319600000
04179340;314319600000
04179232;314319600000
04178662;314319600000
04180186;314924400000
04180354;314924400000
04180353;314924400000
04182383;316134000000
04182245;316134000000
04182243;316134000000
04182586;316134000000
04183702;316738800000
04184792;317343600000
04184793;317343600000
04184274;317343600000
04185941;317948400000
04185942;317948400000
04185783;317948400000
04187043;318553200000
04187044;318553200000
04186772;318553200000
04188160;319158000000
04189263;319762800000
04189262;319762800000
04189259;319762800000
04189261;319762800000
04189260;319762800000
04191500;320972400000
04191499;320972400000
04193737;322182000000
04194859;322786800000
04195954;323391600000
04197037;323992800000
04197873;324597600000
04199282;325202400000
04199281;325202400000
04199280;325202400000
04200099;325807200000
04200208;325807200000
04200414;325807200000
04200413;325807200000
04200415;325807200000
04200412;325807200000
04200950;326412000000
04201499;326412000000
04201504;326412000000
04202673;327016800000
04203689;327621600000
04203688;327621600000
04205929;328831200000
04205931;328831200000
04205930;328831200000
04205468;328831200000
04206555;329436000000
04206610;329436000000
04207018;329436000000
04207081;329436000000
04208153;330040800000
04208251;330040800000
04209304;330645600000
04210519;331250400000
04210801;331250400000
04211505;331855200000
04211506;331855200000
04212331;332460000000
04212333;332460000000
04212566;332460000000
04214844;333669600000
04216082;334274400000
04215824;334274400000
04215956;334274400000
04215954;334274400000
04216914;334879200000
04217212;334879200000
04217218;334879200000
04219340;336088800000
04219110;336088800000
04219289;336088800000
04219288;336088800000
04219290;336088800000
04220426;336693600000
04220425;336693600000
04221506;337298400000
04221507;337298400000
04221508;337298400000
04221509;337298400000
04221510;337298400000
04222859;337903200000
04223044;337903200000
04223700;338508000000
04225272;339116400000
04227316;340326000000
04227836;340326000000
04227835;340326000000
04227863;340326000000
04227451;340326000000
04229125;340930800000
04229861;341535600000
04230426;341535600000
04231686;342140400000
04231687;342140400000
04231688;342140400000
04231689;342140400000
04232632;342745200000
04232829;342745200000
04234106;343350000000
04234274;343350000000
04234271;343350000000
04234273;343350000000
04234272;343350000000
04235563;343954800000
04235293;343954800000
04236852;344559600000
04236851;344559600000
04236654;344559600000
04237619;345164400000
04239422;345769200000
04239423;345769200000
04239424;345769200000
04239420;345769200000
04239421;345769200000
04238891;345769200000
04240768;346374000000
04240769;346374000000
04242038;346978800000
04242007;346978800000
04242015;346978800000
04242098;346978800000
04243352;347583600000
04243346;347583600000
04244562;348188400000
04245935;348793200000
04245936;348793200000
04245932;348793200000
04245933;348793200000
04245934;348793200000
04247228;349398000000
04247227;349398000000
04247229;349398000000
04247230;349398000000
04248551;350002800000
04248552;350002800000
04249838;350607600000
04249839;350607600000
04251170;351212400000
04251169;351212400000
04251365;351212400000
04250657;351212400000
04252479;351817200000
04252478;351817200000
04253591;352422000000
04253782;352422000000
04253783;352422000000
04253824;352422000000
04255072;353026800000
04256418;353631600000
04256419;353631600000
04258005;354236400000
04257723;354236400000
04259031;354837600000
04259032;354837600000
04260298;355442400000
04261117;356047200000
04261705;356047200000
04261672;356047200000
04262034;356047200000
04264212;357256800000
04264240;357256800000
04264241;357256800000
04264242;357256800000
04264243;357256800000
04264244;357256800000
04264238;357256800000
04264239;357256800000
04263927;357256800000
04263944;357256800000
04265592;357861600000
04265572;357861600000
04265573;357861600000
04265737;357861600000
04266581;358466400000
04269548;359676000000
04270558;360280800000
04273478;361490400000
04273477;361490400000
04272028;361490400000
04275836;362700000000
04275976;362700000000
04277205;363304800000
04277416;363304800000
04278240;363909600000
04278365;363909600000
04278366;363909600000
04278367;363909600000
04279549;364514400000
04279556;364514400000
04280419;365119200000
04280782;365119200000
04280706;365119200000
04280251;365119200000
04281946;365724000000
04282006;365724000000
04284032;366933600000
04284372;366933600000
04284370;366933600000
04284371;366933600000
04284369;366933600000
04285617;367538400000
04286527;368143200000
04286524;368143200000
04286822;368143200000
04286910;368143200000
04286935;368143200000
04287725;368748000000
04288074;368748000000
04289437;369352800000
04289429;369352800000
04289428;369352800000
04290555;369957600000
04290908;369957600000
04292915;371170800000
04293250;371170800000
04293249;371170800000
04294592;371775600000
04296695;372985200000
04296970;372985200000
04298229;373590000000
04299518;374194800000
04299683;374194800000
04300446;374799600000
04300726;374799600000
04301880;375404400000
04301943;375404400000
04302134;375404400000
04304508;376614000000
04304105;376614000000
04305210;377218800000
04305740;377218800000
04305688;377218800000
04306387;377823600000
04306359;377823600000
04306629;377823600000
04306643;377823600000
04309269;379033200000
04312607;380847600000
04312608;380847600000
04313699;381452400000
04313700;381452400000
04314669;382057200000
04315705;382662000000
04315704;382662000000
04316505;383266800000
04316682;383266800000
04316681;383266800000
04316680;383266800000
04317532;383871600000
04318643;384476400000
04319782;385081200000
04320559;385686000000
04320995;385686000000
04322184;386287200000
04322221;386287200000
04321877;386287200000
04324091;387496800000
04324511;387496800000
04325495;388101600000
04325573;388101600000
04325660;388101600000
04326866;388706400000
04327055;388706400000
04328057;389311200000
04329105;389916000000
04334370;392940000000
04334806;392940000000
04335994;393544800000
04335982;393544800000
04337902;394754400000
04338049;394754400000
04338187;394754400000
04340347;395964000000
04340323;395964000000
04341492;396568800000
04343511;397778400000
04343574;397778400000
04343575;397778400000
04344580;398383200000
04344723;398383200000
04344843;398383200000
04345858;398988000000
04345859;398988000000
04345527;398988000000
04345702;398988000000
04346730;399592800000
04346822;399592800000
04347032;399592800000
04347022;399592800000
04348158;400197600000
04348139;400197600000
04349280;400802400000
04351373;402015600000
04352267;402620400000
04352331;402620400000
04352604;402620400000
04352605;402620400000
04352603;402620400000
04352608;402620400000
04352606;402620400000
04352607;402620400000
04353667;403225200000
04353668;403225200000
04354775;403830000000
04354778;403830000000
04354776;403830000000
04354777;403830000000
04356078;404434800000
04356105;404434800000
04355929;404434800000
04355928;404434800000
04355930;404434800000
04357257;405039600000
04356779;405039600000
04358226;405644400000
04358227;405644400000
04359383;406249200000
04359298;406249200000
04360295;406854000000
04360294;406854000000
04361079;407458800000
04361973;408063600000
04362441;408063600000
04362442;408063600000
04362443;408063600000
04363572;408668400000
04363573;408668400000
04363574;408668400000
04363575;408668400000
04363571;408668400000
04364665;409273200000
04365915;409878000000
04365764;409878000000
04367598;411087600000
04367685;411087600000
04367989;411087600000
04367987;411087600000
04367988;411087600000
04368678;411692400000
04368742;411692400000
04369006;411692400000
04369005;411692400000
04371309;412902000000
04371295;412902000000
04371294;412902000000
04371101;412902000000
04372751;413506800000
04372712;413506800000
04372713;413506800000
04372710;413506800000
04372711;413506800000
04372338;413506800000
04372337;413506800000
04372478;413506800000
04373276;414111600000
04373887;414111600000
04373838;414111600000
04374540;414716400000
04375358;415321200000
04375335;415321200000
04376600;416530800000
04376601;416530800000
04376602;416530800000
04377172;417135600000
04377356;417135600000
04378183;417736800000
04378182;417736800000
04379106;418341600000
04379664;418946400000
04379663;418946400000
04381161;420156000000
04381898;420760800000
04381897;420760800000
04381924;420760800000
04382724;421365600000
04382725;421365600000
04382723;421365600000
04385852;423180000000
04386719;423784800000
04387914;424389600000
04387852;424389600000
04388026;424389600000
04388035;424389600000
04388871;424994400000
04389142;424994400000
04389143;424994400000
04390281;425599200000
04391860;426204000000
04391561;426204000000
04391528;426204000000
04392439;426808800000
04392760;426808800000
04394259;427413600000
04395166;428018400000
04395165;428018400000
04395164;428018400000
04394895;428018400000
04394790;428018400000
04396397;428623200000
04397591;429228000000
04398828;429832800000
04398852;429832800000
04399757;430437600000
04400131;430437600000
04402635;431647200000
04403374;432252000000
04405240;432856800000
04405289;432856800000
04405265;432856800000
04406663;433465200000
04407436;434070000000
04407613;434070000000
04408943;434674800000
04408886;434674800000
04410106;435279600000
04409746;435279600000
04409918;435279600000
04411388;435884400000
04411389;435884400000
04411390;435884400000
04411935;435884400000
04411560;435884400000
04411561;435884400000
04411562;435884400000
04411674;435884400000
04412762;436489200000
04412761;436489200000
04413932;437094000000
04413933;437094000000
04413934;437094000000
04413935;437094000000
04415338;437698800000
04415296;437698800000
04415297;437698800000
04416666;438303600000
04416567;438303600000
04416568;438303600000
04417832;438908400000
04417901;438908400000
04420279;440118000000
04422565;441327600000
04422809;441327600000
04422810;441327600000
04423987;441932400000
04423988;441932400000
04425058;442537200000
04425075;442537200000
04427133;443746800000
04428703;444351600000
04430248;444956400000
04430028;444956400000
04430029;444956400000
04430030;444956400000
04432771;446166000000
04432676;446166000000
04432674;446166000000
04432675;446166000000
04433947;446770800000
04433946;446770800000
04433943;446770800000
04435122;447375600000
04436456;447980400000
04436457;447980400000
04436458;447980400000
04436459;447980400000
04436528;447980400000
04437609;448585200000
04437796;448585200000
04437797;448585200000
04437798;448585200000
04437799;448585200000
04439072;449186400000
04439073;449186400000
04439200;449186400000
04440528;449791200000
04440543;449791200000
04441853;450396000000
04441887;450396000000
04442865;451000800000
04444229;451605600000
04444532;451605600000
04444531;451605600000
04445809;452210400000
04449644;454024800000
04449863;454024800000
04449862;454024800000
04449861;454024800000
04449880;454024800000
04451183;454629600000
04451184;454629600000
04451182;454629600000
04453866;455839200000
04453865;455839200000
04453864;455839200000
04455110;456444000000
04455111;456444000000
04455112;456444000000
04455149;456444000000
04455288;456444000000
04456406;457048800000
04457423;457653600000
04457434;457653600000
04457648;457653600000
04458601;458258400000
04459070;458258400000
04459071;458258400000
04459069;458258400000
04461700;459468000000
04461601;459468000000
04462720;460072800000
04462721;460072800000
04462722;460072800000
04462739;460072800000
04462719;460072800000
04462550;460072800000
04462796;460072800000
04462777;460072800000
04462808;460072800000
04462140;460072800000
04463769;460677600000
04466073;461282400000
04465016;461282400000
04465239;461282400000
04465418;461282400000
04465410;461282400000
04465409;461282400000
04465497;461282400000
04466558;461887200000
04466761;461887200000
04466760;461887200000
04466759;461887200000
04468232;462492000000
04469268;463096800000
04469135;463096800000
04470729;463701600000
04470727;463701600000
04470730;463701600000
04470704;463701600000
04472091;464306400000
04472062;464306400000
04473328;464911200000
04473327;464911200000
04473326;464911200000
04473016;464911200000
04474511;465519600000
04474327;465519600000
04475848;466124400000
04475849;466124400000
04475819;466124400000
04475924;466124400000
04476611;466729200000
04477210;466729200000
04478253;467334000000
04479743;467938800000
04479362;467938800000
04479920;467938800000
04481019;468543600000
04480593;468543600000
04480560;468543600000
04480947;468543600000
04480948;468543600000
04482276;469148400000
04482275;469148400000
04482367;469148400000
04483646;469753200000
04484852;470358000000
04484843;470358000000
04486126;470962800000
04486101;470962800000
04486100;470962800000
04488838;472172400000
04488837;472172400000
04489862;472777200000
04490078;472777200000
04490077;472777200000
04491138;473382000000
04491442;473382000000
04492589;473986800000
04492497;473986800000
04492294;473986800000
04493593;474591600000
04493548;474591600000
04495024;475196400000
04494959;475196400000
04496076;475801200000
04496367;475801200000
04497605;476406000000
04497345;476406000000
04497599;476406000000
04497598;476406000000
04497120;476406000000
04498819;477010800000
04498818;477010800000
04498906;477010800000
04500229;477615600000
04500228;477615600000
04500230;477615600000
04500231;477615600000
04500038;477615600000
04500445;477615600000
04501205;478220400000
04501286;478220400000
04501518;478220400000
04502215;478825200000
04502820;478825200000
04502819;478825200000
04502868;478825200000
04503786;479430000000
04504177;479430000000
04504182;479430000000
04504277;479430000000
04505623;480034800000
04505214;480034800000
04505716;480034800000
04506704;480639600000
04506815;480639600000
04506834;480639600000
04506865;480639600000
04507022;480639600000
04508474;481240800000
04508473;481240800000
04509862;481845600000
04511292;482450400000
04511291;482450400000
04511364;482450400000
04512688;483055200000
04512687;483055200000
04514114;483660000000
04514189;483660000000
04515503;484264800000
04517099;484869600000
04516887;484869600000
04516888;484869600000
04518286;485474400000
04519810;486079200000
04519427;486079200000
04521130;486684000000
04521139;486684000000
04521268;486684000000
04521165;486684000000
04522340;487288800000
04525107;488498400000
04525105;488498400000
04525106;488498400000
04525173;488498400000
04526208;489103200000
04526584;489103200000
04526121;489103200000
04526111;489103200000
04527346;489708000000
04529335;490312800000
04529336;490312800000
04529337;490312800000
04529348;490312800000
04529106;490312800000
04528848;490312800000
04530462;490917600000
04530290;490917600000
04531862;491522400000
04532860;492127200000
04533280;492127200000
04535326;492732000000
04534653;492732000000
04535801;493336800000
04536121;493336800000
04536104;493336800000
04536105;493336800000
04536186;493336800000
04537224;493941600000
04538364;494546400000
04538941;494546400000
04540120;495151200000
04540421;495151200000
04540317;495151200000
04541144;495756000000
04542775;496360800000
04543018;496360800000
04543017;496360800000
04544306;496969200000
04545410;497574000000
04545714;497574000000
04545704;497574000000
04547099;498178800000
04546902;498178800000
04546612;498178800000
04548529;498783600000
04548147;498783600000
04548001;498783600000
04550952;499993200000
04551040;499993200000
04551042;499993200000
04551041;499993200000
04552069;500598000000
04552573;500598000000
04552568;500598000000
04552489;500598000000
04552490;500598000000
04553880;501202800000
04553881;501202800000
04553882;501202800000
04553698;501202800000
04554721;501807600000
04554941;501807600000
04554956;501807600000
04555385;501807600000
04555254;501807600000
04556173;502412400000
04557637;503017200000
04557636;503017200000
04557638;503017200000
04559719;504226800000
04560307;504226800000
04560094;504226800000
04560032;504226800000
04561808;504831600000
04561805;504831600000
04561807;504831600000
04561806;504831600000
04562968;505436400000
04563123;505436400000
04563112;505436400000
04563196;505436400000
04563635;505436400000
04564190;506041200000
04564319;506041200000
04564317;506041200000
04564318;506041200000
04564371;506041200000
04568223;507855600000
04568224;507855600000
04568225;507855600000
04569161;508460400000
04570552;509065200000
04572712;509670000000
04572726;509670000000
04573504;510274800000
04573800;510274800000
04573830;510274800000
04573849;510274800000
04574705;510879600000
04575284;510879600000
04576097;511484400000
04576526;511484400000
04578001;512089200000
04578002;512089200000
04579320;512690400000
04579482;512690400000
04580927;513295200000
04580928;513295200000
04582455;513900000000
04582454;513900000000
04582254;513900000000
04583884;514504800000
04583885;514504800000
04583883;514504800000
04583487;514504800000
04586854;515714400000
04586853;515714400000
04586852;515714400000
04586443;515714400000
04587002;515714400000
04588330;516319200000
04587985;516319200000
04589592;516924000000
04591075;517528800000
04592679;518133600000
04593630;518738400000
04593722;518738400000
04593727;518738400000
04594028;518738400000
04595318;519343200000
04595317;519343200000
04595319;519343200000
04596497;519948000000
04597510;520552800000
04597487;520552800000
04597694;520552800000
04599249;521157600000
04599092;521157600000
04599015;521157600000
04599017;521157600000
04599016;521157600000
04600129;521762400000
04600603;521762400000
04601617;522367200000
04603810;523576800000
04605342;524181600000
04605329;524181600000
04606677;524786400000
04607987;525391200000
04609134;525996000000
04609309;525996000000
04610283;526600800000
04610575;526600800000
04610574;526600800000
04611759;527205600000
04611955;527205600000
04613259;527810400000
04614283;528418800000
04615825;529023600000
04615649;529023600000
04615648;529023600000
04615647;529023600000
04616960;529628400000
04616961;529628400000
04618294;530233200000
04618295;530233200000
04618292;530233200000
04618293;530233200000
04619562;530838000000
04619561;530838000000
04620656;531442800000
04620577;531442800000
04620997;531442800000
04621952;532047600000
04621953;532047600000
04622918;532652400000
04624369;533257200000
04627156;534466800000
04630975;535676400000
04634451;536886000000
04637418;538095600000
04637473;538095600000
04637760;538095600000
04638945;538700400000
04640219;539305200000
04641864;539910000000
04642223;539910000000
04642944;540514800000
04645035;541119600000
04645514;541119600000
04646910;541724400000
04646941;541724400000
04646943;541724400000
04646759;541724400000
04648754;542329200000
04648779;542329200000
04653964;544140000000
04653963;544140000000
04653777;544140000000
04655943;544744800000
04655647;544744800000
04655677;544744800000
04657444;545349600000
04659263;545954400000
04659262;545954400000
04659293;545954400000
04660271;546559200000
04660959;546559200000
04660772;546559200000
04661025;546559200000
04661026;546559200000
04661024;546559200000
04661046;546559200000
04661243;546559200000
04662798;547164000000
04662799;547164000000
04662800;547164000000
04662543;547164000000
04664139;547768800000
04664160;547768800000
04665956;548373600000
04666726;548373600000
04666347;548373600000
04666346;548373600000
04666462;548373600000
04668131;548978400000
04668130;548978400000
04669922;549583200000
04669921;549583200000
04671707;550188000000
04671708;550188000000
04670954;550188000000
04673080;550792800000
04674922;551397600000
04676742;552002400000
04676826;552002400000
04676699;552002400000
04676402;552002400000
04677917;552607200000
04678377;552607200000
04678119;552607200000
04679704;553212000000
04681484;553816800000
04681676;553816800000
04682915;554421600000
04684155;555026400000
04684296;555026400000
04684295;555026400000
04685840;555631200000
04685841;555631200000
04685842;555631200000
04685843;555631200000
04685476;555631200000
04687408;556236000000
04687381;556236000000
04687382;556236000000
04687079;556236000000
04688588;556840800000
04689173;556840800000
04690591;557445600000
04692169;558050400000
04692068;558050400000
04692628;558050400000
04693394;558655200000
04693189;558655200000
04694740;559260000000
04695206;559260000000
04695207;559260000000
04695205;559260000000
04696608;559868400000
04696432;559868400000
04696179;559868400000
04697962;560473200000
04699548;561078000000
04699210;561078000000
04699068;561078000000
04701185;561682800000
04701080;561682800000
04701981;562287600000
04702182;562287600000
04702181;562287600000
04702664;562287600000
04702747;562287600000
04704054;562892400000
04704134;562892400000
04703868;562892400000
04704851;563497200000
04705220;563497200000
04705433;563497200000
04705432;563497200000
04706697;564102000000
04707162;564102000000
04708535;564706800000
04708534;564706800000
04710068;565311600000
04710066;565311600000
04710067;565311600000
04710098;565311600000
04711607;565916400000
04714505;567126000000
04715748;567730800000
04715749;567730800000
04715750;567730800000
04715722;567730800000
04717289;568335600000
04718796;568940400000
04718795;568940400000
04720215;569545200000
04721419;570150000000
04721420;570150000000
04722276;570754800000
04722641;570754800000
04723387;571359600000
04724035;571359600000
04726715;572569200000
04728250;573174000000
04729513;573778800000
04730955;574383600000
04730956;574383600000
04730957;574383600000
04732513;574988400000
04732512;574988400000
04732113;574988400000
04733619;575589600000
04734110;575589600000
04735731;576194400000
04735301;576194400000
04735241;576194400000
04738608;577404000000
04738748;577404000000
04738770;577404000000
04738569;577404000000
04738289;577404000000
04738287;577404000000
04740112;578008800000
04740113;578008800000
04740114;578008800000
04741196;578613600000
04743143;579218400000
04743936;579218400000
04744701;579823200000
04744702;579823200000
04746250;580428000000
04747731;581032800000
04747732;581032800000
04747814;581032800000
04747524;581032800000
04748817;581637600000
04749312;581637600000
04749313;581637600000
04753565;583452000000
04753296;583452000000
04753353;583452000000
04756647;584661600000
04756646;584661600000
04756427;584661600000
04758117;585266400000
04758118;585266400000
04758119;585266400000
04759775;585871200000
04762684;587080800000
04762668;587080800000
04762148;587080800000
04764056;587685600000
04764057;587685600000
04764058;587685600000
04765779;588290400000
04765780;588290400000
04765781;588290400000
04765377;588290400000
04767243;588895200000
04766938;588895200000
04768090;588895200000
04769127;589500000000
04768684;589500000000
04769873;590104800000
04770565;590104800000
04770566;590104800000
04770611;590104800000
04770344;590104800000
04773960;591318000000
04773797;591318000000
04773796;591318000000
04773522;591318000000
04775267;591922800000
04776731;592527600000
04776730;592527600000
04779765;593737200000
04780027;593737200000
04780028;593737200000
04781494;594342000000
04784755;595551600000
04784533;595551600000
04784561;595551600000
04787782;596761200000
04787783;596761200000
04789569;597366000000
04789272;597366000000
04790708;597970800000
04790692;597970800000
04792235;598575600000
04792263;598575600000
04793744;599180400000
04793742;599180400000
04793743;599180400000
04793529;599180400000
04797038;600390000000
04798516;600994800000
04799830;601599600000
04799831;601599600000
04801044;602204400000
04801210;602204400000
04803034;602809200000
04802796;602809200000
04806056;604018800000
04805626;604018800000
04807814;604623600000
04808042;604623600000
04808043;604623600000
04809602;605228400000
04812086;605833200000
04812085;605833200000
04813817;606438000000
04813818;606438000000
04816682;607039200000
04815414;607039200000
04818152;607644000000
04817540;607644000000
04820086;608248800000
04820052;608248800000
04822214;608853600000
04821495;608853600000
04823396;608853600000
04824294;609458400000
04824295;609458400000
04823989;609458400000
04826360;610063200000
04826362;610063200000
04826361;610063200000
04828435;610668000000
04828434;610668000000
04827967;610668000000
04830287;611272800000
04830043;611272800000
04830545;611272800000
04830547;611272800000
04830546;611272800000
04829724;611272800000
04829626;611272800000
04832537;611877600000
04832538;611877600000
04832539;611877600000
04834544;612482400000
04834590;612482400000
04834588;612482400000
04834589;612482400000
04834586;612482400000
04834587;612482400000
04834004;612482400000
04836250;613087200000
04836039;613087200000
04838169;613692000000
04838071;613692000000
04838738;613692000000
04840253;614296800000
04840727;614296800000
04842449;614901600000
04843969;615506400000
04843983;615506400000
04844663;615506400000
04844665;615506400000
04844664;615506400000
04844340;615506400000
04846605;616111200000
04846608;616111200000
04846377;616111200000
04848974;616716000000
04848975;616716000000
04848941;616716000000
04848940;616716000000
04851110;617320800000
04850749;617320800000
04850752;617320800000
04850751;617320800000
04850750;617320800000
04850703;617320800000
04853112;617925600000
04852994;617925600000
04854783;618530400000
04856941;619135200000
04859120;619740000000
04859121;619740000000
04859316;619740000000
04861200;620344800000
04860928;620344800000
04860959;620344800000
04860687;620344800000
04863317;620949600000
04863316;620949600000
04863104;620949600000
04863076;620949600000
04862649;620949600000
04865491;621554400000
04865492;621554400000
04867615;622159200000
04869622;622767600000
04871284;623372400000
04872786;623977200000
04872785;623977200000
04872598;623977200000
04874273;624582000000
04874130;624582000000
04875811;625186800000
04875810;625186800000
04875574;625186800000
04877419;625791600000
04878785;626396400000
04878784;626396400000
04880148;627001200000
04880147;627001200000
04881862;627606000000
04881855;627606000000
04881856;627606000000
04881397;627606000000
04883406;628210800000
04883362;628210800000
04883390;628210800000
04885012;628815600000
04884924;628815600000
04884923;628815600000
04884925;628815600000
04884723;628815600000
04886401;629420400000
04887936;630025200000
04887400;630025200000
04889452;630630000000
04889139;630630000000
04890960;631234800000
04892123;631839600000
04893966;632444400000
04893656;632444400000
04896968;633654000000
04898208;634258800000
04900345;634863600000
04900200;634863600000
04900199;634863600000
04902173;635468400000
04901503;635468400000
04904574;636073200000
04903419;636073200000
04903901;636073200000
04904127;636073200000
04904126;636073200000
04904128;636073200000
04906144;636678000000
04909676;637887600000
04909556;637887600000
04909273;637887600000
04911340;638488800000
04911824;638488800000
04913598;639093600000
04913597;639093600000
04915547;639698400000
04917546;640303200000
04917544;640303200000
04917545;640303200000
04917143;640303200000
04919303;640908000000
04926217;642722400000
04927582;643327200000
04927298;643327200000
04928739;643932000000
04930943;644536800000
04930944;644536800000
04930941;644536800000
04930942;644536800000
04930691;644536800000
04932594;645141600000
04932513;645141600000
04933072;645141600000
04934877;645746400000
04934876;645746400000
04934875;645746400000
04934569;645746400000
04934281;645746400000
04936715;646351200000
04936716;646351200000
04936153;646351200000
04936031;646351200000
04936870;646351200000
04938848;646956000000
04938637;646956000000
04938636;646956000000
04939816;647560800000
04940535;647560800000
04940368;647560800000
04940367;647560800000
04940131;647560800000
04941777;648165600000
04941778;648165600000
04941779;648165600000
04941295;648165600000
04943190;648770400000
04944347;649375200000
04944637;649375200000
04944636;649375200000
04944635;649375200000
04946322;649980000000
04946317;649980000000
04946338;649980000000
04945661;649980000000
04945956;649980000000
04948303;650584800000
04948302;650584800000
04948013;650584800000
04947903;650584800000
04947802;650584800000
04952100;651794400000
04952099;651794400000
04953135;651794400000
04953749;652399200000
04953792;652399200000
04954020;652399200000
04955989;653004000000
04955761;653004000000
04955762;653004000000
04960350;654822000000
04963392;656031600000
04963065;656031600000
04964575;656636400000
04964502;656636400000
04968188;657846000000
04971481;659055600000
04971482;659055600000
04970830;659055600000
04973203;659660400000
04973202;659660400000
04975100;660265200000
04975000;660265200000
04974998;660265200000
04974999;660265200000
04974646;660265200000
04974277;660265200000
04976755;660870000000
04976356;660870000000
04976288;660870000000
04978252;661474800000
04978251;661474800000
04978253;661474800000
04983189;663289200000
04984939;663894000000
04984610;663894000000
04986456;664498800000
04988240;665103600000
04988239;665103600000
04989784;665708400000
04989763;665708400000
04990033;665708400000
04990034;665708400000
04992006;666313200000
04993887;666918000000
04993882;666918000000
04993881;666918000000
04993886;666918000000
04993885;666918000000
04993884;666918000000
04993883;666918000000
04995966;667522800000
04995765;667522800000
04995645;667522800000
04995427;667522800000
04996538;667522800000
04997681;668127600000
04997318;668127600000
04998850;668732400000
04998845;668732400000
05000358;669337200000
05000623;669337200000
05000624;669337200000
05002084;669942000000
05002229;669942000000
05002615;669942000000
05004377;670543200000
05006018;671148000000
05006019;671148000000
05005612;671148000000
05007772;671752800000
05009552;672357600000
05009550;672357600000
05009551;672357600000
05011339;672962400000
05015126;674172000000
05015127;674172000000
05017054;674776800000
05017053;674776800000
05017052;674776800000
05018440;675381600000
05018909;675381600000
05018910;675381600000
05020689;675986400000
05020858;675986400000
05020943;675986400000
05022794;676591200000
05022793;676591200000
05025158;677196000000
05024466;677196000000
05024561;677196000000
05027835;678405600000
05028009;678405600000
05028173;678405600000
05028174;678405600000
05030037;679010400000
05030054;679010400000
05029835;679010400000
05033915;680220000000
05033914;680220000000
05035317;680824800000
05035543;680824800000
05037244;681429600000
05037247;681429600000
05037246;681429600000
05037245;681429600000
05039017;682034400000
05039258;682034400000
05038975;682034400000
05040929;682639200000
05042178;683244000000
05042169;683244000000
05042209;683244000000
05042237;683244000000
05044872;683848800000
05044836;683848800000
05044837;683848800000
05049007;685058400000
05049008;685058400000
05048761;685058400000
05051040;685663200000
05051041;685663200000
05052445;686271600000
05053203;686271600000
05054965;686876400000
05054966;686876400000
05056962;687481200000
05060984;688690800000
05061145;688690800000
05062741;689295600000
05064314;689900400000
05064315;689900400000
05065858;690505200000
05067857;691110000000
05067856;691110000000
05069243;691714800000
05069583;691714800000
05069582;691714800000
05071290;692319600000
05071289;692319600000
05073259;692924400000
05074342;693529200000
05074718;693529200000
05076501;694134000000
05076737;694134000000
05078579;694738800000
05078548;694738800000
05078549;694738800000
05078776;694738800000
05080534;695343600000
05082148;695948400000
05083391;696553200000
05083710;696553200000
05083704;696553200000
05087155;697762800000
05088860;698367600000
05091082;698972400000
05090330;698972400000
05090900;698972400000
05092526;699577200000
05092714;699577200000
05094403;700182000000
05096096;700786800000
05096337;700786800000
05096336;700786800000
05098667;701391600000
05098229;701391600000
05098230;701391600000
05100266;701992800000
05100265;701992800000
05100264;701992800000
05102118;702597600000
05104230;703202400000
05103879;703202400000
05103981;703202400000
05106241;703807200000
05106240;703807200000
05106238;703807200000
05106239;703807200000
05108233;704412000000
05108513;704412000000
05107981;704412000000
05110366;705016800000
05110393;705016800000
05114078;706226400000
05114280;706226400000
05114281;706226400000
05118224;707436000000
05118225;707436000000
05118226;707436000000
05117533;707436000000
05119993;708040800000
05120165;708040800000
05122016;708645600000
05125583;709855200000
05125771;709855200000
05127439;710460000000
05127773;710460000000
05127772;710460000000
05129167;711064800000
05129459;711064800000
05129765;711064800000
05129766;711064800000
05131792;711669600000
05132917;711669600000
05133636;712274400000
05139370;714088800000
05139175;714088800000
05140759;714693600000
05143256;715298400000
05143485;715298400000
05143486;715298400000
05143521;715298400000
05143697;715298400000
05145253;715903200000
05145293;715903200000
05145292;715903200000
05147030;716508000000
05147155;716508000000
05147156;716508000000
05147153;716508000000
05147154;716508000000
05147152;716508000000
05149229;717112800000
05150822;717721200000
05150990;717721200000
05150991;717721200000
05154545;718930800000
05155976;719535600000
05156102;719535600000
05156498;719535600000
05156499;719535600000
05156500;719535600000
05160222;720745200000
05161919;721350000000
05163787;721954800000
05163786;721954800000
05163667;721954800000
05165826;722559600000
05167472;723164400000
05167471;723164400000
05169267;723769200000
05170949;724374000000
05172497;724978800000
05173007;724978800000
05174320;725583600000
05174689;725583600000
05176475;726188400000
05178196;726793200000
05178496;726793200000
05177888;726793200000
05180257;727398000000
05181805;728002800000
05181806;728002800000
05181807;728002800000
05181804;728002800000
05184730;729212400000
05186166;729817200000
05186110;729817200000
05188486;730422000000
05188296;730422000000
05188264;730422000000
05190082;731026800000
05190140;731026800000
05190415;731026800000
05190416;731026800000
05192170;731631600000
05192450;731631600000
05191961;731631600000
05191966;731631600000
05193942;732236400000
05195851;732841200000
05195852;732841200000
05195850;732841200000
05197162;733442400000
05199245;734047200000
05199767;734047200000
05199826;734047200000
05201877;734652000000
05203485;735256800000
05205489;735861600000
05205677;735861600000
05205991;735861600000
05205019;735861600000
05207536;736466400000
05209170;737071200000
05209387;737071200000
05209607;737071200000
05209608;737071200000
05209609;737071200000
05211513;737676000000
05211514;737676000000
05210935;737676000000
05213271;738280800000
05213451;738280800000
05213450;738280800000
05212891;738280800000
05215221;738885600000
05215222;738885600000
05215228;738885600000
05215261;738885600000
05215412;738885600000
05217329;739490400000
05217328;739490400000
05223199;741304800000
05222529;741304800000
05222840;741304800000
05224243;741909600000
05225089;741909600000
05224802;741909600000
05226213;742514400000
05226567;742514400000
05226759;742514400000
05226757;742514400000
05226758;742514400000
05226775;742514400000
05228168;743119200000
05232315;744328800000
05232314;744328800000
05234292;744933600000
05236285;745538400000
05236286;745538400000
05236287;745538400000
05238154;746143200000
05238333;746143200000
05238332;746143200000
05238400;746143200000
05240355;746748000000
05242250;747352800000
05242059;747352800000
05244317;747957600000
05246189;748562400000
05246097;748562400000
05246314;748562400000
05248222;749170800000
05248228;749170800000
05248227;749170800000
05247722;749170800000
05252008;750380400000
05252007;750380400000
05255830;751590000000
05258137;752194800000
05265983;754614000000
05265984;754614000000
05269461;755823600000
05269463;755823600000
05269635;755823600000
05269636;755823600000
05269637;755823600000
05269638;755823600000
05271427;756428400000
05271695;756428400000
05273584;757033200000
05273562;757033200000
05275440;757638000000
05277492;758242800000
05282573;760057200000
05284405;760662000000
05284388;760662000000
05286451;761266800000
05285735;761266800000
05287586;761871600000
05288111;761871600000
05288024;761871600000
05294217;763686000000
05294218;763686000000
05296015;764290800000
05299888;765496800000
05299889;765496800000
05299890;765496800000
05299891;765496800000
05301534;766101600000
05304027;766706400000
05304017;766706400000
05307998;767916000000
05309703;768520800000
05310291;768520800000
05312231;769125600000
05314094;769730400000
05316179;770335200000
05318408;770940000000
05320457;771544800000
05322074;772149600000
05322393;772149600000
05324142;772754400000
05324143;772754400000
05323819;772754400000
05323939;772754400000
05326009;773359200000
05326194;773359200000
05328301;773964000000
05329660;774568800000
05332337;775173600000
05335828;776383200000
05337795;776988000000
05340241;777592800000
05341856;778197600000
05346101;779407200000
05345969;779407200000
05350260;780620400000
05350257;780620400000
05353967;781830000000
05354152;781830000000
05355962;782434800000
05356280;782434800000
05356243;782434800000
05356577;782434800000
05357688;783039600000
05360297;783644400000
05363778;784854000000
05364208;784854000000
05368417;786063600000
05372277;787273200000
05374141;787878000000
05375730;788482800000
05378047;789087600000
05378089;789087600000
05379706;789692400000
05382117;790297200000
05381886;790297200000
05381779;790297200000
05385434;791506800000
05387058;792111600000
05386857;792111600000
05386900;792111600000
05388704;792716400000
05390827;793321200000
05390501;793321200000
05392996;793926000000
05392722;793926000000
05397062;795135600000
05402876;796946400000
05403128;796946400000
05405219;797551200000
05407305;798156000000
05407139;798156000000
05417524;801180000000
05421148;802389600000
05421678;802389600000
05427491;804204000000
05429156;804808800000
05429575;804808800000
05429278;804808800000
05431410;805413600000
05433559;806018400000
05433924;806018400000
05437521;807228000000
05443333;809042400000
05443162;809042400000
05442836;809042400000
05447394;810252000000
05451125;811461600000
05456556;813279600000
05458264;813884400000
05462351;815094000000
05464310;815698800000
05466096;816303600000
05465822;816303600000
05468299;816908400000
05467923;816908400000
05469994;817513200000
05470191;817513200000
05473114;818118000000
05472023;818118000000
05474111;818722800000
05474401;818722800000
05478193;819932400000
05478174;819932400000
05478173;819932400000
05478172;819932400000
05477953;819932400000
05480268;820537200000
05484237;821746800000
05487229;822956400000
05487228;822956400000
05487624;822956400000
05489166;823561200000
05490745;824166000000
05492453;824770800000
05491913;824770800000
05494381;825375600000
05497987;826585200000
05499898;827190000000
05501553;827794800000
05501552;827794800000
05503198;828396000000
05503505;828396000000
05505566;829000800000
05505567;829000800000
05505584;829000800000
05507602;829605600000
05507601;829605600000
05511730;830815200000
05515795;832024800000
05516239;832024800000
05519420;832629600000
05518545;832629600000
05518529;832629600000
05518343;832629600000
05518344;832629600000
05522328;833839200000
05522555;833839200000
05525015;834444000000
05524768;834444000000
05529222;835653600000
05529247;835653600000
05531484;836258400000
05536118;837468000000
05535791;837468000000
05538162;838072800000
05538286;838072800000
05538365;838072800000
05538366;838072800000
05539958;838677600000
05540521;838677600000
05540253;838677600000
05540257;838677600000
05542612;839282400000
05542789;839282400000
05542790;839282400000
05544983;839887200000
05547331;840492000000
05549421;841096800000
05549422;841096800000
05549423;841096800000
05551553;841701600000
05553599;842306400000
05553980;842306400000
05556238;842911200000
05556237;842911200000
05556236;842911200000
05558472;843516000000
05558473;843516000000
05558474;843516000000
05562366;844725600000
05562369;844725600000
05562368;844725600000
05562367;844725600000
05562591;844725600000
05564441;845330400000
05564868;845330400000
05564630;845330400000
05567919;845935200000
05567090;845935200000
05567091;845935200000
05568884;846543600000
05568755;846543600000
05570977;847148400000
05570812;847148400000
05573356;847753200000
05573048;847753200000
05575225;848358000000
05575595;848358000000
05575596;848358000000
05580193;849567600000
05582493;850172400000
05584612;850777200000
05584614;850777200000
05584613;850777200000
05584615;850777200000
05588787;851986800000
05590984;852591600000
05590916;852591600000
05593059;853196400000
05593252;853196400000
05595461;853801200000
05598647;855010800000
05611648;858639600000
05611647;858639600000
05613510;859244400000
05615832;859845600000
05615701;859845600000
05615980;859845600000
05615987;859845600000
05618136;860450400000
05622457;861660000000
05622458;861660000000
05628588;863474400000
05630547;864079200000
05630679;864079200000
05630680;864079200000
05634744;865288800000
05634713;865288800000
05634636;865288800000
05636710;865893600000
05636921;865893600000
05636946;865893600000
05636947;865893600000
05639188;866498400000
05638940;866498400000
05641250;867103200000
05641339;867103200000
05642977;867708000000
05645381;868312800000
05645380;868312800000
05645379;868312800000
05647697;868917600000
05647696;868917600000
05647514;868917600000
05651483;870127200000
05651643;870127200000
05656305;871336800000
05655853;871336800000
05655677;871336800000
05657704;871941600000
05660215;872546400000
05660506;872546400000
05667342;874360800000
05669740;874965600000
05669741;874965600000
05671869;875570400000
05676494;876780000000
05678959;877384800000
05678971;877384800000
05681132;877993200000
05685640;879202800000
05690450;880412400000
05695070;881622000000
05695302;881622000000
05697116;882226800000
05697488;882226800000
05700112;882831600000
05702209;883436400000
05702655;883436400000
05704733;884041200000
05707198;884646000000
05706931;884646000000
05709506;885250800000
05709507;885250800000
05711640;885855600000
05714043;886460400000
05713494;886460400000
05718176;887670000000
05718017;887670000000
05718539;887670000000
05718461;887670000000
05720306;888274800000
05722801;888879600000
05722802;888879600000
05725332;889484400000
05725160;889484400000
05725124;889484400000
05727909;890089200000
05727908;890089200000
05735644;891900000000
05738022;892504800000
05738467;892504800000
05741093;893109600000
05741094;893109600000
05749682;894924000000
05749683;894924000000
05749684;894924000000
05752788;895528800000
05758992;896738400000
05765491;897948000000
05765728;897948000000
05765971;897948000000
05769286;898552800000
05769571;898552800000
05769572;898552800000
05769573;898552800000
05775852;899762400000
05775851;899762400000
05779398;900367200000
05785464;901576800000
05788425;902181600000
05788163;902181600000
05791830;902786400000
05791829;902786400000
05791073;902786400000
05795108;903391200000
05795388;903391200000
05800578;904600800000
05803673;905205600000
05806397;905810400000
05810902;906415200000
05810475;906415200000
05810516;906415200000
05813801;907020000000
05813061;907020000000
05820306;908229600000
05819373;908229600000
05829134;910047600000
05829649;910047600000
05833287;910652400000
05836721;911257200000
05836722;911257200000
05839669;911862000000
05839721;911862000000
05842818;912466800000
05846029;913071600000
05846030;913071600000
05846031;913071600000
05846275;913071600000
05851493;914281200000
05853108;914886000000
05853266;914886000000
05855456;915490800000
05863155;917305200000
05862821;917305200000
05864485;917305200000
05865568;917910000000
05868528;918514800000
05871027;919119600000
05871619;919119600000
05871308;919119600000
05873680;919724400000
05878679;920934000000
05882372;921538800000
05882149;921538800000
05884126;921538800000
05888027;922744800000
05899641;925768800000
05901966;926373600000
05904303;926978400000
05906858;927583200000
05908032;928188000000
05913642;930002400000
05915887;930607200000
05915312;930607200000
05918764;931212000000
05919377;931212000000
05924823;932421600000
05927908;933026400000
05931093;933631200000
05931609;933631200000
05931611;933631200000
05931610;933631200000
05934205;934236000000
05933920;934236000000
05935283;934236000000
05941520;935445600000
05944455;936050400000
05948341;936655200000
05947646;936655200000
05947645;936655200000
05947647;936655200000
05947040;936655200000
05951006;937260000000
05951211;937260000000
05953567;937260000000
05953892;937864800000
05955037;937864800000
05964420;939679200000
05964551;939679200000
05967704;940284000000
05979343;942102000000
05980163;942102000000
05980164;942102000000
05980735;942102000000
05984590;942706800000
05984591;942706800000
05988631;943311600000
05988867;943311600000
05988951;943311600000
05988436;943311600000
05992772;943916400000
05993117;943916400000
05997220;944521200000
05996171;944521200000
06000995;945126000000
06000884;945126000000
06010280;946940400000
06012875;947545200000
06012876;947545200000
06015246;948150000000
06017446;948754800000
06017180;948754800000
06024304;950569200000
06024208;950569200000
06024518;950569200000
06030152;951778800000
06034342;952383600000
06033156;952383600000
06036406;952988400000
06036408;952988400000
06036407;952988400000
06039512;953593200000
06039513;953593200000
06039510;953593200000
06039511;953593200000
06040553;953593200000
06042107;954194400000
06042307;954194400000
06044693;954799200000
06045299;954799200000
06045298;954799200000
06047652;955404000000
06050750;956008800000
06053668;956613600000
06053667;956613600000
06053436;956613600000
06056483;957218400000
06058567;957823200000
06062398;958428000000
06062774;958428000000
06062773;958428000000
06068428;959637600000
06068429;959637600000
06068025;959637600000
06070758;960242400000
06074135;960847200000
06074136;960847200000
06074085;960847200000
06073818;960847200000
06079911;962056800000
06079461;962056800000
06079547;962056800000
06082923;962661600000
06082934;962661600000
06085939;963266400000
06085389;963266400000
06088968;963871200000
06089794;963871200000
06089796;963871200000
06089795;963871200000
06089489;963871200000
06089378;963871200000
06095742;965080800000
06102629;966290400000
06106202;966895200000
06109837;967500000000
06109488;967500000000
06110242;967500000000
06113003;968104800000
06116820;968709600000
06116821;968709600000
06116822;968709600000
06116284;968709600000
06120216;969314400000
06120211;969314400000
06123486;969919200000
06135676;972338400000
06139226;972946800000
06142714;973551600000
06146057;974156400000
06146058;974156400000
06145247;974156400000
06149495;974761200000
06152656;975366000000
06152310;975366000000
06155751;975970800000
06155752;975970800000
06155558;975970800000
06158926;976575600000
06161784;977180400000
06170976;978994800000
06170768;978994800000
06170819;978994800000
06176647;980204400000
06183169;981414000000
06190094;982623600000
06197266;983833200000
06197080;983833200000
06200071;984438000000
06203250;985042800000
06203249;985042800000
06202576;985042800000
06210079;986248800000
06210080;986248800000
06210081;986248800000
06213690;986853600000
06213289;986853600000
06213307;986853600000
06217261;987458400000
06216876;987458400000
06221318;988063200000
06221001;988063200000
06220792;988063200000
06220793;988063200000
06220790;988063200000
06220791;988063200000
06220056;988063200000
06223387;988668000000
06224297;988668000000
06224298;988668000000
06227770;989272800000
06227769;989272800000
06227768;989272800000
06231273;989877600000
06234722;990482400000
06234723;990482400000
06238145;991087200000
06241428;991692000000
06241427;991692000000
06244833;992296800000
06244788;992296800000
06244075;992296800000
06247877;992901600000
06247876;992901600000
06250851;993506400000
06250852;993506400000
06250853;993506400000
06251152;993506400000
06254315;994111200000
06257806;994716000000
06257805;994716000000
06257804;994716000000
06260734;995320800000
06261030;995320800000
06264404;995925600000
06263883;995925600000
06263802;995925600000
06267540;996530400000
06267539;996530400000
06266945;996530400000
06273648;997740000000
06273647;997740000000
06276877;998344800000
06276826;998344800000
06276564;998344800000
06279329;998949600000
06283679;999554400000
06283680;999554400000
06287056;1000159200000
06287055;1000159200000
06290266;1000764000000
06290433;1000764000000
06290435;1000764000000
06290434;1000764000000
06293736;1001368800000
06293735;1001368800000
06296425;1001973600000
06296424;1001973600000
06296423;1001973600000
06299341;1002578400000
06299387;1002578400000
06305884;1003788000000
06308375;1004396400000
06309144;1004396400000
06312207;1005001200000
06315501;1005606000000
06318935;1006210800000
06322295;1006815600000
06325572;1007420400000
06325571;1007420400000
06325103;1007420400000
06330813;1008630000000
06332740;1009234800000
06332739;1009234800000
06334653;1009839600000
06336774;1010444400000
06336775;1010444400000
06338598;1011049200000
06343896;1012863600000
06343897;1012863600000
06345935;1013468400000
06345936;1013468400000
06345650;1013468400000
06350086;1014678000000
06352393;1015282800000
06354770;1015887600000
06354789;1015887600000
06357971;1016492400000
06357361;1016492400000
06361253;1017097200000
06361041;1017097200000
06360880;1017097200000
06365858;1017698400000
06364579;1017698400000
06367396;1018303200000
06368028;1018303200000
06368027;1018303200000
06368026;1018303200000
06368029;1018303200000
06371711;1018908000000
06371125;1018908000000
06375841;1019512800000
06375393;1019512800000
06374992;1019512800000
06379086;1020117600000
06378443;1020117600000
06382880;1020722400000
06382881;1020722400000
06382882;1020722400000
06383301;1020722400000
06386801;1021327200000
06386800;1021327200000
06386799;1021327200000
06390737;1021932000000
06390736;1021932000000
06394733;1022536800000
06394708;1022536800000
06398463;1023141600000
06398462;1023141600000
06398464;1023141600000
06398461;1023141600000
06398460;1023141600000
06398007;1023141600000
06402500;1023746400000
06402436;1023746400000
06402437;1023746400000
06409274;1024956000000
06409434;1024956000000
06412524;1025560800000
06412421;1025560800000
06412422;1025560800000
06413020;1025560800000
06416261;1026165600000
06416051;1026165600000
06415909;1026165600000
06419425;1026770400000
06419217;1026770400000
06425714;1027980000000
06428246;1028584800000
06428245;1028584800000
06435779;1029794400000
06435338;1029794400000
06443669;1031004000000
06443671;1031004000000
06443670;1031004000000
06443613;1031004000000
06445309;1031004000000
06447217;1031608800000
06447216;1031608800000
06447215;1031608800000
06449576;1031608800000
06454495;1032818400000
06454496;1032818400000
06454497;1032818400000
06454141;1032818400000
06453644;1032818400000
06461085;1034028000000
06461086;1034028000000
06461087;1034028000000
06468005;1035237600000
06468006;1035237600000
06467497;1035237600000
06470737;1035846000000
06471447;1035846000000
06474912;1036450800000
06478513;1037055600000
06478514;1037055600000
06481935;1037660400000
06485284;1038265200000
06484902;1038265200000
06488449;1038870000000
06491480;1039474800000
06491479;1039474800000
06494645;1040079600000
06494646;1040079600000
06494151;1040079600000
06502689;1041894000000
06503026;1041894000000
06505483;1042498800000
06508610;1043103600000
06508611;1043103600000
06511263;1043708400000
06514014;1044313200000
06514015;1044313200000
06516810;1044918000000
06528800;1046732400000
06533504;1047942000000
06542707;1049148000000
06547097;1050357600000
06554546;1051567200000
06557598;1052172000000
06558111;1052172000000
06561691;1052776800000
06564924;1053381600000
06565290;1053381600000
06568882;1053986400000
06571573;1054591200000
06575347;1055196000000
06575668;1055196000000
06575669;1055196000000
06579041;1055800800000
06581534;1056405600000
06582160;1056405600000
06582161;1056405600000
06582159;1056405600000
06584920;1057010400000
06585263;1057010400000
06585259;1057010400000
06588056;1057615200000
06588053;1057615200000
06588462;1057615200000
06588576;1057615200000
06588989;1057615200000
06588988;1057615200000
06591974;1058220000000
06592302;1058220000000
06595350;1058824800000
06595735;1058824800000
06601365;1060034400000
06604892;1060639200000
06609871;1061848800000
06609870;1061848800000
06609873;1061848800000
06609857;1061848800000
06612418;1062453600000
06612785;1062453600000
06616384;1063058400000
06616385;1063058400000
06616386;1063058400000
06619525;1063663200000
06619889;1063663200000
06623233;1064268000000
06623215;1064268000000
06626612;1064872800000
06627174;1064872800000
06630633;1065477600000
06632049;1066082400000
06632063;1066082400000
06634833;1066687200000
06634832;1066687200000
06634834;1066687200000
06637982;1067295600000
06637983;1067295600000
06641336;1067900400000
06644895;1068505200000
06648558;1069110000000
06652198;1069714800000
06652199;1069714800000
06655878;1070319600000
06659118;1070924400000
06659284;1070924400000
06659693;1070924400000
06662722;1071529200000
06662953;1071529200000
06663325;1071529200000
06666626;1072134000000
06666627;1072134000000
06666628;1072134000000
06666629;1072134000000
06669410;1072738800000
06669411;1072738800000
06669435;1072738800000
06672808;1073343600000
06672807;1073343600000
06676365;1073948400000
06682270;1075158000000
06682287;1075158000000
06685007;1075762800000
06685401;1075762800000
06692196;1076972400000
06695546;1077577200000
06698989;1078182000000
06702539;1078786800000
06702523;1078786800000
06708715;1079996400000
06709217;1079996400000
06709216;1079996400000
06709203;1079996400000
06712561;1080597600000
06715610;1081202400000
06715638;1081202400000
06719499;1081807200000
06719500;1081807200000
06722822;1082412000000
06726409;1083016800000
06726408;1083016800000
06729660;1083621600000
06729808;1083621600000
06732897;1084226400000
06736573;1084831200000
06736588;1084831200000
06742679;1086040800000
06749374;1087250400000
06749373;1087250400000
06755009;1088460000000
06764296;1090274400000
06764253;1090274400000
06776561;1092693600000
06779692;1093298400000
06779650;1093298400000
06786681;1094508000000
06789291;1095112800000
06789663;1095112800000
06789715;1095112800000
06792646;1095717600000
06796748;1096322400000
06796749;1096322400000
06802685;1097532000000
06805175;1098136800000
06808358;1098741600000
06811358;1099350000000
06812847;1099350000000
06814533;1099954800000
06817812;1100559600000
06821060;1101164400000
06823904;1101769200000
06827203;1102374000000
06827528;1102374000000
06827529;1102374000000
06830414;1102978800000
06832887;1103583600000
06840468;1105398000000
06840463;1105398000000
06840715;1105398000000
06843367;1106002800000
06843633;1106002800000
06846134;1106607600000
06848867;1107212400000
06851896;1107817200000
06852133;1107817200000
06854936;1108422000000
06857826;1109026800000
06860989;1109631600000
06868876;1111446000000
06877933;1113256800000
06878456;1113256800000
06883736;1114466400000
06890128;1115676000000
06890129;1115676000000
06892063;1115676000000
06892748;1116280800000
06892909;1116280800000
06905300;1118700000000
06910610;1119909600000
06921037;1122328800000
06923340;1122933600000
06923601;1122933600000
06932544;1124748000000
06935813;1125352800000
06936137;1125352800000
06939088;1125957600000
06939122;1125957600000
06941873;1126562400000
06942133;1126562400000
06945470;1127167200000
06948887;1127772000000
06948888;1127772000000
06951354;1128376800000
06953315;1128981600000
06955506;1129586400000
06964544;1132009200000
06964543;1132009200000
06971786;1133823600000
06971822;1133823600000
06974279;1134428400000
06976575;1135033200000
06979166;1135638000000
06979152;1135638000000
06986625;1137452400000
06988507;1138057200000
06988857;1138057200000
06990908;1138662000000
06994497;1139266800000
06996955;1139871600000
07004711;1141081200000
07004688;1141081200000
07014392;1142895600000
07018427;1143496800000
07021870;1144101600000
07033124;1145916000000
07037063;1146520800000
07037048;1146520800000
07044288;1147730400000
07044306;1147730400000
07048475;1148335200000
07052213;1148940000000
07052212;1148940000000
07063486;1150754400000
07066207;1151359200000
07066689;1151359200000
07073985;1152568800000
07077604;1153173600000
07080961;1153778400000
07080960;1153778400000
07080962;1153778400000
07082955;1154383200000
07090441;1155592800000
07094004;1156197600000
07097391;1156802400000
07097392;1156802400000
07101120;1157407200000
07104385;1158012000000
07104734;1158012000000
07104743;1158012000000
07108123;1158616800000
07108474;1158616800000
07114889;1159826400000
07121399;1161036000000
07125204;1161640800000
07128163;1162249200000
07128516;1162249200000
07134618;1163458800000
07134459;1163458800000
07137237;1164063600000
07137759;1164063600000
07140810;1164668400000
07140827;1164668400000
07144203;1165273200000
07144204;1165273200000
07144213;1165273200000
07150586;1166482800000
07150585;1166482800000
07153065;1167087600000
07156372;1167692400000
07163359;1168902000000
07165918;1169506800000
07182553;1172530800000
07182552;1172530800000
07185748;1173135600000
07186062;1173135600000
07186390;1173135600000
07191807;1174345200000
07192222;1174345200000
07204158;1176760800000
07204523;1176760800000
07213617;1178575200000
07220082;1179784800000
07223060;1180389600000
07226248;1180994400000
07228990;1181599200000
07234252;1182808800000
07234898;1182808800000
07241081;1184018400000
07241080;1184018400000
07243002;1184018400000
07243801;1184623200000
07260449;1187647200000
07264421;1188856800000
07264422;1188856800000
07264423;1188856800000
07269475;1189461600000
07270249;1190066400000
07270283;1190066400000
07275893;1191276000000
07275701;1191276000000
07278449;1191880800000
07278804;1191880800000
07284934;1193090400000
07284945;1193090400000
07290566;1194303600000
07296952;1195513200000
07296951;1195513200000
07300521;1196118000000
07300074;1196118000000
07300005;1196118000000
07302952;1196722800000
07303597;1196722800000
07303362;1196722800000
07303359;1196722800000
07303062;1196722800000
07306407;1197327600000
07309192;1197932400000
07311274;1198537200000
07311476;1198537200000
07311475;1198537200000
07311474;1198537200000
07311473;1198537200000
07311472;1198537200000
07311471;1198537200000
07314338;1199142000000
07314337;1199142000000
07314339;1199142000000
07316526;1199746800000
07316721;1199746800000
07318690;1200351600000
07318484;1200351600000
07318459;1200351600000
07320562;1200956400000
07320561;1200956400000
07326005;1202166000000
07326025;1202166000000
07328617;1202770800000
07329071;1202770800000
07329299;1202770800000
07331442;1203375600000
07337926;1204585200000
07337992;1204585200000
07338102;1204585200000
07341406;1205190000000
07344350;1205794800000
07347649;1206399600000
07350674;1207000800000
07360639;1208815200000
07360719;1208815200000
07363106;1208815200000
07364347;1209420000000
07377728;1211839200000
07380673;1212444000000
07380672;1212444000000
07392984;1214863200000
07393159;1214863200000
07395864;1215468000000
07399337;1216072800000
07401695;1216677600000
07407346;1217887200000
07407345;1217887200000
07407022;1217887200000
07410329;1218492000000
07411130;1218492000000
07413388;1219096800000
07413387;1219096800000
07416370;1219701600000
07424340;1220911200000
07428959;1222725600000
07431830;1223330400000
07431537;1223330400000
07435039;1223935200000
07438507;1224540000000
07448831;1226358000000
07452166;1226962800000
07455481;1227567600000
07462002;1228777200000
07462005;1228777200000
07465130;1229382000000
07476060;1231801200000
07476265;1231801200000
07478976;1232406000000
07481606;1233010800000
07481605;1233010800000
07484322;1233615600000
07488141;1234220400000
07497909;1236034800000
07500809;1236639600000
07509760;1238450400000
07513716;1239055200000
07516908;1239660000000
07517947;1239660000000
07520451;1240264800000
07520935;1240264800000
07524145;1240869600000
07524146;1240869600000
07530768;1242079200000
07530505;1242079200000
07534074;1242684000000
07537418;1243288800000
07540694;1243893600000
07540695;1243893600000
07541549;1243893600000
07544018;1244498400000
07544017;1244498400000
07544019;1244498400000
07547162;1245103200000
07547419;1245103200000
07552817;1246312800000
07553110;1246312800000
07553111;1246312800000
07556455;1246917600000
07559725;1247522400000
07581905;1251756000000
07585133;1252360800000
07588410;1252965600000
07588061;1252965600000
07591613;1253570400000
07597185;1254780000000
07597525;1254780000000
07597506;1254780000000
07600950;1255384800000
07604439;1255989600000
07607451;1256598000000
07611309;1257202800000
07615198;1257807600000
07628827;1260226800000
07635241;1261436400000
07637699;1262041200000
07643974;1262646000000
07648312;1263855600000
07650948;1264460400000
07654778;1265065200000
07661910;1266274800000
07661909;1266274800000
07665932;1266879600000
07674077;1268089200000
07674076;1268089200000
07683271;1269298800000
07686547;1269900000000
07686546;1269900000000
07686545;1269900000000
07690869;1270504800000
07690870;1270504800000
07695220;1271109600000
07704019;1272319200000
07708504;1272924000000
07718061;1274133600000
07731456;1275948000000
07736098;1276552800000
07740423;1277157600000
07740424;1277157600000
07751930;1278367200000
07759585;1279576800000
07780378;1282600800000
07785044;1283205600000
07785043;1283205600000
07789596;1283810400000
07789595;1283810400000
07790254;1283810400000
07798749;1285020000000
07798488;1285020000000
07806951;1286229600000
07815401;1287439200000
07828807;1289257200000
07833318;1289862000000
07836921;1290466800000
07841808;1291071600000
07841807;1291071600000
07845584;1291676400000
07846399;1291676400000
07850403;1292281200000
07849997;1292281200000
07857553;1293490800000
