03859700;158886000000
03859699;158886000000
03860158;158886000000
03861010;159490800000
03861011;159490800000
03862478;160095600000
03863316;160700400000
03863317;160700400000
03864799;161305200000
03866282;161910000000
03867853;162514800000
03868885;163119600000
03868750;163119600000
03868751;163119600000
03868752;163119600000
03869773;163724400000
03871251;164329200000
03871092;164329200000
03872561;164934000000
03872926;164934000000
03874126;165538800000
03875663;166143600000
03875631;166143600000
03875630;166143600000
03878592;167353200000
03878747;167353200000
03879778;167958000000
03879825;167958000000
03882582;169167600000
03882580;169167600000
03882581;169167600000
03882579;169167600000
03882912;169167600000
03884120;169772400000
03885282;170377200000
03885281;170377200000
03888145;171586800000
03887973;171586800000
03887974;171586800000
03887975;171586800000
03889333;172191600000
03889332;172191600000
03889331;172191600000
03889330;172191600000
03889520;172191600000
03892022;173401200000
03894453;174610800000
03894322;174610800000
03896532;175820400000
03899814;177634800000
03899813;177634800000
03899955;177634800000
03901105;178239600000
03902232;178844400000
03905081;180054000000
03906602;180658800000
03907453;180658800000
03908255;181263600000
03909895;181868400000
03909896;181868400000
03911542;182473200000
03911543;182473200000
03911544;182473200000
03911545;182473200000
03913196;183078000000
03913197;183078000000
03913645;183078000000
03914839;183682800000
03914838;183682800000
03914837;183682800000
03914841;183682800000
03914840;183682800000
03915585;183682800000
03916739;184287600000
03918333;184892400000
03919752;185497200000
03922766;186706800000
03924318;187311600000
03925868;187916400000
03925867;187916400000
03927447;188521200000
03928900;189126000000
03929044;189126000000
03930529;189730800000
03931754;190335600000
03933189;190940400000
03934319;191545200000
03934320;191545200000
03935624;192150000000
03938229;193359600000
03938231;193359600000
03938230;193359600000
03939539;193964400000
03939540;193964400000
03940835;194569200000
03942229;195174000000
03943822;195778800000
03945807;196383600000
03945752;196383600000
03946472;196984800000
03946473;196984800000
03946474;196984800000
03946475;196984800000
03946777;196984800000
03947937;197589600000
03949643;198194400000
03950832;198799200000
03951012;198799200000
03953915;200008800000
03955038;200008800000
03955259;200613600000
03955448;200613600000
03955446;200613600000
03956858;201218400000
03957094;201218400000
03957388;201218400000
03959861;202428000000
03959862;202428000000
03961403;203032800000
03961404;203032800000
03962953;203637600000
03964143;204242400000
03965553;204847200000
03968345;205452000000
03968549;206056800000
03968550;206056800000
03971113;207266400000
03971114;207266400000
03972161;207871200000
03973319;208476000000
03973308;208476000000
03973307;208476000000
03973309;208476000000
03975809;209685600000
03977061;210290400000
03977194;210290400000
03980442;211500000000
03980443;211500000000
03981607;212104800000
03981058;212104800000
03981057;212104800000
03982452;212713200000
03985051;213922800000
03986237;214527600000
03986543;214527600000
03987525;215132400000
03987524;215132400000
03989077;215737200000
03990332;216342000000
03990337;216342000000
03990329;216342000000
03990134;216342000000
03991166;216342000000
03991429;216946800000
03991454;216946800000
03995352;218761200000
03996651;219366000000
03997951;219970800000
03999265;220575600000
04001925;221785200000
04004858;222994800000
04008631;225414000000
04008976;225414000000
04009742;226018800000
04009637;226018800000
04011026;226623600000
04011049;226623600000
04011050;226623600000
04010526;226623600000
04012969;227833200000
04012820;227833200000
04012829;227833200000
04012819;227833200000
04016634;229644000000
04018256;230248800000
04019234;230853600000
04019873;230853600000
04021134;231458400000
04021899;232063200000
04023313;232668000000
04023246;232668000000
04023572;232668000000
04024615;233272800000
04028782;235087200000
04028781;235087200000
04030176;235692000000
04033018;236901600000
04035541;237506400000
04034452;237506400000
04034451;237506400000
04035890;238111200000
04035887;238111200000
04035888;238111200000
04035889;238111200000
04038732;239320800000
04038730;239320800000
04039295;239320800000
04039011;239320800000
04040156;239925600000
04041590;240530400000
04043229;241135200000
04043012;241135200000
04043697;241135200000
04044440;241740000000
04044439;241740000000
04047826;242949600000
04048762;243554400000
04050840;244162800000
04050127;244162800000
04050128;244162800000
04050129;244162800000
04051584;244767600000
04054066;245977200000
04054068;245977200000
04054397;245977200000
04055204;246582000000
04054976;246582000000
04054977;246582000000
04057294;247791600000
04056871;247791600000
04056872;247791600000
04057884;248396400000
04059363;249001200000
04058876;249001200000
04059875;249606000000
04060335;249606000000
04060880;250210800000
04060881;250210800000
04061076;250210800000
04063841;251420400000
04063842;251420400000
04064920;252025200000
04065222;252025200000
04065223;252025200000
04066001;252630000000
04066376;252630000000
04068694;253839600000
04068688;253839600000
04068558;253839600000
04068976;253839600000
04069568;254444400000
04070130;254444400000
04071371;255049200000
04072532;255654000000
04072438;255654000000
04072437;255654000000
04074594;256863600000
04074949;256863600000
04074737;256863600000
04076441;257468400000
04077735;258073200000
04077734;258073200000
04077733;258073200000
04078868;258678000000
04080854;259887600000
04080708;259887600000
04082128;260488800000
04082127;260488800000
04083645;261093600000
04083643;261093600000
04083644;261093600000
04084917;261698400000
04086016;262303200000
04086733;262908000000
04087192;262908000000
04087194;262908000000
04087193;262908000000
04090801;264722400000
04092083;265327200000
04092082;265327200000
04091516;265327200000
04091525;265327200000
04091497;265327200000
04093391;265932000000
04093392;265932000000
04092902;265932000000
04094362;266536800000
04095916;267141600000
04096613;267746400000
04097181;267746400000
04097174;267746400000
04097178;267746400000
04099310;268956000000
04101239;269560800000
04102232;270165600000
04102591;270165600000
04102583;270165600000
04103588;270770400000
04105357;271375200000
04109737;273189600000
04110055;273189600000
04111083;273794400000
04111587;273794400000
04111586;273794400000
04111589;273794400000
04113503;274399200000
04115024;275004000000
04116200;275608800000
04116579;275608800000
04116576;275608800000
04116580;275608800000
04118138;276217200000
04117563;276217200000
04121484;278031600000
04123194;278636400000
04123186;278636400000
04124326;279241200000
04125342;279846000000
04128360;281660400000
04130371;282870000000
04131146;283474800000
04131383;283474800000
04132493;284079600000
04133361;284684400000
04135845;285894000000
04135847;285894000000
04135563;285894000000
04135438;285894000000
04137000;286498800000
04137001;286498800000
04137670;287103600000
04137617;287103600000
04137956;287103600000
04139327;287708400000
04140431;288313200000
04145159;290732400000
04147193;291938400000
04147232;291938400000
04150912;293752800000
04151869;294357600000
04155149;296172000000
04155677;296172000000
04159885;299800800000
04159884;299800800000
04161972;301615200000
04161973;301615200000
04162770;302220000000
04163624;302824800000
04164380;303429600000
04164329;303429600000
04165402;304034400000
04164879;304034400000
04165947;304639200000
04167980;306453600000
04169690;307666800000
04170164;308271600000
04171926;309481200000
04172682;310086000000
04172398;310086000000
04174915;311900400000
04174914;311900400000
04174916;311900400000
04175896;312505200000
04176992;313110000000
04179228;314319600000
04178663;314319600000
04178818;314319600000
04179779;314924400000
04180355;314924400000
04180357;314924400000
04181049;315529200000
04181456;315529200000
04182587;316134000000
04188161;319158000000
04188162;319158000000
04189265;319762800000
04189264;319762800000
04190386;320367600000
04191075;320972400000
04193719;322182000000
04193638;322182000000
04194790;322786800000
04194860;322786800000
04195955;323391600000
04195956;323391600000
04197042;323992800000
04197038;323992800000
04197039;323992800000
04197771;324597600000
04199284;325202400000
04200416;325807200000
04201500;326412000000
04201501;326412000000
04202651;327016800000
04202650;327016800000
04203690;327621600000
04204787;328226400000
04204781;328226400000
04205932;328831200000
04205964;328831200000
04209047;330645600000
04211510;331855200000
04211507;331855200000
04211508;331855200000
04212568;332460000000
04212567;332460000000
04213354;333064800000
04213358;333064800000
04214650;333669600000
04214846;333669600000
04214845;333669600000
04214847;333669600000
04215957;334274400000
04215955;334274400000
04218162;335484000000
04218160;335484000000
04218159;335484000000
04218253;335484000000
04218941;336088800000
04219292;336088800000
04219291;336088800000
04219915;336693600000
04220427;336693600000
04220429;336693600000
04220428;336693600000
04221511;337298400000
04222298;337903200000
04222446;337903200000
04222690;337903200000
04223576;338508000000
04223580;338508000000
04225275;339116400000
04226560;339721200000
04227842;340326000000
04227837;340326000000
04227838;340326000000
04229128;340930800000
04230427;341535600000
04230428;341535600000
04231406;342140400000
04231691;342140400000
04233867;343350000000
04233866;343350000000
04235564;343954800000
04240806;346374000000
04241624;346978800000
04242020;346978800000
04243348;347583600000
04243347;347583600000
04244669;348188400000
04244666;348188400000
04244248;348188400000
04245937;348793200000
04247232;349398000000
04247231;349398000000
04248553;350002800000
04251172;351212400000
04252038;351817200000
04252102;351817200000
04252480;351817200000
04252481;351817200000
04253506;352422000000
04257724;354236400000
04257302;354236400000
04257462;354236400000
04259033;354837600000
04260002;355442400000
04260299;355442400000
04264245;357256800000
04263704;357256800000
04263949;357256800000
04265282;357861600000
04265325;357861600000
04265574;357861600000
04265007;357861600000
04266583;358466400000
04266894;358466400000
04266896;358466400000
04266449;358466400000
04267760;359071200000
04268569;359071200000
04268194;359071200000
04269244;359676000000
04270422;360280800000
04271734;360885600000
04271735;360885600000
04271882;361490400000
04273480;361490400000
04273479;361490400000
04274771;362095200000
04274769;362095200000
04274766;362095200000
04274767;362095200000
04275626;362700000000
04275853;362700000000
04277207;363304800000
04277206;363304800000
04277106;363304800000
04278373;363909600000
04278370;363909600000
04278372;363909600000
04278369;363909600000
04280542;365119200000
04280774;365119200000
04280773;365119200000
04281430;365724000000
04283163;366328800000
04283820;366933600000
04283819;366933600000
04284406;366933600000
04284687;366933600000
04285324;367538400000
04285618;367538400000
04286568;368143200000
04286905;368143200000
04286901;368143200000
04287648;368748000000
04288184;368748000000
04288179;368748000000
04290653;369957600000
04290718;369957600000
04291445;370566000000
04292049;370566000000
04292866;371170800000
04292865;371170800000
04293254;371170800000
04293251;371170800000
04294565;371775600000
04294566;371775600000
04297058;372985200000
04298233;373590000000
04300522;374799600000
04300862;374799600000
04302135;375404400000
04302055;375404400000
04303358;376009200000
04303113;376009200000
04304509;376614000000
04304576;376614000000
04304160;376614000000
04305440;377218800000
04307984;378428400000
04309132;379033200000
04309133;379033200000
04311075;380242800000
04311418;380242800000
04312250;380847600000
04312251;380847600000
04315706;382662000000
04318318;384476400000
04318433;384476400000
04318644;384476400000
04318645;384476400000
04318647;384476400000
04320996;385686000000
04320999;385686000000
04322185;386287200000
04322189;386287200000
04321846;386287200000
04323130;386892000000
04323323;386892000000
04323325;386892000000
04324163;387496800000
04324515;387496800000
04325276;388101600000
04326823;388706400000
04326437;388706400000
04327465;389311200000
04327947;389311200000
04329091;389916000000
04330227;390520800000
04330333;390520800000
04331048;391125600000
04332513;391730400000
04333214;392335200000
04334446;392940000000
04334807;392940000000
04334808;392940000000
04335983;393544800000
04335984;393544800000
04336640;394149600000
04336831;394149600000
04337562;394754400000
04337980;394754400000
04338050;394754400000
04340324;395964000000
04340325;395964000000
04341493;396568800000
04343516;397778400000
04344724;398383200000
04344725;398383200000
04349057;400802400000
04349232;400802400000
04350308;401407200000
04351207;402015600000
04352609;402620400000
04355673;404434800000
04355932;404434800000
04357122;405039600000
04357123;405039600000
04356873;405039600000
04357847;405644400000
04359300;406249200000
04359299;406249200000
04360297;406854000000
04363342;408668400000
04363576;408668400000
04364290;409273200000
04364693;409273200000
04367576;411087600000
04367990;411087600000
04371296;412902000000
04373593;414111600000
04378184;417736800000
04380411;419551200000
04381162;420156000000
04382477;421365600000
04382731;421365600000
04384600;422575200000
04386670;423784800000
04389144;424994400000
04392402;426808800000
04393735;427413600000
04395168;428018400000
04395167;428018400000
04396315;428623200000
04397592;429228000000
04398853;429832800000
04400117;430437600000
04400116;430437600000
04404728;432856800000
04406194;433465200000
04409868;435279600000
04409867;435279600000
04411563;435884400000
04411564;435884400000
04411565;435884400000
04411566;435884400000
04412763;436489200000
04414870;437698800000
04417833;438908400000
04418593;439513200000
04420280;440118000000
04422812;441327600000
04423989;441932400000
04425063;442537200000
04425693;443142000000
04427322;443746800000
04426893;443746800000
04428704;444351600000
04429678;444956400000
04429726;444956400000
04430031;444956400000
04433948;446770800000
04436465;447980400000
04437800;448585200000
04437802;448585200000
04440532;449791200000
04441841;450396000000
04443136;451000800000
04445810;452210400000
04447175;452815200000
04447181;452815200000
04448591;453420000000
04449556;454024800000
04449864;454024800000
04450882;454629600000
04452112;455234400000
04456082;457048800000
04456409;457048800000
04456407;457048800000
04456408;457048800000
04456307;457048800000
04455858;457048800000
04459738;458863200000
04461799;459468000000
04461602;459468000000
04462638;460072800000
04462723;460072800000
04462724;460072800000
04462725;460072800000
04462293;460072800000
04463062;460072800000
04464085;460677600000
04464087;460677600000
04464086;460677600000
04463645;460677600000
04465412;461282400000
04465411;461282400000
04466498;461887200000
04470442;463701600000
04470733;463701600000
04470731;463701600000
04470732;463701600000
04471675;464306400000
04471521;464306400000
04472093;464306400000
04472094;464306400000
04474512;465519600000
04474721;465519600000
04475850;466124400000
04475851;466124400000
04475425;466124400000
04477212;466729200000
04477211;466729200000
04478541;467334000000
04479744;467938800000
04480950;468543600000
04480949;468543600000
04484498;470358000000
04484560;470358000000
04485858;470962800000
04486131;470962800000
04486127;470962800000
04487240;471567600000
04487534;471567600000
04487533;471567600000
04487532;471567600000
04488839;472172400000
04492140;473986800000
04493594;474591600000
04497600;476406000000
04497228;476406000000
04497101;476406000000
04498512;477010800000
04506715;480639600000
04507024;480639600000
04507023;480639600000
04509886;481845600000
04509885;481845600000
04511293;482450400000
04512689;483055200000
04512426;483055200000
04515047;484264800000
04515194;484264800000
04517954;485474400000
04519731;486079200000
04519732;486079200000
04522538;487288800000
04525109;488498400000
04525108;488498400000
04525110;488498400000
04527929;489708000000
04527931;489708000000
04527930;489708000000
04527728;489708000000
04529338;490312800000
04529339;490312800000
04529340;490312800000
04529048;490312800000
04530623;490917600000
04530263;490917600000
04531864;491522400000
04531863;491522400000
04533282;492127200000
04533281;492127200000
04533283;492127200000
04535216;492732000000
04534687;492732000000
04536106;493336800000
04539875;495151200000
04541757;495756000000
04541756;495756000000
04542943;496360800000
04544009;496969200000
04545711;497574000000
04545705;497574000000
04547100;498178800000
04547103;498178800000
04551043;499993200000
04552492;500598000000
04552491;500598000000
04551918;500598000000
04555202;501807600000
04555204;501807600000
04556345;502412400000
04557525;503017200000
04557639;503017200000
04557305;503017200000
04558974;503622000000
04558975;503622000000
04560308;504226800000
04561810;504831600000
04561809;504831600000
04564320;506041200000
04564321;506041200000
04563929;506041200000
04563924;506041200000
04566828;507250800000
04566827;507250800000
04566826;507250800000
04569619;508460400000
04569262;508460400000
04572042;509670000000
04572714;509670000000
04572713;509670000000
04573831;510274800000
04573832;510274800000
04573841;510274800000
04574442;510879600000
04575286;510879600000
04575285;510879600000
04575287;510879600000
04576527;511484400000
04575888;511484400000
04578005;512089200000
04578087;512089200000
04580929;513295200000
04580930;513295200000
04580932;513295200000
04580472;513295200000
04583886;514504800000
04583887;514504800000
04583270;514504800000
04583431;514504800000
04584920;515109600000
04584745;515109600000
04585375;515109600000
04586855;515714400000
04588336;516319200000
04588331;516319200000
04588332;516319200000
04588333;516319200000
04587868;516319200000
04591302;517528800000
04590651;517528800000
04592680;518133600000
04592399;518133600000
04593734;518738400000
04594928;519343200000
04594919;519343200000
04595663;519343200000
04595320;519343200000
04595322;519343200000
04597695;520552800000
04597696;520552800000
04598447;521157600000
04598617;521157600000
04599923;521762400000
04600341;521762400000
04601220;522367200000
04602899;522972000000
04602897;522972000000
04604004;523576800000
04605343;524181600000
04606108;524786400000
04606248;524786400000
04606678;524786400000
04606679;524786400000
04607988;525391200000
04610285;526600800000
04610576;526600800000
04610577;526600800000
04610581;526600800000
04611516;527205600000
04611959;527205600000
04614463;528418800000
04615650;529023600000
04615091;529023600000
04616965;529628400000
04616962;529628400000
04616963;529628400000
04618296;530233200000
04619563;530838000000
04620821;531442800000
04621955;532047600000
04621958;532047600000
04621954;532047600000
04621547;532047600000
04623284;532652400000
04623285;532652400000
04625725;533862000000
04626407;533862000000
04626153;533862000000
04626150;533862000000
04626141;533862000000
04626143;533862000000
04626140;533862000000
04627770;534466800000
04627771;534466800000
04627317;534466800000
04628976;535071600000
04629377;535071600000
04629372;535071600000
04629371;535071600000
04629373;535071600000
04629370;535071600000
04630976;535676400000
04630409;535676400000
04632593;536281200000
04632606;536281200000
04632607;536281200000
04632608;536281200000
04632609;536281200000
04631994;536281200000
04631993;536281200000
04633552;536886000000
04634324;536886000000
04635407;537490800000
04636117;537490800000
04636118;537490800000
04636116;537490800000
04639989;539305200000
04640156;539305200000
04641562;539910000000
04641628;539910000000
04642003;539910000000
04642001;539910000000
04643056;540514800000
04643620;540514800000
04645386;541119600000
04645385;541119600000
04645384;541119600000
04645383;541119600000
04646405;541724400000
04646606;541724400000
04648760;542329200000
04648763;542329200000
04648755;542329200000
04652182;543538800000
04652183;543538800000
04655648;544744800000
04659264;545954400000
04658875;545954400000
04662254;547164000000
04662801;547164000000
04664564;547768800000
04664567;547768800000
04663818;547768800000
04663993;547768800000
04665778;548373600000
04666348;548373600000
04666349;548373600000
04666467;548373600000
04666214;548373600000
04667713;548978400000
04668132;548978400000
04669923;549583200000
04669925;549583200000
04669924;549583200000
04671709;550188000000
04673317;550792800000
04674371;551397600000
04674923;551397600000
04674924;551397600000
04675975;552002400000
04677886;552607200000
04678380;552607200000
04679858;553212000000
04679968;553212000000
04681487;553816800000
04681488;553816800000
04681485;553816800000
04681486;553816800000
04682916;554421600000
04684297;555026400000
04685181;555631200000
04685844;555631200000
04685497;555631200000
04687383;556236000000
04687387;556236000000
04688971;556840800000
04689883;557445600000
04692070;558050400000
04692069;558050400000
04692080;558050400000
04693641;558655200000
04693813;558655200000
04695208;559260000000
04696355;559868400000
04697963;560473200000
04699549;561078000000
04702649;562287600000
04705434;563497200000
04705435;563497200000
04706534;564102000000
04708037;564706800000
04708040;564706800000
04708541;564706800000
04708542;564706800000
04708539;564706800000
04708536;564706800000
04708537;564706800000
04710069;565311600000
04710078;565311600000
04709737;565311600000
04712948;566521200000
04712949;566521200000
04714384;567126000000
04714383;567126000000
04714385;567126000000
04715753;567730800000
04716975;568335600000
04717290;568335600000
04720218;569545200000
04720216;569545200000
04720217;569545200000
04720220;569545200000
04721422;570150000000
04721421;570150000000
04722642;570754800000
04723877;571359600000
04725171;571964400000
04726269;572569200000
04728228;573174000000
04729697;573778800000
04730962;574383600000
04730525;574383600000
04730644;574383600000
04733995;575589600000
04736659;576799200000
04736781;576799200000
04738570;577404000000
04738291;577404000000
04740115;578008800000
04741649;578613600000
04743144;579218400000
04743307;579218400000
04744703;579823200000
04744278;579823200000
04744241;579823200000
04747194;581032800000
04750849;582242400000
04750392;582242400000
04753558;583452000000
04753854;583452000000
04755085;584056800000
04755086;584056800000
04754789;584056800000
04754671;584056800000
04759244;585871200000
04761103;586476000000
04762446;587080800000
04764059;587685600000
04764062;587685600000
04765783;588290400000
04765782;588290400000
04768901;589500000000
04770219;590104800000
04770075;590104800000
04770567;590104800000
04772159;590709600000
04775268;591922800000
04776247;592527600000
04776733;592527600000
04776732;592527600000
04776639;592527600000
04778311;593132400000
04780029;593737200000
04784534;595551600000
04784537;595551600000
04784538;595551600000
04784023;595551600000
04784033;595551600000
04785860;596156400000
04786217;596156400000
04787784;596761200000
04789277;597366000000
04789273;597366000000
04790693;597970800000
04791840;598575600000
04793748;599180400000
04794836;599785200000
04794665;599785200000
04795290;599785200000
04795292;599785200000
04795289;599785200000
04797039;600390000000
04799834;601599600000
04800686;602204400000
04801224;602204400000
04801226;602204400000
04802799;602809200000
04806050;604018800000
04808044;604623600000
04808045;604623600000
04810136;605228400000
04812087;605833200000
04818153;607644000000
04819703;608248800000
04824300;609458400000
04826367;610063200000
04826363;610063200000
04826365;610063200000
04826090;610063200000
04828436;610668000000
04827995;610668000000
04830073;611272800000
04829859;611272800000
04832540;611877600000
04832541;611877600000
04834591;612482400000
04834592;612482400000
04836068;613087200000
04836178;613087200000
04838136;613692000000
04838739;613692000000
04840518;614296800000
04841820;614901600000
04843768;615506400000
04843928;615506400000
04844643;615506400000
04844667;615506400000
04844666;615506400000
04844669;615506400000
04844668;615506400000
04844670;615506400000
04846609;616111200000
04848198;616716000000
04848199;616716000000
04848978;616716000000
04848979;616716000000
04848976;616716000000
04848977;616716000000
04847975;616716000000
04850757;617320800000
04850408;617320800000
04850406;617320800000
04850255;617320800000
04852622;617925600000
04854785;618530400000
04854784;618530400000
04856942;619135200000
04856949;619135200000
04859122;619740000000
04859124;619740000000
04861204;620344800000
04867616;622159200000
04867021;622159200000
04869624;622767600000
04869623;622767600000
04871286;623372400000
04872452;623977200000
04874001;624582000000
04875812;625186800000
04876932;625791600000
04879930;627001200000
04880338;627001200000
04880337;627001200000
04883391;628210800000
04885530;628815600000
04884476;628815600000
04887945;630025200000
04890961;631234800000
04893969;632444400000
04893968;632444400000
04893967;632444400000
04893662;632444400000
04898500;634258800000
04898499;634258800000
04898054;634258800000
04899793;634863600000
04901480;635468400000
04903552;636073200000
04904129;636073200000
04906145;636678000000
04907920;637282800000
04907631;637282800000
04909678;637887600000
04909677;637887600000
04911504;638488800000
04913604;639093600000
04915548;639698400000
04919232;640908000000
04919573;640908000000
04921377;641512800000
04920838;641512800000
04922977;642117600000
04925114;642722400000
04925346;642722400000
04927299;643327200000
04927301;643327200000
04927300;643327200000
04927303;643327200000
04928777;643932000000
04930945;644536800000
04932295;645141600000
04932813;645141600000
04932447;645141600000
04934034;645746400000
04934879;645746400000
04934878;645746400000
04934881;645746400000
04934880;645746400000
04936717;646351200000
04936718;646351200000
04936719;646351200000
04936361;646351200000
04936055;646351200000
04938110;646956000000
04938638;646956000000
04938639;646956000000
04938641;646956000000
04938640;646956000000
04940369;647560800000
04941780;648165600000
04941245;648165600000
04941246;648165600000
04945487;649375200000
04946319;649980000000
04946318;649980000000
04948305;650584800000
04947907;650584800000
04950109;651189600000
04951536;651794400000
04954021;652399200000
04954024;652399200000
04956318;653004000000
04955264;653004000000
04957396;653608800000
04960352;654822000000
04959929;654822000000
04961672;655426800000
04963061;656031600000
04963060;656031600000
04963059;656031600000
04964762;656636400000
04964763;656636400000
04966500;657241200000
04966501;657241200000
04966506;657241200000
04966504;657241200000
04968192;657846000000
04968195;657846000000
04969779;658450800000
04971487;659055600000
04971485;659055600000
04971483;659055600000
04973204;659660400000
04972912;659660400000
04972637;659660400000
04976020;660870000000
04977937;661474800000
04978259;661474800000
04978260;661474800000
04978254;661474800000
04979849;662079600000
04979853;662079600000
04979851;662079600000
04981057;662684400000
04983078;663289200000
04984940;663894000000
04984642;663894000000
04986151;664498800000
04988241;665103600000
04988242;665103600000
04989427;665708400000
04989304;665708400000
04990035;665708400000
04990036;665708400000
04991986;666313200000
04992011;666313200000
04992008;666313200000
04992007;666313200000
04993893;666918000000
04993892;666918000000
04993891;666918000000
04993890;666918000000
04993889;666918000000
04993888;666918000000
04993505;666918000000
04993465;666918000000
04995766;667522800000
04995767;667522800000
04997049;668127600000
04997018;668127600000
05000625;669337200000
05000626;669337200000
05000630;669337200000
05002828;669942000000
05002104;669942000000
05002439;669942000000
05004378;670543200000
05004379;670543200000
05004380;670543200000
05003851;670543200000
05006020;671148000000
05007773;671752800000
05007775;671752800000
05007774;671752800000
05009705;672357600000
05011340;672962400000
05011515;672962400000
05010967;672962400000
05012863;673567200000
05014581;674172000000
05017055;674776800000
05017060;674776800000
05018257;675381600000
05020946;675986400000
05020944;675986400000
05020394;675986400000
05022797;676591200000
05022796;676591200000
05022795;676591200000
05024563;677196000000
05024976;677196000000
05025540;677800800000
05026960;677800800000
05026221;677800800000
05026227;677800800000
05027519;678405600000
05027914;678405600000
05027873;678405600000
05028175;678405600000
05030038;679010400000
05030040;679010400000
05029500;679010400000
05032050;679615200000
05032049;679615200000
05031484;679615200000
05031491;679615200000
05031492;679615200000
05033239;680220000000
05033175;680220000000
05033923;680220000000
05033916;680220000000
05035546;680824800000
05035544;680824800000
05035545;680824800000
05037248;681429600000
05037249;681429600000
05039259;682034400000
05038645;682034400000
05040930;682639200000
05042127;683244000000
05042733;683244000000
05044840;683848800000
05044843;683848800000
05044838;683848800000
05044839;683848800000
05046671;684453600000
05046899;684453600000
05049009;685058400000
05052153;686271600000
05052863;686271600000
05054177;686876400000
05054246;686876400000
05054703;686876400000
05054967;686876400000
05054972;686876400000
05054970;686876400000
05056963;687481200000
05056972;687481200000
05056203;687481200000
05059070;688086000000
05059068;688086000000
05059069;688086000000
05058666;688086000000
05060739;688690800000
05062742;689295600000
05064317;689900400000
05064316;689900400000
05066170;690505200000
05066175;690505200000
05066553;690505200000
05065733;690505200000
05068148;691110000000
05067216;691110000000
05067377;691110000000
05067858;691110000000
05069092;691714800000
05070748;692319600000
05071291;692319600000
05071292;692319600000
05070919;692319600000
05074356;693529200000
05074721;693529200000
05074720;693529200000
05075181;693529200000
05076122;694134000000
05076334;694134000000
05076739;694134000000
05076738;694134000000
05075942;694134000000
05078031;694738800000
05078550;694738800000
05078551;694738800000
05079979;695343600000
05080535;695343600000
05082401;695948400000
05082400;695948400000
05083887;696553200000
05085540;697158000000
05085542;697158000000
05085541;697158000000
05088553;698367600000
05088861;698367600000
05088862;698367600000
05090845;698972400000
05092083;699577200000
05092720;699577200000
05092718;699577200000
05094573;700182000000
05096338;700786800000
05096345;700786800000
05098233;701391600000
05098231;701391600000
05098232;701391600000
05097578;701391600000
05097879;701391600000
05100269;701992800000
05100268;701992800000
05100267;701992800000
05102268;702597600000
05102269;702597600000
05103882;703202400000
05103701;703202400000
05106674;703807200000
05108234;704412000000
05110349;705016800000
05112164;705621600000
05112165;705621600000
05112162;705621600000
05112163;705621600000
05112171;705621600000
05114282;706226400000
05116165;706831200000
05116167;706831200000
05116166;706831200000
05116172;706831200000
05115697;706831200000
05119703;708040800000
05120166;708040800000
05120327;708040800000
05122134;708645600000
05122017;708645600000
05122040;708645600000
05123786;709250400000
05123787;709250400000
05123788;709250400000
05125777;709855200000
05125774;709855200000
05127774;710460000000
05129767;711064800000
05131481;711669600000
05133332;712274400000
05133394;712274400000
05135061;712879200000
05135035;712879200000
05135337;712879200000
05135336;712879200000
05137065;713484000000
05137098;713484000000
05137396;713484000000
05137398;713484000000
05136744;713484000000
05139371;714088800000
05139372;714088800000
05141079;714693600000
05141367;714693600000
05141369;714693600000
05143490;715298400000
05143487;715298400000
05145295;715903200000
05145294;715903200000
05144773;715903200000
05147159;716508000000
05147157;716508000000
05147158;716508000000
05146963;716508000000
05148728;717112800000
05148609;717112800000
05150755;717721200000
05150992;717721200000
05152640;718326000000
05154215;718930800000
05154549;718930800000
05154550;718930800000
05154553;718930800000
05156501;719535600000
05156502;719535600000
05158400;720140400000
05158402;720140400000
05158401;720140400000
05158405;720140400000
05159863;720745200000
05160228;720745200000
05160232;720745200000
05162147;721350000000
05161920;721350000000
05163490;721954800000
05163788;721954800000
05167176;723164400000
05167473;723164400000
05168907;723769200000
05170683;724374000000
05171109;724374000000
05174173;725583600000
05176480;726188400000
05176476;726188400000
05176191;726188400000
05176053;726188400000
05178645;726793200000
05180258;727398000000
05183089;728607600000
05183362;728607600000
05186583;729817200000
05186739;729817200000
05188489;730422000000
05188488;730422000000
05188487;730422000000
05188490;730422000000
05190421;731026800000
05190420;731026800000
05190419;731026800000
05190418;731026800000
05190417;731026800000
05192171;731631600000
05193944;732236400000
05193943;732236400000
05193948;732236400000
05193947;732236400000
05193946;732236400000
05193945;732236400000
05195404;732841200000
05197233;733442400000
05197831;733442400000
05197830;733442400000
05199513;734047200000
05199828;734047200000
05199829;734047200000
05199827;734047200000
05201352;734652000000
05201353;734652000000
05201619;734652000000
05201613;734652000000
05201614;734652000000
05203653;735256800000
05203649;735256800000
05203648;735256800000
05205680;735861600000
05205679;735861600000
05205678;735861600000
05206977;736466400000
05207538;736466400000
05207537;736466400000
05207748;736466400000
05207724;736466400000
05209611;737071200000
05209612;737071200000
05209613;737071200000
05209610;737071200000
05211212;737676000000
05211688;737676000000
05211516;737676000000
05213207;738280800000
05213452;738280800000
05215414;738885600000
05215415;738885600000
05217330;739490400000
05219250;740095200000
05221162;740700000000
05221163;740700000000
05221164;740700000000
05223337;741304800000
05222842;741304800000
05222841;741304800000
05222843;741304800000
05225275;741909600000
05224804;741909600000
05226760;742514400000
05226761;742514400000
05228369;743119200000
05228812;743119200000
05230590;743724000000
05230591;743724000000
05232319;744328800000
05232318;744328800000
05232317;744328800000
05232316;744328800000
05232320;744328800000
05236288;745538400000
05235879;745538400000
05235961;745538400000
05238037;746143200000
05238334;746143200000
05237894;746143200000
05240356;746748000000
05242251;747352800000
05244318;747957600000
05245896;748562400000
05246315;748562400000
05249894;749775600000
05250477;749775600000
05250367;749775600000
05255582;751590000000
05256009;751590000000
05256008;751590000000
05259428;752799600000
05259707;752799600000
05261302;753404400000
05264283;754009200000
05264297;754009200000
05265985;754614000000
05266388;754614000000
05266775;754614000000
05267817;755218800000
05271135;756428400000
05271301;756428400000
05271442;756428400000
05271440;756428400000
05271696;756428400000
05272945;757033200000
05272940;757033200000
05277529;758242800000
05279191;758847600000
05279345;758847600000
05282703;760057200000
05282702;760057200000
05283935;760662000000
05286144;761266800000
05288186;761871600000
05288179;761871600000
05288180;761871600000
05290135;762476400000
05292212;763081200000
05294219;763686000000
05295992;764290800000
05297657;764892000000
05297630;764892000000
05297905;764892000000
05297902;764892000000
05297906;764892000000
05299892;765496800000
05299893;765496800000
05302060;766101600000
05301406;766101600000
05304181;766706400000
05305558;767311200000
05305811;767311200000
05308197;767916000000
05309962;768520800000
05310293;768520800000
05314269;769730400000
05317839;770940000000
05320458;771544800000
05322395;772149600000
05322394;772149600000
05324144;772754400000
05323823;772754400000
05326195;773359200000
05325748;773359200000
05325747;773359200000
05328307;773964000000
05328308;773964000000
05330296;774568800000
05330295;774568800000
05330853;774568800000
05332338;775173600000
05332339;775173600000
05332342;775173600000
05334459;775778400000
05333659;775778400000
05333520;775778400000
05333938;775778400000
05333972;775778400000
05336026;776383200000
05338134;776988000000
05337812;776988000000
05340242;777592800000
05342151;778197600000
05342365;778197600000
05346336;779407200000
05346335;779407200000
05345846;779407200000
05348065;780012000000
05348426;780012000000
05349888;780620400000
05350258;780620400000
05350381;780620400000
05352072;781225200000
05352075;781225200000
05352067;781225200000
05352068;781225200000
05353668;781830000000
05358360;783039600000
05360298;783644400000
05362183;784249200000
05363892;784854000000
05363891;784854000000
05364209;784854000000
05365986;785458800000
05365805;785458800000
05366325;785458800000
05368078;786063600000
05368079;786063600000
05368418;786063600000
05370023;786668400000
05372463;787273200000
05373900;787878000000
05373631;787878000000
05374142;787878000000
05375948;788482800000
05376092;788482800000
05377457;789087600000
05378091;789087600000
05382118;790297200000
05382119;790297200000
05381840;790297200000
05383750;790902000000
05387447;792111600000
05388932;792716400000
05388487;792716400000
05391025;793321200000
05393174;793926000000
05392674;793926000000
05395186;794530800000
05394776;794530800000
05397204;795135600000
05396818;795135600000
05398739;795740400000
05402696;796946400000
05405221;797551200000
05405711;797551200000
05411354;799365600000
05417131;801180000000
05418049;801180000000
05421679;802389600000
05423719;802994400000
05423639;802994400000
05423361;802994400000
05425603;803599200000
05431072;805413600000
05433655;806018400000
05435676;806623200000
05437522;807228000000
05439327;807832800000
05439039;807832800000
05441370;808437600000
05443335;809042400000
05443334;809042400000
05443337;809042400000
05442981;809042400000
05447395;810252000000
05447396;810252000000
05447208;810252000000
05449255;810856800000
05451122;811461600000
05451128;811461600000
05454671;812674800000
05454670;812674800000
05456312;813279600000
05456300;813279600000
05456557;813279600000
05460640;814489200000
05460464;814489200000
05460233;814489200000
05461762;815094000000
05463503;815094000000
05466097;816303600000
05468100;816908400000
05469902;817513200000
05472376;818118000000
05474406;818722800000
05476346;819327600000
05478179;819932400000
05478175;819932400000
05477755;819932400000
05477754;819932400000
05484330;821746800000
05485873;822351600000
05486073;822351600000
05486072;822351600000
05486137;822351600000
05487625;822956400000
05494134;825375600000
05494537;825375600000
05494383;825375600000
05494477;825375600000
05494475;825375600000
05496638;825980400000
05497815;826585200000
05499667;827190000000
05501256;827794800000
05503507;828396000000
05503506;828396000000
05505751;829000800000
05505568;829000800000
05505569;829000800000
05504981;829000800000
05507331;829605600000
05511597;830815200000
05511911;830815200000
05513931;831420000000
05516242;832024800000
05516241;832024800000
05522441;833839200000
05523158;833839200000
05525016;834444000000
05526716;835048800000
05529439;835653600000
05529440;835653600000
05533894;836863200000
05533840;836863200000
05536120;837468000000
05536119;837468000000
05538368;838072800000
05538367;838072800000
05543210;839282400000
05542795;839282400000
05542794;839282400000
05542793;839282400000
05542792;839282400000
05542791;839282400000
05544984;839887200000
05549425;841096800000
05549424;841096800000
05551811;841701600000
05556239;842911200000
05555784;842911200000
05558142;843516000000
05558475;843516000000
05557995;843516000000
05560745;844120800000
05562370;844725600000
05564320;845330400000
05566779;845935200000
05566598;845935200000
05567092;845935200000
05569000;846543600000
05571250;847148400000
05575320;848358000000
05577867;848962800000
05580653;849567600000
05580196;849567600000
05580194;849567600000
05584045;850172400000
05584616;850777200000
05586844;851382000000
05586845;851382000000
05586842;851382000000
05586843;851382000000
05590728;852591600000
05593257;853196400000
05593255;853196400000
05593253;853196400000
05593254;853196400000
05592863;853196400000
05597270;854406000000
05597271;854406000000
05597272;854406000000
05597268;854406000000
05597269;854406000000
05599141;855010800000
05598621;855010800000
05598756;855010800000
05603365;856220400000
05605420;856825200000
05607263;857430000000
05607264;857430000000
05611649;858639600000
05617908;860450400000
05618625;860450400000
05622459;861660000000
05622460;861660000000
05622461;861660000000
05624766;862264800000
05624756;862264800000
05623977;862264800000
05623979;862264800000
05623978;862264800000
05626446;862869600000
05626443;862869600000
05626444;862869600000
05626189;862869600000
05626909;862869600000
05628590;863474400000
05628589;863474400000
05630681;864079200000
05633087;864684000000
05632576;864684000000
05634745;865288800000
05636948;865893600000
05638212;865893600000
05639189;866498400000
05638728;866498400000
05642651;867708000000
05643523;867708000000
05645617;868312800000
05647419;868917600000
05647878;868917600000
05647699;868917600000
05647698;868917600000
05647701;868917600000
05647700;868917600000
05648119;868917600000
05648029;868917600000
05649579;869522400000
05651644;870127200000
05653274;870732000000
05653152;870732000000
05653300;870732000000
05655860;871336800000
05658100;871941600000
05658101;871941600000
05660881;872546400000
05660936;872546400000
05660507;872546400000
05662015;873151200000
05662435;873151200000
05662436;873151200000
05668069;874360800000
05667428;874360800000
05667344;874360800000
05667343;874360800000
05669742;874965600000
05669744;874965600000
05672031;875570400000
05676691;876780000000
05676505;876780000000
05676495;876780000000
05676496;876780000000
05681133;877993200000
05681651;877993200000
05682803;878598000000
05685671;879202800000
05685672;879202800000
05685670;879202800000
05685769;879202800000
05688080;879807600000
05688083;879807600000
05688081;879807600000
05690706;880412400000
05692860;881017200000
05695303;881622000000
05697271;882226800000
05700518;882831600000
05702210;883436400000
05702808;883436400000
05704741;884041200000
05704734;884041200000
05704735;884041200000
05704736;884041200000
05704737;884041200000
05707185;884646000000
05709255;885250800000
05709510;885250800000
05709508;885250800000
05709509;885250800000
05711642;885855600000
05712030;885855600000
05716167;887065200000
05716170;887065200000
05716171;887065200000
05718156;887670000000
05718541;887670000000
05718540;887670000000
05718544;887670000000
05720583;888274800000
05720584;888274800000
05722803;888879600000
05725333;889484400000
05725334;889484400000
05725340;889484400000
05725338;889484400000
05727913;890089200000
05727911;890089200000
05727910;890089200000
05730375;890694000000
05730017;890694000000
05733073;891295200000
05735648;891900000000
05735649;891900000000
05738156;892504800000
05738698;892504800000
05738468;892504800000
05741095;893109600000
05743680;893714400000
05743681;893714400000
05743346;893714400000
05743314;893714400000
05746549;894319200000
05750247;894924000000
05755536;896133600000
05755815;896133600000
05758994;896738400000
05762344;897343200000
05762453;897343200000
05762452;897343200000
05761974;897343200000
05766742;897948000000
05766782;897948000000
05765972;897948000000
05772366;899157600000
05772365;899157600000
05772364;899157600000
05771763;899157600000
05776588;899762400000
05775187;899762400000
05775855;899762400000
05775854;899762400000
05779400;900367200000
05779401;900367200000
05779399;900367200000
05778746;900367200000
05782589;900972000000
05786069;901576800000
05788426;902181600000
05788427;902181600000
05791833;902786400000
05791832;902786400000
05791831;902786400000
05791214;902786400000
05794835;903391200000
05795109;903391200000
05797707;903996000000
05799554;904600800000
05799553;904600800000
05800079;904600800000
05800098;904600800000
05800100;904600800000
05803675;905205600000
05803674;905205600000
05802720;905205600000
05807031;905810400000
05807032;905810400000
05806577;905810400000
05806386;905810400000
05809854;906415200000
05810079;906415200000
05810519;906415200000
05810518;906415200000
05810517;906415200000
05810521;906415200000
05810520;906415200000
05813105;907020000000
05816751;907624800000
05816301;907624800000
05820320;908229600000
05820309;908229600000
05820308;908229600000
05820310;908229600000
05820311;908229600000
05819827;908229600000
05823719;908834400000
05824123;908834400000
05827016;909442800000
05827017;909442800000
05829331;910047600000
05829927;910047600000
05829924;910047600000
05829923;910047600000
05833402;910652400000
05833403;910652400000
05836723;911257200000
05836724;911257200000
05839858;911862000000
05839857;911862000000
05839856;911862000000
05842819;912466800000
05846032;913071600000
05846033;913071600000
05848562;913676400000
05848858;913676400000
05848862;913676400000
05851094;914281200000
05850860;914281200000
05853271;914886000000
05853267;914886000000
05853268;914886000000
05855458;915490800000
05855457;915490800000
05857811;916095600000
05857506;916095600000
05857505;916095600000
05859405;916095600000
05861210;916700400000
05863156;917305200000
05863157;917305200000
05863640;917305200000
05865569;917910000000
05868529;918514800000
05868530;918514800000
05868531;918514800000
05868051;918514800000
05871850;919119600000
05871309;919119600000
05873682;919724400000
05873681;919724400000
05873684;919724400000
05876845;920329200000
05876154;920329200000
05876160;920329200000
05879823;920934000000
05882777;921538800000
05882150;921538800000
05882152;921538800000
05885035;922143600000
05888028;922744800000
05888029;922744800000
05888030;922744800000
05890854;923349600000
05890853;923349600000
05890847;923349600000
05890846;923349600000
05893401;923954400000
05893400;923954400000
05893683;923954400000
05894770;924559200000
05895180;924559200000
05896902;925164000000
05896621;925164000000
05897272;925164000000
05897942;925164000000
05899642;925768800000
05899643;925768800000
05899268;925768800000
05902671;926373600000
05901623;926373600000
05904193;926978400000
05904449;926978400000
05904448;926978400000
05904450;926978400000
05904452;926978400000
05906458;927583200000
05908071;928188000000
05908269;928188000000
05911548;929397600000
05914181;930002400000
05914286;930002400000
05913644;930002400000
05913643;930002400000
05915888;930607200000
05915889;930607200000
05919008;931212000000
05919007;931212000000
05921724;931816800000
05921725;931816800000
05921722;931816800000
05921723;931816800000
05921720;931816800000
05921721;931816800000
05921719;931816800000
05924826;932421600000
05924825;932421600000
05924824;932421600000
05924227;932421600000
05928071;933026400000
05931841;933631200000
05931616;933631200000
05931612;933631200000
05931613;933631200000
05934843;934236000000
05934844;934236000000
05934841;934236000000
05934842;934236000000
05938377;934840800000
05942318;935445600000
05942261;935445600000
05945207;936050400000
05944456;936050400000
05944457;936050400000
05948541;936655200000
05948523;936655200000
05948715;936655200000
05947651;936655200000
05947650;936655200000
05947649;936655200000
05947648;936655200000
05951212;937260000000
05951213;937260000000
05951214;937260000000
05951215;937260000000
05955186;937864800000
05955390;937864800000
05954459;937864800000
05957633;938469600000
05957629;938469600000
05957628;938469600000
05957755;938469600000
05957176;938469600000
05961259;939074400000
05964552;939679200000
05964555;939679200000
05967710;940284000000
05967706;940284000000
05967705;940284000000
05967250;940284000000
05971676;940888800000
05971670;940888800000
05971672;940888800000
05971671;940888800000
05975811;941497200000
05975812;941497200000
05976707;941497200000
05976716;941497200000
05976206;941497200000
05976205;941497200000
05976455;941497200000
05979520;942102000000
05979522;942102000000
05980165;942102000000
05981057;942102000000
05981078;942102000000
05984592;942706800000
05984593;942706800000
05984005;942706800000
05983967;942706800000
05988952;943311600000
05993118;943916400000
05997221;944521200000
05996655;944521200000
05996714;944521200000
06000885;945126000000
06000449;945126000000
06004079;945730800000
06004078;945730800000
06004080;945730800000
06004081;945730800000
06007766;946335600000
06007276;946335600000
06010281;946940400000
06010282;946940400000
06010283;946940400000
06015614;948150000000
06017172;948754800000
06017171;948754800000
06016720;948754800000
06022175;949964400000
06024143;950569200000
06024519;950569200000
06026719;951174000000
06030153;951778800000
06033157;952383600000
06033158;952383600000
06039515;953593200000
06039096;953593200000
06042886;954194400000
06042309;954194400000
06042308;954194400000
06045440;954799200000
06045300;954799200000
06048140;955404000000
06047749;955404000000
06050755;956008800000
06050752;956008800000
06050751;956008800000
06053670;956613600000
06053671;956613600000
06053672;956613600000
06053673;956613600000
06053669;956613600000
06056484;957218400000
06056486;957218400000
06056485;957218400000
06055729;957218400000
06058989;957823200000
06062775;958428000000
06062776;958428000000
06065910;959032800000
06065907;959032800000
06065906;959032800000
06065905;959032800000
06065377;959032800000
06068430;959637600000
06071047;960242400000
06071045;960242400000
06074137;960847200000
06074138;960847200000
06073524;960847200000
06076999;961452000000
06076998;961452000000
06076441;961452000000
06077016;961452000000
06079913;962056800000
06079912;962056800000
06082936;962661600000
06082935;962661600000
06086980;963266400000
06086294;963266400000
06086291;963266400000
06086290;963266400000
06090476;963871200000
06092573;964476000000
06095722;965080800000
06095723;965080800000
06095211;965080800000
06095210;965080800000
06096377;965080800000
06099210;965685600000
06099209;965685600000
06102630;966290400000
06102636;966290400000
06105476;966895200000
06106585;966895200000
06109838;967500000000
06109619;967500000000
06109152;967500000000
06110240;967500000000
06113319;968104800000
06117533;968709600000
06116824;968709600000
06116823;968709600000
06116828;968709600000
06116831;968709600000
06116305;968709600000
06119741;969314400000
06120219;969314400000
06120218;969314400000
06120217;969314400000
06123488;969919200000
06123487;969919200000
06126364;970524000000
06126365;970524000000
06126366;970524000000
06129488;971128800000
06132146;971733600000
06131627;971733600000
06135680;972338400000
06135681;972338400000
06135677;972338400000
06135678;972338400000
06140262;972946800000
06139227;972946800000
06138540;972946800000
06142715;973551600000
06142716;973551600000
06146697;974156400000
06146060;974156400000
06146061;974156400000
06146062;974156400000
06146059;974156400000
06146063;974156400000
06146064;974156400000
06146065;974156400000
06145608;974156400000
06149695;974761200000
06149355;974761200000
06149354;974761200000
06152660;975366000000
06152657;975366000000
06152658;975366000000
06155753;975970800000
06155754;975970800000
06155755;975970800000
06158928;976575600000
06158927;976575600000
06158304;976575600000
06159909;976575600000
06162227;977180400000
06161990;977180400000
06161602;977180400000
06164879;977785200000
06164878;977785200000
06164877;977785200000
06164876;977785200000
06164352;977785200000
06168357;978390000000
06168356;978390000000
06168355;978390000000
06167958;978390000000
06171031;978994800000
06170368;978994800000
06176888;980204400000
06176648;980204400000
06176649;980204400000
06179528;980809200000
06180266;980809200000
06183171;981414000000
06183170;981414000000
06183174;981414000000
06186706;982018800000
06186704;982018800000
06186705;982018800000
06186199;982018800000
06187421;982018800000
06187068;982018800000
06190095;982623600000
06190096;982623600000
06189584;982623600000
06193777;983228400000
06193446;983228400000
06196770;983833200000
06196771;983833200000
06196774;983833200000
06196769;983833200000
06200072;984438000000
06200077;984438000000
06200078;984438000000
06200073;984438000000
06204213;985042800000
06203251;985042800000
06202721;985042800000
06207262;985644000000
06210726;986248800000
06213691;986853600000
06217992;987458400000
06217264;987458400000
06217263;987458400000
06217262;987458400000
06221076;988063200000
06220797;988063200000
06220794;988063200000
06220795;988063200000
06224300;988668000000
06224301;988668000000
06224299;988668000000
06227772;989272800000
06227771;989272800000
06227267;989272800000
06227083;989272800000
06231274;989877600000
06231275;989877600000
06231276;989877600000
06231277;989877600000
06234726;990482400000
06234727;990482400000
06234724;990482400000
06234725;990482400000
06238133;991087200000
06238148;991087200000
06238146;991087200000
06238147;991087200000
06238151;991087200000
06238150;991087200000
06241429;991692000000
06241431;991692000000
06241430;991692000000
06244789;992296800000
06244790;992296800000
06244791;992296800000
06250854;993506400000
06250855;993506400000
06254319;994111200000
06254316;994111200000
06257807;994716000000
06260592;995320800000
06261167;995320800000
06261032;995320800000
06261031;995320800000
06267541;996530400000
06270294;997135200000
06270297;997135200000
06270292;997135200000
06270293;997135200000
06273649;997740000000
06273651;997740000000
06273650;997740000000
06280122;998949600000
06284315;999554400000
06283844;999554400000
06287682;1000159200000
06290436;1000764000000
06293738;1001368800000
06293739;1001368800000
06293737;1001368800000
06295905;1001973600000
06299658;1002578400000
06299389;1002578400000
06299388;1002578400000
06299180;1002578400000
06302225;1003183200000
06302004;1003183200000
06309738;1004396400000
06311590;1005001200000
06314388;1005001200000
06312201;1005001200000
06312199;1005001200000
06315505;1005606000000
06315504;1005606000000
06315502;1005606000000
06322296;1006815600000
06325573;1007420400000
06325574;1007420400000
06328504;1008025200000
06331497;1008630000000
06333103;1009234800000
06333100;1009234800000
06333099;1009234800000
06332385;1009234800000
06334742;1009839600000
06334741;1009839600000
06334740;1009839600000
06336776;1010444400000
06338894;1011049200000
06340274;1011654000000
06341924;1012258800000
06341923;1012258800000
06343902;1012863600000
06343898;1012863600000
06344265;1012863600000
06345941;1013468400000
06350510;1014678000000
06354772;1015887600000
06354771;1015887600000
06354347;1015887600000
06354179;1015887600000
06357325;1016492400000
06367523;1018303200000
06367137;1018303200000
06368030;1018303200000
06374712;1019512800000
06379087;1020117600000
06378578;1020117600000
06382887;1020722400000
06386250;1021327200000
06394709;1022536800000
06398467;1023141600000
06402438;1023746400000
06406224;1024351200000
06405615;1024351200000
06409435;1024956000000
06410085;1024956000000
06413021;1025560800000
06413023;1025560800000
06416262;1026165600000
06415696;1026165600000
06422793;1027375200000
06426137;1027980000000
06428249;1028584800000
06428248;1028584800000
06428247;1028584800000
06431800;1029189600000
06431799;1029189600000
06435780;1029794400000
06439811;1030399200000
06443672;1031004000000
06447896;1031608800000
06447890;1031608800000
06447560;1031608800000
06447219;1031608800000
06447218;1031608800000
06450738;1032213600000
06454498;1032818400000
06457914;1033423200000
06460438;1034028000000
06464433;1034632800000
06464434;1034632800000
06470781;1035846000000
06471449;1035846000000
06471448;1035846000000
06481936;1037660400000
06481318;1037660400000
06488456;1038870000000
06488450;1038870000000
06492011;1039474800000
06491483;1039474800000
06491481;1039474800000
06494647;1040079600000
06494648;1040079600000
06497537;1040684400000
06497540;1040684400000
06499917;1041289200000
06502610;1041894000000
06502609;1041894000000
06502487;1041894000000
06503030;1041894000000
06503028;1041894000000
06503027;1041894000000
06506000;1042498800000
06508612;1043103600000
06508150;1043103600000
06511077;1043708400000
06511265;1043708400000
06511264;1043708400000
06520722;1045522800000
06521349;1045522800000
06524036;1046127600000
06527484;1046732400000
06527485;1046732400000
06527486;1046732400000
06528171;1046732400000
06530726;1047337200000
06532849;1047942000000
06533506;1047942000000
06536996;1048546800000
06536999;1048546800000
06540448;1049148000000
06540447;1049148000000
06540449;1049148000000
06540446;1049148000000
06540450;1049148000000
06541115;1049148000000
06543970;1049752800000
06547494;1050357600000
06551032;1050962400000
06551954;1050962400000
06554548;1051567200000
06554547;1051567200000
06557445;1052172000000
06558086;1052172000000
06558087;1052172000000
06560835;1052776800000
06564682;1053381600000
06565292;1053381600000
06565291;1053381600000
06568442;1053986400000
06572309;1054591200000
06572991;1054591200000
06571475;1054591200000
06571451;1054591200000
06575671;1055196000000
06575670;1055196000000
06575674;1055196000000
06578457;1055800800000
06579044;1055800800000
06579043;1055800800000
06579042;1055800800000
06579045;1055800800000
06581339;1056405600000
06582165;1056405600000
06582162;1056405600000
06582163;1056405600000
06585458;1057010400000
06585457;1057010400000
06588990;1057615200000
06591878;1058220000000
06592303;1058220000000
06592304;1058220000000
06595092;1058824800000
06595727;1058824800000
06599062;1059429600000
06599061;1059429600000
06599060;1059429600000
06601486;1060034400000
06601620;1060034400000
06602029;1060034400000
06604894;1060639200000
06604893;1060639200000
06607333;1061244000000
06607334;1061244000000
06607335;1061244000000
06609447;1061848800000
06609859;1061848800000
06609858;1061848800000
06610113;1061848800000
06612207;1062453600000
06612786;1062453600000
06612787;1062453600000
06616387;1063058400000
06617271;1063058400000
06619892;1063663200000
06619891;1063663200000
06619890;1063663200000
06620756;1063663200000
06623217;1064268000000
06623216;1064268000000
06623218;1064268000000
06626214;1064872800000
06626613;1064872800000
06626614;1064872800000
06627335;1064872800000
06632050;1066082400000
06632051;1066082400000
06634835;1066687200000
06634837;1066687200000
06634836;1066687200000
06635593;1066687200000
06637088;1067295600000
06637483;1067295600000
06637720;1067295600000
06637987;1067295600000
06637985;1067295600000
06637984;1067295600000
06641337;1067900400000
06644152;1068505200000
06644369;1068505200000
06644896;1068505200000
06648559;1069110000000
06648561;1069110000000
06648560;1069110000000
06652200;1069714800000
06652201;1069714800000
06655882;1070319600000
06655880;1070319600000
06655881;1070319600000
06655879;1070319600000
06659694;1070924400000
06662837;1071529200000
06663326;1071529200000
06669412;1072738800000
06673430;1073343600000
06675849;1073948400000
06676339;1073948400000
06676337;1073948400000
06676338;1073948400000
06676336;1073948400000
06676340;1073948400000
06679657;1074553200000
06678909;1074553200000
06682272;1075158000000
06682271;1075158000000
06682274;1075158000000
06682273;1075158000000
06684752;1075762800000
06688816;1076367600000
06689450;1076367600000
06692199;1076972400000
06692198;1076972400000
06692197;1076972400000
06695549;1077577200000
06695547;1077577200000
06695548;1077577200000
06695550;1077577200000
06702199;1078786800000
06702529;1078786800000
06702528;1078786800000
06702527;1078786800000
06702526;1078786800000
06702525;1078786800000
06702524;1078786800000
06705142;1079391600000
06705805;1079391600000
06705806;1079391600000
06708382;1079996400000
06708590;1079996400000
06709204;1079996400000
06709205;1079996400000
06709318;1079996400000
06711976;1080597600000
06712105;1080597600000
06712564;1080597600000
06712563;1080597600000
06712562;1080597600000
06713172;1080597600000
06715968;1081202400000
06715966;1081202400000
06715967;1081202400000
06716483;1081202400000
06719501;1081807200000
06722014;1082412000000
06722595;1082412000000
06722825;1082412000000
06722824;1082412000000
06722823;1082412000000
06723391;1082412000000
06726410;1083016800000
06729814;1083621600000
06733212;1084226400000
06733213;1084226400000
06733214;1084226400000
06733215;1084226400000
06733366;1084226400000
06733603;1084226400000
06736574;1084831200000
06737178;1084831200000
06738202;1084831200000
06739807;1085436000000
06739808;1085436000000
06740611;1085436000000
06742969;1086040800000
06742968;1086040800000
06742971;1086040800000
06742970;1086040800000
06746184;1086645600000
06749375;1087250400000
06749376;1087250400000
06752184;1087855200000
06756110;1088460000000
06757949;1089064800000
06758639;1089064800000
06758637;1089064800000
06758638;1089064800000
06761510;1089669600000
06761514;1089669600000
06764257;1090274400000
06764254;1090274400000
06764255;1090274400000
06767168;1090879200000
06769844;1091484000000
06769843;1091484000000
06769842;1091484000000
06773209;1092088800000
06773210;1092088800000
06773211;1092088800000
06776203;1092693600000
06779951;1093298400000
06783306;1093903200000
06783444;1093903200000
06786119;1094508000000
06786682;1094508000000
06789983;1095112800000
06789982;1095112800000
06792738;1095717600000
06793446;1095717600000
06796750;1096322400000
06796751;1096322400000
06796752;1096322400000
06796207;1096322400000
06799358;1096927200000
06799925;1096927200000
06802676;1097532000000
06802677;1097532000000
06805520;1098136800000
06807886;1098741600000
06808340;1098741600000
06808343;1098741600000
06811359;1099350000000
06811360;1099350000000
06811362;1099350000000
06813980;1099954800000
06814526;1099954800000
06817813;1100559600000
06824333;1101769200000
06834692;1104188400000
06835028;1104188400000
06835446;1104188400000
06838151;1104793200000
06839953;1105398000000
06840716;1105398000000
06843620;1106002800000
06846135;1106607600000
06846137;1106607600000
06848868;1107212400000
06851901;1107817200000
06851897;1107817200000
06855405;1108422000000
06857827;1109026800000
06858333;1109026800000
06862966;1110236400000
06866921;1110841200000
06868395;1110841200000
06872034;1112047200000
06872033;1112047200000
06874979;1112652000000
06877407;1113256800000
06877406;1113256800000
06877935;1113256800000
06877934;1113256800000
06880437;1113861600000
06881475;1113861600000
06884007;1114466400000
06884006;1114466400000
06884008;1114466400000
06886441;1115071200000
06887017;1115071200000
06890130;1115676000000
06893195;1116280800000
06896017;1116885600000
06896452;1116885600000
06899493;1117490400000
06899494;1117490400000
06901642;1118095200000
06902357;1118095200000
06902354;1118095200000
06905290;1118700000000
06908266;1119304800000
06913426;1120514400000
06913425;1120514400000
06913424;1120514400000
06916137;1121119200000
06918717;1121724000000
06918716;1121724000000
06921233;1122328800000
06921234;1122328800000
06923227;1122933600000
06926472;1123538400000
06929428;1124143200000
06929429;1124143200000
06929432;1124143200000
06929426;1124143200000
06929427;1124143200000
06932545;1124748000000
06935026;1125352800000
06935814;1125352800000
06935815;1125352800000
06938321;1125957600000
06938656;1125957600000
06939089;1125957600000
06939093;1125957600000
06939090;1125957600000
06939091;1125957600000
06939607;1125957600000
06942431;1126562400000
06942433;1126562400000
06942432;1126562400000
06942434;1126562400000
06942438;1126562400000
06945146;1127167200000
06945740;1127167200000
06948889;1127772000000
06948891;1127772000000
06948893;1127772000000
06951313;1128376800000
06953310;1128981600000
06955106;1129586400000
06955507;1129586400000
06957934;1130191200000
06957933;1130191200000
06957935;1130191200000
06960051;1130799600000
06960049;1130799600000
06962468;1131404400000
06962751;1131404400000
06964210;1132009200000
06966729;1132614000000
06966728;1132614000000
06969218;1133218800000
06971823;1133823600000
06974282;1134428400000
06974283;1134428400000
06974280;1134428400000
06974281;1134428400000
06976815;1135033200000
06976810;1135033200000
06976811;1135033200000
06979153;1135638000000
06979154;1135638000000
06984093;1136847600000
RE038930;1136847600000
06986626;1137452400000
06988860;1138057200000
06988858;1138057200000
06991525;1138662000000
06991409;1138662000000
06991410;1138662000000
06997650;1139871600000
06997651;1139871600000
07001115;1140476400000
07001114;1140476400000
07001113;1140476400000
07004689;1141081200000
07008148;1141686000000
07008146;1141686000000
07008147;1141686000000
07008145;1141686000000
07011261;1142290800000
07011476;1142290800000
07014394;1142895600000
07014395;1142895600000
07014393;1142895600000
07014396;1142895600000
07017246;1143496800000
07021874;1144101600000
07021873;1144101600000
07021871;1144101600000
07021182;1144101600000
07029210;1145311200000
07032633;1145916000000
07037049;1146520800000
07037050;1146520800000
07037051;1146520800000
07036539;1146520800000
07040844;1147125600000
07040843;1147125600000
07044694;1147730400000
07044695;1147730400000
07044697;1147730400000
07044692;1147730400000
07048476;1148335200000
07051776;1148940000000
07051631;1148940000000
07052215;1148940000000
07052214;1148940000000
07059809;1150149600000
07059811;1150149600000
07059810;1150149600000
07063487;1150754400000
07063488;1150754400000
07063489;1150754400000
07066409;1151359200000
07069969;1151964000000
07070363;1151964000000
07073986;1152568800000
07073987;1152568800000
07077605;1153173600000
07080963;1153778400000
07086812;1154988000000
07090443;1155592800000
07090442;1155592800000
07090444;1155592800000
07094007;1156197600000
07094006;1156197600000
07094005;1156197600000
07094009;1156197600000
07094010;1156197600000
07097393;1156802400000
07101128;1157407200000
07101121;1157407200000
07101122;1157407200000
07100649;1157407200000
07100648;1157407200000
07104171;1158012000000
07104735;1158012000000
07104736;1158012000000
07104739;1158012000000
07107664;1158616800000
07108212;1158616800000
07112013;1159221600000
07114891;1159826400000
07114890;1159826400000
07118312;1160431200000
07118311;1160431200000
07121176;1161036000000
07121770;1161036000000
07121771;1161036000000
07121772;1161036000000
07121768;1161036000000
07121769;1161036000000
07124795;1161640800000
07125210;1161640800000
07125207;1161640800000
07125205;1161640800000
07128774;1162249200000
07128501;1162249200000
07131794;1162854000000
07131473;1162854000000
07134622;1163458800000
07134463;1163458800000
07134813;1163458800000
07134811;1163458800000
07135221;1163458800000
07137421;1164063600000
07140949;1164668400000
07140811;1164668400000
07140812;1164668400000
07140088;1164668400000
07140408;1164668400000
07140407;1164668400000
07143673;1165273200000
07144205;1165273200000
07144639;1165273200000
07147408;1165878000000
07147407;1165878000000
07150925;1166482800000
07150590;1166482800000
07150589;1166482800000
07153069;1167087600000
07153068;1167087600000
07153067;1167087600000
07153066;1167087600000
07155789;1167692400000
07156006;1167692400000
07156588;1167692400000
07159626;1168297200000
07160062;1168297200000
07163361;1168902000000
07163360;1168902000000
07165922;1169506800000
07168896;1170111600000
07168895;1170111600000
07168512;1170111600000
07171735;1170716400000
07175370;1171321200000
07175373;1171321200000
07181263;1171926000000
07178433;1171926000000
07179022;1171926000000
07179023;1171926000000
07179021;1171926000000
07182112;1172530800000
07182555;1172530800000
07182554;1172530800000
07186063;1173135600000
07189039;1173740400000
07189032;1173740400000
07189030;1173740400000
07189031;1173740400000
07192227;1174345200000
07195427;1174946400000
07198436;1175551200000
07198437;1175551200000
07201545;1176156000000
07204663;1176760800000
07204662;1176760800000
07207755;1177365600000
07213623;1178575200000
07214006;1178575200000
07216571;1179180000000
07216415;1179180000000
07216682;1179180000000
07217068;1179180000000
07217070;1179180000000
07217073;1179180000000
07220083;1179784800000
07220086;1179784800000
07219584;1179784800000
07223053;1180389600000
07226670;1180994400000
07226249;1180994400000
07226257;1180994400000
07229236;1181599200000
07232279;1182204000000
07234900;1182808800000
07234901;1182808800000
07234902;1182808800000
07234899;1182808800000
07237985;1183413600000
07240593;1184018400000
07241083;1184018400000
07241082;1184018400000
07246974;1185228000000
07246973;1185228000000
07249917;1185832800000
07251975;1186437600000
07252461;1186437600000
07252460;1186437600000
07255518;1187042400000
07261496;1188252000000
07261495;1188252000000
07261498;1188252000000
07261497;1188252000000
07261753;1188252000000
07264425;1188856800000
07264424;1188856800000
07266873;1189461600000
07267511;1189461600000
07270503;1190066400000
07273331;1190671200000
07275895;1191276000000
07275894;1191276000000
07275896;1191276000000
07278806;1191880800000
07278805;1191880800000
07281883;1192485600000
07281885;1192485600000
07281884;1192485600000
RE039894;1193090400000
07284935;1193090400000
07287937;1193698800000
07287938;1193698800000
07290965;1194303600000
07293945;1194908400000
07293942;1194908400000
07300232;1196118000000
07300231;1196118000000
07306636;1197327600000
07306408;1197327600000
07306409;1197327600000
07306412;1197327600000
07309193;1197932400000
07311479;1198537200000
07311478;1198537200000
07311477;1198537200000
RE039987;1199142000000
07313991;1199142000000
07313992;1199142000000
RE040005;1200351600000
07320564;1200956400000
07320563;1200956400000
07322776;1201561200000
07322777;1201561200000
07322774;1201561200000
07322775;1201561200000
07326214;1202166000000
07326006;1202166000000
07326007;1202166000000
07326012;1202166000000
07325471;1202166000000
07329072;1202770800000
07331096;1203375600000
07331736;1203375600000
07337879;1204585200000
07337523;1204585200000
07338236;1204585200000
07338235;1204585200000
07341407;1205190000000
07341408;1205190000000
07341409;1205190000000
07341433;1205190000000
07343946;1205794800000
07347650;1206399600000
07357603;1208210400000
07357604;1208210400000
07360972;1208815200000
07367754;1210024800000
07367753;1210024800000
07367755;1210024800000
07371037;1210629600000
07371032;1210629600000
07373707;1211234400000
07374372;1211234400000
07374374;1211234400000
07374376;1211234400000
07377732;1211839200000
07380576;1212444000000
07381015;1212444000000
07381016;1212444000000
07384218;1213048800000
07387474;1213653600000
07390150;1214258400000
07390151;1214258400000
07390148;1214258400000
07390149;1214258400000
07390242;1214258400000
07393160;1214863200000
07393161;1214863200000
07396191;1215468000000
07396192;1215468000000
07396196;1215468000000
07399146;1216072800000
07399147;1216072800000
07402010;1216677600000
07402005;1216677600000
07402004;1216677600000
07404421;1217282400000
07407348;1217887200000
07407347;1217887200000
07407351;1217887200000
07407350;1217887200000
07409972;1218492000000
07409896;1218492000000
07410330;1218492000000
07410331;1218492000000
07410332;1218492000000
07413591;1219096800000
07416372;1219701600000
07419336;1220306400000
07419337;1220306400000
07419338;1220306400000
07419339;1220306400000
07422395;1220911200000
07422806;1220911200000
07422805;1220911200000
07425108;1221516000000
07429152;1222725600000
07429150;1222725600000
07429151;1222725600000
07431988;1223330400000
07431539;1223330400000
07431538;1223330400000
07431540;1223330400000
07431541;1223330400000
07431542;1223330400000
07431544;1223330400000
07431747;1223330400000
07438508;1224540000000
07441484;1225148400000
07441992;1225148400000
07441991;1225148400000
07442431;1225148400000
07445410;1225753200000
07445409;1225753200000
07448832;1226358000000
07449253;1226358000000
07451534;1226962800000
07452167;1226962800000
07455900;1227567600000
07455485;1227567600000
07455483;1227567600000
07455484;1227567600000
07455482;1227567600000
07458753;1228172400000
07461800;1228777200000
07462003;1228777200000
07462005;1228777200000
07470296;1230591600000
07472464;1231196400000
07473059;1231196400000
07476061;1231801200000
07476064;1231801200000
07476063;1231801200000
07476062;1231801200000
07476066;1231801200000
07476437;1231801200000
07478977;1232406000000
07484541;1233615600000
07488142;1234220400000
07488143;1234220400000
07490502;1234825200000
07490533;1234825200000
07494303;1235430000000
07494302;1235430000000
07497153;1236034800000
07500810;1236639600000
07506674;1237849200000
07506877;1237849200000
07510352;1238450400000
07510354;1238450400000
07510353;1238450400000
07510355;1238450400000
07510589;1238450400000
07509897;1238450400000
07513717;1239055200000
07516688;1239660000000
07517178;1239660000000
07517589;1239660000000
07520699;1240264800000
07520698;1240264800000
07520705;1240264800000
07520701;1240264800000
07520700;1240264800000
07523690;1240869600000
07524147;1240869600000
07524148;1240869600000
07524237;1240869600000
07527696;1241474400000
07527457;1241474400000
07530769;1242079200000
07534075;1242684000000
07537419;1243288800000
07537422;1243288800000
07540821;1243893600000
07544024;1244498400000
07544021;1244498400000
07544020;1244498400000
07544023;1244498400000
07544022;1244498400000
07546786;1245103200000
07547164;1245103200000
07547163;1245103200000
07549358;1245708000000
07549824;1245708000000
07549825;1245708000000
07553112;1246312800000
07553113;1246312800000
07556456;1246917600000
07556458;1246917600000
07563059;1248127200000
07566191;1248732000000
07566192;1248732000000
07568865;1249336800000
07568864;1249336800000
07571526;1249941600000
07572087;1249941600000
07572086;1249941600000
07574948;1250546400000
07575399;1250546400000
07578639;1251151200000
07578638;1251151200000
07578640;1251151200000
07578641;1251151200000
07581906;1251756000000
07585137;1252360800000
07588620;1252965600000
07588396;1252965600000
07591614;1253570400000
07594783;1254175200000
07597508;1254780000000
07597507;1254780000000
07597509;1254780000000
07597511;1254780000000
07597510;1254780000000
07600953;1255384800000
07600952;1255384800000
07600951;1255384800000
07600453;1255384800000
07604440;1255989600000
07604441;1255989600000
07607867;1256598000000
07607869;1256598000000
07607868;1256598000000
07607374;1256598000000
07607209;1256598000000
07608333;1256598000000
07611311;1257202800000
07611310;1257202800000
07614831;1257807600000
07617608;1258412400000
07618219;1258412400000
07618220;1258412400000
07621974;1259017200000
07621699;1259017200000
07621700;1259017200000
07625156;1259622000000
07625157;1259622000000
07625161;1259622000000
07632046;1260831600000
07635035;1261436400000
07637701;1262041200000
07637700;1262041200000
07637187;1262041200000
07641667;1262646000000
07641422;1262646000000
07641423;1262646000000
07645100;1263250800000
07645412;1263250800000
07645099;1263250800000
07648314;1263855600000
07648313;1263855600000
07655293;1265065200000
07665933;1266879600000
07670088;1267484400000
07670674;1267484400000
07674520;1268089200000
07677842;1268694000000
07677843;1268694000000
07677845;1268694000000
07677282;1268694000000
07677145;1268694000000
07681609;1269298800000
07682109;1269298800000
07682108;1269298800000
07682111;1269298800000
07686988;1269900000000
07687156;1269900000000
07695221;1271109600000
07695222;1271109600000
07699565;1271714400000
07700195;1271714400000
RE041275;1272319200000
07703487;1272319200000
07703359;1272319200000
07704021;1272319200000
07712404;1273528800000
07712492;1273528800000
07713006;1273528800000
07713004;1273528800000
07713005;1273528800000
07722297;1274738400000
07726914;1275343200000
07726218;1275343200000
07727621;1275343200000
07735401;1276552800000
07735531;1276552800000
07736734;1276552800000
07736733;1276552800000
07736099;1276552800000
07739931;1277157600000
07740427;1277157600000
07740428;1277157600000
07748933;1278367200000
07753626;1278972000000
07753627;1278972000000
07753624;1278972000000
07753625;1278972000000
07754316;1278972000000
07757591;1279576800000
07758975;1279576800000
07758287;1279576800000
07758286;1279576800000
07762747;1280181600000
07762166;1280181600000
07765902;1280786400000
07766587;1280786400000
07771847;1281391200000
07771142;1281391200000
07771141;1281391200000
07775750;1281996000000
07775749;1281996000000
07775142;1281996000000
07780381;1282600800000
07780380;1282600800000
07780379;1282600800000
07784717;1283205600000
07785046;1283205600000
07785045;1283205600000
07789598;1283810400000
07789597;1283810400000
07789600;1283810400000
07794182;1284415200000
07799443;1285020000000
07799413;1285020000000
07802946;1285624800000
07802947;1285624800000
07802944;1285624800000
07802945;1285624800000
07805824;1286229600000
07806634;1286229600000
07806632;1286229600000
07806633;1286229600000
07811683;1286834400000
07810417;1286834400000
07810532;1286834400000
07810531;1286834400000
07815402;1287439200000
07819611;1288044000000
07819610;1288044000000
07823632;1288652400000
07823487;1288652400000
07824134;1288652400000
07832435;1289862000000
07832436;1289862000000
07832321;1289862000000
07832963;1289862000000
07832964;1289862000000
07836923;1290466800000
07837417;1290466800000
07837416;1290466800000
RE041972;1291071600000
07841809;1291071600000
07841811;1291071600000
07841812;1291071600000
07841810;1291071600000
07845256;1291676400000
07851075;1292281200000
07856940;1293490800000
07857555;1293490800000
07857554;1293490800000
07857557;1293490800000
