03859680;158886000000
03860983;159490800000
03860984;159490800000
03860976;159490800000
03861347;159490800000
03863590;160700400000
03864663;160700400000
03865064;161305200000
03864773;161305200000
03864772;161305200000
03864771;161305200000
03867236;161910000000
03867734;162514800000
03869744;163724400000
03870006;163724400000
03870010;163724400000
03871044;164329200000
03874012;165538800000
03874014;165538800000
03874013;165538800000
03874325;165538800000
03874315;165538800000
03875602;166143600000
03877096;166748400000
03877097;166748400000
03877409;166748400000
03877882;166748400000
03878576;167353200000
03880105;167958000000
03880254;167958000000
03879782;167958000000
03879780;167958000000
03881439;168562800000
03882811;169167600000
03883912;169772400000
03883913;169772400000
03883914;169772400000
03886602;170982000000
03886612;170982000000
03887953;171586800000
03889224;171586800000
03889308;172191600000
03889307;172191600000
03890662;172796400000
03890661;172796400000
03893201;174006000000
03893202;174006000000
03894567;174610800000
03894648;174610800000
03895396;175215600000
03895495;175215600000
03898609;176425200000
03899990;177634800000
03899993;177634800000
03902843;178844400000
03902531;178844400000
03902425;178844400000
03902439;178844400000
03902208;178844400000
03902207;178844400000
03903823;179449200000
03903555;179449200000
03903554;179449200000
03905060;180054000000
03905319;180054000000
03906565;180658800000
03906564;180658800000
03908548;181263600000
03908576;181263600000
03908212;181263600000
03908213;181263600000
03910457;181868400000
03910609;181868400000
03911514;182473200000
03911515;182473200000
03913158;183078000000
03913159;183078000000
03913157;183078000000
03913907;183078000000
03914813;183682800000
03916467;184287600000
03916812;184287600000
03918114;184892400000
03918113;184892400000
03919027;184892400000
03920378;185497200000
03921120;185497200000
03921943;186102000000
03921557;186102000000
03921558;186102000000
03921238;186102000000
03921239;186102000000
03922741;186706800000
03922740;186706800000
03922739;186706800000
03925836;187916400000
03925839;187916400000
03925838;187916400000
03928879;189126000000
03929549;189126000000
03929091;189126000000
03930804;189730800000
03930667;189730800000
03930460;189730800000
03931656;190335600000
03931657;190335600000
03931777;190335600000
03933108;190940400000
03933109;190940400000
03934288;191545200000
03934289;191545200000
03934291;191545200000
03934290;191545200000
03934292;191545200000
03934847;191545200000
03935608;192150000000
03935658;192150000000
03936895;192754800000
03936896;192754800000
03936897;192754800000
03938207;193359600000
03939509;193964400000
03939511;193964400000
03939510;193964400000
03940814;194569200000
03940815;194569200000
03942204;195174000000
03942205;195174000000
03942203;195174000000
03943871;195778800000
03945066;196383600000
03945067;196383600000
03945068;196383600000
03945338;196383600000
03946695;196984800000
03947907;197589600000
03947908;197589600000
03949095;197589600000
03949441;198194400000
03950804;198799200000
03950808;198799200000
03950807;198799200000
03950806;198799200000
03950805;198799200000
03952351;199404000000
03952352;199404000000
03952353;199404000000
03952354;199404000000
03952350;199404000000
03952355;199404000000
03953024;199404000000
03953904;200008800000
03953905;200008800000
03955230;200613600000
03956786;201218400000
03961259;202428000000
03961490;203032800000
03961589;203032800000
03961389;203032800000
03962740;203637600000
03964266;204242400000
03964423;204242400000
03965234;204242400000
03965512;204847200000
03965514;204847200000
03970031;206661600000
03969781;206661600000
03972082;207871200000
03974789;209080800000
03974536;209080800000
03975784;209685600000
03975785;209685600000
03977031;210290400000
03978725;210895200000
03978805;210895200000
03978810;210895200000
03978537;210895200000
03979785;211500000000
03980037;211500000000
03980038;211500000000
03981036;212104800000
03982294;212713200000
03984888;213922800000
03986159;213922800000
03986220;214527600000
03987509;215132400000
03988795;215737200000
03988794;215737200000
03990123;216342000000
03991475;216946800000
03992738;217551600000
03992737;217551600000
03992739;217551600000
03992736;217551600000
03992735;217551600000
03994366;218156400000
03995339;218761200000
03997079;219366000000
03996868;219366000000
03998408;219970800000
03997930;219970800000
04000713;221180400000
04000533;221180400000
04001905;221785200000
04002366;221785200000
04004310;222994800000
04004308;222994800000
04004309;222994800000
04006503;224204400000
04007506;224809200000
04009583;226018800000
04009675;226018800000
04010500;226623600000
04010501;226623600000
04011614;227228400000
04012211;227228400000
04015111;228438000000
04014057;228438000000
04014478;228438000000
04015300;229039200000
04018079;230248800000
04017926;230248800000
04017925;230248800000
04017927;230248800000
04019214;230853600000
04020782;231458400000
04020514;231458400000
04022187;232063200000
04023223;232668000000
04023517;232668000000
04024440;232668000000
04025977;233877600000
04025976;233877600000
04027347;234482400000
04029039;235087200000
04028760;235087200000
04028759;235087200000
04028761;235087200000
04030151;235692000000
04031583;236296800000
04031581;236296800000
04031582;236296800000
04033023;236901600000
04033002;236901600000
04033326;236901600000
04033277;236901600000
04033276;236901600000
04034430;237506400000
04034851;237506400000
04034693;237506400000
04035857;238111200000
04035856;238111200000
04037553;238716000000
04037425;238716000000
04037279;238716000000
04037278;238716000000
04037280;238716000000
04038713;239320800000
04040135;239925600000
04040136;239925600000
04040137;239925600000
04041562;240530400000
04042252;240530400000
04043290;241135200000
04042990;241135200000
04044415;241740000000
04044416;241740000000
04045835;242344800000
04047255;242949600000
04048686;243554400000
04048677;243554400000
04048942;243554400000
04051568;244767600000
04052762;245372400000
04052755;245372400000
04054132;245977200000
04055174;246582000000
04055138;246582000000
04054961;246582000000
04056861;247791600000
04058863;249001200000
04058862;249001200000
04059859;249606000000
04060049;249606000000
04060866;250210800000
04060867;250210800000
04062079;250815600000
04063323;251420400000
04063322;251420400000
04065823;252630000000
04065821;252630000000
04065822;252630000000
04067199;253234800000
04067081;253234800000
04067080;253234800000
04067075;253234800000
04069529;254444400000
04069786;254444400000
04074380;256863600000
04074381;256863600000
04075725;257468400000
04077077;258073200000
04077076;258073200000
04077349;258073200000
04079364;258678000000
04079953;259282800000
04080677;259887600000
04082304;260488800000
04081872;260488800000
04083070;261093600000
04083071;261093600000
04089528;264117600000
04092756;265932000000
04094028;266536800000
04096598;267746400000
04097241;267746400000
04098214;268351200000
04098955;268351200000
04097947;268351200000
04099282;268956000000
04099281;268956000000
04100870;269560800000
04100752;269560800000
04102296;270165600000
04101997;270165600000
04101996;270165600000
04104425;270770400000
04103379;270770400000
04106143;271980000000
04107804;272584800000
04107806;272584800000
04107802;272584800000
04107803;272584800000
04109405;273189600000
04110630;273189600000
04112862;274399200000
04114137;274399200000
04113207;274399200000
04114389;275004000000
04115888;275608800000
04118050;276217200000
04117562;276217200000
04119052;276822000000
04121312;278031600000
04121529;278031600000
04123813;279241200000
04123814;279241200000
04124181;279241200000
04126907;281055600000
04127909;281660400000
04129911;282870000000
04129912;282870000000
04130076;282870000000
04131974;284079600000
04131963;284079600000
04135325;285894000000
04136415;286498800000
04138077;287103600000
04137586;287103600000
04137585;287103600000
04138752;287708400000
04138753;287708400000
04138751;287708400000
04143349;289522800000
04143437;290127600000
04144606;290732400000
04144607;290732400000
04145783;291337200000
04145987;291337200000
04148107;292543200000
04149919;293148000000
04150636;293752800000
04152392;294357600000
04152798;294962400000
04153962;295567200000
04154188;295567200000
04155132;296172000000
04155453;296172000000
04157134;297381600000
04157597;297986400000
04160299;300405600000
04160298;300405600000
04161716;301010400000
04161797;301615200000
04166462;305244000000
04167051;305848800000
04170186;308271600000
04170079;308271600000
04170954;308876400000
04172048;309481200000
04173043;310690800000
04173804;311295600000
04176418;313110000000
04176986;313110000000
04176772;313110000000
04176615;313110000000
04177530;313714800000
04178128;313714800000
04178870;314319600000
04178867;314319600000
04179764;314924400000
04180883;315529200000
04182389;316134000000
04182258;316134000000
04181993;316134000000
04183316;316738800000
04184008;316738800000
04184216;317343600000
04186370;317948400000
04186374;317948400000
04185345;317948400000
04187570;319158000000
04189703;319762800000
04188679;319762800000
04190086;320367600000
04191310;320972400000
04193057;321577200000
04194246;322182000000
04193153;322182000000
04194257;322786800000
04195380;323391600000
04195365;323391600000
04196878;323992800000
04202036;326412000000
04202034;326412000000
04201090;326412000000
04206933;329436000000
04207639;330040800000
04207828;330040800000
04208738;330040800000
04209151;330645600000
04209866;331250400000
04209867;331250400000
04211502;331855200000
04216535;334274400000
04215572;334274400000
04216559;334879200000
04221504;337298400000
04223415;338508000000
04223805;338508000000
04224707;339116400000
04226204;339721200000
04227273;340326000000
04227274;340326000000
04228556;340930800000
04228751;340930800000
04230063;341535600000
04232391;342140400000
04231312;342140400000
04232417;342745200000
04233102;342745200000
04233925;343350000000
04234990;343954800000
04234978;343954800000
04234977;343954800000
04235182;343954800000
04236264;344559600000
04236476;344559600000
04237642;345164400000
04238864;345769200000
04240171;346374000000
04240371;346374000000
04241688;346978800000
04241929;346978800000
04242769;347583600000
04246671;349398000000
04246672;349398000000
04249277;350607600000
04249834;350607600000
04249872;350607600000
04250584;351212400000
04250585;351212400000
04251894;351817200000
04251959;351817200000
04253198;352422000000
04254521;353026800000
04254522;353026800000
04254523;353026800000
04255221;353026800000
04255369;353026800000
04260075;355442400000
04261069;356047200000
04261070;356047200000
04261778;356047200000
04261776;356047200000
04262380;356652000000
04262379;356652000000
04262378;356652000000
04264313;357256800000
04263686;357256800000
04263685;357256800000
04264994;357861600000
04266500;358466400000
04267944;359071200000
04267615;359071200000
04267614;359071200000
04269386;359676000000
04270611;360280800000
04271549;360885600000
04271550;360885600000
04271551;360885600000
04271552;360885600000
04273066;361490400000
04272857;361490400000
04275473;362700000000
04276848;363304800000
04276670;363304800000
04276669;363304800000
04279025;363909600000
04279543;364514400000
04279047;364514400000
04279048;364514400000
04280430;365119200000
04280715;365119200000
04280240;365119200000
04280239;365119200000
04280237;365119200000
04280238;365119200000
04281427;365724000000
04281428;365724000000
04281614;365724000000
04281611;365724000000
04285083;367538400000
04285082;367538400000
04287250;368143200000
04286347;368143200000
04287626;368748000000
04288005;368748000000
04290158;369957600000
04290159;369957600000
04291427;370566000000
04291484;370566000000
04292912;371170800000
04293968;371775600000
04294242;371775600000
04294331;371775600000
04295237;372380400000
04295438;372380400000
04295680;372380400000
04296511;372985200000
04297758;373590000000
04299262;374194800000
04300254;374799600000
04300255;374799600000
04300759;374799600000
04301562;375404400000
04301791;375404400000
04301761;375404400000
04302003;375404400000
04302860;376009200000
04302859;376009200000
04302858;376009200000
04303037;376009200000
04305143;376614000000
04305603;377218800000
04306748;377823600000
04308629;379033200000
04309786;379638000000
04309955;379638000000
04310937;380242800000
04310938;380242800000
04311107;380242800000
04311108;380242800000
04312089;380847600000
04312484;380847600000
04312600;380847600000
04313236;381452400000
04314384;382057200000
04315408;382662000000
04315475;382662000000
04316682;383266800000
04316300;383266800000
04317421;383871600000
04318423;384476400000
04319372;385081200000
04320590;385686000000
04320546;385686000000
04320545;385686000000
04320905;385686000000
04321048;385686000000
04321720;386287200000
04324234;387496800000
04324507;387496800000
04325653;388101600000
04325154;388101600000
04326312;388706400000
04329751;390520800000
04330895;391125600000
04331340;391125600000
04331093;391125600000
04331094;391125600000
04332049;391730400000
04332048;391730400000
04332234;391730400000
04334874;392940000000
04335478;393544800000
04336931;394149600000
04340376;395964000000
04340626;395964000000
04342278;397173600000
04342558;397173600000
04344110;397778400000
04343055;397778400000
04343056;397778400000
04344641;398383200000
04345335;398383200000
04347012;399592800000
04347635;400197600000
04348779;400802400000
04350113;401407200000
04353573;403225200000
04354446;403830000000
04355987;404434800000
04356936;405039600000
04358866;406249200000
04359959;406854000000
04360351;406854000000
04361103;407458800000
04362517;408063600000
04362518;408063600000
04363495;408668400000
04364325;409273200000
04364734;409273200000
04366838;410482800000
04366963;410482800000
04371352;412902000000
04371353;412902000000
04371037;412902000000
04372344;413506800000
04373288;414111600000
04374638;414716400000
04378747;418341600000
04378750;418341600000
04378614;418341600000
04379534;418946400000
04379656;418946400000
04379703;418946400000
04379705;418946400000
04379704;418946400000
04380441;419551200000
04380440;419551200000
04383831;421970400000
04383955;421970400000
04384857;422575200000
04386915;423784800000
04386919;423784800000
04386982;423784800000
04389200;424994400000
04389961;425599200000
04391201;426204000000
04392833;426808800000
04393617;427413600000
04394124;427413600000
04395241;428018400000
04394783;428018400000
04396046;428623200000
04397636;429228000000
04397584;429228000000
04398485;429832800000
04400831;431042400000
04403888;432252000000
04405139;432856800000
04405303;432856800000
04405099;432856800000
04406636;433465200000
04406631;433465200000
04406628;433465200000
04407607;434070000000
04408488;434674800000
04409921;435279600000
04413645;437094000000
04416640;438303600000
04416641;438303600000
04416393;438303600000
04416212;438303600000
04416509;438303600000
04417537;438908400000
04421491;440722800000
04421492;440722800000
04422801;441327600000
04424043;441932400000
04427394;443746800000
04429655;444956400000
04430552;444956400000
04433638;446770800000
04434650;447375600000
04435165;447375600000
04436450;447980400000
04436049;447980400000
04437790;448585200000
04437842;448585200000
04437843;448585200000
04439166;449186400000
04439165;449186400000
04441446;450396000000
04441448;450396000000
04443204;451000800000
04443203;451000800000
04446807;452815200000
04448433;453420000000
04448068;453420000000
04449947;454024800000
04449946;454024800000
04449473;454024800000
04451240;454629600000
04451239;454629600000
04455683;457048800000
04457729;457653600000
04457728;457653600000
04457730;457653600000
04458859;458258400000
04459118;458258400000
04460343;458863200000
04460344;458863200000
04459930;458863200000
04462331;460072800000
04464129;460677600000
04464131;460677600000
04464130;460677600000
04464132;460677600000
04463954;460677600000
04465468;461282400000
04466281;461887200000
04466145;461887200000
04466373;461887200000
04466375;461887200000
04468023;462492000000
04468205;462492000000
04472151;464306400000
04472150;464306400000
04473022;464911200000
04474350;465519600000
04475476;466124400000
04475664;466124400000
04478587;467334000000
04478586;467334000000
04479785;467938800000
04480575;468543600000
04482333;469148400000
04482081;469148400000
04483645;469753200000
04483683;469753200000
04487151;471567600000
04487588;471567600000
04488502;472172400000
04490121;472777200000
04492492;473986800000
04493282;474591600000
04493665;474591600000
04493664;474591600000
04493663;474591600000
04494245;475196400000
04494475;475196400000
04494939;475196400000
04494938;475196400000
04495882;475801200000
04496328;475801200000
04497632;476406000000
04498605;477010800000
04498604;477010800000
04498877;477010800000
04498879;477010800000
04498878;477010800000
04498880;477010800000
04498882;477010800000
04498881;477010800000
04498491;477010800000
04500014;477615600000
04501525;478220400000
04501434;478220400000
04501563;478220400000
04501564;478220400000
04503563;478825200000
04502817;478825200000
04505179;480034800000
04504989;480034800000
04506622;480639600000
04507094;480639600000
04507093;480639600000
04508046;481240800000
04508045;481240800000
04509744;481845600000
04511338;482450400000
04514343;483660000000
04516942;484869600000
04516944;484869600000
04516943;484869600000
04517914;485474400000
04518364;485474400000
04519782;486079200000
04519783;486079200000
04521011;486684000000
04521220;486684000000
04521200;486684000000
04522603;487288800000
04523913;487893600000
04523914;487893600000
04524885;488498400000
04524711;488498400000
04526125;489103200000
04526126;489103200000
04527503;489708000000
04527984;489708000000
04529333;490312800000
04529388;490312800000
04530668;490917600000
04530299;490917600000
04531922;491522400000
04532879;492127200000
04533334;492127200000
04533333;492127200000
04533332;492127200000
04533335;492127200000
04535430;492732000000
04534740;492732000000
04534305;492732000000
04537143;493941600000
04537419;493941600000
04538540;494546400000
04538998;494546400000
04540371;495151200000
04540372;495151200000
04540370;495151200000
04541810;495756000000
04541809;495756000000
04543070;496360800000
04544364;496969200000
04545772;497574000000
04545773;497574000000
04545319;497574000000
04547164;498178800000
04547163;498178800000
04547165;498178800000
04546721;498178800000
04547919;498783600000
04548588;498783600000
04549871;499388400000
04549870;499388400000
04551290;499993200000
04551108;499993200000
04551107;499993200000
04551106;499993200000
04553194;500598000000
04552540;500598000000
04552539;500598000000
04553819;501202800000
04553494;501202800000
04555234;501807600000
04556003;502412400000
04557608;503017200000
04557697;503017200000
04560228;504226800000
04560356;504226800000
04561664;504831600000
04561853;504831600000
04562788;505436400000
04563108;505436400000
04563156;505436400000
04563157;505436400000
04564240;506041200000
04564161;506041200000
04565535;506646000000
04565732;506646000000
04566659;507250800000
04566862;507250800000
04567961;507855600000
04567842;507855600000
04567843;507855600000
04568295;507855600000
04568296;507855600000
04571195;509065200000
04571194;509065200000
04572330;509670000000
04571788;509670000000
04573425;510274800000
04573933;510274800000
04577262;511484400000
04578042;512089200000
04578041;512089200000
04577816;512089200000
04579336;512690400000
04579141;512690400000
04579536;512690400000
04580988;513295200000
04580987;513295200000
04580986;513295200000
04580825;513295200000
04582494;513900000000
04583314;514504800000
04584945;515109600000
04585420;515109600000
04585190;515109600000
04586451;515714400000
04586456;515714400000
04587919;516319200000
04590590;516924000000
04591343;517528800000
04592734;518133600000
04593642;518738400000
04593561;518738400000
04595374;519343200000
04596531;519948000000
04596530;519948000000
04597595;520552800000
04597351;520552800000
04597355;520552800000
04598904;521157600000
04598661;521157600000
04598659;521157600000
04599073;521157600000
04599072;521157600000
04599071;521157600000
04599075;521157600000
04599074;521157600000
04601252;522367200000
04601126;522367200000
04601667;522367200000
04601609;522367200000
04602586;522972000000
04602384;522972000000
04603870;523576800000
04604070;523576800000
04604961;524181600000
04606294;524786400000
04606728;524786400000
04606727;524786400000
04608023;525391200000
04610635;526600800000
04610634;526600800000
04613131;527810400000
04613311;527810400000
04614500;528418800000
04616369;529628400000
04617000;529628400000
04618328;530233200000
04618329;530233200000
04619619;530838000000
04619623;530838000000
04619622;530838000000
04619621;530838000000
04619620;530838000000
04619066;530838000000
04621002;531442800000
04621383;532047600000
04621382;532047600000
04622018;532047600000
04623316;532652400000
04624645;533257200000
04624646;533257200000
04624208;533257200000
04625673;533862000000
04626221;533862000000
04626852;533862000000
04627891;534466800000
04627821;534466800000
04627822;534466800000
04627823;534466800000
04627820;534466800000
04627587;534466800000
04628401;534466800000
04628853;535071600000
04629435;535071600000
04629434;535071600000
04629436;535071600000
04629433;535071600000
04630205;535071600000
04630289;535071600000
04631039;535676400000
04631038;535676400000
04632663;536281200000
04632387;536281200000
04631956;536281200000
04633526;536886000000
04634393;536886000000
04635581;537490800000
04635754;537490800000
04636176;537490800000
04637335;538095600000
04637336;538095600000
04639227;538700400000
04639229;538700400000
04639228;538700400000
04640213;539305200000
04640217;539305200000
04642783;539910000000
04642060;539910000000
04642061;539910000000
04643462;540514800000
04645467;541119600000
04645466;541119600000
04645465;541119600000
04646929;541724400000
04648849;542329200000
04648848;542329200000
04649846;542934000000
04649847;542934000000
04650433;542934000000
04650432;542934000000
04650431;542934000000
04652246;543538800000
04654016;544140000000
04654015;544140000000
04654832;544140000000
04655718;544744800000
04657516;545349600000
04657517;545349600000
04657515;545349600000
04656679;545349600000
04656962;545349600000
04659254;545954400000
04660497;546559200000
04661077;546559200000
04662301;547164000000
04662304;547164000000
04662851;547164000000
04662852;547164000000
04662850;547164000000
04664559;547768800000
04664638;547768800000
04664639;547768800000
04665575;548373600000
04665855;548373600000
04665856;548373600000
04666338;548373600000
04666413;548373600000
04666414;548373600000
04666017;548373600000
04667615;548978400000
04668201;548978400000
04668200;548978400000
04668202;548978400000
04669992;549583200000
04669991;549583200000
04669993;549583200000
04669990;549583200000
04669989;549583200000
04669412;549583200000
04671775;550188000000
04671507;550188000000
04673364;550792800000
04673363;550792800000
04673366;550792800000
04673365;550792800000
04674765;551397600000
04675686;551397600000
04676760;552002400000
04676461;552002400000
04677931;552607200000
04677930;552607200000
04678446;552607200000
04678445;552607200000
04678444;552607200000
04678443;552607200000
04679522;553212000000
04680148;553212000000
04681551;553816800000
04681552;553816800000
04685890;555631200000
04685667;555631200000
04685413;555631200000
04687451;556236000000
04687452;556236000000
04689030;556840800000
04689029;556840800000
04689611;556840800000
04689844;557445600000
04690314;557445600000
04690091;557445600000
04690650;557445600000
04690651;557445600000
04692124;558050400000
04692125;558050400000
04692906;558050400000
04691658;558050400000
04694435;558655200000
04693199;558655200000
04693691;558655200000
04694772;559260000000
04694771;559260000000
04694931;559260000000
04698039;560473200000
04698038;560473200000
04699596;561078000000
04701145;561682800000
04701143;561682800000
04701144;561682800000
04702715;562287600000
04704092;562892400000
04703711;562892400000
04705050;563497200000
04708076;564706800000
04708675;564706800000
04708676;564706800000
04710143;565311600000
04710144;565311600000
04712394;566521200000
04712803;566521200000
04713031;566521200000
04713033;566521200000
04713032;566521200000
04714914;567126000000
04715837;567730800000
04717092;568335600000
04717096;568335600000
04717362;568335600000
04718873;568940400000
04719952;569545200000
04720279;569545200000
04720281;569545200000
04720280;569545200000
04721055;570150000000
04721053;570150000000
04721486;570150000000
04721487;570150000000
04722498;570754800000
04722329;570754800000
04722710;570754800000
04723929;571359600000
04723502;571359600000
04723501;571359600000
04723329;571359600000
04725988;571964400000
04724785;571964400000
04725252;571964400000
04725253;571964400000
04726313;572569200000
04727520;572569200000
04727821;573174000000
04729746;573778800000
04729331;573778800000
04729335;573778800000
04731038;574383600000
04731039;574383600000
04731036;574383600000
04731037;574383600000
04730568;574383600000
04733496;575589600000
04734072;575589600000
04735472;576194400000
04735436;576194400000
04736205;576194400000
04737127;576799200000
04738646;577404000000
04738645;577404000000
04738642;577404000000
04739723;578008800000
04739522;578008800000
04740181;578008800000
04740182;578008800000
04740183;578008800000
04741716;578613600000
04741057;578613600000
04744326;579823200000
04746313;580428000000
04747084;580428000000
04747797;581032800000
04750894;582242400000
04750446;582242400000
04750447;582242400000
04750448;582242400000
04752082;582847200000
04752261;582847200000
04752260;582847200000
04752263;582847200000
04752262;582847200000
04752259;582847200000
04752264;582847200000
04753620;583452000000
04753621;583452000000
04753836;583452000000
04755157;584056800000
04755158;584056800000
04756699;584661600000
04756700;584661600000
04757710;585266400000
04758192;585266400000
04758191;585266400000
04759734;585871200000
04759735;585871200000
04763126;587080800000
04762316;587080800000
04762145;587080800000
04764313;587685600000
04764137;587685600000
04765378;588290400000
04765438;588290400000
04767368;588895200000
04767369;588895200000
04767371;588895200000
04767370;588895200000
04767118;588895200000
04766918;588895200000
04766690;588895200000
04768128;588895200000
04768774;589500000000
04768984;589500000000
04770648;590104800000
04771722;590709600000
04773885;591318000000
04773886;591318000000
04773887;591318000000
04775346;591922800000
04775344;591922800000
04775345;591922800000
04775343;591922800000
04777627;592527600000
04778422;593132400000
04778423;593132400000
04778424;593132400000
04778425;593132400000
04778307;593132400000
04777819;593132400000
04779555;593737200000
04779554;593737200000
04780863;593737200000
04781638;594342000000
04781637;594342000000
04781636;594342000000
04781645;594342000000
04782784;594946800000
04784626;595551600000
04784079;595551600000
04786266;596156400000
04787871;596761200000
04789368;597366000000
04789045;597366000000
04788925;597366000000
04790784;597970800000
04792316;598575600000
04795381;599785200000
04795387;599785200000
04795386;599785200000
04795385;599785200000
04795384;599785200000
04797312;600390000000
04798550;600994800000
04798551;600994800000
04798549;600994800000
04798155;600994800000
04798158;600994800000
04799825;601599600000
04799906;601599600000
04799907;601599600000
04799908;601599600000
04799910;601599600000
04800835;602204400000
04800871;602204400000
04801284;602204400000
04802432;602809200000
04804177;603414000000
04804345;603414000000
04804347;603414000000
04804326;603414000000
04803876;603414000000
04805802;604018800000
04805546;604018800000
04807549;604623600000
04807555;604623600000
04807554;604623600000
04808134;604623600000
04808133;604623600000
04810219;605228400000
04810134;605228400000
04811674;605833200000
04813025;605833200000
04813899;606438000000
04813668;606438000000
04813369;606438000000
04815677;607039200000
04815997;607039200000
04815761;607039200000
04820218;608248800000
04820217;608248800000
04820219;608248800000
04820221;608248800000
04820220;608248800000
04822309;608853600000
04822311;608853600000
04822310;608853600000
04824411;609458400000
04825797;610063200000
04825792;610063200000
04828804;610668000000
04828521;610668000000
04828522;610668000000
04828520;610668000000
04832643;611877600000
04832644;611877600000
04832288;611877600000
04833729;612482400000
04834685;612482400000
04834684;612482400000
04834015;612482400000
04836813;613087200000
04836815;613087200000
04836814;613087200000
04838823;613692000000
04838824;613692000000
04838571;613692000000
04838572;613692000000
04839873;613692000000
04840592;614296800000
04840591;614296800000
04840590;614296800000
04842562;614901600000
04843992;615506400000
04844595;615506400000
04846690;616111200000
04846744;616111200000
04846743;616111200000
04846745;616111200000
04848262;616716000000
04850914;617320800000
04850913;617320800000
04850916;617320800000
04850915;617320800000
04850912;617320800000
04850917;617320800000
04853900;617925600000
04854904;618530400000
04857024;619135200000
04857025;619135200000
04857026;619135200000
04857029;619135200000
04858550;619740000000
04858369;619740000000
04858913;619740000000
04861301;620344800000
04861300;620344800000
04861299;620344800000
04861298;620344800000
04861297;620344800000
04860487;620344800000
04863409;620949600000
04863407;620949600000
04863408;620949600000
04865572;621554400000
04865571;621554400000
04865573;621554400000
04864656;621554400000
04867470;622159200000
04867211;622159200000
04867722;622159200000
04867720;622159200000
04867721;622159200000
04869697;622767600000
04869696;622767600000
04871337;623372400000
04871336;623372400000
04871338;623372400000
04871335;623372400000
04871996;623372400000
04873654;623977200000
04872783;623977200000
04872861;623977200000
04873933;624582000000
04876756;625791600000
04876751;625791600000
04878980;626396400000
04878661;626396400000
04883436;628210800000
04883301;628210800000
04884986;628815600000
04886476;629420400000
04886015;629420400000
04887825;630025200000
04887985;630025200000
04887986;630025200000
04887987;630025200000
04887716;630025200000
04889510;630630000000
04889511;630630000000
04890569;631234800000
04891027;631234800000
04892496;631839600000
04892495;631839600000
04894036;632444400000
04894035;632444400000
04894034;632444400000
04894033;632444400000
04894873;633049200000
04895539;633049200000
04895538;633049200000
04895537;633049200000
04897063;633654000000
04897064;633654000000
04896620;633654000000
04898345;634258800000
04901287;634863600000
04902256;635468400000
04904271;636073200000
04904215;636073200000
04905332;636678000000
04905991;636678000000
04907996;637282800000
04907997;637282800000
04907995;637282800000
04907519;637282800000
04909171;637887600000
04909768;637887600000
04911094;638488800000
04913077;639093600000
04913672;639093600000
04913589;639093600000
04913418;639093600000
04915659;639698400000
04915662;639698400000
04917641;640303200000
04917038;640303200000
04917039;640303200000
04919632;640908000000
04919631;640908000000
04924445;642117600000
04923418;642117600000
04923419;642117600000
04923427;642117600000
04924796;642722400000
04924698;642722400000
04925417;642722400000
04925418;642722400000
04925419;642722400000
04926781;643327200000
04927397;643327200000
04927396;643327200000
04927395;643327200000
04927394;643327200000
04927057;643327200000
04929205;643932000000
04929208;643932000000
04929207;643932000000
04929206;643932000000
04929214;643932000000
04932912;645141600000
04932910;645141600000
04932911;645141600000
04934973;645746400000
04934972;645746400000
04934971;645746400000
04934301;645746400000
04936804;646351200000
04936805;646351200000
04936806;646351200000
04938725;646956000000
04938722;646956000000
04940437;647560800000
04940438;647560800000
04942839;648770400000
04943051;648770400000
04943252;648770400000
04944703;649375200000
04946067;649980000000
04946412;649980000000
04946313;649980000000
04945851;649980000000
04945846;649980000000
04948385;650584800000
04951960;651794400000
04952350;651794400000
04952184;651794400000
04952183;651794400000
04952095;651794400000
04954106;652399200000
04954112;652399200000
04954111;652399200000
04954110;652399200000
04955835;653004000000
04955310;653004000000
04955314;653004000000
04958583;654213600000
04959034;654213600000
04960399;654822000000
04960483;654822000000
04960063;654822000000
04961714;655426800000
04961715;655426800000
04961394;655426800000
04962488;655426800000
04963111;656031600000
04962921;656031600000
04964824;656636400000
04964827;656636400000
04964825;656636400000
04964826;656636400000
04966279;657241200000
04966091;657241200000
04968277;657846000000
04968278;657846000000
04968046;657846000000
04969655;658450800000
04971315;659055600000
04973279;659660400000
04973278;659660400000
04973277;659660400000
04973049;659660400000
04972971;659660400000
04974868;660265200000
04976642;660870000000
04976641;660870000000
04979454;662079600000
04981098;662684400000
04981453;662684400000
04981454;662684400000
04981455;662684400000
04983073;663289200000
04985006;663894000000
04985007;663894000000
04984648;663894000000
04986786;664498800000
04986785;664498800000
04986784;664498800000
04986781;664498800000
04986267;664498800000
04988317;665103600000
04989531;665708400000
04990114;665708400000
04990115;665708400000
04990113;665708400000
04993342;666918000000
04993980;666918000000
04995842;667522800000
04999816;668732400000
04998899;668732400000
04998900;668732400000
05000482;669337200000
05000710;669337200000
05003514;669942000000
05004296;670543200000
05004227;670543200000
05003904;670543200000
05003887;670543200000
05006082;671148000000
05006087;671148000000
05005506;671148000000
05006831;671148000000
05007868;671752800000
05007871;671752800000
05007285;671752800000
05009249;672357600000
05009183;672357600000
05009441;672357600000
05009623;672357600000
05011137;672962400000
05011334;672962400000
05013271;673567200000
05013270;673567200000
05013273;673567200000
05013272;673567200000
05015208;674172000000
05014955;674172000000
05017169;674776800000
05017166;674776800000
05019000;675381600000
05018468;675381600000
05018760;675381600000
05020032;675381600000
05021017;675986400000
05020742;675986400000
05020827;675986400000
05020941;675986400000
05020175;675986400000
05020465;675986400000
05022013;675986400000
05023042;676591200000
05022337;676591200000
05022790;676591200000
05022785;676591200000
05022879;676591200000
05022878;676591200000
05026088;677800800000
05026310;677800800000
05027977;678405600000
05029293;678405600000
05030151;679010400000
05030152;679010400000
05030153;679010400000
05029367;679010400000
05029551;679010400000
05032096;679615200000
05033116;680220000000
05033401;680220000000
05033497;680220000000
05033742;680220000000
05033984;680220000000
05035345;680824800000
05037341;681429600000
05038698;682034400000
05041040;682639200000
05041039;682639200000
05041038;682639200000
05042134;683244000000
05045006;683848800000
05044297;683848800000
05046894;684453600000
05046978;684453600000
05049102;685058400000
05048551;685058400000
05052964;686271600000
05052963;686271600000
05052965;686271600000
05052322;686271600000
05055075;686876400000
05057046;687481200000
05057045;687481200000
05057044;687481200000
05056803;687481200000
05056453;687481200000
05058522;688086000000
05058910;688086000000
05060308;688086000000
05060314;688690800000
05060661;688690800000
05061215;688690800000
05062378;689295600000
05062546;689295600000
05062817;689295600000
05064329;689900400000
05066256;690505200000
05066338;690505200000
05065689;690505200000
05065687;690505200000
05067429;691110000000
05067921;691110000000
05067920;691110000000
05069406;691714800000
05069575;691714800000
05072278;692319600000
05070807;692319600000
05073135;692924400000
05073136;692924400000
05074714;693529200000
05074765;693529200000
05074815;693529200000
05074816;693529200000
05076189;694134000000
05076468;694134000000
05078633;694738800000
05080684;695343600000
05080621;695343600000
05080620;695343600000
05083326;696553200000
05083522;696553200000
05083953;696553200000
05083954;696553200000
05083955;696553200000
05083956;696553200000
05086998;697762800000
05087217;697762800000
05087216;697762800000
05088948;698367600000
05088723;698367600000
05091714;698972400000
05090691;698972400000
05090695;698972400000
05090722;698972400000
05090930;698972400000
05092589;699577200000
05092802;699577200000
05094344;700182000000
05096189;700786800000
05096448;700786800000
05095559;700786800000
05095722;700786800000
05095841;700786800000
05095957;700786800000
05098323;701391600000
05098324;701391600000
05098325;701391600000
05097788;701391600000
05099716;701992800000
05100354;701992800000
05100353;701992800000
05101752;702597600000
05101818;702597600000
05102360;702597600000
05106109;703807200000
05106331;703807200000
05106236;703807200000
05105804;703807200000
05108329;704412000000
05108327;704412000000
05108328;704412000000
05108326;704412000000
05110313;705016800000
05113778;706226400000
05114041;706226400000
05114369;706226400000
05114371;706226400000
05114370;706226400000
05116268;706831200000
05116269;706831200000
05117396;706831200000
05117775;707436000000
05119529;708040800000
05120249;708040800000
05122085;708645600000
05122086;708645600000
05125859;709855200000
05125860;709855200000
05127861;710460000000
05127862;710460000000
05127860;710460000000
05129344;711064800000
05129848;711064800000
05133681;712274400000
05137483;713484000000
05136962;713484000000
05139450;714088800000
05141458;714693600000
05143008;715298400000
05143396;715298400000
05144285;715298400000
05145431;715903200000
05145430;715903200000
05145429;715903200000
05147234;716508000000
05147235;716508000000
05147233;716508000000
05148346;716508000000
05149117;717112800000
05149314;717112800000
05148761;717112800000
05150663;717721200000
05151060;717721200000
05152705;718326000000
05152706;718326000000
05152245;718326000000
05154655;718930800000
05154653;718930800000
05156562;719535600000
05158489;720140400000
05159891;720745200000
05159961;720745200000
05160286;720745200000
05162005;721350000000
05162006;721350000000
05162007;721350000000
05161309;721350000000
05163694;721954800000
05163859;721954800000
05163858;721954800000
05163860;721954800000
05167550;723164400000
05167553;723164400000
05167554;723164400000
05167551;723164400000
05167552;723164400000
05171178;724374000000
05173068;724978800000
05173067;724978800000
05175712;725583600000
05174220;725583600000
05176552;726188400000
05176553;726188400000
05176554;726188400000
05176555;726188400000
05176096;726188400000
05178569;726793200000
05179907;727398000000
05180321;727398000000
05181332;728002800000
05181873;728002800000
05184328;728607600000
05183440;728607600000
05183424;728607600000
05183367;728607600000
05184968;729212400000
05186667;729817200000
05188552;730422000000
05188551;730422000000
05188550;730422000000
05188142;730422000000
05190107;731026800000
05190194;731026800000
05190489;731026800000
05192238;731631600000
05192237;731631600000
05194026;732236400000
05195444;732841200000
05195688;732841200000
05195915;732841200000
05195844;732841200000
05197912;733442400000
05197911;733442400000
05197826;733442400000
05199374;734047200000
05199916;734047200000
05199915;734047200000
05203271;735256800000
05203860;735256800000
05205768;735861600000
05207606;736466400000
05209685;737071200000
05209686;737071200000
05211364;737676000000
05211593;737676000000
05211594;737676000000
05213535;738280800000
05212939;738280800000
05216421;738885600000
05215488;738885600000
05218366;739490400000
05217400;739490400000
05219308;740095200000
05219309;740095200000
05219307;740095200000
05219317;740095200000
05219245;740095200000
05224074;741304800000
05224890;741909600000
05224891;741909600000
05226184;742514400000
05226561;742514400000
05228407;743119200000
05228406;743119200000
05230646;743724000000
05230645;743724000000
05231781;744328800000
05231951;744328800000
05231952;744328800000
05233705;744933600000
05234144;744933600000
05234365;744933600000
05234638;744933600000
05236381;745538400000
05237491;745538400000
05238231;746143200000
05238434;746143200000
05240446;746748000000
05240383;746748000000
05239940;746748000000
05243224;747352800000
05242322;747352800000
05242321;747352800000
05243710;747957600000
05245943;748562400000
05246394;748562400000
05247898;749170800000
05249890;749775600000
05249997;749775600000
05249998;749775600000
05249999;749775600000
05251113;749775600000
05251571;750380400000
05256094;751590000000
05256093;751590000000
05257592;752194800000
05257954;752194800000
05257953;752194800000
05258018;752194800000
05259798;752799600000
05261689;753404400000
05265369;754614000000
05266249;754614000000
05266062;754614000000
05266061;754614000000
05271525;756428400000
05273468;757033200000
05273469;757033200000
05273470;757033200000
05273471;757033200000
05273472;757033200000
05273473;757033200000
05275860;757638000000
05277636;758242800000
05277635;758242800000
05279510;758847600000
05279240;758847600000
05283767;760057200000
05284452;760662000000
05284453;760662000000
05283916;760662000000
05288254;761871600000
05288253;761871600000
05290196;762476400000
05290194;762476400000
05290195;762476400000
05291194;762476400000
05292273;763081200000
05292272;763081200000
05292271;763081200000
05291847;763081200000
05295765;764290800000
05295882;764290800000
05295884;764290800000
05295883;764290800000
05295885;764290800000
05297978;764892000000
05299721;765496800000
05299588;765496800000
05299962;765496800000
05299963;765496800000
05302055;766101600000
05301630;766101600000
05304080;766706400000
05304081;766706400000
05304082;766706400000
05306188;767311200000
05306187;767311200000
05306186;767311200000
05305703;767311200000
05308270;767916000000
05308271;767916000000
05308272;767916000000
05310229;768520800000
05311100;768520800000
05311394;768520800000
05312278;769125600000
05314086;769730400000
05314395;769730400000
05316509;770335200000
05315779;770335200000
05318312;770940000000
05318467;770940000000
05319376;770940000000
05320566;771544800000
05320568;771544800000
05320567;771544800000
05324219;772754400000
05324220;772754400000
05324221;772754400000
05326297;773359200000
05326296;773359200000
05328397;773964000000
05328398;773964000000
05329873;774568800000
05330378;774568800000
05330377;774568800000
05334064;775778400000
05334065;775778400000
05334066;775778400000
05334067;775778400000
05333656;775778400000
05333756;775778400000
05335882;776383200000
05338275;776988000000
05338237;776988000000
05338235;776988000000
05338238;776988000000
05338239;776988000000
05338205;776988000000
05339288;776988000000
05339760;777592800000
05340144;777592800000
05341759;778197600000
05341758;778197600000
05342231;778197600000
05342232;778197600000
05342230;778197600000
05342229;778197600000
05344351;778802400000
05346419;779407200000
05348501;780012000000
05348502;780012000000
05348503;780012000000
05348504;780012000000
05348505;780012000000
05347745;780012000000
05350330;780620400000
05351414;781225200000
05351637;781225200000
05354222;781830000000
05356324;782434800000
05356325;782434800000
05356322;782434800000
05356323;782434800000
05356321;782434800000
05358438;783039600000
05358439;783039600000
05358437;783039600000
05360360;783644400000
05360359;783644400000
05361418;784249200000
05362270;784249200000
05362268;784249200000
05362269;784249200000
05362267;784249200000
05363789;784854000000
05364297;784854000000
05365873;785458800000
05366028;785458800000
05367974;786063600000
05369796;786063600000
05368320;786063600000
05368511;786063600000
05368512;786063600000
05370567;786668400000
05370566;786668400000
05370565;786668400000
05370434;786668400000
05370113;786668400000
05372527;787273200000
05372531;787273200000
05372532;787273200000
05374192;787878000000
05374212;787878000000
05374211;787878000000
05374210;787878000000
05375795;788482800000
05376036;788482800000
05376035;788482800000
05379267;789087600000
05378084;789087600000
05378181;789087600000
05381141;789692400000
05380229;789692400000
05382184;790297200000
05381747;790297200000
05381750;790297200000
05383804;790902000000
05385368;791506800000
05385497;791506800000
05385496;791506800000
05385495;791506800000
05385494;791506800000
05385498;791506800000
05385521;791506800000
05387144;792111600000
05387145;792111600000
05389024;792716400000
05389023;792716400000
05389058;792716400000
05388543;792716400000
05393230;793926000000
05393254;793926000000
05393253;793926000000
05397258;795135600000
05399111;795740400000
05398633;795740400000
05400922;796341600000
05402743;796946400000
05403220;796946400000
05403219;796946400000
05405102;797551200000
05406294;797551200000
05407374;798156000000
05406653;798156000000
05408221;798156000000
05408238;798156000000
05409412;798760800000
05409411;798760800000
05408993;798760800000
05411425;799365600000
05411424;799365600000
05413247;799970400000
05413485;799970400000
05415577;800575200000
05417599;801180000000
05419725;801784800000
05419727;801784800000
05419726;801784800000
05421287;802389600000
05421283;802389600000
05421760;802389600000
05421758;802389600000
05421759;802389600000
05421757;802389600000
05423282;802994400000
05425321;803599200000
05427046;804204000000
05427557;804204000000
05429535;804808800000
05429537;804808800000
05429536;804808800000
05429539;804808800000
05429538;804808800000
05431589;805413600000
05433637;806018400000
05433636;806018400000
05435766;806623200000
05435764;806623200000
05435765;806623200000
05437569;807228000000
05439405;807832800000
05438949;807832800000
05438977;807832800000
05441367;808437600000
05441433;808437600000
05441006;808437600000
05443409;809042400000
05443408;809042400000
05443593;809042400000
05445103;809647200000
05447458;810252000000
05447457;810252000000
05447459;810252000000
05449307;810856800000
05449308;810856800000
05449309;810856800000
05451121;811461600000
05452189;811461600000
05453033;812070000000
05453032;812070000000
05452477;812070000000
05454742;812674800000
05454743;812674800000
05454744;812674800000
05456622;813279600000
05456623;813279600000
05458515;813884400000
05458514;813884400000
05458517;813884400000
05458516;813884400000
05458370;813884400000
05459874;814489200000
05460871;814489200000
05460557;814489200000
05460558;814489200000
05460556;814489200000
05460113;814489200000
05461816;815094000000
05462001;815094000000
05462000;815094000000
05462466;815094000000
05464358;815698800000
05464359;815698800000
05466179;816303600000
05465677;816303600000
05468167;816908400000
05468166;816908400000
05472362;818118000000
05472391;818118000000
05474481;818722800000
05476055;819327600000
05476404;819327600000
05476403;819327600000
05479990;820537200000
05480331;820537200000
05480332;820537200000
05482485;821142000000
05482484;821142000000
05483914;821746800000
05484312;821746800000
05484313;821746800000
05485976;822351600000
05487351;822956400000
05487710;822956400000
05489228;823561200000
05490805;824166000000
05492076;824770800000
05493989;825375600000
05494468;825375600000
05494469;825375600000
05496136;825980400000
05498184;826585200000
05499416;827190000000
05499417;827190000000
05500952;827794800000
05501625;827794800000
05503099;828396000000
05503579;828396000000
05503581;828396000000
05503580;828396000000
05503414;828396000000
05503900;828396000000
05503921;828396000000
05502842;828396000000
05502854;828396000000
05505645;829000800000
05505646;829000800000
05505559;829000800000
05507674;829605600000
05509576;830210400000
05509838;830210400000
05512000;830815200000
05511999;830815200000
05511998;830815200000
05514020;831420000000
05514018;831420000000
05514019;831420000000
05514016;831420000000
05514017;831420000000
05514057;831420000000
05515804;832024800000
05515803;832024800000
05517202;832024800000
05516320;832024800000
05516319;832024800000
05516318;832024800000
05516317;832024800000
05516316;832024800000
05516126;832024800000
05516233;832024800000
05518429;832629600000
05518430;832629600000
05518431;832629600000
05517935;832629600000
05520485;833234400000
05520486;833234400000
05520561;833234400000
05520562;833234400000
05522679;833839200000
05522748;833839200000
05522749;833839200000
05525083;834444000000
05527196;835048800000
05527197;835048800000
05526763;835048800000
05529523;835653600000
05529521;835653600000
05528851;835653600000
05531622;836258400000
05531621;836258400000
05533918;836863200000
05536191;837468000000
05536190;837468000000
05540178;838677600000
05540177;838677600000
05540607;838677600000
05542865;839282400000
05544919;839887200000
05545066;839887200000
05545065;839887200000
05545067;839887200000
05549495;841096800000
05551901;841701600000
05553883;842306400000
05558553;843516000000
05558551;843516000000
05558552;843516000000
05560056;844120800000
05560738;844120800000
05562233;844725600000
05562514;844725600000
05562512;844725600000
05562513;844725600000
05564957;845330400000
05567190;845935200000
05567191;845935200000
05567084;845935200000
05569057;846543600000
05571036;847148400000
05570480;847148400000
05573343;847753200000
05577940;848962800000
05577942;848962800000
05582529;850172400000
05584737;850777200000
05584736;850777200000
05588891;851986800000
05588892;851986800000
05588889;851986800000
05588890;851986800000
05591059;852591600000
05591060;852591600000
05593334;853196400000
05593332;853196400000
05593333;853196400000
05593331;853196400000
05595136;853801200000
05595133;853801200000
05595518;853801200000
05597335;854406000000
05597336;854406000000
05597337;854406000000
05597277;854406000000
05599220;855010800000
05599219;855010800000
05600873;855615600000
05603646;856220400000
05603647;856220400000
05603648;856220400000
05603645;856220400000
05605111;856825200000
05605481;856825200000
05605482;856825200000
05604945;856825200000
05607334;857430000000
05607331;857430000000
05607258;857430000000
05609122;858034800000
05613888;859244400000
05616059;859845600000
05616060;859845600000
05617809;860450400000
05618051;860450400000
05618215;860450400000
05618218;860450400000
05620282;861055200000
05624210;862264800000
05624291;862264800000
05624292;862264800000
05628658;863474400000
05628657;863474400000
05630740;864079200000
05632662;864684000000
05634834;865288800000
05634213;865288800000
05640922;867103200000
05641247;867103200000
05641316;867103200000
05643030;867708000000
05643031;867708000000
05643027;867708000000
05643029;867708000000
05643028;867708000000
05645460;868312800000
05647295;868917600000
05647783;868917600000
05647784;868917600000
05649846;869522400000
05649845;869522400000
05651328;870127200000
05651209;870127200000
05651708;870127200000
05651709;870127200000
05651711;870127200000
05651710;870127200000
05653618;870732000000
05655938;871336800000
05655939;871336800000
05658224;871941600000
05658179;871941600000
05658178;871941600000
05660572;872546400000
05660503;872546400000
05662506;873151200000
05662433;873151200000
05663897;873151200000
05664979;873756000000
05664981;873756000000
05664980;873756000000
05667416;874360800000
05669795;874965600000
05672082;875570400000
05672081;875570400000
05671694;875570400000
05671480;875570400000
05676576;876780000000
05676083;876780000000
05678091;876780000000
05679039;877384800000
05679040;877384800000
05680677;877993200000
05683280;878598000000
05683279;878598000000
05685455;879202800000
05685752;879202800000
05685753;879202800000
05685751;879202800000
05688153;879807600000
05687664;879807600000
05690047;880412400000
05690133;880412400000
05690523;880412400000
05690524;880412400000
05690522;880412400000
05690525;880412400000
05690413;880412400000
05692710;881017200000
05692933;881017200000
05692932;881017200000
05692934;881017200000
05694337;881017200000
05695372;881622000000
05694880;881622000000
05697822;882226800000
05700173;882831600000
05700174;882831600000
05702279;883436400000
05702277;883436400000
05702331;883436400000
05704307;884041200000
05706680;884646000000
05707266;884646000000
05707265;884646000000
05707724;884646000000
05709575;885250800000
05710989;885250800000
05711639;885855600000
05711691;885855600000
05711692;885855600000
05713294;886460400000
05713773;886460400000
05713538;886460400000
05716249;887065200000
05716250;887065200000
05718612;887670000000
05722867;888879600000
05725404;889484400000
05724917;889484400000
05727974;890089200000
05729840;890694000000
05733158;891295200000
05735719;891900000000
05736954;891900000000
05738557;892504800000
05738555;892504800000
05738556;892504800000
05741167;893109600000
05743772;893714400000
05746151;894319200000
05746633;894319200000
05746632;894319200000
05746631;894319200000
05746543;894319200000
05749759;894924000000
05749758;894924000000
05752731;895528800000
05755607;896133600000
05756204;896133600000
05759076;896738400000
05766622;897948000000
05766114;897948000000
05766049;897948000000
05766052;897948000000
05766051;897948000000
05766050;897948000000
05765853;897948000000
05769676;898552800000
05769677;898552800000
05769446;898552800000
05768705;898552800000
05771205;898552800000
05772484;899157600000
05772483;899157600000
05772482;899157600000
05775966;899762400000
05775965;899762400000
05775967;899762400000
05779509;900367200000
05779512;900367200000
05779513;900367200000
05779510;900367200000
05779511;900367200000
05778451;900367200000
05782664;900972000000
05782663;900972000000
05785568;901576800000
05785567;901576800000
05785566;901576800000
05785565;901576800000
05788548;902181600000
05788415;902181600000
05788475;902181600000
05794126;902786400000
05791958;902786400000
05791957;902786400000
05791956;902786400000
05791276;902786400000
05795205;903391200000
05795204;903391200000
05795201;903391200000
05795203;903391200000
05797779;903996000000
05797343;903996000000
05799916;904600800000
05800228;904600800000
05800227;904600800000
05800229;904600800000
05800226;904600800000
05800225;904600800000
05803667;905205600000
05803778;905205600000
05803779;905205600000
05803780;905205600000
05807152;905810400000
05807153;905810400000
05809570;906415200000
05809926;906415200000
05811713;906415200000
05810632;906415200000
05810630;906415200000
05810629;906415200000
05810695;906415200000
05810370;906415200000
05813890;907020000000
05813891;907020000000
05813889;907020000000
05813957;907020000000
05816183;907624800000
05816179;907624800000
05816878;907624800000
05816874;907624800000
05816876;907624800000
05816875;907624800000
05820428;908229600000
05820429;908229600000
05820431;908229600000
05820430;908229600000
05820432;908229600000
05820526;908229600000
05820530;908229600000
05820109;908229600000
05819680;908229600000
05823131;908834400000
05823562;908834400000
05823713;908834400000
05823839;908834400000
05823837;908834400000
05823838;908834400000
05823840;908834400000
05827098;909442800000
05830025;910047600000
05833505;910652400000
05839933;911862000000
05839932;911862000000
05839931;911862000000
05842896;912466800000
05847473;913071600000
05846104;913071600000
05846108;913071600000
05853309;914886000000
05855454;915490800000
05855498;915490800000
05855497;915490800000
05855178;915490800000
05857808;916095600000
05857881;916095600000
05860840;916700400000
05860842;916700400000
05860841;916700400000
05860766;916700400000
05865656;917910000000
05865663;917910000000
05868595;918514800000
05868592;918514800000
05868594;918514800000
05868593;918514800000
05871382;919119600000
05873758;919724400000
05875868;920329200000
05879213;920934000000
05879212;920934000000
05879214;920934000000
05882776;921538800000
05881783;921538800000
05881665;921538800000
05885123;922143600000
05888024;922744800000
05888110;922744800000
05888111;922744800000
05887538;922744800000
05893786;923954400000
05893785;923954400000
05893784;923954400000
05893333;923954400000
05895299;924559200000
05895300;924559200000
05897409;925164000000
05897408;925164000000
05899781;925768800000
05899782;925768800000
05902163;926373600000
05902164;926373600000
05906172;927583200000
05906525;927583200000
05906526;927583200000
05909894;928792800000
05910035;928792800000
05910034;928792800000
05911611;929397600000
05911612;929397600000
05911542;929397600000
05913640;930002400000
05915328;930607200000
05919068;931212000000
05922156;931816800000
05921834;931816800000
05921835;931816800000
05921832;931816800000
05921833;931816800000
05921830;931816800000
05921831;931816800000
05921013;931816800000
05921898;931816800000
05924902;932421600000
05924752;932421600000
05928045;933026400000
05928046;933026400000
05927225;933026400000
05927228;933026400000
05934961;934236000000
05934962;934236000000
05934963;934236000000
05938492;934840800000
05938140;934840800000
05941746;935445600000
05941747;935445600000
05941752;935445600000
05943977;936050400000
05944450;936050400000
05944448;936050400000
05944570;936050400000
05947781;936655200000
05947780;936655200000
05947782;936655200000
05947788;936655200000
05951345;937260000000
05951346;937260000000
05951347;937260000000
05951348;937260000000
05951205;937260000000
05953750;937864800000
05954556;937864800000
05954557;937864800000
05954558;937864800000
05957742;938469600000
05957741;938469600000
05957079;938469600000
05960734;939074400000
05964628;939679200000
05967870;940284000000
05967869;940284000000
05971243;940888800000
05970651;940888800000
05970900;940888800000
05971823;940888800000
05975974;941497200000
05975973;941497200000
05979350;942102000000
05979351;942102000000
05980158;942102000000
05980259;942102000000
05984744;942706800000
05984343;942706800000
05983931;942706800000
05989087;943311600000
05988438;943311600000
05993275;943916400000
05993276;943916400000
05997376;944521200000
05997375;944521200000
05997374;944521200000
06000979;945126000000
06004178;945730800000
06004176;945730800000
06004177;945730800000
06007395;946335600000
06007394;946335600000
06007393;946335600000
06007461;946335600000
06009895;946940400000
06010381;946940400000
06010382;946940400000
06012778;947545200000
06012410;947545200000
06015165;948150000000
06017256;948754800000
06018493;948754800000
06019650;949359600000
06019651;949359600000
06019652;949359600000
06019059;949359600000
06021731;949964400000
06024970;950569200000
06027393;951174000000
06030146;951778800000
06030147;951778800000
06030264;951778800000
06033275;952383600000
06033276;952383600000
06033029;952383600000
06036169;952988400000
06036555;952988400000
06036559;952988400000
06036561;952988400000
06036560;952988400000
06036563;952988400000
06036562;952988400000
06035799;952988400000
06039331;953593200000
06039572;953593200000
06039043;953593200000
06042439;954194400000
06042440;954194400000
06044789;954799200000
06045423;954799200000
06048237;955404000000
06048238;955404000000
06050925;956008800000
06050869;956008800000
06050868;956008800000
06050747;956008800000
06053657;956613600000
06053522;956613600000
06053790;956613600000
06053789;956613600000
06053787;956613600000
06053788;956613600000
06056613;957218400000
06056612;957218400000
06056311;957218400000
06058510;957823200000
06058507;957823200000
06059360;957823200000
06059621;957823200000
06059620;957823200000
06062929;958428000000
06062930;958428000000
06066016;959032800000
06066015;959032800000
06066017;959032800000
06065416;959032800000
06068531;959637600000
06071161;960242400000
06071160;960242400000
06074124;960847200000
06074260;960847200000
06074261;960847200000
06074259;960847200000
06073287;960847200000
06076201;961452000000
06076479;961452000000
06077138;961452000000
06077139;961452000000
06080028;962056800000
06080027;962056800000
06083067;962661600000
06082283;962661600000
06086440;963266400000
06086439;963266400000
06086150;963266400000
06085628;963266400000
06088835;963871200000
06089936;963871200000
06089935;963871200000
06089581;963871200000
06089251;963871200000
06089403;963871200000
06093070;964476000000
06093068;964476000000
06093069;964476000000
06092483;964476000000
06095881;965080800000
06095880;965080800000
06095879;965080800000
06102762;966290400000
06102760;966290400000
06102761;966290400000
06102759;966290400000
06102758;966290400000
06105167;966895200000
06106346;966895200000
06106347;966895200000
06106348;966895200000
06106349;966895200000
06106345;966895200000
06109989;967500000000
06109991;967500000000
06109990;967500000000
06109197;967500000000
06108816;967500000000
06113113;968104800000
06112327;968104800000
06119409;969314400000
06120213;969314400000
06120336;969314400000
06120337;969314400000
06123594;969919200000
06123593;969919200000
06122770;969919200000
06126501;970524000000
06126502;970524000000
06126503;970524000000
06126504;970524000000
06129601;971128800000
06129036;971128800000
06132276;971733600000
06132144;971733600000
06131532;971733600000
06135835;972338400000
06135837;972338400000
06135836;972338400000
06135045;972338400000
06135047;972338400000
06134766;972338400000
06139383;972946800000
06139382;972946800000
06142839;973551600000
06142843;973551600000
06142844;973551600000
06142092;973551600000
06146224;974156400000
06145462;974156400000
06149479;974761200000
06152794;975366000000
06152527;975366000000
06155898;975970800000
06155899;975970800000
06155193;975970800000
06159064;976575600000
06158380;976575600000
06162106;977180400000
06162105;977180400000
06164237;977785200000
06168489;978390000000
06168486;978390000000
06168488;978390000000
06168487;978390000000
06171160;978994800000
06171161;978994800000
06170424;978994800000
06174212;979599600000
06173671;979599600000
06176815;980204400000
06179676;980809200000
06179677;980809200000
06179675;980809200000
06178911;980809200000
06183396;981414000000
06183328;981414000000
06183327;981414000000
06183326;981414000000
06183333;981414000000
06183164;981414000000
06182594;981414000000
06182377;981414000000
06186847;982018800000
06186088;982018800000
06190222;982623600000
06193574;983228400000
06193636;983228400000
06192819;983228400000
06195039;983228400000
06195057;983228400000
06199881;984438000000
06199500;984438000000
06199676;984438000000
06200180;984438000000
06203246;985042800000
06203390;985042800000
06203389;985042800000
06202588;985042800000
06206742;985644000000
06206744;985644000000
06206743;985644000000
06209476;986248800000
06209148;986248800000
06209149;986248800000
06209253;986248800000
06210075;986248800000
06213830;986853600000
06213832;986853600000
06213831;986853600000
06213833;986853600000
06213429;986853600000
06213044;986853600000
06217402;987458400000
06217401;987458400000
06217257;987458400000
06220910;988063200000
06220908;988063200000
06220909;988063200000
06220787;988063200000
06223673;988668000000
06225940;988668000000
06224442;988668000000
06224443;988668000000
06224444;988668000000
06227923;989272800000
06227925;989272800000
06227924;989272800000
06231411;989877600000
06235661;990482400000
06234856;990482400000
06234857;990482400000
06241569;991692000000
06241568;991692000000
06241567;991692000000
06241570;991692000000
06244920;992296800000
06244921;992296800000
06244639;992296800000
06244784;992296800000
06244261;992296800000
06247983;992901600000
06247982;992901600000
06247985;992901600000
06247984;992901600000
06247827;992901600000
06250983;993506400000
06254649;994111200000
06254447;994111200000
06254445;994111200000
06254446;994111200000
06257944;994716000000
06257943;994716000000
06257942;994716000000
06257941;994716000000
06257614;994716000000
06257337;994716000000
06260570;995320800000
06260199;995320800000
06261143;995320800000
06261142;995320800000
06264519;995925600000
06263822;995925600000
06263823;995925600000
06267635;996530400000
06270386;997135200000
06270387;997135200000
06273773;997740000000
06273774;997740000000
06276979;998344800000
06276978;998344800000
06279162;998949600000
06280271;998949600000
06280272;998949600000
06283810;999554400000
06283811;999554400000
06283182;999554400000
06287053;1000159200000
06289833;1000764000000
06290561;1000764000000
06290560;1000764000000
06290559;1000764000000
06293840;1001368800000
06293841;1001368800000
06293219;1001368800000
06296305;1001973600000
06295943;1001973600000
06302048;1003183200000
06306000;1003788000000
06305305;1003788000000
06309269;1004396400000
06309270;1004396400000
06311631;1005001200000
06312301;1005001200000
06312054;1005001200000
06315700;1005606000000
06315626;1005606000000
06315625;1005606000000
06318287;1006210800000
06322412;1006815600000
06322413;1006815600000
06322411;1006815600000
06321689;1006815600000
06326077;1007420400000
06325688;1007420400000
06328618;1008025200000
06331129;1008630000000
06331128;1008630000000
06332819;1009234800000
06332500;1009234800000
06332424;1009234800000
06334799;1009839600000
06336418;1010444400000
06338505;1011049200000
06341921;1012258800000
06341993;1012258800000
06341572;1012258800000
06341383;1012258800000
06341378;1012258800000
06342031;1012258800000
06345744;1013468400000
06346021;1013468400000
06346022;1013468400000
06347970;1014073200000
06347971;1014073200000
06347598;1014073200000
06347599;1014073200000
06347411;1014073200000
06350168;1014678000000
06349960;1014678000000
06352459;1015282800000
06352460;1015282800000
06352461;1015282800000
06354894;1015887600000
06354295;1015887600000
06360495;1017097200000
06364727;1017698400000
06364729;1017698400000
06364728;1017698400000
06367827;1018303200000
06368174;1018303200000
06368173;1018303200000
06368172;1018303200000
06368171;1018303200000
06371821;1018908000000
06375530;1019512800000
06375531;1019512800000
06375532;1019512800000
06375529;1019512800000
06375391;1019512800000
06379202;1020117600000
06379204;1020117600000
06379203;1020117600000
06379206;1020117600000
06379205;1020117600000
06379208;1020117600000
06379207;1020117600000
06383045;1020722400000
06386933;1021327200000
06386932;1021327200000
06386137;1021327200000
06390872;1021932000000
06394865;1022536800000
06394864;1022536800000
06394863;1022536800000
06394862;1022536800000
06394868;1022536800000
06394867;1022536800000
06394866;1022536800000
06394154;1022536800000
06394018;1022536800000
06398603;1023141600000
06398605;1023141600000
06398604;1023141600000
06398606;1023141600000
06402578;1023746400000
06402459;1023746400000
06402429;1023746400000
06401256;1023746400000
06406624;1024351200000
06406221;1024351200000
06409559;1024956000000
06409560;1024956000000
06409561;1024956000000
06409555;1024956000000
06409429;1024956000000
06412865;1025560800000
06413134;1025560800000
06413133;1025560800000
06413132;1025560800000
06422746;1027375200000
06422420;1027375200000
06428376;1028584800000
06431931;1029189600000
06431934;1029189600000
06431932;1029189600000
06431933;1029189600000
06435926;1029794400000
06435927;1029794400000
06435371;1029794400000
06437708;1029794400000
06439941;1030399200000
06439942;1030399200000
06439940;1030399200000
06443787;1031004000000
06443786;1031004000000
06447426;1031608800000
06447353;1031608800000
06448903;1031608800000
06450848;1032213600000
06453840;1032818400000
06457527;1033423200000
06459853;1033423200000
06461209;1034028000000
06461210;1034028000000
06461080;1034028000000
06460560;1034028000000
06463800;1034632800000
06463593;1034632800000
06465810;1034632800000
06471560;1035846000000
06475047;1036450800000
06475048;1036450800000
06477975;1037055600000
06477976;1037055600000
06478647;1037055600000
06478510;1037055600000
06482060;1037660400000
06482058;1037660400000
06482059;1037660400000
06485343;1038265200000
06485344;1038265200000
06484662;1038265200000
06488554;1038870000000
06488188;1038870000000
06491558;1039474800000
06494756;1040079600000
06497597;1040684400000
06500039;1041289200000
06502526;1041894000000
06503114;1041894000000
06503115;1041894000000
06503112;1041894000000
06503113;1041894000000
06508682;1043103600000
06508683;1043103600000
06508684;1043103600000
06508193;1043103600000
06511249;1043708400000
06511357;1043708400000
06517290;1044918000000
06520817;1045522800000
06520816;1045522800000
06524152;1046127600000
06525662;1046127600000
06527343;1046732400000
06527480;1046732400000
06527479;1046732400000
06527605;1046732400000
06530725;1047337200000
06533625;1047942000000
06533626;1047942000000
06533627;1047942000000
06536364;1048546800000
06537119;1048546800000
06537118;1048546800000
06540574;1049148000000
06540647;1049148000000
06543378;1049752800000
06543376;1049752800000
06544089;1049752800000
06544088;1049752800000
06547614;1050357600000
06547615;1050357600000
06546560;1050357600000
06546884;1050357600000
06551159;1050962400000
06551158;1050962400000
06551157;1050962400000
06551161;1050962400000
06551160;1050962400000
06551193;1050962400000
06554667;1051567200000
06554669;1051567200000
06554668;1051567200000
06558082;1052172000000
06558217;1052172000000
06558218;1052172000000
06558215;1052172000000
06558216;1052172000000
06561112;1052776800000
06561118;1052776800000
06561863;1052776800000
06561862;1052776800000
06568340;1053986400000
06568977;1053986400000
06568974;1053986400000
06568973;1053986400000
06568976;1053986400000
06568975;1053986400000
06568972;1053986400000
06572424;1054591200000
06571723;1054591200000
06575798;1055196000000
06575799;1055196000000
06579138;1055800800000
06582157;1056405600000
06582264;1056405600000
06582267;1056405600000
06582265;1056405600000
06582266;1056405600000
06585549;1057010400000
06585548;1057010400000
06588359;1057615200000
06588357;1057615200000
06588772;1057615200000
06589087;1057615200000
06589089;1057615200000
06589088;1057615200000
06592298;1058220000000
06592416;1058220000000
06592417;1058220000000
06595154;1058824800000
06595151;1058824800000
06595817;1058824800000
06595813;1058824800000
06598552;1059429600000
06598831;1059429600000
06602103;1060034400000
06602101;1060034400000
06602102;1060034400000
06604969;1060639200000
06607411;1061244000000
06609544;1061848800000
06612886;1062453600000
06616493;1063058400000
06619224;1063663200000
06620009;1063663200000
06620008;1063663200000
06620010;1063663200000
06623323;1064268000000
06623322;1064268000000
06629867;1065477600000
06631745;1066082400000
06632112;1066082400000
06634914;1066687200000
06638126;1067295600000
06638125;1067295600000
06641445;1067900400000
06641446;1067900400000
06644234;1068505200000
06645027;1068505200000
06645026;1068505200000
06648554;1069110000000
06648707;1069110000000
06651725;1069714800000
06652340;1069714800000
06652339;1069714800000
06656005;1070319600000
06659046;1070924400000
06659689;1070924400000
06659822;1070924400000
06659823;1070924400000
06659824;1070924400000
06659825;1070924400000
06659914;1070924400000
06663453;1071529200000
06663452;1071529200000
06666622;1072134000000
06666623;1072134000000
06669519;1072738800000
06672920;1073343600000
06676467;1073948400000
06679743;1074553200000
06678997;1074553200000
06681399;1075158000000
06682083;1075158000000
06684804;1075762800000
06685519;1075762800000
06685518;1075762800000
06685520;1075762800000
06685521;1075762800000
06690300;1076367600000
06688145;1076367600000
06688253;1076367600000
06688930;1076367600000
06688931;1076367600000
06691537;1076972400000
06692321;1076972400000
06692322;1076972400000
06692812;1076972400000
06695662;1077577200000
06695661;1077577200000
06695762;1077577200000
06701981;1078786800000
06702635;1078786800000
06702634;1078786800000
06702633;1078786800000
06708639;1079996400000
06709305;1079996400000
06709306;1079996400000
06709304;1079996400000
06709307;1079996400000
06712656;1080597600000
06712658;1080597600000
06712657;1080597600000
06715170;1081202400000
06715653;1081202400000
06715830;1081202400000
06718897;1081807200000
06719599;1081807200000
06722306;1082412000000
06722819;1082412000000
06726516;1083016800000
06736082;1084831200000
06736689;1084831200000
06736688;1084831200000
06739924;1085436000000
06739925;1085436000000
06739926;1085436000000
06743023;1086040800000
06746293;1086645600000
06746292;1086645600000
06746291;1086645600000
06749370;1087250400000
06749369;1087250400000
06749473;1087250400000
06749474;1087250400000
06749472;1087250400000
06749475;1087250400000
06752674;1087855200000
06755594;1088460000000
06755708;1088460000000
06755707;1088460000000
06758160;1089064800000
06758635;1089064800000
06758708;1089064800000
06758709;1089064800000
06758710;1089064800000
06761163;1089669600000
06761604;1089669600000
06761603;1089669600000
06761602;1089669600000
06763689;1090274400000
06763862;1090274400000
06764362;1090274400000
06764363;1090274400000
06764364;1090274400000
06764365;1090274400000
06767264;1090879200000
06767265;1090879200000
06767266;1090879200000
06767267;1090879200000
06769376;1091484000000
06773319;1092088800000
06773318;1092088800000
06776502;1092693600000
06776678;1092693600000
06779478;1093298400000
06780072;1093298400000
06782950;1093903200000
06783181;1093903200000
06786785;1094508000000
06786784;1094508000000
06786786;1094508000000
06790112;1095112800000
06790402;1095112800000
06791205;1095112800000
06791490;1095112800000
06793548;1095717600000
06793549;1095717600000
06796744;1096322400000
06796864;1096322400000
06796865;1096322400000
06800007;1096927200000
06800006;1096927200000
06802751;1097532000000
06805064;1098136800000
06805066;1098136800000
06805519;1098136800000
06805598;1098136800000
06805599;1098136800000
06808434;1098741600000
06811456;1099350000000
06814639;1099954800000
06814638;1099954800000
06814640;1099954800000
06817914;1100559600000
06821055;1101164400000
06821173;1101164400000
06824330;1101769200000
06824289;1101769200000
06827618;1102374000000
06827617;1102374000000
06829901;1102978800000
06836707;1104188400000
06837763;1104793200000
06837764;1104793200000
06837765;1104793200000
06840831;1105398000000
06840830;1105398000000
06843695;1106002800000
06843694;1106002800000
06843693;1106002800000
06850152;1107212400000
06848862;1107212400000
06848959;1107212400000
06848958;1107212400000
06851994;1107817200000
06854516;1108422000000
06855023;1108422000000
06855024;1108422000000
06855300;1108422000000
06857136;1109026800000
06860220;1109631600000
06860773;1109631600000
06860775;1109631600000
06860774;1109631600000
06863583;1110236400000
06866615;1110841200000
06869326;1111446000000
06869325;1111446000000
06871357;1112047200000
06871420;1112047200000
06872111;1112047200000
06878026;1113256800000
06878025;1113256800000
06878024;1113256800000
06881108;1113861600000
06881113;1113861600000
06881114;1113861600000
06883185;1114466400000
06884135;1114466400000
06884134;1114466400000
06884136;1114466400000
06887186;1115071200000
06889390;1115676000000
06892672;1116280800000
06893308;1116280800000
06893307;1116280800000
06896570;1116885600000
06896569;1116885600000
06900954;1117490400000
06899049;1117490400000
06899583;1117490400000
06899581;1117490400000
06899582;1117490400000
06901619;1118095200000
06901872;1118095200000
06902453;1118095200000
06905383;1118700000000
06907326;1118700000000
06908353;1119304800000
06908352;1119304800000
06908351;1119304800000
06910229;1119909600000
06910224;1119909600000
06910931;1119909600000
06915753;1121119200000
06916220;1121119200000
06916218;1121119200000
06916219;1121119200000
06918347;1121724000000
06918805;1121724000000
06918806;1121724000000
06922149;1122328800000
06923225;1122933600000
06923698;1122933600000
06923697;1122933600000
06926569;1123538400000
06926570;1123538400000
06926468;1123538400000
06929521;1124143200000
06931678;1124748000000
06932127;1124748000000
06932015;1124748000000
D0508970;1125352800000
06935390;1125352800000
06935911;1125352800000
06935912;1125352800000
06935910;1125352800000
06935909;1125352800000
06939187;1125957600000
06941887;1126562400000
06942532;1126562400000
06942533;1126562400000
06945836;1127167200000
06945837;1127167200000
06948991;1127772000000
06951493;1128376800000
06953374;1128981600000
06955574;1129586400000
06955575;1129586400000
06955576;1129586400000
06955577;1129586400000
RE038840;1129586400000
06960086;1130799600000
06960110;1130799600000
06966809;1132614000000
06966808;1132614000000
06966726;1132614000000
06969290;1133218800000
06971133;1133823600000
06971936;1133823600000
06971935;1133823600000
06971934;1133823600000
06973948;1134428400000
06974357;1134428400000
06976894;1135033200000
06979241;1135638000000
06983709;1136847600000
06986691;1137452400000
06986690;1137452400000
06988920;1138057200000
06991505;1138662000000
06991504;1138662000000
06991503;1138662000000
06991502;1138662000000
06997133;1139871600000
06997218;1139871600000
06997643;1139871600000
07000562;1140476400000
07000558;1140476400000
07001227;1140476400000
07001236;1140476400000
07001235;1140476400000
07001234;1140476400000
07001233;1140476400000
07004806;1141081200000
07004807;1141081200000
07004808;1141081200000
07004801;1141081200000
07008281;1141686000000
07013489;1142895600000
07013824;1142895600000
07013828;1142895600000
07013684;1142895600000
07014520;1142895600000
07018257;1143496800000
07018258;1143496800000
07018256;1143496800000
07023338;1144101600000
07021230;1144101600000
07024891;1144706400000
07025080;1144706400000
07025418;1144706400000
07025645;1144706400000
07025644;1144706400000
07028341;1145311200000
07029351;1145311200000
07029350;1145311200000
07029348;1145311200000
07029349;1145311200000
07029355;1145311200000
07029354;1145311200000
07029353;1145311200000
07029352;1145311200000
07029356;1145311200000
07032258;1145916000000
07033533;1145916000000
07033236;1145916000000
07033237;1145916000000
07033235;1145916000000
07037153;1146520800000
07037154;1146520800000
07037155;1146520800000
07040942;1147125600000
07044820;1147730400000
07044817;1147730400000
07044819;1147730400000
07044818;1147730400000
07047966;1148335200000
07048601;1148335200000
07048599;1148335200000
07048282;1148335200000
07051774;1148940000000
07052347;1148940000000
07052348;1148940000000
07052341;1148940000000
07052345;1148940000000
07052346;1148940000000
07052344;1148940000000
07052211;1148940000000
07054230;1148940000000
07055293;1149544800000
07056179;1149544800000
07056178;1149544800000
07056177;1149544800000
07056176;1149544800000
07059925;1150149600000
07059924;1150149600000
07062790;1150754400000
07063769;1150754400000
07063582;1150754400000
07066219;1151359200000
07069874;1151964000000
07073457;1152568800000
07074098;1152568800000
07077715;1153173600000
07080673;1153778400000
07080411;1153778400000
07083484;1154383200000
07083485;1154383200000
07083486;1154383200000
07083487;1154383200000
07083483;1154383200000
07083362;1154383200000
07083173;1154383200000
07086916;1154988000000
07089876;1155592800000
07094119;1156197600000
07097524;1156802400000
07097523;1156802400000
07101344;1157407200000
07101248;1157407200000
07101240;1157407200000
07101241;1157407200000
07104858;1158012000000
07104729;1158012000000
07107925;1158616800000
07108572;1158616800000
07108571;1158616800000
07111569;1159221600000
07112008;1159221600000
07112111;1159221600000
07115011;1159826400000
07115010;1159826400000
07117699;1160431200000
07117808;1160431200000
07118437;1160431200000
07121910;1161036000000
07121911;1161036000000
07121909;1161036000000
07125300;1161640800000
07125301;1161640800000
07125302;1161640800000
07125298;1161640800000
07125299;1161640800000
07128629;1162249200000
07128628;1162249200000
07131878;1162854000000
07134990;1163458800000
07134927;1163458800000
07134926;1163458800000
07134929;1163458800000
07134928;1163458800000
07134930;1163458800000
07137856;1164063600000
07138603;1164063600000
07140936;1164668400000
07140937;1164668400000
07140938;1164668400000
07144285;1165273200000
07146923;1165878000000
07147528;1165878000000
07147527;1165878000000
07147526;1165878000000
07147021;1165878000000
07150667;1166482800000
07150668;1166482800000
07150666;1166482800000
07150699;1166482800000
07156712;1167692400000
07156713;1167692400000
07156714;1167692400000
07159529;1168297200000
07159336;1168297200000
07160165;1168297200000
07160166;1168297200000
07160167;1168297200000
07160164;1168297200000
07165504;1169506800000
07165505;1169506800000
07166004;1169506800000
07166005;1169506800000
07169000;1170111600000
07169001;1170111600000
07172481;1170716400000
07172480;1170716400000
07172479;1170716400000
07174930;1171321200000
07174931;1171321200000
07175492;1171321200000
07178547;1171926000000
07178475;1171926000000
07179145;1171926000000
07179146;1171926000000
07179144;1171926000000
07182037;1172530800000
07182661;1172530800000
07182660;1172530800000
07182662;1172530800000
07182401;1172530800000
07186162;1173135600000
07186159;1173135600000
07186158;1173135600000
07189130;1173740400000
07189128;1173740400000
07189129;1173740400000
07192323;1174345200000
07195529;1174946400000
07195530;1174946400000
07195369;1174946400000
07198532;1175551200000
07201112;1176156000000
07201624;1176156000000
07201625;1176156000000
07201626;1176156000000
07204734;1176760800000
07207857;1177365600000
07207701;1177365600000
07207282;1177365600000
07210976;1177970400000
07210975;1177970400000
07214114;1178575200000
07216887;1179180000000
07216600;1179180000000
07220158;1179784800000
07223142;1180389600000
07223141;1180389600000
07223143;1180389600000
07226329;1180994400000
07226328;1180994400000
07226330;1180994400000
07232353;1182204000000
07232356;1182204000000
07232355;1182204000000
07232354;1182204000000
07238075;1183413600000
07238073;1183413600000
07238074;1183413600000
07240634;1184018400000
07244155;1184623200000
07244156;1184623200000
07244157;1184623200000
07246568;1185228000000
07247070;1185228000000
07247069;1185228000000
07249988;1185832800000
07252569;1186437600000
07252625;1186437600000
07255619;1187042400000
07255620;1187042400000
07255621;1187042400000
07258836;1187647200000
07261432;1188252000000
07261607;1188252000000
07261606;1188252000000
07261608;1188252000000
07261050;1188252000000
07261611;1188252000000
07264420;1188856800000
07264521;1188856800000
07264524;1188856800000
07264525;1188856800000
07264522;1188856800000
07264523;1188856800000
07267509;1189461600000
07267595;1189461600000
07270066;1190066400000
07273065;1190671200000
07275490;1191276000000
07275494;1191276000000
07281963;1192485600000
07285032;1193090400000
07285031;1193090400000
07285030;1193090400000
07287484;1193698800000
07288011;1193698800000
07291049;1194303600000
07293840;1194908400000
07294032;1194908400000
07300206;1196118000000
07299816;1196118000000
07299835;1196118000000
07299760;1196118000000
07302905;1196722800000
07303453;1196722800000
07303454;1196722800000
07305715;1197327600000
07306501;1197327600000
07309268;1197932400000
07309267;1197932400000
07311576;1198537200000
07311575;1198537200000
07311573;1198537200000
07314398;1199142000000
07314399;1199142000000
07316597;1199746800000
07318762;1200351600000
07320631;1200956400000
07322868;1201561200000
07322867;1201561200000
07322308;1201561200000
07322309;1201561200000
07326094;1202166000000
07325356;1202166000000
07328464;1202770800000
07328747;1202770800000
07329163;1202770800000
07329164;1202770800000
07331835;1203375600000
07331836;1203375600000
07335080;1203980400000
07335079;1203980400000
07335076;1203980400000
07335078;1203980400000
07335077;1203980400000
07337724;1204585200000
07337568;1204585200000
07338067;1204585200000
07344425;1205794800000
07344426;1205794800000
07347755;1206399600000
07347756;1206399600000
07347757;1206399600000
07347754;1206399600000
07347156;1206399600000
07351126;1207000800000
07354326;1207605600000
07357688;1208210400000
07357689;1208210400000
07361070;1208815200000
07361071;1208815200000
07363668;1209420000000
07364486;1209420000000
07367859;1210024800000
07370598;1210629600000
07371141;1210629600000
07371142;1210629600000
07373895;1211234400000
07377828;1211839200000
07377225;1211839200000
07383785;1213048800000
07390234;1214258400000
07390233;1214258400000
07393254;1214863200000
07393256;1214863200000
07393255;1214863200000
07396268;1215468000000
07398917;1216072800000
07401935;1216677600000
07404749;1217282400000
07404371;1217282400000
07410269;1218492000000
07410400;1218492000000
07410401;1218492000000
07410399;1218492000000
07416461;1219701600000
07419414;1220306400000
07421754;1220911200000
07421970;1220911200000
07421971;1220911200000
07421968;1220911200000
07425190;1221516000000
07426897;1222120800000
07430795;1223330400000
07431622;1223330400000
07431623;1223330400000
07435150;1223935200000
07435148;1223935200000
07435149;1223935200000
07435147;1223935200000
07438619;1224540000000
07438616;1224540000000
07438617;1224540000000
07438618;1224540000000
07442105;1225148400000
07445533;1225753200000
07445132;1225753200000
07448223;1226358000000
07451718;1226962800000
07455561;1227567600000
07455257;1227567600000
07458751;1228172400000
07462083;1228777200000
07462085;1228777200000
07465206;1229382000000
07465207;1229382000000
07465204;1229382000000
07465205;1229382000000
07470163;1230591600000
07470164;1230591600000
07475711;1231801200000
07476137;1231801200000
07481689;1233010800000
07481690;1233010800000
07481745;1233010800000
07484468;1233615600000
07485022;1233615600000
07491105;1234825200000
07494395;1235430000000
07497784;1236034800000
07497752;1236034800000
07497753;1236034800000
07500893;1236639600000
07503820;1237244400000
07507133;1237849200000
07507132;1237849200000
07510453;1238450400000
07510452;1238450400000
07512326;1238450400000
07513208;1239055200000
07517268;1239660000000
07520235;1240264800000
07524225;1240869600000
07527540;1241474400000
07527010;1241474400000
07530871;1242079200000
07530873;1242079200000
07530872;1242079200000
07530321;1242079200000
07530480;1242079200000
07534152;1242684000000
07534154;1242684000000
07534153;1242684000000
07537416;1243288800000
07537501;1243288800000
07537502;1243288800000
07540690;1243893600000
07540797;1243893600000
07540796;1243893600000
07543543;1244498400000
07543613;1244498400000
07544111;1244498400000
07547238;1245103200000
07549706;1245708000000
07552694;1246312800000
07559817;1247522400000
07559816;1247522400000
07566252;1248732000000
07572085;1249941600000
07572160;1249941600000
07572161;1249941600000
07574755;1250546400000
07575493;1250546400000
07578714;1251151200000
07578716;1251151200000
07578715;1251151200000
07581997;1251756000000
07582045;1251756000000
07582238;1251756000000
07585197;1252360800000
07588474;1252965600000
07594837;1254175200000
07594836;1254175200000
07594780;1254175200000
07597601;1254780000000
07601041;1255384800000
07604522;1255989600000
07607959;1256598000000
07607252;1256598000000
07614928;1257807600000
07614927;1257807600000
07621851;1259017200000
07628664;1260226800000
07628665;1260226800000
07631883;1260831600000
07639161;1262041200000
07640772;1262646000000
07641529;1262646000000
07641487;1262646000000
07648404;1263855600000
07648449;1263855600000
07654877;1265065200000
07658659;1265670000000
07662006;1266274800000
07665411;1266879600000
07666046;1266879600000
07666045;1266879600000
07666044;1266879600000
07669616;1267484400000
07670202;1267484400000
07673647;1268089200000
07677940;1268694000000
07677939;1268694000000
07677837;1268694000000
07681515;1269298800000
07682209;1269298800000
07685959;1269900000000
07690434;1270504800000
07695334;1271109600000
07695335;1271109600000
07699018;1271714400000
07699676;1271714400000
07699677;1271714400000
07699678;1271714400000
07699679;1271714400000
07704112;1272319200000
07704113;1272319200000
07704015;1272319200000
07708611;1272924000000
07708612;1272924000000
07713104;1273528800000
07717763;1274133600000
07717762;1274133600000
07722419;1274738400000
07726180;1275343200000
07727038;1275343200000
07731555;1275948000000
07731554;1275948000000
07736208;1276552800000
07740512;1277157600000
07744437;1277762400000
07744436;1277762400000
07749035;1278367200000
07753749;1278972000000
07753750;1278972000000
07758394;1279576800000
07762860;1280181600000
07766710;1280786400000
07766711;1280786400000
07771245;1281391200000
07785163;1283205600000
07785161;1283205600000
07793723;1284415200000
07793725;1284415200000
07794297;1284415200000
07794364;1284415200000
07798879;1285020000000
07798878;1285020000000
07798877;1285020000000
07798876;1285020000000
07798907;1285020000000
07798233;1285020000000
07798090;1285020000000
07803028;1285624800000
07811144;1286834400000
07811145;1286834400000
07812732;1286834400000
07815477;1287439200000
07818842;1288044000000
07819712;1288044000000
07819715;1288044000000
07819714;1288044000000
07819713;1288044000000
07823835;1288652400000
07824239;1288652400000
07824238;1288652400000
07828615;1289257200000
07836840;1290466800000
07836734;1290466800000
07837218;1290466800000
07837527;1290466800000
07837526;1290466800000
07837525;1290466800000
07841916;1291071600000
07841917;1291071600000
07841344;1291071600000
07845998;1291676400000
07845999;1291676400000
07846000;1291676400000
07850498;1292281200000
07854638;1292886000000
07854639;1292886000000
07854568;1292886000000
07854347;1292886000000
07854028;1292886000000
