03866617;161910000000
03873403;164934000000
03877439;166748400000
03880160;167958000000
03883902;169772400000
03884244;169772400000
03890979;172796400000
03890978;172796400000
03894542;174610800000
03896506;175820400000
03896818;175820400000
03902503;178844400000
03908670;181263600000
03911503;182473200000
03911931;182473200000
03921222;186102000000
03926183;187916400000
03931816;190335600000
03934274;191545200000
03934593;191545200000
03935865;192150000000
03939023;193359600000
03939845;193964400000
03945041;196383600000
03947207;196984800000
03949760;198194400000
03950792;198799200000
03952752;199404000000
03957057;201218400000
03964491;204242400000
03968803;206056800000
03970079;206661600000
03974836;209080800000
03976083;209685600000
03981310;212104800000
03982547;212713200000
03998231;219970800000
04000746;221180400000
04004294;222994800000
04005715;223599600000
04019209;230853600000
04022197;232063200000
04023575;232668000000
04024876;233272800000
04031900;236296800000
04037606;238716000000
04041957;240530400000
04047534;242949600000
04059117;249001200000
04069513;254444400000
04071914;255654000000
04073299;256258800000
04074721;256863600000
04076029;257468400000
04086666;262908000000
04090900;264722400000
04091819;265327200000
04100924;269560800000
04100621;269560800000
04106514;271980000000
04108149;272584800000
04114352;275004000000
04125117;279846000000
04127135;281055600000
04127128;281055600000
04133316;284684400000
04143662;290127600000
04143663;290127600000
04144912;290732400000
04148322;292543200000
04153062;294962400000
04154249;295567200000
04155360;296172000000
04164228;303429600000
04166471;305244000000
04172002;309481200000
04174717;311900400000
04178643;314319600000
04184494;317343600000
04184214;317343600000
04185332;317948400000
04187855;319158000000
04191192;320972400000
04195640;323391600000
04195639;323391600000
04199825;325807200000
04201220;326412000000
04202343;327016800000
04203449;327621600000
04217906;335484000000
04217905;335484000000
04220157;336693600000
04222387;337903200000
04222388;337903200000
04227536;340326000000
04231118;342140400000
04235240;343954800000
04241737;346978800000
04245644;348793200000
04247351;349398000000
04248923;350002800000
04249972;350607600000
04254777;353026800000
04258442;354837600000
04261366;356047200000
04263682;357256800000
04269191;359676000000
04270538;360280800000
04271580;360885600000
04275740;362700000000
04276884;363304800000
04285113;367538400000
04286601;368143200000
04287893;368748000000
04289137;369352800000
04292975;371170800000
04294257;371775600000
04295469;372380400000
04298008;373590000000
04300568;374799600000
04306565;377823600000
04308869;379033200000
04311150;380242800000
04314569;382057200000
04324254;387496800000
04325379;388101600000
04325378;388101600000
04333471;392335200000
04335728;393544800000
04338953;395359200000
04338946;395359200000
04340064;395964000000
04341219;396568800000
04343313;397778400000
04350162;401407200000
04355641;404434800000
04363144;408668400000
04367748;411087600000
04369792;412297200000
04372320;413506800000
04372321;413506800000
04372322;413506800000
04378805;418341600000
04378806;418341600000
04380569;419551200000
04386990;423784800000
04388931;424994400000
04390024;425599200000
04391277;426204000000
04393875;427413600000
04395454;428018400000
04394781;428018400000
04398538;429832800000
04398981;429832800000
04401492;431042400000
04411269;435884400000
04412357;436489200000
04412542;436489200000
04413625;437094000000
04413626;437094000000
04416284;438303600000
04418696;439513200000
04419997;440118000000
04421117;440722800000
04423734;441932400000
04426742;443746800000
04432364;446166000000
04440174;449791200000
04444191;451605600000
04444192;451605600000
04449533;454024800000
04453549;455839200000
04458684;458258400000
04470419;463701600000
04475552;466124400000
04476895;466729200000
04481951;469148400000
04481679;469148400000
04494546;475196400000
04508110;481240800000
04530361;490917600000
04531525;491522400000
04538615;494546400000
04538614;494546400000
04550734;499993200000
04552144;500598000000
04553550;501202800000
04553551;501202800000
04557275;503017200000
04557268;503017200000
04557267;503017200000
04558705;503622000000
04564015;506041200000
04566458;507250800000
04572195;509670000000
04583544;514504800000
04583534;514504800000
04590945;517528800000
04592755;518133600000
04592118;518133600000
04593697;518738400000
04596253;519948000000
04606079;524786400000
04607640;525391200000
04607644;525391200000
04612935;527810400000
04617934;530233200000
04619899;530838000000
04630610;535676400000
04632118;536281200000
04633876;536886000000
04635640;537490800000
04637398;538095600000
04638513;538700400000
04640288;539305200000
04640287;539305200000
04646746;541724400000
04648404;542329200000
04655224;544744800000
04654894;544744800000
04666432;548373600000
04674131;551397600000
04674510;551397600000
04681113;553816800000
04697592;560473200000
04699144;561078000000
04698847;561078000000
04701964;562287600000
04706675;564102000000
04709692;565311600000
04718878;568940400000
04728519;573174000000
04734078;575589600000
04738745;577404000000
04741720;578613600000
04741719;578613600000
04746318;580428000000
04747399;581032800000
04754750;584056800000
04767377;588895200000
04770650;590104800000
04777668;593132400000
04781651;594342000000
04781650;594342000000
04789372;597366000000
04795400;599785200000
04795399;599785200000
04797954;600994800000
04798557;600994800000
04804351;603414000000
04807301;604623600000
04811876;605833200000
04816005;607039200000
04816004;607039200000
04815510;607039200000
04822317;608853600000
04828559;610668000000
04833730;612482400000
04836824;613087200000
04835795;613087200000
04854915;618530400000
04862523;620949600000
04865026;621554400000
04866789;622159200000
04870977;623372400000
04875236;625186800000
04878879;626396400000
04879766;627001200000
04894868;633049200000
04909771;637887600000
04911677;638488800000
04916755;640303200000
04917651;640303200000
04926502;643327200000
04932079;645141600000
04945576;649980000000
04951031;651189600000
04952192;651794400000
04953233;652399200000
04955846;653004000000
04956878;653608800000
04957466;653608800000
04960112;654822000000
04969216;658450800000
04972525;659660400000
04976653;660870000000
04983140;663289200000
04982450;663289200000
04992074;666313200000
04995847;667522800000
04999854;669337200000
05011452;672962400000
05015997;674172000000
05017174;674776800000
05022887;676591200000
05024628;677196000000
05032104;679615200000
05032103;679615200000
05033986;680220000000
05037348;681429600000
05038760;682034400000
05042089;683244000000
05045018;683848800000
05045019;683848800000
05050595;685663200000
05060648;688690800000
05067178;691110000000
05068924;691714800000
05071433;692319600000
05083555;696553200000
05092881;699577200000
05092812;699577200000
05094648;700182000000
05094647;700182000000
05093935;700182000000
05098330;701391600000
05098331;701391600000
05103505;703202400000
05116278;706831200000
05119511;708040800000
05120264;708040800000
05127109;710460000000
05141470;714693600000
05143092;715298400000
05149293;717112800000
05152741;718326000000
05154659;718930800000
05155869;719535600000
05158541;720140400000
05162015;721350000000
05165113;722559600000
05165115;722559600000
05167566;723164400000
05171182;724374000000
05180326;727398000000
05182813;728607600000
05182815;728607600000
05189736;731026800000
05201078;734652000000
05205815;735861600000
05211598;737676000000
05215494;738885600000
05217403;739490400000
05219311;740095200000
05221227;740700000000
05235974;745538400000
05240538;746748000000
05239706;746748000000
05241704;747352800000
05241710;747352800000
05244432;747957600000
05245707;748562400000
05255392;751590000000
05255393;751590000000
05257419;752194800000
05257956;752194800000
05269720;755823600000
05281186;759452400000
05283908;760662000000
05285531;761266800000
05304215;766706400000
05308278;767916000000
05326305;773359200000
05334134;775778400000
05334082;775778400000
05340352;777592800000
05347656;780012000000
05357032;782434800000
05363511;784854000000
05367715;786063600000
05378192;789087600000
05378531;789087600000
05380238;789692400000
05385502;791506800000
05387150;792111600000
05388273;792716400000
05388275;792716400000
05395280;794530800000
05399150;795740400000
05401203;796341600000
05416929;801180000000
05423711;802994400000
05426791;804204000000
05427562;804204000000
05427563;804204000000
05429593;804808800000
05433648;806018400000
05439409;807832800000
05441436;808437600000
05447462;810252000000
05459875;814489200000
05461725;815094000000
05465594;816303600000
05472366;818118000000
05474487;818722800000
05478278;819932400000
05479791;820537200000
05479661;820537200000
05480429;820537200000
05483705;821746800000
05492496;824770800000
05492501;824770800000
05496205;825980400000
05507682;829605600000
05507681;829605600000
05513393;831420000000
05514166;831420000000
05515544;832024800000
05522892;833839200000
05527270;835048800000
05527202;835048800000
05528775;835653600000
05538502;838072800000
05537690;838072800000
05539931;838677600000
05546608;840492000000
05551092;841701600000
05553468;842306400000
05558556;843516000000
05566392;845935200000
05571039;847148400000
05573441;847753200000
05575768;848358000000
05586340;851382000000
05590548;852591600000
05592836;853196400000
05603653;856220400000
05605060;856825200000
05611086;858639600000
05611722;858639600000
05613893;859244400000
05614303;859244400000
05624296;862264800000
05626507;862869600000
05634891;865288800000
05637026;865893600000
05636387;865893600000
05643043;867708000000
05643184;867708000000
05660577;872546400000
05662512;873151200000
05662513;873151200000
05664984;873756000000
05664257;873756000000
05667422;874360800000
05669247;874965600000
05678246;877384800000
05679052;877384800000
05681205;877993200000
05683286;878598000000
05685764;879202800000
05690536;880412400000
05690537;880412400000
05697830;882226800000
05700288;882831600000
05699559;882831600000
05701608;883436400000
05702285;883436400000
05702286;883436400000
05708986;885250800000
05716255;887065200000
05717998;887670000000
05730640;890694000000
05730641;890694000000
05733335;891295200000
05743783;893714400000
05746731;894319200000
05749767;894924000000
05749768;894924000000
05752873;895528800000
05755611;896133600000
05758367;896738400000
05762535;897343200000
05769688;898552800000
05772492;899157600000
05782670;900972000000
05782672;900972000000
05782671;900972000000
05784723;901576800000
05785672;901576800000
05787732;902181600000
05797787;903996000000
05797786;903996000000
05800245;904600800000
05803792;905205600000
05807160;905810400000
05806103;905810400000
05816889;907624800000
05820444;908229600000
05820443;908229600000
05820445;908229600000
05823851;908834400000
05823852;908834400000
05823432;908834400000
05830040;910047600000
05833515;910652400000
05833594;910652400000
05839942;911862000000
05842232;912466800000
05842230;912466800000
05850745;914281200000
05855606;915490800000
05855124;915490800000
05863236;917305200000
05862527;917305200000
05868601;918514800000
05871388;919119600000
05870775;919119600000
05873767;919724400000
05873768;919724400000
05876395;920329200000
05882242;921538800000
05884340;922143600000
05888118;922744800000
05897423;925164000000
05897422;925164000000
05899790;925768800000
05899791;925768800000
05902170;926373600000
05904607;926978400000
05908346;928188000000
05907872;928188000000
05911618;929397600000
05914166;930002400000
05916829;930607200000
05915531;930607200000
05919180;931212000000
05921845;931816800000
05926853;933026400000
05928059;933026400000
05928175;933026400000
05931717;933631200000
05935044;934236000000
05934970;934236000000
05938500;934840800000
05940888;935445600000
05944578;936050400000
05944579;936050400000
05946726;936655200000
05946944;936655200000
05951364;937260000000
05951365;937260000000
05951366;937260000000
05951367;937260000000
05950238;937260000000
05950654;937260000000
05953754;937864800000
05954564;937864800000
05954681;937864800000
05957748;938469600000
05964641;939679200000
05964642;939679200000
05967877;940284000000
05967876;940284000000
05966740;940284000000
05971834;940888800000
05975984;941497200000
05974592;941497200000
05978963;942102000000
05978966;942102000000
05980359;942102000000
05984762;942706800000
05983394;942706800000
05983404;942706800000
05989101;943311600000
05997380;944521200000
05998693;944521200000
06000993;945126000000
06000994;945126000000
06004186;945730800000
06006364;946335600000
06009556;946940400000
06012168;947545200000
06015332;948150000000
06015331;948150000000
06016569;948754800000
06019662;949359600000
06018823;949359600000
06023785;950569200000
06023789;950569200000
06027396;951174000000
06036577;952988400000
06039629;953593200000
06042608;954194400000
06041441;954194400000
06048252;955404000000
06048253;955404000000
06047405;955404000000
06047406;955404000000
06053800;956613600000
06056624;957218400000
06056626;957218400000
06056625;957218400000
06055668;957218400000
06058514;957823200000
06058507;957823200000
06059634;957823200000
06059633;957823200000
06062946;958428000000
06066027;959032800000
06068538;959637600000
06071175;960242400000
06074272;960847200000
06074273;960847200000
06074274;960847200000
06076193;961452000000
06079050;962056800000
06080038;962056800000
06080037;962056800000
06080125;962056800000
06080139;962056800000
06083079;962661600000
06083080;962661600000
06086450;963266400000
06086451;963266400000
06089954;963871200000
06089953;963871200000
06095894;965080800000
06095893;965080800000
06099382;965685600000
06101630;966290400000
06102773;966290400000
06102774;966290400000
06102772;966290400000
06105175;966895200000
06106363;966895200000
06110007;967500000000
06110006;967500000000
06110005;967500000000
06113460;968104800000
06115847;968709600000
06116985;968709600000
06123601;969919200000
06125664;970524000000
06132288;971733600000
06135853;972338400000
06135852;972338400000
06138276;972946800000
06142852;973551600000
06146239;974156400000
06146240;974156400000
06149619;974761200000
06149496;974761200000
06149497;974761200000
06152802;975366000000
06156065;975970800000
06155906;975970800000
06159070;976575600000
06162111;977180400000
06165046;977785200000
06165047;977785200000
06165045;977785200000
06168497;978390000000
06168498;978390000000
06174217;979599600000
06176761;980204400000
06179687;980809200000
06180178;980809200000
06178784;980809200000
06178559;980809200000
06183340;981414000000
06183339;981414000000
06182297;981414000000
06186863;982018800000
06186861;982018800000
06186862;982018800000
06190232;982623600000
06200194;984438000000
06200195;984438000000
06203400;985042800000
06203399;985042800000
06202222;985042800000
06205585;985644000000
06206753;985644000000
06206752;985644000000
06213841;986853600000
06213840;986853600000
06213842;986853600000
06220924;988063200000
06224458;988668000000
06227937;989272800000
06227936;989272800000
06231423;989877600000
06231424;989877600000
06233793;990482400000
06234867;990482400000
06238266;991087200000
06241715;991692000000
06241576;991692000000
06241575;991692000000
06247996;992901600000
06251001;993506400000
06257952;994716000000
06257951;994716000000
06260242;995320800000
06260243;995320800000
06264530;995925600000
06264529;995925600000
06270469;997135200000
06270393;997135200000
06280287;998949600000
06283820;999554400000
06283821;999554400000
06287168;1000159200000
06287169;1000159200000
06293844;1001368800000
06296545;1001973600000
06298486;1002578400000
06298527;1002578400000
06299504;1002578400000
06299505;1002578400000
06302760;1003183200000
06302761;1003183200000
06306006;1003788000000
06306005;1003788000000
06318613;1006210800000
06319092;1006210800000
06319091;1006210800000
06321422;1006815600000
06321388;1006815600000
06321419;1006815600000
06328627;1008025200000
06332825;1009234800000
06334805;1009839600000
06336840;1010444400000
06336839;1010444400000
06338665;1011049200000
06338666;1011049200000
06346027;1013468400000
06346028;1013468400000
06347438;1014073200000
06350175;1014678000000
06354906;1015887600000
06361397;1017097200000
06361398;1017097200000
06360375;1017097200000
06364759;1017698400000
06364741;1017698400000
06364739;1017698400000
06368179;1018303200000
06368180;1018303200000
06371831;1018908000000
06375537;1019512800000
06375538;1019512800000
06383055;1020722400000
06386944;1021327200000
06390885;1021932000000
06390884;1021932000000
06390886;1021932000000
06394879;1022536800000
06393611;1022536800000
06398620;1023141600000
06397397;1023141600000
06402585;1023746400000
06402586;1023746400000
06401786;1023746400000
06406351;1024351200000
06406354;1024351200000
06406352;1024351200000
06406353;1024351200000
06408445;1024956000000
06419548;1026770400000
06422917;1027375200000
06425800;1027980000000
06425799;1027980000000
06431945;1029189600000
06431946;1029189600000
06431947;1029189600000
06430748;1029189600000
06435940;1029794400000
06435939;1029794400000
06439958;1030399200000
06439959;1030399200000
06439960;1030399200000
06443806;1031004000000
06443805;1031004000000
06443804;1031004000000
06446268;1031608800000
06447365;1031608800000
06449818;1032213600000
06454628;1032818400000
06461221;1034028000000
06464717;1034632800000
06468130;1035237600000
06478656;1037055600000
06482196;1037660400000
06485352;1038265200000
06488564;1038870000000
06497609;1040684400000
06499144;1041289200000
06513169;1044313200000
06513209;1044313200000
06514120;1044313200000
06517409;1044918000000
06517410;1044918000000
06520832;1045522800000
06530820;1047337200000
06537132;1048546800000
06540585;1049148000000
06540702;1049148000000
06544100;1049752800000
06544101;1049752800000
06547636;1050357600000
06550067;1050962400000
06550286;1050962400000
06551171;1050962400000
06572437;1054591200000
06575811;1055196000000
06592428;1058220000000
06604983;1060639200000
06620026;1063663200000
06626733;1064872800000
06634923;1066687200000
06645041;1068505200000
06645042;1068505200000
06645040;1068505200000
06656013;1070319600000
06659841;1070924400000
06666747;1072134000000
06672938;1073343600000
06682395;1075158000000
06685534;1075762800000
06685535;1075762800000
06688943;1076367600000
06688942;1076367600000
06695677;1077577200000
06695678;1077577200000
06698030;1078182000000
06704942;1079391600000
06705920;1079391600000
06712841;1080597600000
06728973;1083621600000
06733362;1084226400000
06743073;1086040800000
06746306;1086645600000
06755717;1088460000000
06758720;1089064800000
06761614;1089669600000
06761613;1089669600000
06764377;1090274400000
06766533;1090879200000
06769358;1091484000000
06769955;1091484000000
06779367;1093298400000
06780080;1093298400000
06780081;1093298400000
06786798;1094508000000
06790122;1095112800000
06793556;1095717600000
06796875;1096322400000
06796876;1096322400000
06805612;1098136800000
06805611;1098136800000
06805610;1098136800000
06811464;1099350000000
06811463;1099350000000
06811462;1099350000000
06814648;1099954800000
06814647;1099954800000
06817214;1100559600000
06821186;1101164400000
06821185;1101164400000
06824445;1101769200000
06824444;1101769200000
06827628;1102374000000
06832945;1103583600000
06837771;1104793200000
06837772;1104793200000
06839908;1105398000000
06846219;1106607600000
06846217;1106607600000
06846218;1106607600000
06846220;1106607600000
06852001;1107817200000
06854132;1108422000000
06855029;1108422000000
06857936;1109026800000
06857933;1109026800000
06857932;1109026800000
06857935;1109026800000
06857934;1109026800000
06857931;1109026800000
06860789;1109631600000
06863589;1110236400000
06866558;1110841200000
D0503026;1111446000000
06872119;1112047200000
06875135;1112652000000
06875075;1112652000000
D0503509;1112652000000
D0503510;1112652000000
06878033;1113256800000
06878035;1113256800000
06878034;1113256800000
06881123;1113861600000
D0504201;1114466400000
06887123;1115071200000
D0505243;1116885600000
06896580;1116885600000
06896581;1116885600000
06896582;1116885600000
06899590;1117490400000
06899591;1117490400000
06916224;1121119200000
06918813;1121724000000
06918812;1121724000000
06921316;1122328800000
06935921;1125352800000
06945165;1127167200000
06945966;1127167200000
06953380;1128981600000
RE038853;1130191200000
06962519;1131404400000
06964596;1132009200000
06966815;1132614000000
06974361;1134428400000
06983489;1136847600000
06986697;1137452400000
06986696;1137452400000
D0513553;1137452400000
06988931;1138057200000
06988930;1138057200000
06994606;1139266800000
06997775;1139871600000
07001239;1140476400000
07001241;1140476400000
07001240;1140476400000
RE038994;1141081200000
07008292;1141686000000
07008803;1141686000000
07032626;1145916000000
07033244;1145916000000
07044828;1147730400000
07044829;1147730400000
07048013;1148335200000
07048606;1148335200000
07051407;1148940000000
07051557;1148940000000
07052358;1148940000000
07052359;1148940000000
07052360;1148940000000
07056187;1149544800000
07056186;1149544800000
07059935;1150149600000
07066784;1151359200000
07074204;1152568800000
07074108;1152568800000
07076809;1153173600000
07077720;1153173600000
07077719;1153173600000
07081034;1153778400000
07081036;1153778400000
07081035;1153778400000
07081040;1153778400000
07082310;1153778400000
07083494;1154383200000
07086926;1154988000000
07086925;1154988000000
07087032;1154988000000
07090558;1155592800000
07094217;1156197600000
07094127;1156197600000
07112117;1159221600000
07115015;1159826400000
07118679;1160431200000
07118444;1160431200000
07122236;1161036000000
07125383;1161640800000
07128636;1162249200000
07128635;1162249200000
07131888;1162854000000
07140080;1164668400000
07143453;1165273200000
07144294;1165273200000
07144296;1165273200000
07144295;1165273200000
07147538;1165878000000
07152606;1167087600000
07159621;1168297200000
07163433;1168902000000
07163432;1168902000000
07166012;1169506800000
07169011;1170111600000
07168101;1170111600000
07168096;1170111600000
07175502;1171321200000
07179150;1171926000000
07184773;1172530800000
07186163;1173135600000
07189138;1173740400000
07192409;1174345200000
07192332;1174345200000
07192333;1174345200000
07198540;1175551200000
07198541;1175551200000
07201629;1176156000000
07201630;1176156000000
07204741;1176760800000
07207861;1177365600000
07214120;1178575200000
07214121;1178575200000
07222372;1180389600000
07223153;1180389600000
07229335;1181599200000
07232359;1182204000000
07232358;1182204000000
07234994;1182808800000
07234995;1182808800000
07234996;1182808800000
07234993;1182808800000
07238080;1183413600000
07238081;1183413600000
07240371;1184018400000
07241199;1184018400000
07244167;1184623200000
07252574;1186437600000
07252573;1186437600000
07255627;1187042400000
07257847;1187647200000
07258593;1187647200000
07267599;1189461600000
07275977;1191276000000
07278900;1191880800000
07278899;1191880800000
07300331;1196118000000
07300330;1196118000000
07306505;1197327600000
07309276;1197932400000
07309275;1197932400000
07311583;1198537200000
07314400;1199142000000
07318240;1200351600000
07328024;1202166000000
07335086;1203980400000
07341500;1205190000000
07347871;1206399600000
07347229;1206399600000
07364491;1209420000000
07377835;1211839200000
07377834;1211839200000
07377833;1211839200000
07381113;1212444000000
07387561;1213653600000
07390239;1214258400000
07393758;1214863200000
07395556;1215468000000
07396274;1215468000000
07396272;1215468000000
07396273;1215468000000
07399216;1216072800000
07404752;1217282400000
07404753;1217282400000
07407427;1217887200000
07407429;1217887200000
07407428;1217887200000
07407430;1217887200000
07409728;1218492000000
07410407;1218492000000
07413495;1219096800000
07415734;1219701600000
07416470;1219701600000
07416544;1219701600000
07422509;1220911200000
07422508;1220911200000
07425170;1221516000000
07425171;1221516000000
07427226;1222120800000
07429206;1222725600000
07429205;1222725600000
07430883;1223330400000
07431631;1223330400000
07435155;1223935200000
07435156;1223935200000
07435154;1223935200000
07438625;1224540000000
07442110;1225148400000
07445599;1225753200000
07445541;1225753200000
07447504;1225753200000
07448936;1226358000000
07448937;1226358000000
07448090;1226358000000
07452260;1226962800000
07455567;1227567600000
07458877;1228172400000
07467987;1229986800000
07470168;1230591600000
07473158;1231196400000
07488234;1234220400000
07491113;1234825200000
07497760;1236034800000
07507141;1237849200000
07513817;1239055200000
07513816;1239055200000
07517273;1239660000000
07520794;1240264800000
07527543;1241474400000
07534158;1242684000000
07536198;1242684000000
07537510;1243288800000
07547241;1245103200000
07549908;1245708000000
07549971;1245708000000
07552734;1246312800000
07553213;1246312800000
07556553;1246917600000
07559915;1247522400000
07563152;1248127200000
07565919;1248732000000
07566344;1248732000000
07568967;1249336800000
07568966;1249336800000
07572167;1249941600000
07577261;1250546400000
07585200;1252360800000
07588479;1252965600000
07591707;1253570400000
07591706;1253570400000
07601048;1255384800000
07604526;1255989600000
07607966;1256598000000
07607965;1256598000000
07607964;1256598000000
07611399;1257202800000
07618304;1258412400000
07618305;1258412400000
07621797;1259017200000
07628675;1260226800000
07637798;1262041200000
07641536;1262646000000
07645179;1263250800000
07648408;1263855600000
07654882;1265065200000
07662019;1266274800000
07662018;1266274800000
07666059;1266879600000
07666058;1266879600000
07666060;1266879600000
07670205;1267484400000
07677950;1268694000000
07677952;1268694000000
07677951;1268694000000
07677953;1268694000000
07682219;1269298800000
07690965;1270504800000
07695343;1271109600000
07695344;1271109600000
07700088;1271714400000
07704121;1272319200000
07704120;1272319200000
07708617;1272924000000
07707698;1272924000000
07721349;1274738400000
07722432;1274738400000
07722433;1274738400000
07727048;1275343200000
07731564;1275948000000
07739753;1277157600000
07753758;1278972000000
07753759;1278972000000
07753757;1278972000000
07758401;1279576800000
07775851;1281996000000
07780502;1282600800000
07785171;1283205600000
RE041654;1283810400000
07793358;1284415200000
07794304;1284415200000
07798887;1285020000000
07806748;1286229600000
07806749;1286229600000
07811248;1286834400000
07814569;1287439200000
07814575;1287439200000
07815488;1287439200000
07815487;1287439200000
07817907;1287439200000
07819831;1288044000000
07819721;1288044000000
07824242;1288652400000
07833085;1289862000000
07833082;1289862000000
07833084;1289862000000
07833083;1289862000000
07841924;1291071600000
07846005;1291676400000
07850507;1292281200000
07850508;1292281200000
07854022;1292886000000
