03858262;158281200000
03858261;158281200000
03858479;158281200000
03859838;158886000000
03862458;160095600000
03863526;160700400000
03864774;161305200000
03867865;162514800000
03872530;164934000000
03874048;165538800000
03877099;166748400000
03877341;166748400000
03877281;166748400000
03878759;167353200000
03879045;167353200000
03879976;167958000000
03883915;169772400000
03884117;169772400000
03885411;170377200000
03888289;171586800000
03890685;172796400000
03890663;172796400000
03890876;172796400000
03894509;174610800000
03894570;174610800000
03896760;175820400000
03898706;177030000000
03902209;178844400000
03903556;179449200000
03906566;180658800000
03906567;180658800000
03908214;181263600000
03909927;181868400000
03911516;182473200000
03914814;183682800000
03919874;185497200000
03921280;186102000000
03922742;186706800000
03924508;187311600000
03933075;190940400000
03934293;191545200000
03937053;192754800000
03938208;193359600000
03938209;193359600000
03939512;193964400000
03942406;195174000000
03943588;195778800000
03943587;195778800000
03944228;195778800000
03945751;196383600000
03945069;196383600000
03945070;196383600000
03945071;196383600000
03945072;196383600000
03948616;197589600000
03951564;198799200000
03952785;199404000000
03953906;200008800000
03955231;200613600000
03956787;201218400000
03958290;201823200000
03965718;204847200000
03965716;204847200000
03966348;204847200000
03967830;205452000000
03968533;206056800000
03969974;206661600000
03971085;207266400000
03971086;207266400000
03972213;207871200000
03972216;207871200000
03972083;207871200000
03972084;207871200000
03975787;209685600000
03975788;209685600000
03975786;209685600000
03977032;210290400000
03978760;210895200000
03978758;210895200000
03978538;210895200000
03981060;212104800000
03981170;212104800000
03983589;213318000000
03988796;215737200000
03992917;217551600000
03992740;217551600000
03994403;218156400000
03996834;219366000000
03996823;219366000000
03998565;219970800000
04000797;221180400000
04001906;221785200000
04005945;223599600000
04012803;227833200000
04014622;228438000000
04014058;228438000000
04014203;228438000000
04015301;229039200000
04016795;229644000000
04018132;230248800000
04017928;230248800000
04019432;230853600000
04021133;231458400000
04020515;231458400000
04023393;232668000000
04023225;232668000000
04023224;232668000000
04023211;232668000000
04023452;232668000000
04025219;233272800000
04024593;233272800000
04025978;233877600000
04028918;235087200000
04028763;235087200000
04028762;235087200000
04030153;235692000000
04031584;236296800000
04033003;236901600000
04033441;236901600000
04034586;237506400000
04035858;238111200000
04035859;238111200000
04037282;238716000000
04037281;238716000000
04038714;239320800000
04040328;239925600000
04040462;239925600000
04043369;241135200000
04044588;241740000000
04044640;241740000000
04048687;243554400000
04048838;243554400000
04052763;245372400000
04055869;247186800000
04056862;247791600000
04058865;249001200000
04058866;249001200000
04058864;249001200000
04059860;249606000000
04060116;249606000000
04060868;250210800000
04062080;250815600000
04064585;252025200000
04068977;253839600000
04069530;254444400000
04070723;255049200000
04070724;255049200000
04071067;255049200000
04071918;255654000000
04071948;255654000000
04074950;256863600000
04078273;258678000000
04080090;259282800000
04079475;259282800000
04079474;259282800000
04081873;260488800000
04084278;261698400000
04085640;262303200000
04087875;263512800000
04088418;263512800000
04090806;264722400000
04091486;265327200000
04093322;265932000000
04095917;267141600000
04096722;267746400000
04097182;267746400000
04100638;269560800000
04102034;270165600000
04106147;271980000000
04107805;272584800000
04110858;273794400000
04111591;273794400000
04114217;275004000000
04114218;275004000000
04114507;275004000000
04115025;275004000000
04118140;276217200000
04117563;276217200000
04119130;276822000000
04120993;277426800000
04122572;278636400000
04123194;278636400000
04123192;278636400000
04123132;278636400000
04123961;279241200000
04126908;281055600000
04130005;282870000000
04130035;282870000000
04132495;284079600000
04132815;284079600000
04131964;284079600000
04133066;284684400000
04136416;286498800000
04136417;286498800000
04136597;286498800000
04137000;286498800000
04138754;287708400000
04142266;289522800000
04143578;290127600000
04143535;290127600000
04145784;291337200000
04147088;291938400000
04149287;293148000000
04150452;293752800000
04150451;293752800000
04150450;293752800000
04151621;294357600000
04159552;299800800000
04160300;300405600000
04161113;301010400000
04164971;304034400000
04166373;305244000000
04166311;305244000000
04170123;308271600000
04170051;308271600000
04170050;308271600000
04171177;308876400000
04174646;311900400000
04174918;311900400000
04175417;312505200000
04181457;315529200000
04184217;317343600000
04186581;318553200000
04192172;321577200000
04201503;326412000000
04201110;326412000000
04209274;330645600000
04214333;333669600000
04225273;339116400000
04224729;339116400000
04227390;340326000000
04229126;340930800000
04229127;340930800000
04229875;341535600000
04233867;343350000000
04234991;343954800000
04235149;343954800000
04237567;345164400000
04237566;345164400000
04237605;345164400000
04241468;346978800000
04242896;347583600000
04244068;348188400000
04249444;350607600000
04256421;353631600000
04256010;353631600000
04259758;355442400000
04259889;355442400000
04262038;356047200000
04264995;357861600000
04266310;358466400000
04266460;358466400000
04270237;360280800000
04271554;360885600000
04272978;361490400000
04275285;362095200000
04274768;362095200000
04277209;363304800000
04278374;363909600000
04281429;365724000000
04281430;365724000000
04282618;366328800000
04282913;366328800000
04283972;366933600000
04284374;366933600000
04285084;367538400000
04285378;367538400000
04286454;368143200000
04287627;368748000000
04288181;368748000000
04289006;369352800000
04295351;372380400000
04296512;372985200000
04296625;372985200000
04298297;373590000000
04299000;374194800000
04299001;374194800000
04301563;375404400000
04301671;375404400000
04302136;375404400000
04306324;377823600000
04306654;377823600000
04307600;378428400000
04308743;379033200000
04309787;379638000000
04309820;379638000000
04309885;379638000000
04310272;379638000000
04310939;380242800000
04315340;382662000000
04316683;383266800000
04319477;385081200000
04321001;385686000000
04322195;386287200000
04325985;388101600000
04329093;389916000000
04331416;391125600000
04335479;393544800000
04338556;394754400000
04338694;395359200000
04339836;395964000000
04342127;397173600000
04342215;397173600000
04344342;398383200000
04344312;398383200000
04346491;399592800000
04348141;400197600000
04347636;400197600000
04349931;401407200000
04351626;402015600000
04351180;402015600000
04352219;402620400000
04353941;403225200000
04355430;404434800000
04357726;405644400000
04358911;406249200000
04359794;406854000000
04362042;408063600000
04364136;409273200000
04364256;409273200000
04365445;409878000000
04365495;409878000000
04366588;410482800000
04367060;410482800000
04368552;411692400000
04370770;412902000000
04375708;415926000000
04376334;416530800000
04377360;417135600000
04384812;422575200000
04385854;423180000000
04389145;424994400000
04394421;427413600000
04396316;428623200000
04396317;428623200000
04396321;428623200000
04395899;428623200000
04397172;429228000000
04398408;429832800000
04399166;429832800000
04402120;431647200000
04405267;432856800000
04404721;432856800000
04408363;434674800000
04409698;435279600000
04416142;438303600000
04417464;438908400000
04420848;440722800000
04422196;441327600000
04426178;443142000000
04428982;444351600000
04428222;444351600000
04429458;444956400000
04429561;444956400000
04431353;445561200000
04433949;446770800000
04435112;447375600000
04438539;449186400000
04442561;451000800000
04442562;451000800000
04446618;452815200000
04449868;454024800000
04450616;454629600000
04453308;455839200000
04457153;457653600000
04460300;458863200000
04462727;460072800000
04465422;461282400000
04468827;463096800000
04470194;463701600000
04472095;464306400000
04473738;464911200000
04472956;464911200000
04473330;464911200000
04473914;465519600000
04475858;466124400000
04476599;466729200000
04483224;469753200000
04484849;470358000000
04486135;470962800000
04485510;470962800000
04485511;470962800000
04487305;471567600000
04489456;472777200000
04491167;473382000000
04491002;473382000000
04493202;474591600000
04498326;477010800000
04501041;478220400000
04501519;478220400000
04502821;478825200000
04506399;480639600000
04506432;480639600000
04508759;481240800000
04509220;481845600000
04511826;482450400000
04514115;483660000000
04516306;484869600000
04520521;486684000000
04524654;488498400000
04526496;489103200000
04527299;489708000000
04531863;491522400000
04531866;491522400000
04531865;491522400000
04532663;492127200000
04532664;492127200000
04534690;492732000000
04538313;494546400000
04538437;494546400000
04539832;495151200000
04544312;496969200000
04545712;497574000000
04545104;497574000000
04547101;498178800000
04547104;498178800000
04546630;498178800000
04549269;498783600000
04549419;499388400000
04549325;499388400000
04557653;503017200000
04557166;503017200000
04561811;504831600000
04561277;504831600000
04563119;505436400000
04565475;506646000000
04566829;507250800000
04572713;509670000000
04574014;510274800000
04574609;510879600000
04576533;511484400000
04575888;511484400000
04577359;512089200000
04580933;513295200000
04581783;513900000000
04584247;514504800000
04586231;515714400000
04586364;515714400000
04589155;516924000000
04589154;516924000000
04589187;516924000000
04594040;518738400000
04600343;521762400000
04601192;522367200000
04603446;523576800000
04604786;524181600000
04606249;524786400000
04606681;524786400000
04613260;527810400000
04615651;529023600000
04615197;529023600000
04616537;529628400000
04620349;531442800000
04622730;532652400000
04624024;533257200000
04628171;534466800000
04627166;534466800000
04630978;535676400000
04635310;537490800000
04635463;537490800000
04640652;539305200000
04642002;539910000000
04645386;541119600000
04645398;541119600000
04645396;541119600000
04651374;543538800000
04653132;544140000000
04653970;544140000000
04654912;544744800000
04654913;544744800000
04655073;544744800000
04655658;544744800000
04661028;546559200000
04662795;547164000000
04664733;547768800000
04666348;548373600000
04669925;549583200000
04669937;549583200000
04669141;549583200000
04670310;549583200000
04670927;550188000000
04673323;550792800000
04674924;551397600000
04677703;552607200000
04680823;553816800000
04682924;554421600000
04682381;554421600000
04687384;556236000000
04689984;557445600000
04692077;558050400000
04692072;558050400000
04700441;561682800000
04705437;563497200000
04706369;564102000000
04708538;564706800000
04709464;565311600000
04709574;565311600000
04713855;567126000000
04718319;568940400000
04721025;570150000000
04722107;570754800000
04722643;570754800000
04724694;571964400000
04735080;576194400000
04736481;576799200000
04740118;578008800000
04740116;578008800000
04740120;578008800000
04743146;579218400000
04744119;579823200000
04748708;581637600000
04748707;581637600000
04752164;582847200000
04752163;582847200000
04752159;582847200000
04759672;585871200000
04761100;586476000000
04761844;587080800000
04761980;587080800000
04762444;587080800000
04762448;587080800000
04765010;588290400000
04768910;589500000000
04773111;591318000000
04775555;591922800000
04775272;591922800000
04778637;593132400000
04780031;593737200000
04785649;596156400000
04787235;596761200000
04788022;596761200000
04790971;597970800000
04793201;599180400000
04799832;601599600000
04800746;602204400000
04805288;604018800000
04805437;604018800000
04815920;607039200000
04818158;607644000000
04822216;608853600000
04824297;609458400000
04826377;610063200000
04826376;610063200000
04825932;610063200000
04828443;610668000000
04827756;610668000000
04831674;611877600000
04832542;611877600000
04833906;612482400000
04836007;613087200000
04835805;613087200000
04856946;619135200000
04861201;620344800000
04860570;620344800000
04865881;621554400000
04866970;622159200000
04872790;623977200000
04877138;625791600000
04878794;626396400000
04879929;627001200000
04880344;627001200000
04880340;627001200000
04881395;627606000000
04882925;628210800000
04883398;628210800000
04887950;630025200000
04888214;630025200000
04889453;630630000000
04891244;631234800000
04898017;634258800000
04904145;636073200000
04911588;638488800000
04914663;639093600000
04913604;639093600000
04915559;639698400000
04918809;640908000000
04927302;643327200000
04927307;643327200000
04928375;643932000000
04929505;643932000000
04930949;644536800000
04932234;645141600000
04934040;645746400000
04936725;646351200000
04936131;646351200000
04937914;646956000000
04941340;648165600000
04941341;648165600000
04941337;648165600000
04942752;648770400000
04943191;648770400000
04944644;649375200000
04944639;649375200000
04948319;650584800000
04948318;650584800000
04947502;650584800000
04949813;651189600000
04949614;651189600000
04955773;653004000000
04956888;653608800000
04957401;653608800000
04958972;654213600000
04963063;656031600000
04962806;656031600000
04966024;657241200000
04968190;657846000000
04968194;657846000000
04969780;658450800000
04974274;660265200000
04976572;660870000000
04982596;663289200000
04985841;663894000000
04984319;663894000000
04985981;664498800000
04988243;665103600000
04987761;665103600000
04990042;665708400000
04993902;666918000000
04996860;668127600000
05001827;669942000000
05002440;669942000000
05009554;672357600000
05014411;674172000000
05014540;674172000000
05016335;674776800000
05016461;674776800000
05020353;675986400000
05022803;676591200000
05031262;679615200000
05033181;680220000000
05033919;680220000000
05035019;680824800000
05037251;681429600000
05039265;682034400000
05046348;684453600000
05050260;685663200000
05054146;686876400000
05058228;688086000000
05058412;688086000000
05060330;688690800000
05060331;688690800000
05062744;689295600000
05069059;691714800000
05076740;694134000000
05076744;694134000000
05078083;694738800000
05080538;695343600000
05081732;695948400000
05083888;696553200000
05086532;697762800000
05088312;698367600000
05112162;705621600000
05112168;705621600000
05117667;707436000000
05117671;707436000000
05122020;708645600000
05127783;710460000000
05127776;710460000000
05127252;710460000000
05131107;711669600000
05131794;711669600000
05138866;714088800000
05140715;714693600000
05143492;715298400000
05146668;716508000000
05152642;718326000000
05152948;718326000000
05154670;718930800000
05158404;720140400000
05161925;721350000000
05165828;722559600000
05167585;723164400000
05170655;724374000000
05171186;724374000000
05181310;728002800000
05181886;728002800000
05186688;729817200000
05195931;732841200000
05197832;733442400000
05199927;734047200000
05199928;734047200000
05201686;734652000000
05203652;735256800000
05203651;735256800000
05203874;735256800000
05203742;735256800000
05205466;735861600000
05207084;736466400000
05209616;737071200000
05211048;737676000000
05210935;737676000000
05221234;740700000000
05221170;740700000000
05222847;741304800000
05224900;741909600000
05234291;744933600000
05248230;749170800000
05250008;749775600000
05250007;749775600000
05259819;752799600000
05259706;752799600000
05259713;752799600000
05263356;754009200000
05271144;756428400000
05271697;756428400000
05273385;757033200000
05281059;759452400000
05282698;760057200000
05288181;761871600000
05297997;764892000000
05299441;765496800000
05299351;765496800000
05308285;767916000000
05308286;767916000000
05307549;767916000000
05310292;768520800000
05316520;770335200000
05318393;770940000000
05325732;773359200000
05333980;775778400000
05333973;775778400000
05343730;778802400000
05343787;778802400000
05346337;779407200000
05348429;780012000000
05352069;781225200000
05358362;783039600000
05360639;783644400000
05363686;784854000000
05366414;785458800000
05372279;787273200000
05380250;789692400000
05382195;790297200000
05391114;793321200000
05394724;794530800000
05400016;795740400000
05403135;796946400000
05413438;799970400000
05425610;803599200000
05429464;804808800000
05429459;804808800000
05435786;806623200000
05443336;809042400000
05452976;812070000000
05454675;812674800000
05456100;813279600000
05456635;813279600000
05476351;819327600000
05478280;819932400000
05480272;820537200000
05480270;820537200000
05480271;820537200000
05482420;821142000000
05487626;822956400000
05490746;824166000000
05496140;825980400000
05499893;827190000000
05501118;827794800000
05503596;828396000000
05507694;829605600000
05507608;829605600000
05513933;831420000000
05515750;832024800000
05516240;832024800000
05518768;832629600000
05520490;833234400000
05524471;834444000000
05533377;836863200000
05533379;836863200000
05538371;838072800000
05538369;838072800000
05542276;839282400000
05542886;839282400000
05547325;840492000000
05547424;840492000000
05562371;844725600000
05562547;844725600000
05564876;845330400000
05569091;846543600000
05573357;847753200000
05582548;850172400000
05597357;854406000000
05603661;856220400000
05611734;858639600000
05615467;859845600000
05615981;859845600000
05616082;859845600000
05618236;860450400000
05618237;860450400000
05624319;862264800000
05626522;862869600000
05626521;862869600000
05628593;863474400000
05636549;865893600000
05636851;865893600000
05639191;866498400000
05647803;868917600000
05651739;870127200000
05655856;871336800000
05655969;871336800000
05659876;871941600000
05660594;872546400000
05662524;873151200000
05664915;873756000000
05667443;874360800000
05678962;877384800000
05700120;882831600000
05700199;882831600000
05701935;883436400000
05704738;884041200000
05711711;885855600000
05713236;886460400000
05716280;887065200000
05718636;887670000000
05725336;889484400000
05730570;890694000000
05733199;891295200000
05733198;891295200000
05733078;891295200000
05732589;891295200000
05743123;893714400000
05755133;896133600000
05755542;896133600000
05755824;896133600000
05762560;897343200000
05776001;899762400000
05775163;899762400000
05782697;900972000000
05788441;902181600000
05791997;902786400000
05791996;902786400000
05795234;903391200000
05797802;903996000000
05797710;903996000000
05803676;905205600000
05809820;906415200000
05810670;906415200000
05826469;909442800000
05833543;910652400000
05836826;911257200000
05842924;912466800000
05842923;912466800000
05851153;914281200000
05852859;914886000000
05860866;916700400000
05865847;917910000000
05865575;917910000000
05868051;918514800000
05871402;919119600000
05871403;919119600000
05876158;920329200000
05875538;920329200000
05882015;921538800000
05890852;923349600000
05893290;923954400000
05895324;924559200000
05897593;925164000000
05902079;926373600000
05904623;926978400000
05906544;927583200000
05906537;927583200000
05908272;928188000000
05910052;928792800000
05915892;930607200000
05928084;933026400000
05927920;933026400000
05937693;934840800000
05944462;936050400000
05947827;936655200000
05946966;936655200000
05954456;937864800000
05957777;938469600000
05971860;940888800000
05979216;942102000000
05980390;942102000000
05988967;943311600000
05993120;943916400000
05993320;943916400000
06000893;945126000000
06004215;945730800000
06004214;945730800000
06012882;947545200000
06015351;948150000000
06017275;948754800000
06017274;948754800000
06019557;949359600000
06024646;950569200000
06033313;952383600000
06035744;952988400000
06062777;958428000000
06066048;959032800000
06067837;959637600000
06071196;960242400000
06073552;960847200000
06076437;961452000000
06077014;961452000000
06079922;962056800000
06083227;962661600000
06086480;963266400000
06089985;963871200000
06089986;963871200000
06092445;964476000000
06111382;967500000000
06110047;967500000000
06135892;972338400000
06139237;972946800000
06149363;974761200000
06176653;980204400000
06179718;980809200000
06203442;985042800000
06206620;985644000000
06213885;986853600000
06213884;986853600000
06213693;986853600000
06217267;987458400000
06216510;987458400000
06220805;988063200000
06224310;988668000000
06231281;989877600000
06234913;990482400000
06234914;990482400000
06244088;992296800000
06247884;992901600000
06248020;992901600000
06257809;994716000000
06267684;996530400000
06269673;997135200000
06286382;1000159200000
06287210;1000159200000
06290279;1000764000000
06293740;1001368800000
06296573;1001973600000
06298708;1002578400000
06308544;1004396400000
06314778;1005606000000
06328657;1008025200000
06334370;1009839600000
06338600;1011049200000
06340276;1011654000000
06348003;1014073200000
06353989;1015887600000
06355043;1015887600000
06361099;1017097200000
06371708;1018908000000
06371709;1018908000000
06371740;1018908000000
06386954;1021327200000
06386804;1021327200000
06390929;1021932000000
06389873;1021932000000
06406376;1024351200000
06406236;1024351200000
06425829;1027980000000
06440001;1030399200000
06439819;1030399200000
06439818;1030399200000
06443677;1031004000000
06447399;1031608800000
06446520;1031608800000
06446479;1031608800000
06464592;1034632800000
06471596;1035846000000
06475094;1036450800000
06485371;1038265200000
06494652;1040079600000
06499920;1041289200000
06508715;1043103600000
06514148;1044313200000
06520860;1045522800000
06537646;1048546800000
06540619;1049148000000
06544127;1049752800000
06547496;1050357600000
06550120;1050962400000
06551323;1050962400000
06554550;1051567200000
06558263;1052172000000
06561913;1052776800000
06565447;1053381600000
06569022;1053986400000
06589122;1057615200000
06591657;1058220000000
06602034;1060034400000
06626616;1064872800000
06634651;1066687200000
06648766;1069110000000
06659878;1070924400000
06662612;1071529200000
06663326;1071529200000
06669424;1072738800000
06676528;1073948400000
06685573;1075762800000
06688988;1076367600000
06702684;1078786800000
06708544;1079996400000
06712708;1080597600000
06729962;1083621600000
06755748;1088460000000
06755747;1088460000000
06763573;1090274400000
06780116;1093298400000
06780115;1093298400000
06782727;1093903200000
06786828;1094508000000
06786827;1094508000000
06796907;1096322400000
06802678;1097532000000
06804982;1098136800000
06840866;1105398000000
06843729;1106002800000
06852037;1107817200000
06852181;1107817200000
06857962;1109026800000
06864593;1110236400000
06878069;1113256800000
06884176;1114466400000
06886384;1115071200000
06893354;1116280800000
06907765;1119304800000
06908395;1119304800000
06912883;1120514400000
06918718;1121724000000
06921236;1122328800000
06955106;1129586400000
06957557;1130191200000
06984235;1136847600000
06991547;1138662000000
06997654;1139871600000
06997814;1139871600000
07004845;1141081200000
07004846;1141081200000
07011584;1142290800000
07013550;1142895600000
07013692;1142895600000
07014397;1142895600000
07021111;1144101600000
07037204;1146520800000
07044692;1147730400000
07051875;1148940000000
07063702;1150754400000
07065996;1151359200000
07070509;1151964000000
07070664;1151964000000
07073988;1152568800000
07076989;1153173600000
07077755;1153173600000
07082807;1154383200000
07090585;1155592800000
07097395;1156802400000
07104109;1158012000000
07107805;1158616800000
07107664;1158616800000
07108607;1158616800000
07112142;1159221600000
07112143;1159221600000
07114891;1159826400000
07121952;1161036000000
07131809;1162854000000
07140825;1164668400000
07144208;1165273200000
07147413;1165878000000
07156600;1167692400000
07159429;1168297200000
07175533;1171321200000
07189251;1173740400000
07189163;1173740400000
07195438;1174946400000
07204121;1176760800000
07214009;1178575200000
07217195;1179180000000
07237424;1183413600000
07241086;1184018400000
07247099;1185228000000
07250003;1185832800000
07267616;1189461600000
07281524;1192485600000
07289535;1193698800000
07290964;1194303600000
07308816;1197932400000
07314417;1199142000000
07329191;1202770800000
07331874;1203375600000
07339795;1204585200000
07340978;1205190000000
07347075;1206399600000
07354350;1207605600000
07357606;1208210400000
07357726;1208210400000
07360389;1208815200000
07367893;1210024800000
07373796;1211234400000
07374495;1211234400000
07374494;1211234400000
07387575;1213653600000
07396287;1215468000000
07399231;1216072800000
07402109;1216677600000
07404769;1217282400000
07419339;1220306400000
07418756;1220306400000
07421875;1220911200000
07442128;1225148400000
07465234;1229382000000
07468001;1229986800000
07473182;1231196400000
07513720;1239055200000
07521402;1240264800000
07523980;1240869600000
07552610;1246312800000
07553114;1246312800000
07559846;1247522400000
07575520;1250546400000
07584641;1252360800000
07597512;1254780000000
07618327;1258412400000
07621168;1259017200000
07625291;1259622000000
07625292;1259622000000
07631532;1260831600000
07645106;1263250800000
07651401;1264460400000
07654909;1265065200000
07660704;1265670000000
07665934;1266879600000
07674081;1268089200000
07674079;1268089200000
07677074;1268694000000
07704151;1272319200000
07708506;1272924000000
07744475;1277762400000
07815512;1287439200000
07824142;1288652400000
07828664;1289257200000
07836745;1290466800000
