03858794;158281200000
03858795;158281200000
03858793;158281200000
03858796;158281200000
03860165;158886000000
03860167;158886000000
03860166;158886000000
03861584;159490800000
03863049;160095600000
03862715;160095600000
03862714;160095600000
03864089;160700400000
03864256;160700400000
03863838;160700400000
03866825;161910000000
03871574;164329200000
03871575;164329200000
03873020;164934000000
03873021;164934000000
03873061;164934000000
03876135;166143600000
03877634;166748400000
03877635;166748400000
03877906;166748400000
03878981;167353200000
03879294;167353200000
03880347;167958000000
03880346;167958000000
03880592;167958000000
03882716;169167600000
03885735;170377200000
03885734;170377200000
03886928;170982000000
03888410;171586800000
03891140;172796400000
03893914;174006000000
03893907;174006000000
03897902;176425200000
03899128;177030000000
03899296;177030000000
03901434;178239600000
03901658;178239600000
03902660;178844400000
03902661;178844400000
03902659;178844400000
03902657;178844400000
03902658;178844400000
03904109;179449200000
03905772;180054000000
03905528;180054000000
03905546;180054000000
03905197;180054000000
03908893;181263600000
03910489;181868400000
03912622;182473200000
03913828;183078000000
03915673;183682800000
03916152;183682800000
03920181;185497200000
03921898;186102000000
03923241;186706800000
03925036;187311600000
03924804;187311600000
03926661;187916400000
03927826;188521200000
03928003;188521200000
03930609;189730800000
03930608;189730800000
03931927;190335600000
03931928;190335600000
03932941;190940400000
03934792;191545200000
03936214;192150000000
03935995;192150000000
03937397;192754800000
03937317;192754800000
03937581;192754800000
03938735;193359600000
03938734;193359600000
03938354;193359600000
03940056;193964400000
03942716;195174000000
03942717;195174000000
03944133;195778800000
03945464;196383600000
03946113;196383600000
03946940;196984800000
03946941;196984800000
03946942;196984800000
03950184;198194400000
03951334;198799200000
03953172;199404000000
03955753;200613600000
03955758;200613600000
03955756;200613600000
03955757;200613600000
03955754;200613600000
03955755;200613600000
03957654;201218400000
03957653;201218400000
03957197;201218400000
03958433;201823200000
03958753;201823200000
03960319;202428000000
03960318;202428000000
03961746;203032800000
03961745;203032800000
03963119;203637600000
03963175;203637600000
03965889;204847200000
03966117;204847200000
03967778;205452000000
03967777;205452000000
03968929;206056800000
03970470;206661600000
03970243;206661600000
03970244;206661600000
03970245;206661600000
03971510;207266400000
03971508;207266400000
03971509;207266400000
03972514;207871200000
03973984;208476000000
03976242;209685600000
03976579;209685600000
03976570;209685600000
03977515;210290400000
03977598;210290400000
03980227;211500000000
03981438;212104800000
03981437;212104800000
03982162;212104800000
03982895;212713200000
03982691;212713200000
03985292;213922800000
03986442;214527600000
03986663;214527600000
03987961;215132400000
03989536;215737200000
03989184;215737200000
03989185;215737200000
03990631;216342000000
03990632;216342000000
03990633;216342000000
03990634;216342000000
03991935;216946800000
03992183;216946800000
03993243;217551600000
03997106;219366000000
03997105;219366000000
03997104;219366000000
03997103;219366000000
03998381;219970800000
03998383;219970800000
03998382;219970800000
03998610;219970800000
03999703;220575600000
03999862;220575600000
03999868;220575600000
03999881;220575600000
04000074;220575600000
04003115;222390000000
04006206;223599600000
04005817;223599600000
04006855;224204400000
04008135;224809200000
04008098;224809200000
04007871;224809200000
04009823;226018800000
04009824;226018800000
04009822;226018800000
04010894;226623600000
04010892;226623600000
04010893;226623600000
04010890;226623600000
04010891;226623600000
04011972;227228400000
04012325;227228400000
04014498;228438000000
04014497;228438000000
04015941;229039200000
04015772;229039200000
04015773;229039200000
04015774;229039200000
04015775;229039200000
04016828;229644000000
04017023;229644000000
04017022;229644000000
04018304;230248800000
04022375;232063200000
04026462;233877600000
04027820;234482400000
04028190;234482400000
04029302;235087200000
04030834;235692000000
04030897;235692000000
04030663;235692000000
04032066;236296800000
04032447;236296800000
04035156;237506400000
04036429;238111200000
04036426;238111200000
04036425;238111200000
04036428;238111200000
04036427;238111200000
04037781;238716000000
04039348;239320800000
04042172;240530400000
04044945;241740000000
04044943;241740000000
04044944;241740000000
04046317;242344800000
04046316;242344800000
04046315;242344800000
04046527;242344800000
04049692;243554400000
04049192;243554400000
04051025;244162800000
04052320;244767600000
04052304;244767600000
04052303;244767600000
04052165;244767600000
04052164;244767600000
04053104;245372400000
04054243;245977200000
04054244;245977200000
04056225;247186800000
04056224;247186800000
04057148;247791600000
04058460;248396400000
04058252;248396400000
04059364;249001200000
04059223;249001200000
04059108;249001200000
04061019;250210800000
04063721;251420400000
04063715;251420400000
04065393;252025200000
04066552;252630000000
04066547;252630000000
04067494;253234800000
04068798;253839600000
04069966;254444400000
04069967;254444400000
04069968;254444400000
04069969;254444400000
04070290;254444400000
04071188;255049200000
04072266;255654000000
04073095;256258800000
04073431;256258800000
04073731;256258800000
04074976;256863600000
04076169;257468400000
04076170;257468400000
04077564;258073200000
04078719;258678000000
04078718;258678000000
04080175;259282800000
04079882;259282800000
04081129;259887600000
04082085;260488800000
04082217;260488800000
04083488;261093600000
04085889;262303200000
04085888;262303200000
04085887;262303200000
04087043;262908000000
04087924;263512800000
04090661;264722400000
04090310;264722400000
04090855;264722400000
04090795;264722400000
04092113;265327200000
04091989;265327200000
04091988;265327200000
04091802;265327200000
04093118;265932000000
04094461;266536800000
04096988;267746400000
04097303;267746400000
04098456;268351200000
04098457;268351200000
04098455;268351200000
04098696;268351200000
04099667;268956000000
04101070;269560800000
04101422;269560800000
04102490;270165600000
04103822;270770400000
04104831;271375200000
04105903;271375200000
04106689;271980000000
04108353;272584800000
04108354;272584800000
04108616;272584800000
04109852;273189600000
04109854;273189600000
04109853;273189600000
04109855;273189600000
04111356;273794400000
04111355;273794400000
04113171;274399200000
04113172;274399200000
04113173;274399200000
04113452;274399200000
04114802;275004000000
04114803;275004000000
04115278;275004000000
04118248;276217200000
04119407;276822000000
04120450;277426800000
04120448;277426800000
04120447;277426800000
04120449;277426800000
04122014;278031600000
04127231;281055600000
04128400;281660400000
04129249;282265200000
04129419;282265200000
04131482;283474800000
04131369;283474800000
04132349;284079600000
04134832;285289200000
04135883;285894000000
04135659;285894000000
04135660;285894000000
04136036;285894000000
04136818;286498800000
04138332;287103600000
04140270;288313200000
04140269;288313200000
04140268;288313200000
04140631;288313200000
04141489;288918000000
04141488;288918000000
04142669;289522800000
04142668;289522800000
04142670;289522800000
04142671;289522800000
04143806;290127600000
04146172;291337200000
04147293;291938400000
04147294;291938400000
04148433;292543200000
04148764;292543200000
04148607;292543200000
04149668;293148000000
04151950;294357600000
04151951;294357600000
04152254;294357600000
04152270;294357600000
04154690;295567200000
04154394;295567200000
04154793;295567200000
04155503;296172000000
04157780;297986400000
04157781;297986400000
04158573;298591200000
04159798;299800800000
04160521;300405600000
04161275;301010400000
04162760;302220000000
04162761;302220000000
04163519;302824800000
04164318;303429600000
04164317;303429600000
04165032;304034400000
04166573;305244000000
04167244;305848800000
04167243;305848800000
04169060;307058400000
04170328;308271600000
04170457;308271600000
04171579;309481200000
04172339;310086000000
04173303;310690800000
04175040;311900400000
04176064;312505200000
04176779;313110000000
04177921;313714800000
04178234;313714800000
04178152;313714800000
04180465;314924400000
04181700;315529200000
04182480;316134000000
04183813;316738800000
04184959;317343600000
04184524;317343600000
04186096;317948400000
04186097;317948400000
04185629;317948400000
04187979;319158000000
04189850;320367600000
04190196;320367600000
04190195;320367600000
04190194;320367600000
04190530;320367600000
04191325;320972400000
04193536;322182000000
04193538;322182000000
04193537;322182000000
04194684;322786800000
04195766;323391600000
04196844;323992800000
04199544;325202400000
04199459;325202400000
04200223;325807200000
04200434;325807200000
04201335;326412000000
04201066;326412000000
04202487;327016800000
04202488;327016800000
04203840;327621600000
04205261;328226400000
04205779;328831200000
04206871;329436000000
04209127;330645600000
04209128;330645600000
04209176;330645600000
04210276;331250400000
04210275;331250400000
04211361;331855200000
04214179;333064800000
04213561;333064800000
04216770;334879200000
04220279;336693600000
04221322;337298400000
04221323;337298400000
04221324;337298400000
04221325;337298400000
04222513;337903200000
04223829;338508000000
04225324;339116400000
04225558;339116400000
04225079;339116400000
04226669;339721200000
04226707;339721200000
04226359;339721200000
04228009;340326000000
04228951;340930800000
04228950;340930800000
04228948;340930800000
04228949;340930800000
04230584;341535600000
04230581;341535600000
04230263;341535600000
04230264;341535600000
04234123;343350000000
04235612;343954800000
04235367;343954800000
04236666;344559600000
04237234;344559600000
04240578;346374000000
04241866;346978800000
04243172;347583600000
04244513;348188400000
04244823;348188400000
04245777;348793200000
04251023;351212400000
04250830;351212400000
04253953;352422000000
04253960;352422000000
04254904;353026800000
04254905;353026800000
04256696;353631600000
04256120;353631600000
04259136;354837600000
04261507;356047200000
04262841;356652000000
04262840;356652000000
04265743;357861600000
04266717;358466400000
04267963;359071200000
04267964;359071200000
04268393;359071200000
04269711;359676000000
04269718;359676000000
04277017;363304800000
04278200;363909600000
04278201;363909600000
04278202;363909600000
04278437;363909600000
04279862;364514400000
04279863;364514400000
04279741;364514400000
04283276;366328800000
04283004;366328800000
04283005;366328800000
04284497;366933600000
04284504;366933600000
04284602;366933600000
04284233;366933600000
04284234;366933600000
04284231;366933600000
04284232;366933600000
04285810;367538400000
04285809;367538400000
04285462;367538400000
04285463;367538400000
04285464;367538400000
04287061;368143200000
04286748;368143200000
04286971;368143200000
04288030;368748000000
04288029;368748000000
04289270;369352800000
04290550;369957600000
04292054;370566000000
04292058;370566000000
04292051;370566000000
04294707;371775600000
04295600;372380400000
04295601;372380400000
04297225;372985200000
04296882;372985200000
04298159;373590000000
04298160;373590000000
04298161;373590000000
04298162;373590000000
04298476;373590000000
04299352;374194800000
04299353;374194800000
04300717;374799600000
04301964;375404400000
04301963;375404400000
04303200;376009200000
04303193;376009200000
04303192;376009200000
04304356;376614000000
04304357;376614000000
04305817;377218800000
04305546;377218800000
04306514;377823600000
04306676;377823600000
04308075;378428400000
04310119;379638000000
04311270;380242800000
04311585;380242800000
04312187;380847600000
04313559;381452400000
04313992;381452400000
04314523;382057200000
04314662;382057200000
04314663;382057200000
04315593;382662000000
04316576;383266800000
04322030;386287200000
04322029;386287200000
04322298;386287200000
04323190;386892000000
04324557;387496800000
04325825;388101600000
04326666;388706400000
04327661;389311200000
04327862;389311200000
04328925;389916000000
04330080;390520800000
04331482;391125600000
04332351;391730400000
04332350;391730400000
04332349;391730400000
04334647;392940000000
04335846;393544800000
04339072;395359200000
04340171;395964000000
04341343;396568800000
04341342;396568800000
04342724;397173600000
04342420;397173600000
04342419;397173600000
04343431;397778400000
04343709;397778400000
04344560;398383200000
04344561;398383200000
04344562;398383200000
04344563;398383200000
04346009;398988000000
04345713;398988000000
04347971;400197600000
04350593;401407200000
04350284;401407200000
04350283;401407200000
04350282;401407200000
04352451;402620400000
04353499;403225200000
04354632;403830000000
04356083;404434800000
04357235;405039600000
04356959;405039600000
04356958;405039600000
04356957;405039600000
04356960;405039600000
04356932;405039600000
04358425;405644400000
04360149;406854000000
04360150;406854000000
04360151;406854000000
04361480;407458800000
04362620;408063600000
04364832;409273200000
04365741;409878000000
04367202;410482800000
04369915;412297200000
04369698;412297200000
04372484;413506800000
04372483;413506800000
04375272;415321200000
04375871;415926000000
04375870;415926000000
04375990;415926000000
04377253;417135600000
04377254;417135600000
04378906;418341600000
04381072;420156000000
04381849;420760800000
04383639;421970400000
04386122;423180000000
04386730;423784800000
04387848;424389600000
04389207;424994400000
04389206;424994400000
04391597;426204000000
04392846;426808800000
04392845;426808800000
04395257;428018400000
04395256;428018400000
04396381;428623200000
04397637;429228000000
04397638;429228000000
04398905;429832800000
04400167;430437600000
04400166;430437600000
04401429;431042400000
04402680;431647200000
04405079;432856800000
04406651;433465200000
04406652;433465200000
04410318;435279600000
04410317;435279600000
04410319;435279600000
04409820;435279600000
04411645;435884400000
04411646;435884400000
04412865;436489200000
04412830;436489200000
04412831;436489200000
04412707;436489200000
04412973;436489200000
04413771;437094000000
04413772;437094000000
04413773;437094000000
04414106;437094000000
04416778;438303600000
04416654;438303600000
04416655;438303600000
04416656;438303600000
04417981;438908400000
04417884;438908400000
04417885;438908400000
04419089;439513200000
04419090;439513200000
04421502;440722800000
04421503;440722800000
04425112;442537200000
04426281;443142000000
04427407;443746800000
04427406;443746800000
04428323;444351600000
04430071;444956400000
04430072;444956400000
04431540;445561200000
04431423;445561200000
04431606;445561200000
04432748;446166000000
04432747;446166000000
04435169;447375600000
04435168;447375600000
04435167;447375600000
04439177;449186400000
04439178;449186400000
04443266;451000800000
04443213;451000800000
04445883;452210400000
04446015;452210400000
04446014;452210400000
04447221;452815200000
04447220;452815200000
04448679;453420000000
04450391;454024800000
04449967;454024800000
04449966;454024800000
04449965;454024800000
04449964;454024800000
04451250;454629600000
04451248;454629600000
04451247;454629600000
04454041;455839200000
04456581;457048800000
04457746;457653600000
04457745;457653600000
04458812;458258400000
04459171;458258400000
04459169;458258400000
04460351;458863200000
04460352;458863200000
04460286;458863200000
04462964;460072800000
04464163;460677600000
04464167;460677600000
04464162;460677600000
04464161;460677600000
04468269;462492000000
04468215;462492000000
04475897;466124400000
04479720;467938800000
04479790;467938800000
04479789;467938800000
04479788;467938800000
04482342;469148400000
04482344;469148400000
04482343;469148400000
04484907;470358000000
04484906;470358000000
04490133;472777200000
04491019;473382000000
04492631;473986800000
04493769;474591600000
04493768;474591600000
04493691;474591600000
04496340;475801200000
04498897;477010800000
04498896;477010800000
04498898;477010800000
04501565;478220400000
04502699;478825200000
04504262;479430000000
04505697;480034800000
04505698;480034800000
04505700;480034800000
04507110;480639600000
04508530;481240800000
04509941;481845600000
04509942;481845600000
04509940;481845600000
04510052;481845600000
04511350;482450400000
04511349;482450400000
04512760;483055200000
04512759;483055200000
04512758;483055200000
04512202;483055200000
04514183;483660000000
04513566;483660000000
04515582;484264800000
04517092;484869600000
04516302;484869600000
04516966;484869600000
04516987;484869600000
04522620;487288800000
04525155;488498400000
04530691;490917600000
04531652;491522400000
04531932;491522400000
04533344;492127200000
04534860;492732000000
04534754;492732000000
04534755;492732000000
04534570;492732000000
04536177;493336800000
04537382;493941600000
04540397;495151200000
04542036;495756000000
04543083;496360800000
04543085;496360800000
04543084;496360800000
04547185;498178800000
04548596;498783600000
04551715;499993200000
04553955;501202800000
04557718;503017200000
04557717;503017200000
04557719;503017200000
04557831;503017200000
04566873;507250800000
04568324;507855600000
04568325;507855600000
04571238;509065200000
04575370;510879600000
04581009;513295200000
04582606;513900000000
04585558;515109600000
04585434;515109600000
04585433;515109600000
04586292;515714400000
04586918;515714400000
04586375;515714400000
04589865;516924000000
04589864;516924000000
04589866;516924000000
04591433;517528800000
04594166;518738400000
04601696;522367200000
04604086;523576800000
04608040;525391200000
04608178;525391200000
04610846;526600800000
04612126;527205600000
04612873;527810400000
04614598;528418800000
04614447;528418800000
04615690;529023600000
04615148;529023600000
04617009;529628400000
04617010;529628400000
04622029;532047600000
04623470;532652400000
04623326;532652400000
04624835;533257200000
04624655;533257200000
04626237;533862000000
04629564;535071600000
04631049;535676400000
04631048;535676400000
04632808;536281200000
04634416;536886000000
04636193;537490800000
04636319;537490800000
04636361;537490800000
04637872;538095600000
04639242;538700400000
04640770;539305200000
04642186;539910000000
04643708;540514800000
04643709;540514800000
04643710;540514800000
04645485;541119600000
04645540;541119600000
04647279;541724400000
04648863;542329200000
04648864;542329200000
04652254;543538800000
04654022;544140000000
04654023;544140000000
04655604;544744800000
04656009;544744800000
04659325;545954400000
04659324;545954400000
04661243;546559200000
04662990;547164000000
04662866;547164000000
04662867;547164000000
04666424;548373600000
04668214;548978400000
04668213;548978400000
04670005;549583200000
04670004;549583200000
04670003;549583200000
04670002;549583200000
04671940;550188000000
04673491;550792800000
04675001;551397600000
04676770;552002400000
04679980;553212000000
04680164;553212000000
04681705;553816800000
04683120;554421600000
04684361;555026400000
04684065;555026400000
04685853;555631200000
04685899;555631200000
04687463;556236000000
04688513;556840800000
04690669;557445600000
04690670;557445600000
04692136;558050400000
04692137;558050400000
04693702;558655200000
04695270;559260000000
04696666;559868400000
04698311;560473200000
04698053;560473200000
04700117;561078000000
04701157;561682800000
04701158;561682800000
04702837;562287600000
04708712;564706800000
04708711;564706800000
04708710;564706800000
04708709;564706800000
04710159;565311600000
04710160;565311600000
04710161;565311600000
04714456;567126000000
04714457;567126000000
04717376;568335600000
04718885;568940400000
04718888;568940400000
04718887;568940400000
04718886;568940400000
04718945;568940400000
04720284;569545200000
04721505;570150000000
04724317;571359600000
04729760;573778800000
04729759;573778800000
04729830;573778800000
04731182;574383600000
04734089;575589600000
04735776;576194400000
04738656;577404000000
04738655;577404000000
04740472;578008800000
04743227;579218400000
04743226;579218400000
04742624;579218400000
04746210;580428000000
04752283;582847200000
04752284;582847200000
04753631;583452000000
04753630;583452000000
04753633;583452000000
04753632;583452000000
04753739;583452000000
04755165;584056800000
04758216;585266400000
04759744;585871200000
04761157;586476000000
04764162;587685600000
04764163;587685600000
04767395;588895200000
04767397;588895200000
04767396;588895200000
04769133;589500000000
04769000;589500000000
04772255;590709600000
04772254;590709600000
04773992;591318000000
04776964;592527600000
04776834;592527600000
04776833;592527600000
04776832;592527600000
04776825;592527600000
04778444;593132400000
04778442;593132400000
04778443;593132400000
04781669;594342000000
04781670;594342000000
04781671;594342000000
04784633;595551600000
04784634;595551600000
04784635;595551600000
04785637;596156400000
04786480;596156400000
04787975;596761200000
04788154;596761200000
04790806;597970800000
04790807;597970800000
04790808;597970800000
04795419;599785200000
04795314;599785200000
04798579;600994800000
04798577;600994800000
04799920;601599600000
04800138;601599600000
04801290;602204400000
04802925;602809200000
04804100;603414000000
04804355;603414000000
04804357;603414000000
04806252;604018800000
04806019;604018800000
04808308;604623600000
04810240;605228400000
04812294;605833200000
04813923;606438000000
04816152;607039200000
04816168;607039200000
04818418;607644000000
04818296;607644000000
04817453;607644000000
04820257;608248800000
04820256;608248800000
04822495;608853600000
04822331;608853600000
04822330;608853600000
04824429;609458400000
04824431;609458400000
04824430;609458400000
04824560;609458400000
04826608;610063200000
04827197;610063200000
04828716;610668000000
04828720;610668000000
04828541;610668000000
04829230;610668000000
04832678;611877600000
04832679;611877600000
04832853;611877600000
04832851;611877600000
04833891;612482400000
04834890;612482400000
04835106;612482400000
04838849;613692000000
04840612;614296800000
04840119;614296800000
04842738;614901600000
04844818;615506400000
04846773;616111200000
04846780;616111200000
04846781;616111200000
04846728;616111200000
04846974;616111200000
04847205;616111200000
04850995;617320800000
04850952;617320800000
04850951;617320800000
04853188;617925600000
04853137;617925600000
04855042;618530400000
04854933;618530400000
04857811;619135200000
04857210;619135200000
04857040;619135200000
04859333;619740000000
04861329;620344800000
04860610;620344800000
04865081;621554400000
04865810;621554400000
04867887;622159200000
04869713;622767600000
04871458;623372400000
04871349;623372400000
04874582;624582000000
04874358;624582000000
04874357;624582000000
04879031;626396400000
04882094;627606000000
04882088;627606000000
04886486;629420400000
04886371;629420400000
04889524;630630000000
04890947;631234800000
04891041;631234800000
04892668;631839600000
04894050;632444400000
04895666;633049200000
04897221;633654000000
04897185;633654000000
04897075;633654000000
04898571;634258800000
04900453;634863600000
04900298;634863600000
04902270;635468400000
04904284;636073200000
04907893;637282800000
04910502;637887600000
04909949;637887600000
04909940;637887600000
04913695;639093600000
04913696;639093600000
04915847;639698400000
04915848;639698400000
04915851;639698400000
04915681;639698400000
04915682;639698400000
04917865;640303200000
04917804;640303200000
04919646;640908000000
04921473;641512800000
04924770;642722400000
04925597;642722400000
04925442;642722400000
04925441;642722400000
04927545;643327200000
04927406;643327200000
04929227;643932000000
04930412;644536800000
04932933;645141600000
04933291;645141600000
04934995;645746400000
04936822;646351200000
04936820;646351200000
04936821;646351200000
04938457;646956000000
04940543;647560800000
04941866;648165600000
04941867;648165600000
04941868;648165600000
04943273;648770400000
04944883;649375200000
04944874;649375200000
04944721;649375200000
04946601;649980000000
04946434;649980000000
04946433;649980000000
04950219;651189600000
04950220;651189600000
04950401;651189600000
04952370;651794400000
04952127;651794400000
04953575;652399200000
04953401;652399200000
04957638;653608800000
04957637;653608800000
04957475;653608800000
04959158;654213600000
04960406;654822000000
04961722;655426800000
04961723;655426800000
04961724;655426800000
04963326;656031600000
04964845;656636400000
04966576;657241200000
04968295;657846000000
04972110;659055600000
04973299;659660400000
04976678;660870000000
04978446;661474800000
04978331;661474800000
04978370;661474800000
04980090;662079600000
04981219;662684400000
04981585;662684400000
04983158;663289200000
04983157;663289200000
04983156;663289200000
04985153;663894000000
04990265;665708400000
04990130;665708400000
04990132;665708400000
04990129;665708400000
04991462;666313200000
04991766;666313200000
04994097;666918000000
04997768;668127600000
04997417;668127600000
05000730;669337200000
05004453;670543200000
05004540;670543200000
05006103;671148000000
05005981;671148000000
05008045;671752800000
05007892;671752800000
05013460;673567200000
05019243;675381600000
05021166;675986400000
05021158;675986400000
05024647;677196000000
05024648;677196000000
05024649;677196000000
05024646;677196000000
05024741;677196000000
05024739;677196000000
05026341;677800800000
05030361;679010400000
05030421;679010400000
05032288;679615200000
05031522;679615200000
05037373;681429600000
05037372;681429600000
05037371;681429600000
05037549;681429600000
05039401;682034400000
05041076;682639200000
05041075;682639200000
05043103;683244000000
05045046;683848800000
05045047;683848800000
05045048;683848800000
05045049;683848800000
05047004;684453600000
05052996;686271600000
05053025;686271600000
05053127;686271600000
05054209;686876400000
05055203;686876400000
05057071;687481200000
05061381;688690800000
05061446;688690800000
05062826;689295600000
05064456;689900400000
05066271;690505200000
05067938;691110000000
05067939;691110000000
05071402;692319600000
05071570;692319600000
05073177;692924400000
05076911;694134000000
05077013;694134000000
05078671;694738800000
05078672;694738800000
05084189;696553200000
05084133;696553200000
05084240;696553200000
05085064;697158000000
05087127;697762800000
05088974;698367600000
05091084;698972400000
05090953;698972400000
05093010;699577200000
05092996;699577200000
05092995;699577200000
05096573;700786800000
05096581;700786800000
05098368;701391600000
05098845;701391600000
05100372;701992800000
05104371;703202400000
05104372;703202400000
05104526;703202400000
05104522;703202400000
05104807;703202400000
05110552;705016800000
05114396;706226400000
05114533;706226400000
05115575;706831200000
05120298;708040800000
05122284;708645600000
05123897;709250400000
05127895;710460000000
05133208;712274400000
05137604;713484000000
05141486;714693600000
05147280;716508000000
05147277;716508000000
05147290;716508000000
05147426;716508000000
05149432;717112800000
05149501;717112800000
05151079;717721200000
05154896;718930800000
05156586;719535600000
05156818;719535600000
05156751;719535600000
05158749;720140400000
05160876;720745200000
05160702;720745200000
05160441;720745200000
05160309;720745200000
05160311;720745200000
05160310;720745200000
05160633;720745200000
05160609;720745200000
05163895;721954800000
05167448;723164400000
05167609;723164400000
05169377;723769200000
05169525;723769200000
05171539;724374000000
05171206;724374000000
05171205;724374000000
05173262;724978800000
05176616;726188400000
05178602;726793200000
05180358;727398000000
05182008;728002800000
05182020;728002800000
05182031;728002800000
05183568;728607600000
05186844;729817200000
05186709;729817200000
05186708;729817200000
05188583;730422000000
05190515;731026800000
05196068;732841200000
05195939;732841200000
05195825;732841200000
05197939;733442400000
05199938;734047200000
05199937;734047200000
05200076;734047200000
05202024;734652000000
05203762;735256800000
05203999;735256800000
05206988;736466400000
05207634;736466400000
05211808;737676000000
05215376;738885600000
05217426;739490400000
05217428;739490400000
05217427;739490400000
05217572;739490400000
05218731;740095200000
05219076;740095200000
05221250;740700000000
05221460;740700000000
05222933;741304800000
05222935;741304800000
05224921;741909600000
05227066;742514400000
05230797;743724000000
05232432;744328800000
05234400;744933600000
05235864;745538400000
05236409;745538400000
05242370;747352800000
05242371;747352800000
05242606;747352800000
05242660;747352800000
05244155;747957600000
05244635;747957600000
05244584;747957600000
05244502;747957600000
05244451;747957600000
05246600;748562400000
05250180;749775600000
05252209;750380400000
05252208;750380400000
05252202;750380400000
05254241;750985200000
05254145;750985200000
05254075;750985200000
05254076;750985200000
05253529;750985200000
05256289;751590000000
05257968;752194800000
05258309;752194800000
05259829;752799600000
05259828;752799600000
05260032;752799600000
05261252;753404400000
05261869;753404400000
05263921;754009200000
05264124;754009200000
05266273;754614000000
05267937;755218800000
05267936;755218800000
05269849;755823600000
05273517;757033200000
05275727;757638000000
05277691;758242800000
05277809;758242800000
05277873;758242800000
05279538;758847600000
05279150;758847600000
05280975;759452400000
05281195;759452400000
05281342;759452400000
05281275;759452400000
05282780;760057200000
05287265;761266800000
05286379;761266800000
05286298;761266800000
05288466;761871600000
05291783;763081200000
05295943;764290800000
05298171;764892000000
05297804;764892000000
05300013;765496800000
05300014;765496800000
05304348;766706400000
05304306;766706400000
05306225;767311200000
05306423;767311200000
05308506;767916000000
05308309;767916000000
05307567;767916000000
05310399;768520800000
05310527;768520800000
05312319;769125600000
05311908;769125600000
05311997;769125600000
05314125;769730400000
05314399;769730400000
05316540;770335200000
05316667;770335200000
05316666;770335200000
05316685;770335200000
05318500;770940000000
05318748;770940000000
05317964;770940000000
05322497;772149600000
05322620;772149600000
05321898;772149600000
05328440;773964000000
05328441;773964000000
05330637;774568800000
05334130;775778400000
05338283;776988000000
05338284;776988000000
05338285;776988000000
05342280;778197600000
05342281;778197600000
05342279;778197600000
05342282;778197600000
05344382;778802400000
05344381;778802400000
05344380;778802400000
05345665;779407200000
05350514;780620400000
05352037;781225200000
05354255;781830000000
05354254;781830000000
05354256;781830000000
05356366;782434800000
05356367;782434800000
05356365;782434800000
05358120;783039600000
05360542;783644400000
05361926;784249200000
05362301;784249200000
05362300;784249200000
05362293;784249200000
05362291;784249200000
05362292;784249200000
05364335;784854000000
05368542;786063600000
05368541;786063600000
05370796;786668400000
05370791;786668400000
05370802;786668400000
05370599;786668400000
05370600;786668400000
05372571;787273200000
05372945;787273200000
05374234;787878000000
05376063;788482800000
05376267;788482800000
05378364;789087600000
05380266;789692400000
05380434;789692400000
05382219;790297200000
05382218;790297200000
05382220;790297200000
05384096;790902000000
05383838;790902000000
05383941;790902000000
05387342;792111600000
05387174;792111600000
05387175;792111600000
05387278;792111600000
05386734;792111600000
05389041;792716400000
05395001;794530800000
05397471;795135600000
05399144;795740400000
05403260;796946400000
05403486;796946400000
05405308;797551200000
05405307;797551200000
05409443;798760800000
05409833;798760800000
05409665;798760800000
05411465;799365600000
05410795;799365600000
05415616;800575200000
05417944;801180000000
05421997;802389600000
05421806;802389600000
05423734;802994400000
05423340;802994400000
05425698;803599200000
05428220;804204000000
05427695;804204000000
05429581;804808800000
05431620;805413600000
05437599;807228000000
05437598;807228000000
05441475;808437600000
05443438;809042400000
05445593;809647200000
05449022;810856800000
05454777;812674800000
05456652;813279600000
05456653;813279600000
05456845;813279600000
05458854;813884400000
05458775;813884400000
05462513;815094000000
05462716;815094000000
05464536;815698800000
05466371;816303600000
05466385;816303600000
05468396;816908400000
05468389;816908400000
05470758;817513200000
05472602;818118000000
05472445;818118000000
05474515;818722800000
05474687;818722800000
05477021;819327600000
05478479;819932400000
05480484;820537200000
05484521;821746800000
05484282;821746800000
05484381;821746800000
05484382;821746800000
05484383;821746800000
05486153;822351600000
05487719;822956400000
05487720;822956400000
05490453;824166000000
05490830;824166000000
05494584;825375600000
05494592;825375600000
05494578;825375600000
05494579;825375600000
05496255;825980400000
05496254;825980400000
05501840;827794800000
05501803;827794800000
05505683;829000800000
05505684;829000800000
05505685;829000800000
05505863;829000800000
05507715;829605600000
05509881;830210400000
05509882;830210400000
05512031;830815200000
05512030;830815200000
05514070;831420000000
05514069;831420000000
05518493;832629600000
05518494;832629600000
05518930;832629600000
05520605;833234400000
05525218;834444000000
05527513;835048800000
05527474;835048800000
05527258;835048800000
05527257;835048800000
05529691;835653600000
05529566;835653600000
05529567;835653600000
05533644;836863200000
05538492;838072800000
05538493;838072800000
05543062;839282400000
05542903;839282400000
05545339;839887200000
05545119;839887200000
05545118;839887200000
05547591;840492000000
05547573;840492000000
05547453;840492000000
05549834;841096800000
05549540;841096800000
05552117;841701600000
05551779;841701600000
05551943;841701600000
05551940;841701600000
05551942;841701600000
05551941;841701600000
05551241;841701600000
05558616;843516000000
05558770;843516000000
05558769;843516000000
05560830;844120800000
05562025;844725600000
05561993;844725600000
05562823;844725600000
05562583;844725600000
05562584;844725600000
05562582;844725600000
05562554;844725600000
05566605;845935200000
05567321;845935200000
05571070;847148400000
05571068;847148400000
05573678;847753200000
05575912;848358000000
05582724;850172400000
05582726;850172400000
05585007;850777200000
05584791;850777200000
05584790;850777200000
05586965;851382000000
05586966;851382000000
05588946;851986800000
05589400;851986800000
05591340;852591600000
05591114;852591600000
05591113;852591600000
05593378;853196400000
05593377;853196400000
05599270;855010800000
05599271;855010800000
05600076;855010800000
05601522;855615600000
05601524;855615600000
05601523;855615600000
05603845;856220400000
05605529;856825200000
05607579;857430000000
05610074;858034800000
05611363;858639600000
05616245;859845600000
05618409;860450400000
05618352;860450400000
05622621;861660000000
05624370;862264800000
05624371;862264800000
05626749;862869600000
05628915;863474400000
05630938;864079200000
05632714;864684000000
05632893;864684000000
05635065;865288800000
05634876;865288800000
05637217;865893600000
05641414;867103200000
05643169;867708000000
05643168;867708000000
05650578;869522400000
05649893;869522400000
05651881;870127200000
05651756;870127200000
05653673;870732000000
05653672;870732000000
05653674;870732000000
05656154;871336800000
05656163;871336800000
05656164;871336800000
05656180;871336800000
05655780;871336800000
05658533;871941600000
05658232;871941600000
05658231;871941600000
05665925;873756000000
05665047;873756000000
05665048;873756000000
05667755;874360800000
05667681;874360800000
05667543;874360800000
05675519;876175200000
05674174;876175200000
05674173;876175200000
05674392;876175200000
05676631;876780000000
05676835;876780000000
05676841;876780000000
05675905;876780000000
05681256;877993200000
05681257;877993200000
05681258;877993200000
05683342;878598000000
05683341;878598000000
05683343;878598000000
05685819;879202800000
05690835;880412400000
05690602;880412400000
05693232;881017200000
05695442;881622000000
05702357;883436400000
05704888;884041200000
05704889;884041200000
05704887;884041200000
05707519;884646000000
05707331;884646000000
05709643;885250800000
05714858;886460400000
05713827;886460400000
05713826;886460400000
05720877;888274800000
05720879;888274800000
05720880;888274800000
05720716;888274800000
05720705;888274800000
05723050;888879600000
05722926;888879600000
05724819;889484400000
05728039;890089200000
05728038;890089200000
05728040;890089200000
05728060;890089200000
05730697;890694000000
05730883;890694000000
05733446;891295200000
05733239;891295200000
05733238;891295200000
05733253;891295200000
05735789;891900000000
05735787;891900000000
05736054;891900000000
05738622;892504800000
05738644;892504800000
05738796;892504800000
05738784;892504800000
05741428;893109600000
05743840;893714400000
05746708;894319200000
05746915;894319200000
05746979;894319200000
05750039;894924000000
05752910;895528800000
05755657;896133600000
05759147;896738400000
05762800;897343200000
05762598;897343200000
05767381;897948000000
05769775;898552800000
05769776;898552800000
05770058;898552800000
05770069;898552800000
05772572;899157600000
05772573;899157600000
05779619;900367200000
05779618;900367200000
05783087;900972000000
05786898;901576800000
05785849;901576800000
05785637;901576800000
05788861;902181600000
05788662;902181600000
05788622;902181600000
05788621;902181600000
05789259;902181600000
05792039;902786400000
05792038;902786400000
05792037;902786400000
05792351;902786400000
05792372;902786400000
05795477;903391200000
05795317;903391200000
05800330;904600800000
05800332;904600800000
05800331;904600800000
05800070;904600800000
05804079;905205600000
05802733;905205600000
05807492;905810400000
05814279;907020000000
05816998;907624800000
05823937;908834400000
05824230;908834400000
05827168;909442800000
05830352;910047600000
05833908;910652400000
05837150;911257200000
05840006;911862000000
05840005;911862000000
05840007;911862000000
05840253;911862000000
05842965;912466800000
05846439;913071600000
05845764;913071600000
05849203;913676400000
05849178;913676400000
05848959;913676400000
05851170;914281200000
05851169;914281200000
05851396;914281200000
05853382;914886000000
05855545;915490800000
05855773;915490800000
05855800;915490800000
05857955;916095600000
05858253;916095600000
05858251;916095600000
05858236;916095600000
05861052;916700400000
05865109;917910000000
05865719;917910000000
05865718;917910000000
05865785;917910000000
05865993;917910000000
05866085;917910000000
05868696;918514800000
05871435;919119600000
05873810;919724400000
05876321;920329200000
05876322;920329200000
05879280;920934000000
05879279;920934000000
05882289;921538800000
05885202;922143600000
05885239;922143600000
05888184;922744800000
05893281;923954400000
05895346;924559200000
05895345;924559200000
05897484;925164000000
05897483;925164000000
05897482;925164000000
05897786;925164000000
05897774;925164000000
05899844;925768800000
05899845;925768800000
05899349;925768800000
05902224;926373600000
05901873;926373600000
05904645;926978400000
05904836;926978400000
05904841;926978400000
05904840;926978400000
05904090;926978400000
05904355;926978400000
05906733;927583200000
05906570;927583200000
05906571;927583200000
05908376;928188000000
05911885;929397600000
05914034;930002400000
05914145;930002400000
05913768;930002400000
05913767;930002400000
05916083;930607200000
05916084;930607200000
05916082;930607200000
05919123;931212000000
05919124;931212000000
05919125;931212000000
05922211;931816800000
05921150;931816800000
05921909;931816800000
05924972;932421600000
05924357;932421600000
05928125;933026400000
05935425;934236000000
05935432;934236000000
05935053;934236000000
05935051;934236000000
05935052;934236000000
05941810;935445600000
05941811;935445600000
05942130;935445600000
05944992;936050400000
05944648;936050400000
05944649;936050400000
05948256;936655200000
05948271;936655200000
05951877;937260000000
05954626;937864800000
05958235;938469600000
05958253;938469600000
05958250;938469600000
05961842;939074400000
05961846;939074400000
05964690;939679200000
05972264;940888800000
05971908;940888800000
05971907;940888800000
05976388;941497200000
05980757;942102000000
05980760;942102000000
05985037;942706800000
05989177;943311600000
05988398;943311600000
05992042;943916400000
05992309;943916400000
05993370;943916400000
05996634;944521200000
06001310;945126000000
06004255;945730800000
06007725;946335600000
06007473;946335600000
06007472;946335600000
06011490;946940400000
06015375;948150000000
06017300;948754800000
06019742;949359600000
06019716;949359600000
06019717;949359600000
06018883;949359600000
06022306;949964400000
06024686;950569200000
06024687;950569200000
06027657;951174000000
06027655;951174000000
06027441;951174000000
06029569;951778800000
06030332;951778800000
06033563;952383600000
06033564;952383600000
06033355;952383600000
06033356;952383600000
06036630;952988400000
06039711;953593200000
06039869;953593200000
06045494;954799200000
06051147;956008800000
06051146;956008800000
06053856;956613600000
06056684;957218400000
06056685;957218400000
06056910;957218400000
06060022;957823200000
06059712;957823200000
06059971;957823200000
06059979;957823200000
06059118;957823200000
06063017;958428000000
06063018;958428000000
06063019;958428000000
06063292;958428000000
06063297;958428000000
06063281;958428000000
06068586;959637600000
06068587;959637600000
06071421;960242400000
06071423;960242400000
06071422;960242400000
06074335;960847200000
06074336;960847200000
06073778;960847200000
06077210;961452000000
06080322;962056800000
06080098;962056800000
06083147;962661600000
06086242;963266400000
06095964;965080800000
06095965;965080800000
06099740;965685600000
06099491;965685600000
06102843;966290400000
06110096;967500000000
06117063;968709600000
06120429;969314400000
06123655;969919200000
06123656;969919200000
06123696;969919200000
06126836;970524000000
06126587;970524000000
06129851;971128800000
06129656;971128800000
06132630;971733600000
06132598;971733600000
06132354;971733600000
06132353;971733600000
06135940;972338400000
06142924;973551600000
06143183;973551600000
06145669;974156400000
06149571;974761200000
06149570;974761200000
06149569;974761200000
06149573;974761200000
06149572;974761200000
06152868;975366000000
06153113;975366000000
06156193;975970800000
06155964;975970800000
06162162;977180400000
06162163;977180400000
06169191;978390000000
06168715;978390000000
06168561;978390000000
06176820;980204400000
06177021;980204400000
06179801;980809200000
06183651;981414000000
06183408;981414000000
06183407;981414000000
06190300;982623600000
06193642;983228400000
06193643;983228400000
06193076;983228400000
06196987;983833200000
06196962;983833200000
06196961;983833200000
06200252;984438000000
06203483;985042800000
06207063;985644000000
06206818;985644000000
06210311;986248800000
06213928;986853600000
06213929;986853600000
06217502;987458400000
06221315;988063200000
06224531;988668000000
06224532;988668000000
06224533;988668000000
06228017;989272800000
06228016;989272800000
06231537;989877600000
06230899;989877600000
06235537;990482400000
06235245;990482400000
06234948;990482400000
06234949;990482400000
06234989;990482400000
06238329;991087200000
06238330;991087200000
06238331;991087200000
06241901;991692000000
06241649;991692000000
06241650;991692000000
06248231;992901600000
06248053;992901600000
06248054;992901600000
06248055;992901600000
06251284;993506400000
06251056;993506400000
06254784;994111200000
06253929;994111200000
06261455;995320800000
06261217;995320800000
06267250;996530400000
06267899;996530400000
06273848;997740000000
06273849;997740000000
06277060;998344800000
06280622;998949600000
06280375;998949600000
06286838;1000159200000
06287404;1000159200000
06290636;1000764000000
06294094;1001368800000
06294091;1001368800000
06296602;1001973600000
06296798;1001973600000
06296765;1001973600000
06296774;1001973600000
06296125;1001973600000
06299784;1002578400000
06302836;1003183200000
06309606;1004396400000
06309603;1004396400000
06312607;1005001200000
06312610;1005001200000
06312372;1005001200000
06315707;1005606000000
06315706;1005606000000
06314824;1005606000000
06319186;1006210800000
06322710;1006815600000
06322488;1006815600000
06325751;1007420400000
06325750;1007420400000
06334841;1009839600000
06334842;1009839600000
06338708;1011049200000
06343546;1012863600000
06344020;1012863600000
06346069;1013468400000
06348156;1014073200000
06348031;1014073200000
06350225;1014678000000
06350224;1014678000000
06352499;1015282800000
06354986;1015887600000
06354988;1015887600000
06354987;1015887600000
06358193;1016492400000
06361692;1017097200000
06361486;1017097200000
06364822;1017698400000
06363611;1017698400000
06368265;1018303200000
06368264;1018303200000
06375841;1019512800000
06379293;1020117600000
06384906;1020722400000
06383126;1020722400000
06387277;1021327200000
06387253;1021327200000
06387327;1021327200000
06387070;1021327200000
06387031;1021327200000
06387032;1021327200000
06387030;1021327200000
06390964;1021932000000
06390966;1021932000000
06390965;1021932000000
06398972;1023141600000
06398706;1023141600000
06398705;1023141600000
06405877;1024351200000
06413200;1025560800000
06416454;1026165600000
06416455;1026165600000
06416456;1026165600000
06415649;1026165600000
06419822;1026770400000
06419619;1026770400000
06424067;1027375200000
06426010;1027980000000
06425849;1027980000000
06428700;1028584800000
06428460;1028584800000
06432034;1029189600000
06436349;1029794400000
06440054;1030399200000
06440055;1030399200000
06439394;1030399200000
06451203;1032213600000
06455002;1032818400000
06454694;1032818400000
06458067;1033423200000
06458324;1033423200000
06461286;1034028000000
06461287;1034028000000
06464624;1034632800000
06468198;1035237600000
06471069;1035846000000
06475132;1036450800000
06475131;1036450800000
06475175;1036450800000
06478724;1037055600000
06478163;1037055600000
06482342;1037660400000
06488849;1038870000000
06488860;1038870000000
06491615;1039474800000
06497674;1040684400000
06497114;1040684400000
06500107;1041289200000
06503335;1041894000000
06507161;1042498800000
06508752;1043103600000
06510785;1043708400000
06511411;1043708400000
06511596;1043708400000
06514189;1044313200000
06514421;1044313200000
06517475;1044918000000
06520902;1045522800000
06521120;1045522800000
06524231;1046127600000
06530872;1047337200000
06530871;1047337200000
06533712;1047942000000
06533713;1047942000000
06537191;1048546800000
06537445;1048546800000
06540653;1049148000000
06544162;1049752800000
06544161;1049752800000
06549817;1050357600000
06551230;1050962400000
06554788;1051567200000
06558307;1052172000000
06561965;1052776800000
06565809;1053381600000
06572523;1054591200000
06572524;1054591200000
06572779;1054591200000
06579220;1055800800000
06579219;1055800800000
06579218;1055800800000
06579217;1055800800000
06582350;1056405600000
06582349;1056405600000
06589155;1057615200000
06589154;1057615200000
06589151;1057615200000
06589153;1057615200000
06589152;1057615200000
06590960;1057615200000
06592507;1058220000000
06593143;1058220000000
06596181;1058824800000
06596180;1058824800000
06599229;1059429600000
06602178;1060034400000
06602179;1060034400000
06602180;1060034400000
06602413;1060034400000
06605029;1060639200000
06605028;1060639200000
06605223;1060639200000
06607473;1061244000000
06610002;1061848800000
06612975;1062453600000
06613009;1062453600000
06615817;1063058400000
06616590;1063058400000
06616588;1063058400000
06616589;1063058400000
06620089;1063663200000
06620090;1063663200000
06622052;1063663200000
06622618;1064268000000
06623417;1064268000000
06626814;1064872800000
06629918;1065477600000
06629919;1065477600000
06632191;1066082400000
06632166;1066082400000
06635007;1066687200000
06638203;1067295600000
06641552;1067900400000
06641517;1067900400000
06648809;1069110000000
06649072;1069110000000
06652439;1069714800000
06656105;1070319600000
06659932;1070924400000
06663553;1071529200000
06665924;1072134000000
06679820;1074553200000
06679821;1074553200000
06682631;1075158000000
06689042;1076367600000
06692644;1076972400000
06695759;1077577200000
06699169;1078182000000
06699168;1078182000000
06701219;1078182000000
06702729;1078786800000
06705983;1079391600000
06706180;1079391600000
06709378;1079996400000
06709377;1079996400000
06709412;1079996400000
06709575;1079996400000
06712751;1080597600000
06712750;1080597600000
06716187;1081202400000
06716154;1081202400000
06716153;1081202400000
06716152;1081202400000
06716151;1081202400000
06719681;1081807200000
06719682;1081807200000
06719896;1081807200000
06719901;1081807200000
06723238;1082412000000
06733433;1084226400000
06736768;1084831200000
06740026;1085436000000
06740027;1085436000000
06740239;1085436000000
06743632;1086040800000
06746391;1086645600000
06746601;1086645600000
06749552;1087250400000
06752777;1087855200000
06755969;1088460000000
06758804;1089064800000
06758803;1089064800000
06759007;1089064800000
06764437;1090274400000
06764438;1090274400000
06767461;1090879200000
06770244;1091484000000
06773389;1092088800000
06773413;1092088800000
06776751;1092693600000
06776752;1092693600000
06780148;1093298400000
06780147;1093298400000
06780333;1093298400000
06783993;1093903200000
06790169;1095112800000
06790195;1095112800000
06790371;1095112800000
06790367;1095112800000
06793615;1095717600000
06793828;1095717600000
06796934;1096322400000
06800054;1096927200000
06800053;1096927200000
06802803;1097532000000
06802804;1097532000000
06802983;1097532000000
06802982;1097532000000
06805805;1098136800000
06808481;1098741600000
06808633;1098741600000
06811531;1099350000000
06814862;1099954800000
06817970;1100559600000
06823238;1101164400000
06821241;1101164400000
06824506;1101769200000
06827680;1102374000000
06827863;1102374000000
06832980;1103583600000
06832981;1103583600000
06835171;1104188400000
06835316;1104188400000
06837842;1104793200000
06837843;1104793200000
06846281;1106607600000
06846460;1106607600000
06849039;1107212400000
06852074;1107817200000
06852231;1107817200000
06855119;1108422000000
06855102;1108422000000
06857997;1109026800000
06860846;1109631600000
06860845;1109631600000
06866621;1110841200000
06866622;1110841200000
06866623;1110841200000
06869389;1111446000000
06872307;1112047200000
06872360;1112047200000
06875191;1112652000000
06878105;1113256800000
06884348;1114466400000
06884397;1114466400000
RE038730;1114466400000
06887371;1115071200000
06888073;1115071200000
06890291;1115676000000
06893389;1116280800000
06899666;1117490400000
06899813;1117490400000
06902539;1118095200000
06905453;1118700000000
06905454;1118700000000
06905452;1118700000000
06908423;1119304800000
06910998;1119909600000
06916282;1121119200000
RE038757;1121119200000
06929596;1124143200000
06932757;1124748000000
06932913;1124748000000
06936122;1125352800000
06939286;1125957600000
06943509;1126562400000
06945129;1127167200000
06946079;1127167200000
06949063;1127772000000
06951612;1128376800000
06953424;1128981600000
06953423;1128981600000
06955637;1129586400000
RE038855;1130191200000
06960158;1130799600000
06962560;1131404400000
06966874;1132614000000
06969343;1133218800000
06971525;1133823600000
06971982;1133823600000
06974408;1134428400000
06976948;1135033200000
06976947;1135033200000
06981940;1136242800000
06982038;1136242800000
06984200;1136847600000
06986734;1137452400000
06986733;1137452400000
06986732;1137452400000
06986731;1137452400000
06988980;1138057200000
06991704;1138662000000
06991738;1138662000000
06997860;1139871600000
06997859;1139871600000
07001324;1140476400000
07001323;1140476400000
07001322;1140476400000
07001321;1140476400000
07001325;1140476400000
07004898;1141081200000
07008366;1141686000000
07008365;1141686000000
07011742;1142290800000
07011761;1142290800000
07011618;1142290800000
07018326;1143496800000
07018353;1143496800000
07022061;1144101600000
07025715;1144706400000
07025714;1144706400000
07026131;1144706400000
07029430;1145311200000
07033512;1145916000000
07033501;1145916000000
07033311;1145916000000
07037428;1146520800000
07041045;1147125600000
07041044;1147125600000
07041076;1147125600000
07044904;1147730400000
07048709;1148335200000
07052451;1148940000000
07055368;1149544800000
07056272;1149544800000
07056273;1149544800000
07060019;1150149600000
07060018;1150149600000
07060017;1150149600000
07060439;1150149600000
07070553;1151964000000
07074173;1152568800000
07074172;1152568800000
07077799;1153173600000
07077273;1153173600000
07081206;1153778400000
07081081;1153778400000
07081082;1153778400000
07083565;1154383200000
07087177;1154988000000
07090634;1155592800000
07090633;1155592800000
07094197;1156197600000
07094196;1156197600000
07094607;1156197600000
07097774;1156802400000
07104944;1158012000000
07108651;1158616800000
07108672;1158616800000
07112303;1159221600000
07115090;1159826400000
07115202;1159826400000
07115205;1159826400000
07118521;1160431200000
07118522;1160431200000
07128838;1162249200000
07131370;1162854000000
07134991;1163458800000
07144360;1165273200000
07144361;1165273200000
07150836;1166482800000
07150858;1166482800000
07150708;1166482800000
07153255;1167087600000
07156800;1167692400000
07156801;1167692400000
07160469;1168297200000
07166217;1169506800000
07166231;1169506800000
07169360;1170111600000
07175771;1171321200000
07179391;1171926000000
07182724;1172530800000
07186231;1173135600000
07186230;1173135600000
07189331;1173740400000
07189197;1173740400000
07189196;1173740400000
07192394;1174345200000
07195737;1174946400000
07201848;1176156000000
07204795;1176760800000
07204637;1176760800000
07208048;1177365600000
07211191;1177970400000
07211037;1177970400000
07211433;1177970400000
07214177;1178575200000
07217234;1179180000000
07223346;1180389600000
07229399;1181599200000
RE039704;1182808800000
07235177;1182808800000
07235041;1182808800000
07238150;1183413600000
07241392;1184018400000
07241281;1184018400000
07241256;1184018400000
07247133;1185228000000
07252758;1186437600000
07255669;1187042400000
07255670;1187042400000
07256046;1187042400000
07261683;1188252000000
07261859;1188252000000
07275560;1191276000000
07278961;1191880800000
07279107;1191880800000
07282154;1192485600000
07282018;1192485600000
07282019;1192485600000
07285085;1193090400000
07288060;1193698800000
07288202;1193698800000
07294513;1194908400000
07297272;1195513200000
07297098;1195513200000
07297097;1195513200000
07300396;1196118000000
07306740;1197327600000
07306741;1197327600000
07306556;1197327600000
07306555;1197327600000
07309308;1197932400000
07311654;1198537200000
07311653;1198537200000
07311652;1198537200000
07311849;1198537200000
07314442;1199142000000
07314441;1199142000000
07320750;1200956400000
07322926;1201561200000
07326169;1202166000000
07331918;1203375600000
07331919;1203375600000
07335312;1203980400000
07338427;1204585200000
07338426;1204585200000
07347948;1206399600000
07347932;1206399600000
07354388;1207605600000
07357897;1208210400000
07364657;1209420000000
07367932;1210024800000
07371205;1210629600000
07371206;1210629600000
07372219;1210629600000
07373996;1211234400000
07374529;1211234400000
07374678;1211234400000
07377893;1211839200000
07387602;1213653600000
07393317;1214863200000
07396324;1215468000000
07396325;1215468000000
07396451;1215468000000
07396452;1215468000000
07402131;1216677600000
07407472;1217887200000
07407474;1217887200000
07407473;1217887200000
07410456;1218492000000
07410457;1218492000000
07413665;1219096800000
07413652;1219096800000
07416523;1219701600000
07419463;1220306400000
07419464;1220306400000
07422554;1220911200000
07422693;1220911200000
07425192;1221516000000
07431684;1223330400000
07435211;1223935200000
07438678;1224540000000
07438679;1224540000000
07442178;1225148400000
07442315;1225148400000
07445125;1225753200000
07448992;1226358000000
07452322;1226962800000
07452323;1226962800000
07455783;1227567600000
07458928;1228172400000
07470371;1230591600000
07473216;1231196400000
07481977;1233010800000
07482485;1233010800000
07485085;1233615600000
07485084;1233615600000
07488427;1234220400000
07494814;1235430000000
07497944;1236034800000
07500943;1236639600000
07500942;1236639600000
07503889;1237244400000
07503888;1237244400000
07510519;1238450400000
07517944;1239660000000
07520996;1240264800000
07527587;1241474400000
07531148;1242079200000
07531098;1242079200000
07537559;1243288800000
07540838;1243893600000
07540837;1243893600000
07547272;1245103200000
07547273;1245103200000
07548034;1245103200000
07549956;1245708000000
07549957;1245708000000
07553271;1246312800000
07555933;1246917600000
07566294;1248732000000
07582049;1251756000000
07585269;1252360800000
07588526;1252965600000
07588692;1252965600000
07591775;1253570400000
07597658;1254780000000
07601112;1255384800000
07611451;1257202800000
07614995;1257807600000
07618361;1258412400000
07628749;1260226800000
07635328;1261436400000
07645223;1263250800000
07645377;1263250800000
07648639;1263855600000
07648452;1263855600000
07651456;1264460400000
07651457;1264460400000
07651623;1264460400000
07670276;1267484400000
07670563;1267484400000
07674376;1268089200000
07674221;1268089200000
07678039;1268694000000
07694828;1271109600000
07695423;1271109600000
07699766;1271714400000
07699767;1271714400000
07708889;1272924000000
07708681;1272924000000
07708152;1272924000000
07713185;1273528800000
07717274;1274133600000
07722812;1274738400000
07727136;1275343200000
07749148;1278367200000
07753834;1278972000000
07758816;1279576800000
07758488;1279576800000
07763168;1280181600000
07766809;1280786400000
07771590;1281391200000
07775963;1281996000000
07775962;1281996000000
07775961;1281996000000
07780861;1282600800000
07780860;1282600800000
07789245;1283810400000
07789972;1283810400000
07790468;1283810400000
07794383;1284415200000
07803101;1285624800000
07806820;1286229600000
07806819;1286229600000
07811463;1286834400000
07815560;1287439200000
07819793;1288044000000
07819792;1288044000000
07824502;1288652400000
07824559;1288652400000
07824558;1288652400000
07828709;1289257200000
07832566;1289862000000
07837884;1290466800000
07837609;1290466800000
07837608;1290466800000
07837607;1290466800000
07845499;1291676400000
07850590;1292281200000
07857744;1293490800000
