03858656;158281200000
03859396;158281200000
03861466;159490800000
03862044;159490800000
03865190;161305200000
03865435;161305200000
03865736;161305200000
03865735;161305200000
03867128;161910000000
03868328;162514800000
03870668;163724400000
03872018;164329200000
03873452;164934000000
03873453;164934000000
03874454;165538800000
03876438;166143600000
03878141;166748400000
03878110;166748400000
03878111;166748400000
03878894;167353200000
03879299;167353200000
03879298;167353200000
03880765;167958000000
03880764;167958000000
03880584;167958000000
03882029;168562800000
03885630;170377200000
03887474;170982000000
03888312;171586800000
03888308;171586800000
03888626;171586800000
03888627;171586800000
03889753;172191600000
03890239;172191600000
03891567;172796400000
03891566;172796400000
03891565;172796400000
03892668;173401200000
03896031;175215600000
03898167;176425200000
03898165;176425200000
03899293;177030000000
03899431;177030000000
03900069;177634800000
03900070;177634800000
03900406;177634800000
03901317;178239600000
03904522;179449200000
03909422;181263600000
03909421;181263600000
03909423;181263600000
03909447;181263600000
03909454;181263600000
03909200;181263600000
03910856;181868400000
03912011;182473200000
03914132;183078000000
03915727;183682800000
03916995;184287600000
03916996;184287600000
03916994;184287600000
03917536;184287600000
03917535;184287600000
03919092;184892400000
03920566;185497200000
03920560;185497200000
03920559;185497200000
03920073;185497200000
03921733;186102000000
03922173;186102000000
03923666;186706800000
03923782;186706800000
03924681;187311600000
03924685;187311600000
03926801;187916400000
03926579;187916400000
03927718;188521200000
03928211;188521200000
03928255;188521200000
03931089;189730800000
03931147;189730800000
03932296;190335600000
03933788;190940400000
03933201;190940400000
03935215;191545200000
03935125;191545200000
03937283;192754800000
03938591;193359600000
03938594;193359600000
03938593;193359600000
03943078;195174000000
03943059;195174000000
03943060;195174000000
03945929;196383600000
03945437;196383600000
03945439;196383600000
03948782;197589600000
03948783;197589600000
03951793;198799200000
03951828;198799200000
03951824;198799200000
03951827;198799200000
03951823;198799200000
03952803;199404000000
03953342;199404000000
03953341;199404000000
03953340;199404000000
03953338;199404000000
03953335;199404000000
03953337;199404000000
03953336;199404000000
03954761;200008800000
03954636;200008800000
03954629;200008800000
03954626;200008800000
03954628;200008800000
03954627;200008800000
03955998;200613600000
03956145;200613600000
03956142;200613600000
03956140;200613600000
03956141;200613600000
03957660;201218400000
03957659;201218400000
03959158;201823200000
03960736;202428000000
03960832;202428000000
03961639;203032800000
03962101;203032800000
03962102;203032800000
03962110;203032800000
03962122;203032800000
03962099;203032800000
03963636;203637600000
03964923;204242400000
03964548;204242400000
03965003;204242400000
03965028;204242400000
03965984;204847200000
03966630;204847200000
03966618;204847200000
03968043;205452000000
03970148;206661600000
03974116;208476000000
03974077;208476000000
03975295;209080800000
03975282;209080800000
03975281;209080800000
03976582;209685600000
03977472;210290400000
03977471;210290400000
03977981;210290400000
03978927;210895200000
03979303;210895200000
03979304;210895200000
03979315;210895200000
03979305;210895200000
03980136;211500000000
03981361;212104800000
03981998;212104800000
03981766;212104800000
03984333;213318000000
03983940;213318000000
03985667;213922800000
03985659;213922800000
03986964;214527600000
03988246;215132400000
03989460;215737200000
03989632;215737200000
03989630;215737200000
03990978;216342000000
03993570;217551600000
03994826;218156400000
03996135;218761200000
03995705;218761200000
03997452;219366000000
03997451;219366000000
03997469;219366000000
03997293;219366000000
03998973;219970800000
03998270;219970800000
03998744;219970800000
03998743;219970800000
03998742;219970800000
04000076;220575600000
04002204;221785200000
04003838;222390000000
04003856;222390000000
04004638;222994800000
04005020;222994800000
04007128;224204400000
04008164;224809200000
04008165;224809200000
04007792;224809200000
04008775;225414000000
04008766;225414000000
04008769;225414000000
04008768;225414000000
04010111;226018800000
04012329;227228400000
04012328;227228400000
04012327;227228400000
04013569;227833200000
04013568;227833200000
04013125;227833200000
04014801;228438000000
04014394;228438000000
04016085;229039200000
04016086;229039200000
04016932;229644000000
04017405;229644000000
04018278;230248800000
04018689;230248800000
04021355;231458400000
04021356;231458400000
04022699;232063200000
04024040;232668000000
04025443;233272800000
04028257;234482400000
04028268;234482400000
04031305;235692000000
04031306;235692000000
04031307;235692000000
04030548;235692000000
04032460;236296800000
04033415;236901600000
04033893;236901600000
04033748;236901600000
04035174;237506400000
04035195;237506400000
04035569;237506400000
04035412;237506400000
04036300;238111200000
04036764;238111200000
04038207;238716000000
04038206;238716000000
04039336;239320800000
04039717;239320800000
04039459;239320800000
04040967;239925600000
04040866;239925600000
04042030;240530400000
04042529;240530400000
04043396;241135200000
04043921;241135200000
04043922;241135200000
04045357;241740000000
04045360;241740000000
04044831;241740000000
04046197;242344800000
04046196;242344800000
04048077;242949600000
04048078;242949600000
04048079;242949600000
04049559;243554400000
04049819;243554400000
04049054;243554400000
04051110;244162800000
04053699;245372400000
04053422;245372400000
04055502;246582000000
04057554;247791600000
04057509;247791600000
04057390;247791600000
04057683;247791600000
04058467;248396400000
04059154;249001200000
04059552;249001200000
04059533;249001200000
04060490;249606000000
04061580;250210800000
04061589;250210800000
04062796;250815600000
04063603;251420400000
04064055;251420400000
04064056;251420400000
04065260;252025200000
04066398;252630000000
04066124;252630000000
04069161;253839600000
04069217;253839600000
04068676;253839600000
04068720;253839600000
04068719;253839600000
04068714;253839600000
04071458;255049200000
04071457;255049200000
04071464;255049200000
04072192;255654000000
04072606;255654000000
04073344;256258800000
04073926;256258800000
04073927;256258800000
04073924;256258800000
04074759;256863600000
04075291;256863600000
04076743;257468400000
04076628;257468400000
04077471;258073200000
04079011;258678000000
04078332;258678000000
04080375;259282800000
04079785;259282800000
04079544;259282800000
04082677;260488800000
04083407;261093600000
04083790;261093600000
04087456;262908000000
04087365;262908000000
04088574;263512800000
04088583;263512800000
04088584;263512800000
04089650;264117600000
04089831;264117600000
04089703;264117600000
04089787;264117600000
04089788;264117600000
04089789;264117600000
04090562;264722400000
04090563;264722400000
04090968;264722400000
04090969;264722400000
04092252;265327200000
04092407;265327200000
04094795;266536800000
04094798;266536800000
04096073;267141600000
04096074;267141600000
04096914;267746400000
04096869;267746400000
04098700;268351200000
04099537;268956000000
04100079;268956000000
04100193;268956000000
04100966;269560800000
04101654;269560800000
04101425;269560800000
04101426;269560800000
04101441;269560800000
04104193;270770400000
04104173;270770400000
04104174;270770400000
04104171;270770400000
04103742;270770400000
04105570;271375200000
04105578;271375200000
04105461;271375200000
04107057;271980000000
04106904;271980000000
04108246;272584800000
04108193;272584800000
04108782;272584800000
04108779;272584800000
04110230;273189600000
04110231;273189600000
04110232;273189600000
04110283;273189600000
04110226;273189600000
04110224;273189600000
04110225;273189600000
04110228;273189600000
04110229;273189600000
04113011;274399200000
04113631;274399200000
04113632;274399200000
04116285;275608800000
04118441;276217200000
04119546;276822000000
04119491;276822000000
04120356;277426800000
04120358;277426800000
04120800;277426800000
04120801;277426800000
04120654;277426800000
04121674;278031600000
04121664;278031600000
04122020;278031600000
04123367;278636400000
04123366;278636400000
04124073;279241200000
04124512;279241200000
04125156;279846000000
04125158;279846000000
04126549;280450800000
04128482;281660400000
04128528;281660400000
04130491;282870000000
04133385;284684400000
04134415;285289200000
04137367;286498800000
04137182;286498800000
04137400;286498800000
04138535;287103600000
04138345;287103600000
04137719;287103600000
04137969;287103600000
04137972;287103600000
04140639;288313200000
04140640;288313200000
04140642;288313200000
04141843;288918000000
04141842;288918000000
04141840;288918000000
04143007;289522800000
04142582;289522800000
04142595;289522800000
04143716;290127600000
04144179;290127600000
04146499;291337200000
04146486;291337200000
04147637;291938400000
04147638;291938400000
04147647;291938400000
04147212;291938400000
04148360;292543200000
04148821;292543200000
04148736;292543200000
04148746;292543200000
04151098;293752800000
04151096;293752800000
04152274;294357600000
04152290;294357600000
04152289;294357600000
04153066;294962400000
04153649;294962400000
04154301;295567200000
04155857;296172000000
04155869;296172000000
04156462;296776800000
04157306;297381600000
04157115;297381600000
04160063;299800800000
04160483;300405600000
04163476;302824800000
04163727;302824800000
04165257;304034400000
04164979;304034400000
04165785;304639200000
04166038;304639200000
04167214;305848800000
04168292;306453600000
04169797;307666800000
04169798;307666800000
04169945;307666800000
04169818;307666800000
04171323;308876400000
04172066;309481200000
04172055;309481200000
04172041;309481200000
04172800;310086000000
04172801;310086000000
04172497;310086000000
04172498;310086000000
04173999;311295600000
04174370;311295600000
04174309;311295600000
04174283;311295600000
04175042;311900400000
04177207;313110000000
04181178;315529200000
04181617;315529200000
04181533;315529200000
04182417;316134000000
04182860;316134000000
04183814;316738800000
04183765;316738800000
04186025;317948400000
04187185;318553200000
04187073;318553200000
04187277;318553200000
04188359;319158000000
04190110;320367600000
04190718;320367600000
04190462;320367600000
04191253;320972400000
04191657;320972400000
04192755;321577200000
04192756;321577200000
04192753;321577200000
04193452;322182000000
04194565;322786800000
04196777;323992800000
04199027;325202400000
04199484;325202400000
04200151;325807200000
04200154;325807200000
04200539;325807200000
04200540;325807200000
04201678;326412000000
04201679;326412000000
04202795;327016800000
04202796;327016800000
04203853;327621600000
04203492;327621600000
04205724;328831200000
04206058;328831200000
04207193;329436000000
04207194;329436000000
04207946;330040800000
04209409;330645600000
04210206;331250400000
04210205;331250400000
04212747;332460000000
04212748;332460000000
04212764;332460000000
04212794;332460000000
04213500;333064800000
04213762;333064800000
04213866;333064800000
04213934;333064800000
04214999;333669600000
04215000;333669600000
04215001;333669600000
04216097;334274400000
04216098;334274400000
04216076;334274400000
04216828;334879200000
04216829;334879200000
04217146;334879200000
04217230;334879200000
04217231;334879200000
04217229;334879200000
04217329;334879200000
04217958;335484000000
04217957;335484000000
04217965;335484000000
04218327;335484000000
04218326;335484000000
04219429;336088800000
04220585;336693600000
04220550;336693600000
04220204;336693600000
04222444;337903200000
04222881;337903200000
04225445;339116400000
04226730;339721200000
04226731;339721200000
04228016;340326000000
04228018;340326000000
04228017;340326000000
04228019;340326000000
04230586;341535600000
04230587;341535600000
04230183;341535600000
04231882;342140400000
04231427;342140400000
04232739;342745200000
04232738;342745200000
04233166;342745200000
04233165;342745200000
04233162;342745200000
04233438;342745200000
04234433;343350000000
04235727;343954800000
04235728;343954800000
04235734;343954800000
04235838;343954800000
04236545;344559600000
04236579;344559600000
04237018;344559600000
04237017;344559600000
04238350;345164400000
04238349;345164400000
04238348;345164400000
04237977;345164400000
04237975;345164400000
04237974;345164400000
04239052;345769200000
04239630;345769200000
04239628;345769200000
04239629;345769200000
04240924;346374000000
04240915;346374000000
04240505;346374000000
04242140;346978800000
04244826;348188400000
04244876;348188400000
04246124;348793200000
04246243;348793200000
04245700;348793200000
04246919;349398000000
04246920;349398000000
04247402;349398000000
04247403;349398000000
04247405;349398000000
04248717;350002800000
04250042;350607600000
04250044;350607600000
04249554;350607600000
04249608;350607600000
04249606;350607600000
04252192;351817200000
04252655;351817200000
04252657;351817200000
04253974;352422000000
04254249;352422000000
04255270;353026800000
04255268;353026800000
04256590;353631600000
04257902;354236400000
04257903;354236400000
04258791;354837600000
04258789;354837600000
04259191;354837600000
04259205;354837600000
04260019;355442400000
04262746;356652000000
04264455;357256800000
04265264;357861600000
04265308;357861600000
04265311;357861600000
04265673;357861600000
04266610;358466400000
04267062;358466400000
04267886;359071200000
04268400;359071200000
04268403;359071200000
04269975;359676000000
04269279;359676000000
04269270;359676000000
04269271;359676000000
04270607;360280800000
04271907;361490400000
04273191;361490400000
04272384;361490400000
04276185;362700000000
04276182;362700000000
04277352;363304800000
04277351;363304800000
04277580;363304800000
04278129;363909600000
04280915;365119200000
04280560;365119200000
04281714;365724000000
04284517;366933600000
04285356;367538400000
04287086;368143200000
04286660;368143200000
04287902;368748000000
04288334;368748000000
04288332;368748000000
04288333;368748000000
04288582;368748000000
04289632;369352800000
04289633;369352800000
04289631;369352800000
04290899;369957600000
04290900;369957600000
04290901;369957600000
04292183;370566000000
04293427;371170800000
04293428;371170800000
04295979;372380400000
04295980;372380400000
04296203;372380400000
04297226;372985200000
04297469;372985200000
04296812;372985200000
04298479;373590000000
04299710;374194800000
04299711;374194800000
04299709;374194800000
04299825;374194800000
04300635;374799600000
04301025;374799600000
04301016;374799600000
04302341;375404400000
04301868;375404400000
04304676;376614000000
04304677;376614000000
04304300;376614000000
04306981;377823600000
04306980;377823600000
04306982;377823600000
04307782;378428400000
04308152;378428400000
04309329;379033200000
04309306;379033200000
04309523;379033200000
04310435;379638000000
04310425;379638000000
04311600;380242800000
04312765;380847600000
04312830;380847600000
04312832;380847600000
04312831;380847600000
04313500;381452400000
04313834;381452400000
04313835;381452400000
04315087;382057200000
04316810;383266800000
04316809;383266800000
04316808;383266800000
04316807;383266800000
04317893;383871600000
04317487;383871600000
04317735;383871600000
04319063;384476400000
04318835;384476400000
04318815;384476400000
04318816;384476400000
04318732;384476400000
04319636;385081200000
04320014;385081200000
04322307;386287200000
04322306;386287200000
04322301;386287200000
04322300;386287200000
04321968;386287200000
04323124;386892000000
04323463;386892000000
04324298;387496800000
04324669;387496800000
04324668;387496800000
04326983;388706400000
04326985;388706400000
04326984;388706400000
04326970;388706400000
04326969;388706400000
04326968;388706400000
04329250;389916000000
04329236;389916000000
04329448;389916000000
04330414;390520800000
04330418;390520800000
04330419;390520800000
04331543;391125600000
04332688;391730400000
04333488;392335200000
04336146;393544800000
04336145;393544800000
04336156;393544800000
04335787;393544800000
04337159;394149600000
04337160;394149600000
04337828;394754400000
04338203;394754400000
04339349;395359200000
04340525;395964000000
04340492;395964000000
04340678;395964000000
04341657;396568800000
04341647;396568800000
04341645;396568800000
04341265;396568800000
04342866;397173600000
04342657;397173600000
04343720;397778400000
04343711;397778400000
04343712;397778400000
04343930;397778400000
04344861;398383200000
04344862;398383200000
04344487;398383200000
04344992;398383200000
04346013;398988000000
04347146;399592800000
04349443;400802400000
04350601;401407200000
04350600;401407200000
04352741;402620400000
04353804;403225200000
04353805;403225200000
04353806;403225200000
04356096;404434800000
04356095;404434800000
04355651;404434800000
04357245;405039600000
04357248;405039600000
04357281;405039600000
04358572;405644400000
04359392;406249200000
04359391;406249200000
04360061;406854000000
04363736;408668400000
04366073;409878000000
04366072;409878000000
04366074;409878000000
04366071;409878000000
04366070;409878000000
04368136;411087600000
04369124;411692400000
04370243;412297200000
04369843;412297200000
04371444;412902000000
04371443;412902000000
04371626;412902000000
04374216;414111600000
04374740;414716400000
04374737;414716400000
04374739;414716400000
04374738;414716400000
04378049;417736800000
04379490;418946400000
04380268;419551200000
04380504;419551200000
04381241;420156000000
04381369;420156000000
04382002;420760800000
04382003;420760800000
04383930;421970400000
04384089;421970400000
04384096;421970400000
04385155;422575200000
04384997;422575200000
04384963;422575200000
04385999;423180000000
04387042;423784800000
04387041;423784800000
04387769;424389600000
04388206;424389600000
04388214;424389600000
04388212;424389600000
04388213;424389600000
04389319;424994400000
04389320;424994400000
04389327;424994400000
04390474;425599200000
04391719;426204000000
04391925;426204000000
04393151;426808800000
04392917;426808800000
04392964;426808800000
04393937;427413600000
04393938;427413600000
04393935;427413600000
04393934;427413600000
04394273;427413600000
04395354;428018400000
04395353;428018400000
04395341;428018400000
04395340;428018400000
04396734;428623200000
04397354;429228000000
04401789;431042400000
04401813;431042400000
04401587;431042400000
04402881;431647200000
04404111;432252000000
04404110;432252000000
04404112;432252000000
04404108;432252000000
04404107;432252000000
04404109;432252000000
04404167;432252000000
04404087;432252000000
04405494;432856800000
04405468;432856800000
04406798;433465200000
04406799;433465200000
04407321;434070000000
04409121;434674800000
04409110;434674800000
04409108;434674800000
04411816;435884400000
04411802;435884400000
04411800;435884400000
04411801;435884400000
04411530;435884400000
04412925;436489200000
04412926;436489200000
04414119;437094000000
04414118;437094000000
04414120;437094000000
04415463;437698800000
04415714;437698800000
04417989;438908400000
04419266;439513200000
04419316;439513200000
04420406;440118000000
04420405;440118000000
04420414;440118000000
04420598;440118000000
04421655;440722800000
04421656;440722800000
04421902;440722800000
04422855;441327600000
04422947;441327600000
04422948;441327600000
04423199;441327600000
04423781;441932400000
04423791;441932400000
04424347;441932400000
04424302;441932400000
04424135;441932400000
04425223;442537200000
04425242;442537200000
04425241;442537200000
04425243;442537200000
04425246;442537200000
04425462;442537200000
04425461;442537200000
04425463;442537200000
04425455;442537200000
04426303;443142000000
04426302;443142000000
04426296;443142000000
04427564;443746800000
04427556;443746800000
04429097;444351600000
04428845;444351600000
04428844;444351600000
04428843;444351600000
04428432;444351600000
04430482;444956400000
04430481;444956400000
04431550;445561200000
04431551;445561200000
04432881;446166000000
04432882;446166000000
04434062;446770800000
04434076;446770800000
04434075;446770800000
04433727;446770800000
04435564;447375600000
04435295;447375600000
04435361;447375600000
04436846;447980400000
04436681;447980400000
04436672;447980400000
04436636;447980400000
04436638;447980400000
04436639;447980400000
04438002;448585200000
04438013;448585200000
04439328;449186400000
04439333;449186400000
04439332;449186400000
04439334;449186400000
04440653;449791200000
04440652;449791200000
04440651;449791200000
04440650;449791200000
04440649;449791200000
04440228;449791200000
04442241;450396000000
04442018;450396000000
04442014;450396000000
04442011;450396000000
04443347;451000800000
04444262;451605600000
04444668;451605600000
04446079;452210400000
04446036;452210400000
04446056;452210400000
04445576;452210400000
04447339;452815200000
04447338;452815200000
04447342;452815200000
04447340;452815200000
04447341;452815200000
04448698;453420000000
04448697;453420000000
04448710;453420000000
04448977;453420000000
04450095;454024800000
04450084;454024800000
04451389;454629600000
04451537;454629600000
04451631;454629600000
04452308;455234400000
04452708;455234400000
04454260;455839200000
04454074;455839200000
04454914;456444000000
04455429;456444000000
04455175;456444000000
04455240;456444000000
04455241;456444000000
04455254;456444000000
04455255;456444000000
04456537;457048800000
04458052;457653600000
04458048;457653600000
04457373;457653600000
04457372;457653600000
04457853;457653600000
04458755;458258400000
04458753;458258400000
04459214;458258400000
04460481;458863200000
04460482;458863200000
04460483;458863200000
04460484;458863200000
04460791;458863200000
04460751;458863200000
04460758;458863200000
04460627;458863200000
04460052;458863200000
04462718;460072800000
04462917;460072800000
04462470;460072800000
04464269;460677600000
04464268;460677600000
04464270;460677600000
04464274;460677600000
04464246;460677600000
04463810;460677600000
04463806;460677600000
04465601;461282400000
04465602;461282400000
04466486;461887200000
04466889;461887200000
04466890;461887200000
04466893;461887200000
04466891;461887200000
04466892;461887200000
04468335;462492000000
04468334;462492000000
04468342;462492000000
04469636;463096800000
04469620;463096800000
04469607;463096800000
04469608;463096800000
04469604;463096800000
04471097;463701600000
04470461;463701600000
04470915;463701600000
04472291;464306400000
04472552;464306400000
04473479;464911200000
04473480;464911200000
04473118;464911200000
04473115;464911200000
04474667;465519600000
04474666;465519600000
04474665;465519600000
04474622;465519600000
04474706;465519600000
04474705;465519600000
04474240;465519600000
04476029;466124400000
04476032;466124400000
04476033;466124400000
04475594;466124400000
04476929;466729200000
04476930;466729200000
04477360;466729200000
04478281;467334000000
04478727;467334000000
04479894;467938800000
04481120;468543600000
04481121;468543600000
04480692;468543600000
04480696;468543600000
04484631;470358000000
04485021;470358000000
04485020;470358000000
04485872;470962800000
04485873;470962800000
04485874;470962800000
04486340;470962800000
04486335;470962800000
04486318;470962800000
04486316;470962800000
04486317;470962800000
04487265;471567600000
04487867;471567600000
04487866;471567600000
04487703;471567600000
04487702;471567600000
04489180;472172400000
04488602;472172400000
04488975;472172400000
04488976;472172400000
04490261;472777200000
04490262;472777200000
04490263;472777200000
04491525;473382000000
04491524;473382000000
04493775;474591600000
04493774;474591600000
04493371;474591600000
04493370;474591600000
04495336;475196400000
04495200;475196400000
04494610;475196400000
04495996;475801200000
04496468;475801200000
04497717;476406000000
04497596;476406000000
04498995;477010800000
04498994;477010800000
04498997;477010800000
04499006;477010800000
04499232;477010800000
04499214;477010800000
04500436;477615600000
04500437;477615600000
04501673;478220400000
04501674;478220400000
04501675;478220400000
04501668;478220400000
04501672;478220400000
04503170;478825200000
04502541;478825200000
04502540;478825200000
04502969;478825200000
04502963;478825200000
04502965;478825200000
04502964;478825200000
04502967;478825200000
04502966;478825200000
04502959;478825200000
04504399;479430000000
04504400;479430000000
04504622;479430000000
04505833;480034800000
04505828;480034800000
04505826;480034800000
04505827;480034800000
04505825;480034800000
04506734;480639600000
04506733;480639600000
04507223;480639600000
04507212;480639600000
04507211;480639600000
04507213;480639600000
04507196;480639600000
04507440;480639600000
04508628;481240800000
04508629;481240800000
04508171;481240800000
04509989;481845600000
04509597;481845600000
04511480;482450400000
04511730;482450400000
04512404;483055200000
04514310;483660000000
04514309;483660000000
04514308;483660000000
04513820;483660000000
04515700;484264800000
04515701;484264800000
04515699;484264800000
04517112;484869600000
04517114;484869600000
04517128;484869600000
04517101;484869600000
04517100;484869600000
04517102;484869600000
04516635;484869600000
04518038;485474400000
04518745;485474400000
04518510;485474400000
04518511;485474400000
04518509;485474400000
04519922;486079200000
04519923;486079200000
04521578;486684000000
04521316;486684000000
04521317;486684000000
04523010;487288800000
04522732;487288800000
04522731;487288800000
04522261;487288800000
04522658;487288800000
04524023;487893600000
04524002;487893600000
04524003;487893600000
04525285;488498400000
04525562;488498400000
04524829;488498400000
04526231;489103200000
04526813;489103200000
04526695;489103200000
04526693;489103200000
04526986;489103200000
04528102;489708000000
04528104;489708000000
04528105;489708000000
04528106;489708000000
04528383;489708000000
04527581;489708000000
04529522;490312800000
04529523;490312800000
04531594;491522400000
04532053;491522400000
04532052;491522400000
04532051;491522400000
04533478;492127200000
04535153;492732000000
04534870;492732000000
04534411;492732000000
04536300;493336800000
04536305;493336800000
04536302;493336800000
04536301;493336800000
04536304;493336800000
04536303;493336800000
04536222;493336800000
04536297;493336800000
04536296;493336800000
04537253;493941600000
04537688;493941600000
04537684;493941600000
04539122;494546400000
04540049;495151200000
04540050;495151200000
04540527;495151200000
04540510;495151200000
04540762;495151200000
04540496;495151200000
04540498;495151200000
04541946;495756000000
04541935;495756000000
04541937;495756000000
04541483;495756000000
04541485;495756000000
04542789;496360800000
04542790;496360800000
04543131;496360800000
04543193;496360800000
04544722;496969200000
04544032;496969200000
04545911;497574000000
04545912;497574000000
04547299;498178800000
04547298;498178800000
04547297;498178800000
04548732;498783600000
04548720;498783600000
04548721;498783600000
04548268;498783600000
04548982;498783600000
04549907;499388400000
04549973;499388400000
04549607;499388400000
04551256;499993200000
04552675;500598000000
04552674;500598000000
04552673;500598000000
04552672;500598000000
04552670;500598000000
04552668;500598000000
04552591;500598000000
04552217;500598000000
04552215;500598000000
04554307;501202800000
04554090;501202800000
04554080;501202800000
04554081;501202800000
04554082;501202800000
04553593;501202800000
04553594;501202800000
04553597;501202800000
04553601;501202800000
04554974;501807600000
04555350;501807600000
04555351;501807600000
04556111;502412400000
04556110;502412400000
04556108;502412400000
04556107;502412400000
04556495;502412400000
04557838;503017200000
04557837;503017200000
04559148;503622000000
04559149;503622000000
04558741;503622000000
04560486;504226800000
04561503;504831600000
04561502;504831600000
04561501;504831600000
04561986;504831600000
04561985;504831600000
04563291;505436400000
04563292;505436400000
04563290;505436400000
04563284;505436400000
04564459;506041200000
04565248;506646000000
04565647;506646000000
04565640;506646000000
04565639;506646000000
04566979;507250800000
04566978;507250800000
04566977;507250800000
04566976;507250800000
04566973;507250800000
04568481;507855600000
04568708;507855600000
04567946;507855600000
04567947;507855600000
04568471;507855600000
04568392;507855600000
04569770;508460400000
04569799;508460400000
04570656;509065200000
04571422;509065200000
04572789;509670000000
04572790;509670000000
04574050;510274800000
04574061;510274800000
04573533;510274800000
04573488;510274800000
04574887;510879600000
04574885;510879600000
04575551;510879600000
04575428;510879600000
04576232;511484400000
04577000;511484400000
04578488;512089200000
04578243;512089200000
04578201;512089200000
04579669;512690400000
04579668;512690400000
04579667;512690400000
04579671;512690400000
04579670;512690400000
04579927;512690400000
04579942;512690400000
04579173;512690400000
04580633;513295200000
04581147;513295200000
04581405;513295200000
04581253;513295200000
04582452;513900000000
04582614;513900000000
04582138;513900000000
04582137;513900000000
04584108;514504800000
04584109;514504800000
04584386;514504800000
04585065;515109600000
04591447;517528800000
04592850;518133600000
04594169;518738400000
04594168;518738400000
04594170;518738400000
04595512;519343200000
04595511;519343200000
04595513;519343200000
04596662;519948000000
04597878;520552800000
04597879;520552800000
04599182;521157600000
04599181;521157600000
04599180;521157600000
04600761;521762400000
04600516;521762400000
04600515;521762400000
04601836;522367200000
04602067;522367200000
04603738;523576800000
04604233;523576800000
04604217;523576800000
04604218;523576800000
04604216;523576800000
04605068;524181600000
04605689;524181600000
04605505;524181600000
04607099;524786400000
04608204;525391200000
04608191;525391200000
04608182;525391200000
04607696;525391200000
04609043;525996000000
04609475;525996000000
04609474;525996000000
04609477;525996000000
04609476;525996000000
04609479;525996000000
04609478;525996000000
04609487;525996000000
04609708;525996000000
04610305;526600800000
04610795;526600800000
04611659;527205600000
04612991;527810400000
04614599;528418800000
04614600;528418800000
04614601;528418800000
04614236;528418800000
04614235;528418800000
04615825;529023600000
04615813;529023600000
04615740;529023600000
04615393;529023600000
04616074;529023600000
04617129;529628400000
04617132;529628400000
04618434;530233200000
04618435;530233200000
04618433;530233200000
04618411;530233200000
04618655;530233200000
04619776;530838000000
04619773;530838000000
04619772;530838000000
04620596;531442800000
04621694;532047600000
04622155;532047600000
04622153;532047600000
04622370;532047600000
04622373;532047600000
04623022;532652400000
04624795;533257200000
04625802;533862000000
04625745;533862000000
04626362;533862000000
04626363;533862000000
04627926;534466800000
04627494;534466800000
04629000;535071600000
04629573;535071600000
04629575;535071600000
04631138;535676400000
04631137;535676400000
04631136;535676400000
04633947;536886000000
04633949;536886000000
04633950;536886000000
04634667;536886000000
04634539;536886000000
04634538;536886000000
04634540;536886000000
04635727;537490800000
04635722;537490800000
04635726;537490800000
04636572;537490800000
04636256;537490800000
04637418;538095600000
04637466;538095600000
04637833;538095600000
04637882;538095600000
04637883;538095600000
04639322;538700400000
04638865;538700400000
04640786;539305200000
04640358;539305200000
04643253;540514800000
04643837;540514800000
04644020;540514800000
04644035;540514800000
04644073;540514800000
04645609;541119600000
04645608;541119600000
04647633;541724400000
04647312;541724400000
04647384;541724400000
04647385;541724400000
04647859;541724400000
04646837;541724400000
04646834;541724400000
04646835;541724400000
04649183;542329200000
04648452;542329200000
04648333;542329200000
04649999;542934000000
04650000;542934000000
04650594;542934000000
04650593;542934000000
04652606;543538800000
04652621;543538800000
04652623;543538800000
04652384;543538800000
04653584;544140000000
04655287;544744800000
04655942;544744800000
04655943;544744800000
04656205;544744800000
04657080;545349600000
04657081;545349600000
04657943;545349600000
04657593;545349600000
04658036;545349600000
04659676;545954400000
04659486;545954400000
04659811;545954400000
04660645;546559200000
04661266;546559200000
04662444;547164000000
04663366;547164000000
04663387;547164000000
04663385;547164000000
04663059;547164000000
04663076;547164000000
04663124;547164000000
04664819;547768800000
04664818;547768800000
04664816;547768800000
04664820;547768800000
04664843;547768800000
04664193;547768800000
04667026;548373600000
04666613;548373600000
04666614;548373600000
04667740;548978400000
04667741;548978400000
04668408;548978400000
04669920;549583200000
04669545;549583200000
04669544;549583200000
04670501;549583200000
04670550;549583200000
04670131;549583200000
04670167;549583200000
04670166;549583200000
04670165;549583200000
04670164;549583200000
04670163;549583200000
04670186;549583200000
04671883;550188000000
04673716;550792800000
04675348;551397600000
04675119;551397600000
04675120;551397600000
04676916;552002400000
04676930;552002400000
04676834;552002400000
04676315;552002400000
04677201;552002400000
04678591;552607200000
04679631;553212000000
04680128;553212000000
04680230;553212000000
04681164;553816800000
04681165;553816800000
04681690;553816800000
04682653;554421600000
04682654;554421600000
04683068;554421600000
04683953;555026400000
04686051;555631200000
04686052;555631200000
04686053;555631200000
04687586;556236000000
04687828;556236000000
04689161;556840800000
04689160;556840800000
04690219;557445600000
04690217;557445600000
04690996;557445600000
04692254;558050400000
04693321;558655200000
04693982;558655200000
04693639;558655200000
04693842;558655200000
04694905;559260000000
04695389;559260000000
04696752;559868400000
04698168;560473200000
04699722;561078000000
04699225;561078000000
04699214;561078000000
04701494;561682800000
04701270;561682800000
04701271;561682800000
04702848;562287600000
04702849;562287600000
04702319;562287600000
04704229;562892400000
04704214;562892400000
04704213;562892400000
04703797;562892400000
04703803;562892400000
04705110;563497200000
04707281;564102000000
04708205;564706800000
04708207;564706800000
04710303;565311600000
04710306;565311600000
04709759;565311600000
04709767;565311600000
04711731;565916400000
04713449;566521200000
04713183;566521200000
04713185;566521200000
04713184;566521200000
04715967;567730800000
04715971;567730800000
04715746;567730800000
04717488;568335600000
04719001;568940400000
04719021;568940400000
04720303;569545200000
04720348;569545200000
04721576;570150000000
04721577;570150000000
04722398;570754800000
04722396;570754800000
04722805;570754800000
04723605;571359600000
04725372;571964400000
04725373;571964400000
04725379;571964400000
04726912;572569200000
04726914;572569200000
04726906;572569200000
04728696;573174000000
04728727;573174000000
04728444;573174000000
04728446;573174000000
04728445;573174000000
04728447;573174000000
04730079;573778800000
04732690;574988400000
04733727;575589600000
04733728;575589600000
04734453;575589600000
04734259;575589600000
04735733;576194400000
04735731;576194400000
04735732;576194400000
04736005;576194400000
04736764;576799200000
04736795;576799200000
04737296;576799200000
04737295;576799200000
04738897;577404000000
04738789;577404000000
04738788;577404000000
04739831;578008800000
04739833;578008800000
04739834;578008800000
04740318;578008800000
04740319;578008800000
04740320;578008800000
04741400;578613600000
04741401;578613600000
04741844;578613600000
04741843;578613600000
04743385;579218400000
04743384;579218400000
04743383;579218400000
04743633;579218400000
04743698;579218400000
04745154;579823200000
04744418;579823200000
04744948;579823200000
04746465;580428000000
04746687;580428000000
04747728;581032800000
04747931;581032800000
04749592;581637600000
04749498;581637600000
04749040;581637600000
04749041;581637600000
04751937;582847200000
04752404;582847200000
04753740;583452000000
04755307;584056800000
04755230;584056800000
04754809;584056800000
04756836;584661600000
04756819;584661600000
04756370;584661600000
04757833;585266400000
04757862;585266400000
04758356;585266400000
04758357;585266400000
04759908;585871200000
04761473;586476000000
04762627;587080800000
04762626;587080800000
04762625;587080800000
04762178;587080800000
04763730;587685600000
04763729;587685600000
04765408;588290400000
04766030;588290400000
04767545;588895200000
04767549;588895200000
04767550;588895200000
04766959;588895200000
04769161;589500000000
04769160;589500000000
04770199;590104800000
04770795;590104800000
04770796;590104800000
04773484;591318000000
04775010;591922800000
04775489;591922800000
04776398;592527600000
04776966;592527600000
04778006;593132400000
04778654;593132400000
04778607;593132400000
04778608;593132400000
04779680;593737200000
04779679;593737200000
04780221;593737200000
04780220;593737200000
04780223;593737200000
04780243;593737200000
04780278;593737200000
04782120;594342000000
04781207;594342000000
04781251;594342000000
04781845;594342000000
04784778;595551600000
04784779;595551600000
04784796;595551600000
04784797;595551600000
04784694;595551600000
04785028;595551600000
04787990;596761200000
04787994;596761200000
04787454;596761200000
04787453;596761200000
04787455;596761200000
04788228;596761200000
04790382;597970800000
04790958;597970800000
04790954;597970800000
04792412;598575600000
04792415;598575600000
04793419;599180400000
04795574;599785200000
04795575;599785200000
04796700;600390000000
04796703;600390000000
04796702;600390000000
04797216;600390000000
04797450;600390000000
04798902;600994800000
04798871;600994800000
04799547;601599600000
04799549;601599600000
04800957;602204400000
04801389;602204400000
04802998;602809200000
04804793;603414000000
04804484;603414000000
04804485;603414000000
04809783;605228400000
04810732;605228400000
04810786;605228400000
04812244;605833200000
04811791;605833200000
04811788;605833200000
04814096;606438000000
04814094;606438000000
04813482;606438000000
04816077;607039200000
04816551;607039200000
04816303;607039200000
04818288;607644000000
04817715;607644000000
04819729;608248800000
04820429;608248800000
04820428;608248800000
04821803;608853600000
04821757;608853600000
04822501;608853600000
04822500;608853600000
04823874;609458400000
04823873;609458400000
04826624;610063200000
04826611;610063200000
04826700;610063200000
04825950;610063200000
04825952;610063200000
04825951;610063200000
04828034;610668000000
04828031;610668000000
04828032;610668000000
04828029;610668000000
04828724;610668000000
04828725;610668000000
04828726;610668000000
04831176;611272800000
04830765;611272800000
04830766;611272800000
04830827;611272800000
04832123;611877600000
04834180;612482400000
04836283;613087200000
04836282;613087200000
04836281;613087200000
04836285;613087200000
04836941;613087200000
04836940;613087200000
04839096;613692000000
04839095;613692000000
04843118;614901600000
04843048;614901600000
04842073;614901600000
04842067;614901600000
04842770;614901600000
04845134;615506400000
04846980;616111200000
04846981;616111200000
04848467;616716000000
04848470;616716000000
04851142;617320800000
04851143;617320800000
04853138;617925600000
04852652;617925600000
04852653;617925600000
04852651;617925600000
04856593;619135200000
04856588;619135200000
04856589;619135200000
04859717;619740000000
04859362;619740000000
04861499;620344800000
04861500;620344800000
04861884;620344800000
04860829;620344800000
04860828;620344800000
04863618;620949600000
04862963;620949600000
04862975;620949600000
04865129;621554400000
04867239;622159200000
04867888;622159200000
04871021;623372400000
04871022;623372400000
04871024;623372400000
04873025;623977200000
04874535;624582000000
04874044;624582000000
04876030;625186800000
04876018;625186800000
04876017;625186800000
04877894;625791600000
04877542;625791600000
04879181;626396400000
04879240;626396400000
04880057;627001200000
04882075;627606000000
04883605;628210800000
04885103;628815600000
04886609;629420400000
04886120;629420400000
04887671;630025200000
04888120;630025200000
04888121;630025200000
04889645;630630000000
04891177;631234800000
04891155;631234800000
04892148;631839600000
04894335;632444400000
04894173;632444400000
04894285;632444400000
04896723;633654000000
04898750;634258800000
04898677;634258800000
04900458;634863600000
04900457;634863600000
04900456;634863600000
04905762;636678000000
04908141;637282800000
04910246;637887600000
04909324;637887600000
04911238;638488800000
04915845;639698400000
04915174;639698400000
04915176;639698400000
04917808;640303200000
04919209;640908000000
04919827;640908000000
04921619;641512800000
04921620;641512800000
04921621;641512800000
04921635;641512800000
04921902;641512800000
04923009;642117600000
04923714;642117600000
04923753;642117600000
04923516;642117600000
04925578;642722400000
04925497;642722400000
04931527;644536800000
04931489;644536800000
04931194;644536800000
04932473;645141600000
04935205;645746400000
04934457;645746400000
04937002;646351200000
04937007;646351200000
04938288;646956000000
04938925;646956000000
04938803;646956000000
04939293;646956000000
04941981;648165600000
04941982;648165600000
04941983;648165600000
04941537;648165600000
04941533;648165600000
04944346;649375200000
04944634;649375200000
04946605;649980000000
04946606;649980000000
04946604;649980000000
04945990;649980000000
04945989;649980000000
04948428;650584800000
04947934;650584800000
04949790;651189600000
04950474;651189600000
04950411;651189600000
04951921;651794400000
04952738;651794400000
04953621;652399200000
04956104;653004000000
04956160;653004000000
04958038;653608800000
04957646;653608800000
04957639;653608800000
04957640;653608800000
04957174;653608800000
04957163;653608800000
04957165;653608800000
04959164;654213600000
04959165;654213600000
04959163;654213600000
04960527;654822000000
04961466;655426800000
04961867;655426800000
04963273;656031600000
04964615;656636400000
04964467;656636400000
04964468;656636400000
04964999;656636400000
04966235;657241200000
04968442;657846000000
04967838;657846000000
04967837;657846000000
04969526;658450800000
04970007;658450800000
04971709;659055600000
04971707;659055600000
04972007;659055600000
04973410;659660400000
04975208;660265200000
04974678;660265200000
04976315;660870000000
04977962;661474800000
04977960;661474800000
04978512;661474800000
04978500;661474800000
04978461;661474800000
04978365;661474800000
04979564;662079600000
04980074;662079600000
04980077;662079600000
04981601;662684400000
04983583;663289200000
04983319;663289200000
04982793;663289200000
04982789;663289200000
04985154;663894000000
04986356;664498800000
04986355;664498800000
04986354;664498800000
04986353;664498800000
04988450;665103600000
04989673;665708400000
04989674;665708400000
04990270;665708400000
04990268;665708400000
04990269;665708400000
04990028;665708400000
04992182;666313200000
04993448;666918000000
04994194;666918000000
04994195;666918000000
04997583;668127600000
04997582;668127600000
04997581;668127600000
04997580;668127600000
04997040;668127600000
05000262;669337200000
05000873;669337200000
05003060;669942000000
05002673;669942000000
05002672;669942000000
05002125;669942000000
05002126;669942000000
05004553;670543200000
05005644;671148000000
05006584;671148000000
05008026;671752800000
05008025;671752800000
05008019;671752800000
05007481;671752800000
05007480;671752800000
05007489;671752800000
05009267;672357600000
05009268;672357600000
05009798;672357600000
05009799;672357600000
05009797;672357600000
05013462;673567200000
05013483;673567200000
05015400;674172000000
05016714;674776800000
05019279;675381600000
05019343;675381600000
05018577;675381600000
05021170;675986400000
05021171;675986400000
05022467;676591200000
05024276;677196000000
05026735;677800800000
05026491;677800800000
05026490;677800800000
05026523;677800800000
05027901;678405600000
05027843;678405600000
05028344;678405600000
05028342;678405600000
05028343;678405600000
05028341;678405600000
05030365;679010400000
05030366;679010400000
05032296;679615200000
05032295;679615200000
05032298;679615200000
05032297;679615200000
05031698;679615200000
05031700;679615200000
05033547;680220000000
05033548;680220000000
05034140;680220000000
05034114;680220000000
05034139;680220000000
05035288;680824800000
05035812;680824800000
05035813;680824800000
05036915;681429600000
05039434;682034400000
05039432;682034400000
05039433;682034400000
05038864;682034400000
05038861;682034400000
05043364;683244000000
05043468;683244000000
05045219;683848800000
05045220;683848800000
05044439;683848800000
05046560;684453600000
05049297;685058400000
05049288;685058400000
05051197;685663200000
05051243;685663200000
05052486;686271600000
05053149;686271600000
05054552;686876400000
05055209;686876400000
05057234;687481200000
05057233;687481200000
05059333;688086000000
05059632;688086000000
05058678;688086000000
05060728;688690800000
05061386;688690800000
05061387;688690800000
05062969;689295600000
05062970;689295600000
05064612;689900400000
05063997;689900400000
05066461;690505200000
05065820;690505200000
05068043;691110000000
05068042;691110000000
05067565;691110000000
05067566;691110000000
05069283;691714800000
05069802;691714800000
05071574;692319600000
05071575;692319600000
05073276;692924400000
05073270;692924400000
05074358;693529200000
05075033;693529200000
05076944;694134000000
05076357;694134000000
05076359;694134000000
05076358;694134000000
05076364;694134000000
05076363;694134000000
05076852;694134000000
05077045;694134000000
05079100;694738800000
05079041;694738800000
05080170;695343600000
05080171;695343600000
05080169;695343600000
05080809;695343600000
05082059;695948400000
05082058;695948400000
05082579;695948400000
05082577;695948400000
05082576;695948400000
05084192;696553200000
05084105;696553200000
05084210;696553200000
05084209;696553200000
05083612;696553200000
05083613;696553200000
05085787;697158000000
05087611;697762800000
05089149;698367600000
05089227;698367600000
05089153;698367600000
05089151;698367600000
05089150;698367600000
05090990;698972400000
05093020;699577200000
05092405;699577200000
05094295;700182000000
05094296;700182000000
05094762;700182000000
05094778;700182000000
05096603;700786800000
05096618;700786800000
05096883;700786800000
05095985;700786800000
05095989;700786800000
05095986;700786800000
05097904;701391600000
05099923;701992800000
05099924;701992800000
05099928;701992800000
05099930;701992800000
05100567;701992800000
05101902;702597600000
05102560;702597600000
05102561;702597600000
05102558;702597600000
05102559;702597600000
05102866;702597600000
05104556;703202400000
05104557;703202400000
05103913;703202400000
05103905;703202400000
05106517;703807200000
05106516;703807200000
05106518;703807200000
05106515;703807200000
05105887;703807200000
05105884;703807200000
05110487;705016800000
05110484;705016800000
05110486;705016800000
05110485;705016800000
05111887;705621600000
05111886;705621600000
05112603;705621600000
05112505;705621600000
05113943;706226400000
05114599;706226400000
05114598;706226400000
05114597;706226400000
05116421;706831200000
05118664;707436000000
05120471;708040800000
05120455;708040800000
05120708;708040800000
05123486;709250400000
05124312;709250400000
05125456;709855200000
05126108;709855200000
05126059;709855200000
05128022;710460000000
05127475;710460000000
05130034;711064800000
05131469;711669600000
05132029;711669600000
05132285;711669600000
05132284;711669600000
05133408;712274400000
05134118;712274400000
05135909;712879200000
05135052;712879200000
05135668;712879200000
05139087;714088800000
05141655;714693600000
05141920;714693600000
05143157;715298400000
05143632;715298400000
05145590;715903200000
05147852;716508000000
05147566;716508000000
05147565;716508000000
05146988;716508000000
05146986;716508000000
05149370;717112800000
05149690;717112800000
05151203;717721200000
05153240;718326000000
05152886;718326000000
05152906;718326000000
05152907;718326000000
05152916;718326000000
05156686;719535600000
05156914;719535600000
05158693;720140400000
05158139;720140400000
05160445;720745200000
05160643;720745200000
05160642;720745200000
05164099;721954800000
05164116;721954800000
05165477;722559600000
05165479;722559600000
05167281;723164400000
05167828;723164400000
05169559;723769200000
05168930;723769200000
05171460;724374000000
05171476;724374000000
05171459;724374000000
05171905;724374000000
05175278;725583600000
05174913;725583600000
05174957;725583600000
05179076;726793200000
05180020;727398000000
05181567;728002800000
05183581;728607600000
05184679;729212400000
05186848;729817200000
05186847;729817200000
05189012;730422000000
05188175;730422000000
05190675;731026800000
05194422;732236400000
05193618;732236400000
05196143;732841200000
05196401;732841200000
05198415;733442400000
05198416;733442400000
05197545;733442400000
05197544;733442400000
05200117;734047200000
05200096;734047200000
05202035;734652000000
05201370;734652000000
05204320;735256800000
05203411;735256800000
05205964;735861600000
05208216;736466400000
05207953;736466400000
05207934;736466400000
05209297;737071200000
05209859;737071200000
05211250;737676000000
05211239;737676000000
05211237;737676000000
05211858;737676000000
05211859;737676000000
05217632;739490400000
05217074;739490400000
05219476;740095200000
05219475;740095200000
05221489;740700000000
05223159;741304800000
05223160;741304800000
05222558;741304800000
05225090;741909600000
05225103;741909600000
05224546;741909600000
05224543;741909600000
05226479;742514400000
05226481;742514400000
05226480;742514400000
05229017;743119200000
05229018;743119200000
05229019;743119200000
05228524;743119200000
05230814;743724000000
05233032;744328800000
05232910;744328800000
05232955;744328800000
05232627;744328800000
05232741;744328800000
05238065;746143200000
05242672;747352800000
05242899;747352800000
05244042;747957600000
05244877;747957600000
05244878;747957600000
05246072;748562400000
05246602;748562400000
05247992;749170800000
05247995;749170800000
05248665;749170800000
05248664;749170800000
05250201;749775600000
05250225;749775600000
05251698;750380400000
05252236;750380400000
05252235;750380400000
05252234;750380400000
05252289;750380400000
05252554;750380400000
05254531;750985200000
05253711;750985200000
05256315;751590000000
05256331;751590000000
05256740;751590000000
05256651;751590000000
05258137;752194800000
05258072;752194800000
05259980;752799600000
05260268;752799600000
05260269;752799600000
05261491;753404400000
05263539;754009200000
05263540;754009200000
05263541;754009200000
05264141;754009200000
05266224;754614000000
05268112;755218800000
05271464;756428400000
05273728;757033200000
05273666;757033200000
05273682;757033200000
05275744;757638000000
05277830;758242800000
05279367;758847600000
05282995;760057200000
05282984;760057200000
05283001;760057200000
05283235;760057200000
05284207;760662000000
05287929;761871600000
05292480;763081200000
05292367;763081200000
05291950;763081200000
05291949;763081200000
05294353;763686000000
05293942;763686000000
05295540;764290800000
05300235;765496800000
05301751;766101600000
05301754;766101600000
05304620;766706400000
05306340;767311200000
05305832;767311200000
05308547;767916000000
05307877;767916000000
05309997;768520800000
05309999;768520800000
05310002;768520800000
05310489;768520800000
05312807;769125600000
05311944;769125600000
05311943;769125600000
05314022;769730400000
05316792;770335200000
05318709;770940000000
05318955;770940000000
05318956;770940000000
05318953;770940000000
05318954;770940000000
05322121;772149600000
05322123;772149600000
05322630;772149600000
05323857;772754400000
05325921;773359200000
05325920;773359200000
05330015;774568800000
05330662;774568800000
05330970;774568800000
05332724;775173600000
05333687;775778400000
05336441;776383200000
05335733;776383200000
05338465;776988000000
05337824;776988000000
05339855;777592800000
05340860;777592800000
05341878;778197600000
05342530;778197600000
05343951;778802400000
05343950;778802400000
05344818;778802400000
05344817;778802400000
05346010;779407200000
05346009;779407200000
05346550;779407200000
05348584;780012000000
05348938;780012000000
05350528;780620400000
05350740;780620400000
05352383;781225200000
05354505;781830000000
05354456;781830000000
05354786;781830000000
05355958;782434800000
05355954;782434800000
05356565;782434800000
05358049;783039600000
05358045;783039600000
05358052;783039600000
05358043;783039600000
05358044;783039600000
05358565;783039600000
05360065;783644400000
05360558;783644400000
05360787;783644400000
05361842;784249200000
05361841;784249200000
05362415;784249200000
05362408;784249200000
05362318;784249200000
05362713;784249200000
05363928;784854000000
05363916;784854000000
05363918;784854000000
05366643;785458800000
05368102;786063600000
05372732;787273200000
05374361;787878000000
05376629;788482800000
05380706;789692400000
05380705;789692400000
05382371;790297200000
05389706;792716400000
05391636;793321200000
05393439;793926000000
05399548;795740400000
05399269;795740400000
05399270;795740400000
05398758;795740400000
05401424;796341600000
05401425;796341600000
05401718;796341600000
05401719;796341600000
05403822;796946400000
05403821;796946400000
05403820;796946400000
05407909;798156000000
05411670;799365600000
05413178;799970400000
05415229;800575200000
05415228;800575200000
05415230;800575200000
05415805;800575200000
05417287;801180000000
05418271;801180000000
05418217;801180000000
05420174;801784800000
05421411;802389600000
05421412;802389600000
05424285;802994400000
05424284;802994400000
05424283;802994400000
05426079;803599200000
05425422;803599200000
05427699;804204000000
05427999;804204000000
05432152;805413600000
05432153;805413600000
05431237;805413600000
05431226;805413600000
05433272;806018400000
05436227;806623200000
05438039;807228000000
05437331;807228000000
05439057;807832800000
05439059;807832800000
05441927;808437600000
05441928;808437600000
05441929;808437600000
05441109;808437600000
05445179;809647200000
05445223;809647200000
05447199;810252000000
05453416;812070000000
05454978;812674800000
05458197;813884400000
05459125;813884400000
05461028;814489200000
05460226;814489200000
05470822;817513200000
05470823;817513200000
05473059;818118000000
05472937;818118000000
05476144;819327600000
05476543;819327600000
05478802;819932400000
05479987;820537200000
05480863;820537200000
05483986;821746800000
05484488;821746800000
05484028;821746800000
05486312;822351600000
05488083;822956400000
05489574;823561200000
05491248;824166000000
05494120;825375600000
05494607;825375600000
05495891;825980400000
05497830;826585200000
05498596;826585200000
05501276;827794800000
05502030;827794800000
05504061;828396000000
05504062;828396000000
05504063;828396000000
05508258;829605600000
05510436;830210400000
05512212;830815200000
05514645;831420000000
05514644;831420000000
05513705;831420000000
05513712;831420000000
05515920;832024800000
05518996;832629600000
05520250;833234400000
05520251;833234400000
05522459;833839200000
05524717;834444000000
05525587;834444000000
05529125;835653600000
05529122;835653600000
05532211;836258400000
05532212;836258400000
05531937;836258400000
05536706;837468000000
05535834;837468000000
05543387;839282400000
05543388;839282400000
05542474;839282400000
05547025;840492000000
05547026;840492000000
05547022;840492000000
05547926;840492000000
05547925;840492000000
05552377;841701600000
05551515;841701600000
05551516;841701600000
05554721;842306400000
05556832;842911200000
05556938;842911200000
05555937;842911200000
05558171;843516000000
05559085;843516000000
05559086;843516000000
05559082;843516000000
05563186;844725600000
05565416;845330400000
05565513;845330400000
05566760;845935200000
05566759;845935200000
05567675;845935200000
05569343;846543600000
05569642;846543600000
05571315;847148400000
05570743;847148400000
05573725;847753200000
05576271;848358000000
05575335;848358000000
05580844;849567600000
05582249;850172400000
05582250;850172400000
05585334;850777200000
05585333;850777200000
05587354;851382000000
05586608;851382000000
05589442;851986800000
05591699;852591600000
05591700;852591600000
05591701;852591600000
05590716;852591600000
05593954;853196400000
05593955;853196400000
05593952;853196400000
05593953;853196400000
05597783;854406000000
05597784;854406000000
05599777;855010800000
05599776;855010800000
05602082;855615600000
05602083;855615600000
05604185;856220400000
05604184;856220400000
05604186;856220400000
05604078;856220400000
05605879;856825200000
05607623;857430000000
05607905;857430000000
05607903;857430000000
05607904;857430000000
05607901;857430000000
05607902;857430000000
05610124;858034800000
05609207;858034800000
05609209;858034800000
05609208;858034800000
05612293;858639600000
05612294;858639600000
05611991;858639600000
05611992;858639600000
05614476;859244400000
05614475;859244400000
05614474;859244400000
05614473;859244400000
05616541;859845600000
05617920;860450400000
05618780;860450400000
05620049;861055200000
05620947;861055200000
05620946;861055200000
05622920;861660000000
05622921;861660000000
05622919;861660000000
05624886;862264800000
05627143;862869600000
05627144;862869600000
05627145;862869600000
05629270;863474400000
05629271;863474400000
05630474;864079200000
05633220;864684000000
05635458;865288800000
05635457;865288800000
05637556;865893600000
05637557;865893600000
05639715;866498400000
05639806;866498400000
05641728;867103200000
05642783;867708000000
05643858;867708000000
05643500;867708000000
05646092;868312800000
05646093;868312800000
05647900;868917600000
05650379;869522400000
05650374;869522400000
05649596;869522400000
05652200;870127200000
05654261;870732000000
05654260;870732000000
05656070;871336800000
05656576;871336800000
05658859;871941600000
05658861;871941600000
05658860;871941600000
05663122;873151200000
05663121;873151200000
05663123;873151200000
05667012;874360800000
05667024;874360800000
05669456;874965600000
05669466;874965600000
05669446;874965600000
05669447;874965600000
05670460;874965600000
05671810;875570400000
05674816;876175200000
05674817;876175200000
05676763;876780000000
05677266;876780000000
05677267;876780000000
05678631;877384800000
05681796;877993200000
05680900;877993200000
05683626;878598000000
05686396;879202800000
05691281;880412400000
05690176;880412400000
05693837;881017200000
05696058;881622000000
05696059;881622000000
05697458;882226800000
05697444;882226800000
05700763;882831600000
05700767;882831600000
05699860;882831600000
05701956;883436400000
05707940;884646000000
05707939;884646000000
05706895;884646000000
05710111;885250800000
05710107;885250800000
05710108;885250800000
05710109;885250800000
05710110;885250800000
05711383;885855600000
05711900;885855600000
05712228;885855600000
05715896;887065200000
05716910;887065200000
05718841;887670000000
05721313;888274800000
05721198;888274800000
05723423;888879600000
05723416;888879600000
05725771;889484400000
05728652;890089200000
05728653;890089200000
05728654;890089200000
05735349;891900000000
05741761;893109600000
05741758;893109600000
05741759;893109600000
05744428;893714400000
05746973;894319200000
05748088;894319200000
05753596;895528800000
05755295;896133600000
05756004;896133600000
05756772;896133600000
05755972;896133600000
05759963;896738400000
05759964;896738400000
05759962;896738400000
05762138;897343200000
05762140;897343200000
05762141;897343200000
05763368;897343200000
05763367;897343200000
05771971;899157600000
05773638;899157600000
05773390;899157600000
05776865;899762400000
05775425;899762400000
05780407;900367200000
05780395;900367200000
05779938;900367200000
05782300;900972000000
05783109;900972000000
05783524;900972000000
05783525;900972000000
05783526;900972000000
05783527;900972000000
05785747;901576800000
05789349;902181600000
05789352;902181600000
05789351;902181600000
05789350;902181600000
05792727;902786400000
05792420;902786400000
05795850;903391200000
05798320;903996000000
05798319;903996000000
05797456;903996000000
05799734;904600800000
05801127;904600800000
05804535;905205600000
05808052;905810400000
05807810;905810400000
05807811;905810400000
05807812;905810400000
05806597;905810400000
05806592;905810400000
05813466;907020000000
05816323;907624800000
05821203;908229600000
05821202;908229600000
05824214;908834400000
05827804;909442800000
05827803;909442800000
05826669;909442800000
05830831;910047600000
05830830;910047600000
05833000;910652400000
05834406;910652400000
05837654;911257200000
05837655;911257200000
05837656;911257200000
05839510;911862000000
05839520;911862000000
05840661;911862000000
05843872;912466800000
05846915;913071600000
05846913;913071600000
05846914;913071600000
05849674;913676400000
05851960;914281200000
05851961;914281200000
05851958;914281200000
05851959;914281200000
05853619;914886000000
05854180;914886000000
05855243;915490800000
05858928;916095600000
05858927;916095600000
05861362;916700400000
05863301;917305200000
05863415;917305200000
05866516;917910000000
05866517;917910000000
05869325;918514800000
05869434;918514800000
05869433;918514800000
05869435;918514800000
05871577;919119600000
05874386;919724400000
05874385;919724400000
05874387;919724400000
05877126;920329200000
05877127;920329200000
05881826;921538800000
05883054;921538800000
05883053;921538800000
05888943;922744800000
05888944;922744800000
05887653;922744800000
05891832;923349600000
05891829;923349600000
05893416;923954400000
05900053;925768800000
05900516;925768800000
05902515;926373600000
05902775;926373600000
05904208;926978400000
05905061;926978400000
05906966;927583200000
05908814;928188000000
05910467;928792800000
05910469;928792800000
05909774;928792800000
05909779;928792800000
05911276;929397600000
05913364;930002400000
05916849;930607200000
05916484;930607200000
05919738;931212000000
05919739;931212000000
05922653;931816800000
05922652;931816800000
05925598;932421600000
05927404;933026400000
05929002;933026400000
05934011;934236000000
05939362;934840800000
05939475;934840800000
05942467;935445600000
05942469;935445600000
05942468;935445600000
05945386;936050400000
05945387;936050400000
05945385;936050400000
05944106;936050400000
05948733;936655200000
05948735;936655200000
05948734;936655200000
05948238;936655200000
05951910;937260000000
05950731;937260000000
05955401;937864800000
05957203;938469600000
05958844;938469600000
05958845;938469600000
05961885;939074400000
05960877;939074400000
05960878;939074400000
05962375;939074400000
05964291;939679200000
05964295;939679200000
05968879;940284000000
05972850;940888800000
05972848;940888800000
05972849;940888800000
05975206;941497200000
05975220;941497200000
05977032;941497200000
05977031;941497200000
05977030;941497200000
05977189;941497200000
05976416;941497200000
05979479;942102000000
05979555;942102000000
05979557;942102000000
05981447;942102000000
05981446;942102000000
05985800;942706800000
05985801;942706800000
05985940;942706800000
05990050;943311600000
05990051;943311600000
05990052;943311600000
05990053;943311600000
05988198;943311600000
05996694;944521200000
05996692;944521200000
06001280;945126000000
06000412;945126000000
06004908;945730800000
06006835;946335600000
06006831;946335600000
06017856;948754800000
06017855;948754800000
06017854;948754800000
06016879;948754800000
06016871;948754800000
06016869;948754800000
06020289;949359600000
06022834;949964400000
06022833;949964400000
06022494;949964400000
06025304;950569200000
06025302;950569200000
06025303;950569200000
06024170;950569200000
06029755;951778800000
06030928;951778800000
06034037;952383600000
06035936;952988400000
06035933;952988400000
06040276;953593200000
06043391;954194400000
06046140;954799200000
06047772;955404000000
06051535;956008800000
06054416;956613600000
06054417;956613600000
06054415;956613600000
06056896;957218400000
06057272;957218400000
06060434;957823200000
06060436;957823200000
06060435;957823200000
06059992;957823200000
06059036;957823200000
06063737;958428000000
06063738;958428000000
06068056;959637600000
06068054;959637600000
06069118;959637600000
06069117;959637600000
06071434;960242400000
06076278;961452000000
06080704;962056800000
06090754;963871200000
06093684;964476000000
06096690;965080800000
06100222;965685600000
06100221;965685600000
06100223;965685600000
06098712;965685600000
06103671;966290400000
06103772;966290400000
06102121;966290400000
06105691;966895200000
06107255;966895200000
06107256;966895200000
06106603;966895200000
06110885;967500000000
06110876;967500000000
06110875;967500000000
06110874;967500000000
06113809;968104800000
06112814;968104800000
06114410;968104800000
06117364;968709600000
06120678;969314400000
06123159;969919200000
06124246;969919200000
06124245;969919200000
06124244;969919200000
06127319;970524000000
06130256;971128800000
06133205;971733600000
06133203;971733600000
06133204;971733600000
06135207;972338400000
06140277;972946800000
06140276;972946800000
06138759;972946800000
06143698;973551600000
06143699;973551600000
06147034;974156400000
06149693;974761200000
06148917;974761200000
06148913;974761200000
06153562;975366000000
06153656;975366000000
06153669;975366000000
06156805;975970800000
06156808;975970800000
06156708;975970800000
06159906;976575600000
06159907;976575600000
06162766;977180400000
06166095;977785200000
06165945;977785200000
06165946;977785200000
06165947;977785200000
06165948;977785200000
06169058;978390000000
06169134;978390000000
06167967;978390000000
06172010;978994800000
06172011;978994800000
06172123;978994800000
06172121;978994800000
06173776;979599600000
06176243;980204400000
06176314;980204400000
06176315;980204400000
06177385;980204400000
06180573;980809200000
06180571;980809200000
06180572;980809200000
06180683;980809200000
06180699;980809200000
06184184;981414000000
06186231;982018800000
06187719;982018800000
06187720;982018800000
06191076;982623600000
06189615;982623600000
06192985;983228400000
06194361;983228400000
06194356;983228400000
06194354;983228400000
06194355;983228400000
06196320;983833200000
06196317;983833200000
06197730;983833200000
06204420;985042800000
06204224;985042800000
06206103;985644000000
06207620;985644000000
06209643;986248800000
06211120;986248800000
06211119;986248800000
06213214;986853600000
06213213;986853600000
06214773;986853600000
06218343;987458400000
06218342;987458400000
06216361;987458400000
06221152;988063200000
06225263;988668000000
06225264;988668000000
06225261;988668000000
06225262;988668000000
06227295;989272800000
06228812;989272800000
06230814;989877600000
06232273;989877600000
06232274;989877600000
06234183;990482400000
06239081;991087200000
06239183;991087200000
06242389;991692000000
06242388;991692000000
06242390;991692000000
06244343;992296800000
06247543;992901600000
06248700;992901600000
06248699;992901600000
06248697;992901600000
06248698;992901600000
06251838;993506400000
06251837;993506400000
06251836;993506400000
06251179;993506400000
06251288;993506400000
06255256;994111200000
06258859;994716000000
06258755;994716000000
06258756;994716000000
06258757;994716000000
06257335;994716000000
06260621;995320800000
06261998;995320800000
06263967;995925600000
06265355;995925600000
06267186;996530400000
06268314;996530400000
06267893;996530400000
06271409;997135200000
06271181;997135200000
06269881;997135200000
06277792;998344800000
06279656;998949600000
06281172;998949600000
06284714;999554400000
06283212;999554400000
06283213;999554400000
06286601;1000159200000
06287646;1000159200000
06289989;1000764000000
06291405;1000764000000
06291404;1000764000000
06291406;1000764000000
06290001;1000764000000
06297201;1001973600000
06297202;1001973600000
06299836;1002578400000
06300286;1002578400000
06302209;1003183200000
06303544;1003183200000
06306800;1003788000000
06306799;1003788000000
06310008;1004396400000
06308778;1004396400000
06308788;1004396400000
06309455;1004396400000
06311773;1005001200000
06315042;1005606000000
06315045;1005606000000
06323157;1006815600000
06323158;1006815600000
06326335;1007420400000
06325149;1007420400000
06328105;1008025200000
06328106;1008025200000
06331513;1008630000000
06331508;1008630000000
06330916;1008630000000
06337308;1010444400000
06336505;1010444400000
06339048;1011049200000
06342553;1012258800000
06342467;1012258800000
06342468;1012258800000
06344431;1012863600000
06348509;1014073200000
06348436;1014073200000
06350721;1014678000000
06355600;1015887600000
06354381;1015887600000
06357527;1016492400000
06359047;1016492400000
06358889;1016492400000
06365639;1017698400000
06365100;1017698400000
06364020;1017698400000
06364018;1017698400000
06367550;1018303200000
06369004;1018303200000
06372694;1018908000000
06380138;1020117600000
06380137;1020117600000
06380136;1020117600000
06383990;1020722400000
06387137;1021327200000
06387853;1021327200000
06390197;1021932000000
06391830;1021932000000
06395686;1022536800000
06399546;1023141600000
06399547;1023141600000
06399544;1023141600000
06399545;1023141600000
06402934;1023746400000
06401817;1023746400000
06403537;1023746400000
06405809;1024351200000
06410489;1024956000000
06410488;1024956000000
06412561;1025560800000
06415865;1026165600000
06417417;1026165600000
06417142;1026165600000
06419016;1026770400000
06419019;1026770400000
06420319;1026770400000
06423802;1027375200000
06422326;1027375200000
06422325;1027375200000
06422314;1027375200000
06426321;1027980000000
06431279;1029189600000
06432885;1029189600000
06436878;1029794400000
06436879;1029794400000
06436877;1029794400000
06436880;1029794400000
06435276;1029794400000
06435277;1029794400000
06440330;1030399200000
06439309;1030399200000
06439308;1030399200000
06444316;1031004000000
06448206;1031608800000
06451743;1032213600000
06450260;1032213600000
06455474;1032818400000
06454005;1032818400000
06454008;1032818400000
06454003;1032818400000
06454004;1032818400000
06457524;1033423200000
06460632;1034028000000
06462096;1034028000000
06461999;1034028000000
06465397;1034632800000
06464009;1034632800000
06468945;1035237600000
06467492;1035237600000
06475959;1036450800000
06475431;1036450800000
06478868;1037055600000
06478866;1037055600000
06482866;1037660400000
06482776;1037660400000
06484821;1038265200000
06489270;1038870000000
06489272;1038870000000
06488091;1038870000000
06492430;1039474800000
06492305;1039474800000
06491099;1039474800000
06494218;1040079600000
06494263;1040079600000
06495493;1040079600000
06499546;1041289200000
06500785;1041289200000
06502637;1041894000000
06503870;1041894000000
06506711;1042498800000
06506710;1042498800000
06509300;1043103600000
06509301;1043103600000
06511613;1043708400000
06511944;1043708400000
06513592;1044313200000
06514916;1044313200000
06514915;1044313200000
06516885;1044918000000
06518224;1044918000000
06518223;1044918000000
06521678;1045522800000
06524384;1046127600000
06525003;1046127600000
06527051;1046732400000
06531427;1047337200000
06534448;1047942000000
06534449;1047942000000
06537951;1048546800000
06537950;1048546800000
06540943;1049148000000
06544934;1049752800000
06544933;1049752800000
06544932;1049752800000
06548452;1050357600000
06550552;1050962400000
06554071;1051567200000
06554070;1051567200000
06554069;1051567200000
06555507;1051567200000
06555506;1051567200000
06555505;1051567200000
06559104;1052172000000
06561273;1052776800000
06562764;1052776800000
06562762;1052776800000
06562763;1052776800000
06564869;1053381600000
06566310;1053381600000
06566309;1053381600000
06566410;1053381600000
06569814;1053986400000
06569815;1053986400000
06573221;1054591200000
06576597;1055196000000
06579832;1055800800000
06579909;1055800800000
06581687;1056405600000
06581701;1056405600000
06583091;1056405600000
06586371;1057010400000
06586372;1057010400000
06586587;1057010400000
06589917;1057615200000
06591910;1058220000000
06593278;1058220000000
06593279;1058220000000
06596670;1058824800000
06599863;1059429600000
06602828;1060034400000
06605570;1060639200000
06607035;1061244000000
06608005;1061244000000
06608006;1061244000000
06609578;1061848800000
06613720;1062453600000
06616743;1063058400000
06617285;1063058400000
06619399;1063663200000
06620338;1063663200000
06620341;1063663200000
06620769;1063663200000
06620770;1063663200000
06627719;1064872800000
06630021;1065477600000
06630429;1065477600000
06630428;1065477600000
06632777;1066082400000
06632778;1066082400000
06632779;1066082400000
06634442;1066687200000
06635604;1066687200000
06637517;1067295600000
06638896;1067295600000
06640898;1067900400000
06642185;1067900400000
06642183;1067900400000
06642184;1067900400000
06645769;1068505200000
06649571;1069110000000
06649572;1069110000000
06653260;1069714800000
06656266;1070319600000
06656885;1070319600000
06659175;1070924400000
06660693;1070924400000
06660694;1070924400000
06662871;1071529200000
06664215;1071529200000
06667279;1072134000000
06667280;1072134000000
06668927;1072738800000
06672388;1073343600000
06686323;1075762800000
06689208;1076367600000
06691780;1076972400000
06691805;1076972400000
06695897;1077577200000
06695968;1077577200000
06702044;1078786800000
06702023;1078786800000
06702022;1078786800000
06702021;1078786800000
06703352;1078786800000
06703351;1078786800000
06705400;1079391600000
06706668;1079391600000
06706667;1079391600000
06706669;1079391600000
06706769;1079391600000
06710019;1079996400000
06710107;1079996400000
06715568;1081202400000
06715553;1081202400000
06716282;1081202400000
06716799;1081202400000
06716798;1081202400000
06716797;1081202400000
06720290;1081807200000
06720291;1081807200000
06720292;1081807200000
06722436;1082412000000
06722434;1082412000000
06723683;1082412000000
06725926;1083016800000
06730636;1083621600000
06730637;1083621600000
06729409;1083621600000
06729402;1083621600000
06734144;1084226400000
06734145;1084226400000
06734146;1084226400000
06737385;1084831200000
06737384;1084831200000
06737386;1084831200000
06739414;1085436000000
06739806;1085436000000
06740625;1085436000000
06743756;1086040800000
06746611;1086645600000
06746992;1086645600000
06750179;1087250400000
06750180;1087250400000
06752208;1087855200000
06753299;1087855200000
06756345;1088460000000
06762154;1089669600000
06762156;1089669600000
06762155;1089669600000
06763888;1090274400000
06764980;1090274400000
06764981;1090274400000
06767867;1090879200000
06767868;1090879200000
06767869;1090879200000
06770601;1091484000000
06770603;1091484000000
06770602;1091484000000
06770604;1091484000000
06772838;1092088800000
06772847;1092088800000
06774089;1092088800000
06774090;1092088800000
06776234;1092693600000
06777377;1092693600000
06780822;1093298400000
06780804;1093298400000
06784140;1093903200000
06784141;1093903200000
06787505;1094508000000
06787506;1094508000000
06787507;1094508000000
06790812;1095112800000
06790811;1095112800000
06793025;1095717600000
06793018;1095717600000
06793730;1095717600000
06794340;1095717600000
06797675;1096322400000
06797676;1096322400000
06800594;1096927200000
06800593;1096927200000
06800592;1096927200000
06802673;1097532000000
06803346;1097532000000
06803347;1097532000000
06803348;1097532000000
06806235;1098136800000
06806236;1098136800000
06806233;1098136800000
06806234;1098136800000
06806231;1098136800000
06806232;1098136800000
06809067;1098741600000
06810959;1099350000000
06814145;1099954800000
06814885;1099954800000
06815399;1099954800000
06817414;1100559600000
06818594;1100559600000
06818599;1100559600000
06818596;1100559600000
06818595;1100559600000
06818598;1100559600000
06818597;1100559600000
06821931;1101164400000
06820694;1101164400000
06823940;1101769200000
06823939;1101769200000
06825152;1101769200000
06826482;1101769200000
06828281;1102374000000
06828280;1102374000000
06828279;1102374000000
06831108;1102978800000
06831044;1102978800000
06831043;1102978800000
06831042;1102978800000
06835697;1104188400000
06837316;1104793200000
06838417;1104793200000
06838418;1104793200000
06838449;1104793200000
06843846;1106002800000
06844296;1106002800000
06844297;1106002800000
06846765;1106607600000
06848519;1107212400000
06849582;1107212400000
06849581;1107212400000
06852676;1107817200000
06852675;1107817200000
06855671;1108422000000
06855672;1108422000000
06857485;1109026800000
06858566;1109026800000
06861393;1109631600000
06861394;1109631600000
06861392;1109631600000
06866797;1110841200000
06867262;1110841200000
06867170;1110841200000
06875728;1112652000000
06875729;1112652000000
06881708;1113861600000
06881709;1113861600000
06883608;1114466400000
06884884;1114466400000
06884762;1114466400000
06884760;1114466400000
06887833;1115071200000
06887832;1115071200000
06887834;1115071200000
06887840;1115071200000
06889780;1115676000000
06890080;1115676000000
06892813;1116280800000
06894008;1116280800000
06894007;1116280800000
06897186;1116885600000
06899177;1117490400000
06903054;1118095200000
06904972;1118700000000
06905605;1118700000000
06906009;1118700000000
06906010;1118700000000
06908508;1119304800000
06908886;1119304800000
06908888;1119304800000
06908887;1119304800000
06911417;1119909600000
06911418;1119909600000
06911419;1119909600000
06914036;1120514400000
06914081;1120514400000
06915854;1121119200000
06918445;1121724000000
06921742;1122328800000
06923264;1122933600000
06923260;1122933600000
06924254;1122933600000
06924255;1122933600000
06924253;1122933600000
06927194;1123538400000
06932158;1124748000000
06933262;1124748000000
06936575;1125352800000
06936574;1125352800000
06938693;1125957600000
06939483;1125957600000
06939834;1125957600000
06939832;1125957600000
06939833;1125957600000
06942031;1126562400000
06945329;1127167200000
06945327;1127167200000
06949491;1127772000000
06951249;1128376800000
06951250;1128376800000
06959773;1130799600000
06964940;1132009200000
06966379;1132614000000
06968898;1133218800000
06972274;1133823600000
06976538;1135033200000
06976537;1135033200000
06978838;1135638000000
06978836;1135638000000
06978834;1135638000000
06981560;1136242800000
06983799;1136847600000
06983797;1136847600000
06983800;1136847600000
06983801;1136847600000
06984610;1136847600000
06984611;1136847600000
06986392;1137452400000
06986391;1137452400000
06987083;1137452400000
06988552;1138057200000
06989352;1138057200000
06989353;1138057200000
06989354;1138057200000
06989355;1138057200000
06992048;1138662000000
06994166;1139266800000
06994173;1139266800000
06995120;1139266800000
06997259;1139871600000
06997270;1139871600000
07000702;1140476400000
07000701;1140476400000
07001872;1140476400000
07001871;1140476400000
07004608;1141081200000
07004254;1141081200000
07004253;1141081200000
07008561;1141686000000
07008908;1141686000000
07008907;1141686000000
07012043;1142290800000
07012044;1142290800000
07013973;1142895600000
07013975;1142895600000
07013976;1142895600000
07017665;1143496800000
07018955;1143496800000
07018956;1143496800000
07021379;1144101600000
07021378;1144101600000
07021377;1144101600000
07022652;1144101600000
07026272;1144706400000
07028771;1145311200000
07028776;1145311200000
07030064;1145311200000
07032667;1145916000000
07032663;1145916000000
07032662;1145916000000
07033977;1145916000000
07033975;1145916000000
07033976;1145916000000
07037881;1146520800000
07036591;1146520800000
07036590;1146520800000
07036588;1146520800000
07036587;1146520800000
07036585;1146520800000
07040419;1147125600000
07041707;1147125600000
07044222;1147730400000
07044224;1147730400000
07044220;1147730400000
07050166;1148335200000
07048053;1148335200000
07049436;1148335200000
07049272;1148335200000
07052901;1148940000000
07055628;1149544800000
07056868;1149544800000
07056869;1149544800000
07056867;1149544800000
07059406;1150149600000
07059408;1150149600000
07060661;1150149600000
07060660;1150149600000
07063176;1150754400000
07063154;1150754400000
07063151;1150754400000
07066285;1151359200000
07066258;1151359200000
07066260;1151359200000
07067155;1151359200000
07067004;1151359200000
07067445;1151359200000
07067460;1151359200000
07067461;1151359200000
07067459;1151359200000
07071150;1151964000000
07073588;1152568800000
07073585;1152568800000
07077219;1153173600000
07078370;1153173600000
07080688;1153778400000
07081438;1153778400000
07081437;1153778400000
07081439;1153778400000
07084093;1154383200000
07084092;1154383200000
07084095;1154383200000
07084094;1154383200000
07084096;1154383200000
07086466;1154988000000
07086469;1154988000000
07087556;1154988000000
07087554;1154988000000
07087555;1154988000000
07090015;1155592800000
07091159;1155592800000
07091160;1155592800000
07093655;1156197600000
07093658;1156197600000
07094737;1156197600000
07094736;1156197600000
07094738;1156197600000
07096947;1156802400000
07096944;1156802400000
07098172;1156802400000
07098171;1156802400000
07101829;1157407200000
07100692;1157407200000
07104328;1158012000000
07104327;1158012000000
07108066;1158616800000
07108780;1158616800000
07112557;1159221600000
07115546;1159826400000
07115547;1159826400000
07114568;1159826400000
07114567;1159826400000
07117943;1160431200000
07119050;1160431200000
07121339;1161036000000
07122507;1161036000000
07124822;1161640800000
07125825;1161640800000
07125826;1161640800000
07125483;1161640800000
07128149;1162249200000
07128148;1162249200000
07131492;1162854000000
07131495;1162854000000
07132389;1162854000000
07134496;1163458800000
07135439;1163458800000
07135440;1163458800000
07137459;1164063600000
07137401;1164063600000
07140440;1164668400000
07140439;1164668400000
07140438;1164668400000
07140433;1164668400000
07143827;1165273200000
07144844;1165273200000
07147067;1165878000000
07148184;1165878000000
07148183;1165878000000
07148185;1165878000000
07150319;1166482800000
07150322;1166482800000
07150321;1166482800000
07151077;1166482800000
07151078;1166482800000
07151076;1166482800000
07152697;1167087600000
07156174;1167692400000
07156175;1167692400000
07156177;1167692400000
07157409;1167692400000
07159658;1168297200000
07159655;1168297200000
07159656;1168297200000
07159659;1168297200000
07160844;1168297200000
07160842;1168297200000
07160843;1168297200000
07163060;1168902000000
07163056;1168902000000
07164051;1168902000000
07165613;1169506800000
07166560;1169506800000
07166160;1169506800000
07169738;1170111600000
07169739;1170111600000
07169767;1170111600000
07168490;1170111600000
07168489;1170111600000
07176165;1171321200000
07178610;1171926000000
07178594;1171926000000
07178596;1171926000000
07178590;1171926000000
07182136;1172530800000
07183239;1172530800000
07183240;1172530800000
07186673;1173135600000
07188673;1173740400000
07188676;1173740400000
07191834;1174345200000
07192908;1174345200000
07192907;1174345200000
07195065;1174946400000
07195068;1174946400000
07196039;1174946400000
07196040;1174946400000
07196041;1174946400000
07198805;1175551200000
07199084;1175551200000
07199085;1175551200000
07199083;1175551200000
07199086;1175551200000
07201227;1176156000000
07204311;1176760800000
07204310;1176760800000
07205264;1176760800000
07205262;1176760800000
07205263;1176760800000
07208529;1177365600000
07207388;1177365600000
07207387;1177365600000
07207386;1177365600000
07210528;1177970400000
07211550;1177970400000
07211549;1177970400000
07211548;1177970400000
07211547;1177970400000
07211546;1177970400000
07213645;1178575200000
07214647;1178575200000
07216704;1179180000000
07216709;1179180000000
07216710;1179180000000
07220707;1179784800000
07220708;1179784800000
07220709;1179784800000
07219735;1179784800000
07219731;1179784800000
07223719;1180389600000
07226896;1180994400000
07226895;1180994400000
07228904;1181599200000
07229950;1181599200000
07231976;1182204000000
07232793;1182204000000
07237609;1183413600000
07238648;1183413600000
07238649;1183413600000
07238646;1183413600000
07238647;1183413600000
07244694;1184623200000
07244693;1184623200000
07247604;1185228000000
07246665;1185228000000
07250390;1185832800000
07252663;1186437600000
07255731;1187042400000
07255169;1187042400000
07255170;1187042400000
07256159;1187042400000
07256160;1187042400000
07258170;1187647200000
07259130;1187647200000
07259192;1187647200000
07261157;1188252000000
07261156;1188252000000
07261158;1188252000000
07262152;1188252000000
07262154;1188252000000
07262153;1188252000000
07264051;1188856800000
07264054;1188856800000
07264052;1188856800000
07265078;1188856800000
07265079;1188856800000
07267183;1189461600000
07267291;1189461600000
07268100;1189461600000
07268101;1189461600000
07270768;1190066400000
07270184;1190066400000
07270180;1190066400000
07271134;1190066400000
07271133;1190066400000
07271132;1190066400000
07271131;1190066400000
07273100;1190671200000
07273103;1190671200000
07273832;1190671200000
07275596;1191276000000
07276466;1191276000000
07278485;1191880800000
07279447;1191880800000
07279446;1191880800000
07279445;1191880800000
07281580;1192485600000
07281579;1192485600000
07284608;1193090400000
07285515;1193090400000
07287586;1193698800000
07287590;1193698800000
07288506;1193698800000
07288505;1193698800000
07290614;1194303600000
07291651;1194303600000
07293941;1194908400000
07293611;1194908400000
07296626;1195513200000
07296627;1195513200000
07297665;1195513200000
07297663;1195513200000
07297664;1195513200000
07297661;1195513200000
07297662;1195513200000
07300973;1196118000000
07299869;1196118000000
07299874;1196118000000
07303014;1196722800000
07303018;1196722800000
07303019;1196722800000
07304019;1196722800000
07306035;1197327600000
07306039;1197327600000
07308939;1197932400000
07312183;1198537200000
07312184;1198537200000
07311814;1198537200000
07311158;1198537200000
07314850;1199142000000
07316991;1199746800000
07316742;1199746800000
07316275;1199746800000
07318477;1200351600000
07318475;1200351600000
07318473;1200351600000
07320952;1200956400000
07320951;1200956400000
07323609;1201561200000
07323434;1201561200000
07326670;1202166000000
07326817;1202166000000
07325603;1202166000000
07332458;1203375600000
07332459;1203375600000
07332460;1203375600000
07334640;1203980400000
07334641;1203980400000
07338925;1204585200000
07338924;1204585200000
07338923;1204585200000
07338922;1204585200000
07341979;1205190000000
07341980;1205190000000
07341617;1205190000000
07341106;1205190000000
07341107;1205190000000
07341104;1205190000000
07343986;1205794800000
07343973;1205794800000
07343978;1205794800000
07343976;1205794800000
07345011;1205794800000
07345010;1205794800000
07345013;1205794800000
07345012;1205794800000
07347263;1206399600000
07348297;1206399600000
07351680;1207000800000
07351681;1207000800000
07350576;1207000800000
07350571;1207000800000
07353870;1207605600000
07354886;1207605600000
07358215;1208210400000
07359880;1208210400000
07360593;1208815200000
07361628;1208815200000
07363978;1209420000000
07373977;1211234400000
07377721;1211839200000
07378378;1211839200000
07378377;1211839200000
07380600;1212444000000
07380601;1212444000000
07380606;1212444000000
07381689;1212444000000
07384894;1213048800000
07384893;1213048800000
07384892;1213048800000
07387987;1213653600000
07387986;1213653600000
07387985;1213653600000
07392844;1214863200000
07392846;1214863200000
07392845;1214863200000
07393407;1214863200000
07393813;1214863200000
07395863;1215468000000
07398826;1216072800000
07398825;1216072800000
07398824;1216072800000
07399731;1216072800000
07399732;1216072800000
07402549;1216677600000
07405182;1217282400000
07405183;1217282400000
07407915;1217887200000
07407916;1217887200000
07409994;1218492000000
07410934;1218492000000
07417011;1219701600000
07417010;1219701600000
07417009;1219701600000
07419937;1220306400000
07419938;1220306400000
07419939;1220306400000
07424913;1221516000000
07427582;1222120800000
07427584;1222120800000
07427583;1222120800000
07429553;1222725600000
07429620;1222725600000
07431106;1223330400000
07431087;1223330400000
07432230;1223330400000
07435706;1223935200000
07435845;1223935200000
07438797;1224540000000
07439210;1224540000000
07439209;1224540000000
07441599;1225148400000
07441609;1225148400000
07448448;1226358000000
07448450;1226358000000
07448451;1226358000000
07449431;1226358000000
07449429;1226358000000
07449430;1226358000000
07452849;1226962800000
07452848;1226962800000
07452417;1226962800000
07454322;1226962800000
07455111;1227567600000
07456135;1227567600000
07459209;1228172400000
07461697;1228777200000
07462581;1228777200000
07462580;1228777200000
07468343;1229986800000
07468469;1229986800000
07470330;1230591600000
07470419;1230591600000
07473672;1231196400000
07475727;1231801200000
07476644;1231801200000
07481276;1233010800000
07481273;1233010800000
07482309;1233010800000
07482311;1233010800000
07482310;1233010800000
07484564;1233615600000
07485602;1233615600000
07488704;1234220400000
07488705;1234220400000
07491682;1234825200000
07491681;1234825200000
07493968;1235430000000
07493955;1235430000000
07494958;1235430000000
07494957;1235430000000
07494711;1235430000000
07497261;1236034800000
07497262;1236034800000
07497278;1236034800000
07500519;1236639600000
07501499;1236639600000
07501385;1236639600000
07504438;1237244400000
07504366;1237244400000
07507694;1237849200000
07507695;1237849200000
07507692;1237849200000
07507693;1237849200000
07510005;1238450400000
07513307;1239055200000
07514389;1239055200000
07514391;1239055200000
07514392;1239055200000
07514390;1239055200000
07517835;1239660000000
07517836;1239660000000
07520327;1240264800000
07521400;1240264800000
07521399;1240264800000
07521398;1240264800000
07524796;1240869600000
07527097;1241474400000
07528095;1241474400000
07528096;1241474400000
07528094;1241474400000
07530394;1242079200000
07531484;1242079200000
07531483;1242079200000
07534743;1242684000000
07534746;1242684000000
07534745;1242684000000
07534744;1242684000000
07538074;1243288800000
07541318;1243893600000
07541317;1243893600000
07541316;1243893600000
07541315;1243893600000
07544639;1244498400000
07544641;1244498400000
07544640;1244498400000
07544643;1244498400000
07544642;1244498400000
07546874;1245103200000
07547665;1245103200000
07547663;1245103200000
07547664;1245103200000
07550411;1245708000000
07550413;1245708000000
07550412;1245708000000
07549474;1245708000000
07553800;1246312800000
07559369;1247522400000
07560419;1247522400000
07560418;1247522400000
07562711;1248127200000
07563750;1248127200000
07566686;1248732000000
07566687;1248732000000
07569523;1249336800000
07569522;1249336800000
07572757;1249941600000
07572755;1249941600000
07572756;1249941600000
07572381;1249941600000
07576038;1250546400000
07576039;1250546400000
07576040;1250546400000
07576041;1250546400000
07576042;1250546400000
07576043;1250546400000
07575690;1250546400000
07575054;1250546400000
07578346;1251151200000
07579302;1251151200000
07580797;1251151200000
07582590;1251756000000
07584791;1252360800000
07585818;1252360800000
07585819;1252360800000
07585816;1252360800000
07585817;1252360800000
07589049;1252965600000
07589048;1252965600000
07589050;1252965600000
07591313;1253570400000
07592295;1253570400000
07595284;1254175200000
07595280;1254175200000
07595281;1254175200000
07595282;1254175200000
07595283;1254175200000
07598208;1254780000000
07598209;1254780000000
07601675;1255384800000
07605112;1255989600000
07607484;1256598000000
07607483;1256598000000
07608567;1256598000000
07608566;1256598000000
07612021;1257202800000
07612022;1257202800000
07612023;1257202800000
07615516;1257807600000
07615517;1257807600000
07615518;1257807600000
07615102;1257807600000
07614462;1257807600000
07618924;1258412400000
07618926;1258412400000
07618925;1258412400000
07618927;1258412400000
07622430;1259017200000
07622429;1259017200000
07622427;1259017200000
07622428;1259017200000
07622054;1259017200000
07624805;1259622000000
07624804;1259622000000
07625846;1259622000000
07625845;1259622000000
07629296;1260226800000
07629297;1260226800000
07629298;1260226800000
07629299;1260226800000
07632787;1260831600000
07632786;1260831600000
07632785;1260831600000
07635667;1261436400000
07635596;1261436400000
07635028;1261436400000
07638465;1262041200000
07638467;1262041200000
07638466;1262041200000
07638469;1262041200000
07638468;1262041200000
07640978;1262646000000
07642223;1262646000000
07644764;1263250800000
07644762;1263250800000
07645725;1263250800000
07645723;1263250800000
07645724;1263250800000
07645722;1263250800000
07648946;1263855600000
07651040;1264460400000
07651980;1264460400000
07651981;1264460400000
07651982;1264460400000
07651983;1264460400000
07652074;1264460400000
07654326;1265065200000
07654323;1265065200000
07655603;1265065200000
07655604;1265065200000
07662756;1266274800000
07662755;1266274800000
07662752;1266274800000
07662754;1266274800000
07662753;1266274800000
07665522;1266879600000
07665523;1266879600000
07666820;1266879600000
07666821;1266879600000
07670993;1267484400000
07670994;1267484400000
07670995;1267484400000
07673686;1268089200000
07674753;1268089200000
07674365;1268089200000
07677332;1268694000000
07677311;1268694000000
07678743;1268694000000
07678744;1268694000000
07678742;1268694000000
07678745;1268694000000
07683011;1269298800000
07687438;1269900000000
07687439;1269900000000
07687441;1269900000000
07687440;1269900000000
07691960;1270504800000
07691789;1270504800000
07691788;1270504800000
07691790;1270504800000
07696304;1271109600000
07696131;1271109600000
07696133;1271109600000
07696132;1271109600000
07696135;1271109600000
07696134;1271109600000
07700525;1271714400000
07703527;1272319200000
07703513;1272319200000
07704927;1272319200000
07704926;1272319200000
07708069;1272924000000
07708065;1272924000000
07709419;1272924000000
07709420;1272924000000
07709421;1272924000000
07709422;1272924000000
07712535;1273528800000
07713916;1273528800000
07713917;1273528800000
07713918;1273528800000
07717176;1274133600000
07718580;1274133600000
07718581;1274133600000
07718584;1274133600000
07718582;1274133600000
07718583;1274133600000
07723264;1274738400000
07723271;1274738400000
07723274;1274738400000
07723272;1274738400000
07723273;1274738400000
07727935;1275343200000
07727936;1275343200000
07727937;1275343200000
07727938;1275343200000
07727939;1275343200000
07727940;1275343200000
07728044;1275343200000
07730948;1275948000000
07732384;1275948000000
07732379;1275948000000
07732383;1275948000000
07732382;1275948000000
07732381;1275948000000
07732380;1275948000000
07737090;1276552800000
07737091;1276552800000
07740708;1277157600000
07740066;1277157600000
07740068;1277157600000
07741251;1277157600000
07741250;1277157600000
07741253;1277157600000
07741252;1277157600000
07741248;1277157600000
07741247;1277157600000
07741249;1277157600000
07743835;1277762400000
07743830;1277762400000
07745500;1277762400000
07745380;1277762400000
07745379;1277762400000
07745378;1277762400000
07749941;1278367200000
07749943;1278367200000
07749942;1278367200000
07749945;1278367200000
07749944;1278367200000
07749946;1278367200000
07754657;1278972000000
07754659;1278972000000
07754658;1278972000000
07754660;1278972000000
07757766;1279576800000
07759292;1279576800000
07762332;1280181600000
07762329;1280181600000
07763572;1280181600000
07763570;1280181600000
07767629;1280786400000
07767628;1280786400000
07767630;1280786400000
07772160;1281391200000
07772161;1281391200000
07772162;1281391200000
07772163;1281391200000
07772164;1281391200000
07772165;1281391200000
07772166;1281391200000
07770666;1281391200000
07771588;1281391200000
07776931;1281996000000
07776930;1281996000000
07776797;1281996000000
07776798;1281996000000
07776795;1281996000000
07776796;1281996000000
RE041585;1282600800000
07781379;1282600800000
07781381;1282600800000
07781380;1282600800000
07786050;1283205600000
07786051;1283205600000
07786052;1283205600000
07786049;1283205600000
07786053;1283205600000
07786054;1283205600000
07784542;1283205600000
07784541;1283205600000
07784566;1283205600000
07789160;1283810400000
07789150;1283810400000
07789146;1283810400000
07790657;1283810400000
07790656;1283810400000
07795188;1284415200000
07795187;1284415200000
07795189;1284415200000
07795184;1284415200000
07795183;1284415200000
07795186;1284415200000
07795185;1284415200000
07795190;1284415200000
07795193;1284415200000
07798219;1285020000000
07799744;1285020000000
07799743;1285020000000
07799742;1285020000000
07799741;1285020000000
07802623;1285624800000
07803743;1285624800000
07803744;1285624800000
07803741;1285624800000
07803742;1285624800000
07803740;1285624800000
07806182;1286229600000
07806183;1286229600000
07807609;1286229600000
07811974;1286834400000
07810562;1286834400000
07814977;1287439200000
07816305;1287439200000
07825053;1288652400000
07825072;1288652400000
07825071;1288652400000
07825075;1288652400000
07825074;1288652400000
07825073;1288652400000
07829510;1289257200000
07829506;1289257200000
07829508;1289257200000
07829507;1289257200000
07829509;1289257200000
07832490;1289862000000
07833943;1289862000000
07833949;1289862000000
07833948;1289862000000
07833945;1289862000000
07833944;1289862000000
07833947;1289862000000
07833946;1289862000000
07833950;1289862000000
07836954;1290466800000
07838467;1290466800000
07838469;1290466800000
07838468;1290466800000
07842650;1291071600000
07842651;1291071600000
07842652;1291071600000
07846876;1291676400000
07846877;1291676400000
07846878;1291676400000
07846879;1291676400000
07851413;1292281200000
07851414;1292281200000
07851415;1292281200000
07851416;1292281200000
07851417;1292281200000
07849923;1292281200000
07854802;1292886000000
07854263;1292886000000
07854277;1292886000000
07855168;1292886000000
07855169;1292886000000
07855170;1292886000000
07857051;1293490800000
07857055;1293490800000
07858564;1293490800000
07858563;1293490800000
07858562;1293490800000
07858561;1293490800000
