03865753;161305200000
03870738;163724400000
03872025;164329200000
03876557;166143600000
03878290;166748400000
03884838;169772400000
03888043;171586800000
03888896;171586800000
03890113;172191600000
03894102;174006000000
03897471;175820400000
03898057;176425200000
03901667;178239600000
03904386;179449200000
03904389;179449200000
03907519;180658800000
03912775;182473200000
03917468;184287600000
03917467;184287600000
03920717;185497200000
03920716;185497200000
03922148;186102000000
03923694;186706800000
03927997;188521200000
03927998;188521200000
03927999;188521200000
03928483;188521200000
03928001;188521200000
03928000;188521200000
03930812;189730800000
03932552;190335600000
03933883;190940400000
03938968;193359600000
03939191;193359600000
03940432;193964400000
03940428;193964400000
03941820;194569200000
03941869;194569200000
03941721;194569200000
03941819;194569200000
03942958;195174000000
03944588;195778800000
03947483;196984800000
03948965;197589600000
03950369;198194400000
03950368;198194400000
03952039;198799200000
03954424;200008800000
03957857;201218400000
03957449;201218400000
03957460;201218400000
03958957;201823200000
03958956;201823200000
03958625;201823200000
03959972;202428000000
03962300;203032800000
03962140;203032800000
03965045;204242400000
03966633;204847200000
03967936;205452000000
03968136;205452000000
03968999;206056800000
03970435;206661600000
03971735;207266400000
03971634;207266400000
03972837;207871200000
03972958;207871200000
03974259;208476000000
03973923;208476000000
03975169;209080800000
03977843;210290400000
03979332;210895200000
03980583;211500000000
03980590;211500000000
03980591;211500000000
03980592;211500000000
03983055;212713200000
03986349;214527600000
03988263;215132400000
03988262;215132400000
03988334;215132400000
03989734;215737200000
03989799;215737200000
03990867;216342000000
03993458;217551600000
03993457;217551600000
03996256;218761200000
03997582;219366000000
03999961;220575600000
04000243;220575600000
04001289;221180400000
04002658;221785200000
04003825;222390000000
04006177;223599600000
04005996;223599600000
04010008;226018800000
04011275;226623600000
04011058;226623600000
04012404;227228400000
04013454;227833200000
04013737;227833200000
04013700;227833200000
04014913;228438000000
04016189;229039200000
04017271;229644000000
04017274;229644000000
04022810;232063200000
04024171;232668000000
04026953;233877600000
04028067;234482400000
04027688;234482400000
04031123;235692000000
04030981;235692000000
04032556;236296800000
04039302;239320800000
04039600;239320800000
04041094;239925600000
04041095;239925600000
04041096;239925600000
04041097;239925600000
04042532;240530400000
04042615;240530400000
04042614;240530400000
04043945;241135200000
04044063;241135200000
04045461;241740000000
04045505;241740000000
04045960;242344800000
04046829;242344800000
04046831;242344800000
04046830;242344800000
04046523;242344800000
04048250;242949600000
04049734;243554400000
04049741;243554400000
04050908;244162800000
04052477;244767600000
04053532;245372400000
04059648;249001200000
04061475;250210800000
04064152;251420400000
04064156;251420400000
04065483;252025200000
04065484;252025200000
04071331;255049200000
04071574;255049200000
04072625;255654000000
04073750;256258800000
04076761;257468400000
04076612;257468400000
04077995;258073200000
04079072;258678000000
04080397;259282800000
04081253;259887600000
04082520;260488800000
04086261;262303200000
04086262;262303200000
04085795;262303200000
04087449;262908000000
04087470;262908000000
04088671;263512800000
04089812;264117600000
04089810;264117600000
04089886;264117600000
04091008;264722400000
04092129;265327200000
04093029;265932000000
04093643;265932000000
04092825;265932000000
04094650;266536800000
04096163;267141600000
04096164;267141600000
04098339;268351200000
04098809;268351200000
04101450;269560800000
04105591;271375200000
04107089;271980000000
04107282;271980000000
04109701;273189600000
04110082;273189600000
04110359;273189600000
04111975;273794400000
04111847;273794400000
04111792;273794400000
04115075;275004000000
04115433;275004000000
04115428;275004000000
04115467;275004000000
04116996;275608800000
04116995;275608800000
04116994;275608800000
04118204;276217200000
04119656;276822000000
04120881;277426800000
04122110;278031600000
04123448;278636400000
04124629;279241200000
04124628;279241200000
04125566;279846000000
04125553;279846000000
04126644;280450800000
04126581;280450800000
04127392;281055600000
04130575;282870000000
04131616;283474800000
04131568;283474800000
04132672;284079600000
04133825;284684400000
04133841;284684400000
04133776;284684400000
04134908;285289200000
04134907;285289200000
04134732;285289200000
04136104;285894000000
04138442;287103600000
04139551;287708400000
04139550;287708400000
04140602;288313200000
04142993;289522800000
04142962;289522800000
04146503;291337200000
04146504;291337200000
04149940;293148000000
04151190;293752800000
04151192;293752800000
04151191;293752800000
04152407;294357600000
04153623;294962400000
04154751;295567200000
04155928;296172000000
04157338;297381600000
04158637;298591200000
04159238;299196000000
04159237;299196000000
04159236;299196000000
04159995;299800800000
04160649;300405600000
04161489;301010400000
04162261;301615200000
04162262;301615200000
04162145;301615200000
04168276;306453600000
04170606;308271600000
04170605;308271600000
04171320;308876400000
04172842;310086000000
04172843;310086000000
04175928;312505200000
04177203;313110000000
04177202;313110000000
04177167;313110000000
04179403;314319600000
04179402;314319600000
04180517;314924400000
04180452;314924400000
04181675;315529200000
04181630;315529200000
04186181;317948400000
04186112;317948400000
04187169;318553200000
04188336;319158000000
04188335;319158000000
04190598;320367600000
04191700;320972400000
04191701;320972400000
04191664;320972400000
04196100;323391600000
04197421;323992800000
04197418;323992800000
04197253;323992800000
04199521;325202400000
04199523;325202400000
04199522;325202400000
04199327;325202400000
04203915;327621600000
04205961;328831200000
04206134;328831200000
04206135;328831200000
04207208;329436000000
04207248;329436000000
04207249;329436000000
04208191;330040800000
04208305;330040800000
04210495;331250400000
04210597;331250400000
04211540;331855200000
04211631;331855200000
04211673;331855200000
04211718;331855200000
04211719;331855200000
04212817;332460000000
04216194;334274400000
04217295;334879200000
04218571;335484000000
04218389;335484000000
04218388;335484000000
04219492;336088800000
04219445;336088800000
04224237;338508000000
04224236;338508000000
04224235;338508000000
04225530;339116400000
04225531;339116400000
04226795;339721200000
04228094;340326000000
04229184;340930800000
04230633;341535600000
04235799;343954800000
04235044;343954800000
04235800;343954800000
04235801;343954800000
04237063;344559600000
04238403;345164400000
04239499;345769200000
04239693;345769200000
04242105;346978800000
04242103;346978800000
04242234;346978800000
04243554;347583600000
04243553;347583600000
04246186;348793200000
04251227;351212400000
04252685;351817200000
04252736;351817200000
04252771;351817200000
04255349;353026800000
04256653;353631600000
04258006;354236400000
04260472;355442400000
04260518;355442400000
04260553;355442400000
04260841;355442400000
04261865;356047200000
04261864;356047200000
04263125;356652000000
04263141;356652000000
04263218;356652000000
04265828;357861600000
04268689;359071200000
04269784;359676000000
04269783;359676000000
04271086;360280800000
04271041;360280800000
04273724;361490400000
04273643;361490400000
04272893;361490400000
04276395;362700000000
04277416;363304800000
04279830;364514400000
04279781;364514400000
04282187;365724000000
04288558;368748000000
04289709;369352800000
04289710;369352800000
04291126;369957600000
04292410;370566000000
04294725;371775600000
04294932;371775600000
04298354;373590000000
04298694;373590000000
04298695;373590000000
04301086;374799600000
04301253;374799600000
04302547;375404400000
04304871;376614000000
04305842;377218800000
04309359;379033200000
04312955;380847600000
04312741;380847600000
04315900;382662000000
04315994;382662000000
04315993;382662000000
04318711;384476400000
04318997;384476400000
04320063;385081200000
04320064;385081200000
04320030;385081200000
04323252;386892000000
04323513;386892000000
04324695;387496800000
04326041;388101600000
04327190;388706400000
04328129;389311200000
04331774;391125600000
04332915;391730400000
04332914;391730400000
04336125;393544800000
04337176;394149600000
04338089;394754400000
04339413;395359200000
04339545;395359200000
04339547;395359200000
04339546;395359200000
04340503;395964000000
04340501;395964000000
04341531;396568800000
04341069;396568800000
04342838;397173600000
04344868;398383200000
04345038;398383200000
04345103;398383200000
04346179;398988000000
04345915;398988000000
04348487;400197600000
04348486;400197600000
04347891;400197600000
04349464;400802400000
04349462;400802400000
04350772;401407200000
04351742;402015600000
04351907;402015600000
04351908;402015600000
04360600;406854000000
04362821;408063600000
04362822;408063600000
04362820;408063600000
04366260;409878000000
04366259;409878000000
04367206;410482800000
04367163;410482800000
04367160;410482800000
04368142;411087600000
04369255;411692400000
04371628;412902000000
04371627;412902000000
04375424;415321200000
04376721;416530800000
04377643;417135600000
04380589;419551200000
04383837;421970400000
04385193;422575200000
04386009;423180000000
04386017;423180000000
04390639;425599200000
04391919;426204000000
04393144;426808800000
04395355;428018400000
04395495;428018400000
04396726;428623200000
04396539;428623200000
04397964;429228000000
04398050;429228000000
04399233;429832800000
04399234;429832800000
04403044;431647200000
04405343;432856800000
04406695;433465200000
04407973;434070000000
04407974;434070000000
04408069;434070000000
04410637;435279600000
04410336;435279600000
04411877;435884400000
04413063;436489200000
04413064;436489200000
04413153;436489200000
04415676;437698800000
04415675;437698800000
04417000;438303600000
04417905;438908400000
04418154;438908400000
04418155;438908400000
04419456;439513200000
04421862;440722800000
04421863;440722800000
04422961;441327600000
04423022;441327600000
04423155;441327600000
04423156;441327600000
04423250;441327600000
04423265;441327600000
04424282;441932400000
04429057;444351600000
04429056;444351600000
04430444;444956400000
04431751;445561200000
04433065;446166000000
04433066;446166000000
04434248;446770800000
04434247;446770800000
04434246;446770800000
04436833;447980400000
04436834;447980400000
04436837;447980400000
04436838;447980400000
04436532;447980400000
04439409;449186400000
04439350;449186400000
04440668;449791200000
04440622;449791200000
04440875;449791200000
04442228;450396000000
04443561;451000800000
04443560;451000800000
04444898;451605600000
04444909;451605600000
04446251;452210400000
04447310;452815200000
04447664;452815200000
04451579;454629600000
04455394;456444000000
04455395;456444000000
04459369;458258400000
04460378;458863200000
04460709;458863200000
04460710;458863200000
04463105;460072800000
04464483;460677600000
04468474;462492000000
04471145;463701600000
04471075;463701600000
04472535;464306400000
04472534;464306400000
04473490;464911200000
04476250;466124400000
04476249;466124400000
04477595;466729200000
04477594;466729200000
04478955;467334000000
04478954;467334000000
04480131;467938800000
04481012;468543600000
04481305;468543600000
04482752;469148400000
04482647;469148400000
04483943;469753200000
04487851;471567600000
04490480;472777200000
04491639;473382000000
04492774;473986800000
04492773;473986800000
04492772;473986800000
04496666;475801200000
04497910;476406000000
04497908;476406000000
04499209;477010800000
04500646;477615600000
04503264;478825200000
04503162;478825200000
04504590;479430000000
04504600;479430000000
04506033;480034800000
04507403;480639600000
04507404;480639600000
04508846;481240800000
04510267;481845600000
04510264;481845600000
04510320;481845600000
04511674;482450400000
04513100;483055200000
04513104;483055200000
04514336;483660000000
04514521;483660000000
04518707;485474400000
04518714;485474400000
04518715;485474400000
04520216;486079200000
04521540;486684000000
04521394;486684000000
04523047;487288800000
04522938;487288800000
04522939;487288800000
04525482;488498400000
04525481;488498400000
04524581;488498400000
04526903;489103200000
04529440;490312800000
04529738;490312800000
04532229;491522400000
04535071;492732000000
04534772;492732000000
04536380;493336800000
04537909;493941600000
04537876;493941600000
04539016;494546400000
04539334;494546400000
04540681;495151200000
04540712;495151200000
04540713;495151200000
04540714;495151200000
04542122;495756000000
04544671;496969200000
04544674;496969200000
04544672;496969200000
04544673;496969200000
04546111;497574000000
04547273;498178800000
04547525;498178800000
04547482;498178800000
04548953;498783600000
04549396;499388400000
04552855;500598000000
04554291;501202800000
04554292;501202800000
04555526;501807600000
04556645;502412400000
04558030;503017200000
04558072;503017200000
04559207;503622000000
04559316;503622000000
04559363;503622000000
04559364;503622000000
04559365;503622000000
04560672;504226800000
04562174;504831600000
04563480;505436400000
04564643;506041200000
04564642;506041200000
04565831;506646000000
04565803;506646000000
04567204;507250800000
04567205;507250800000
04568698;507855600000
04568699;507855600000
04568663;507855600000
04569948;508460400000
04576968;511484400000
04578259;512089200000
04579986;512690400000
04579985;512690400000
04579830;512690400000
04582630;513900000000
04582858;513900000000
04584322;514504800000
04584323;514504800000
04585799;515109600000
04585798;515109600000
04587008;515714400000
04590298;516924000000
04590216;516924000000
04590217;516924000000
04590176;516924000000
04591578;517528800000
04592762;518133600000
04592870;518133600000
04594468;518738400000
04594331;518738400000
04594172;518738400000
04595701;519343200000
04595703;519343200000
04595702;519343200000
04595672;519343200000
04596831;519948000000
04598061;520552800000
04599481;521157600000
04600726;521762400000
04600499;521762400000
04605680;524181600000
04605679;524181600000
04605678;524181600000
04605677;524181600000
04605676;524181600000
04605639;524181600000
04605751;524181600000
04607055;524786400000
04607056;524786400000
04607020;524786400000
04607021;524786400000
04606811;524786400000
04608359;525391200000
04609679;525996000000
04609678;525996000000
04610975;526600800000
04613624;527810400000
04613623;527810400000
04614749;528418800000
04614750;528418800000
04616040;529023600000
04616000;529023600000
04617288;529628400000
04617283;529628400000
04617320;529628400000
04618597;530233200000
04618723;530233200000
04618628;530233200000
04619947;530838000000
04619946;530838000000
04619910;530838000000
04621102;531442800000
04622343;532047600000
04622308;532047600000
04623669;532652400000
04623668;532652400000
04624968;533257200000
04624967;533257200000
04624942;533257200000
04626552;533862000000
04626551;533862000000
04628133;534466800000
04628066;534466800000
04628065;534466800000
04632941;536281200000
04631915;536281200000
04637993;538095600000
04639470;538700400000
04640766;539305200000
04647592;541724400000
04650814;542934000000
04652587;543538800000
04654321;544140000000
04654458;544140000000
04657888;545349600000
04657887;545349600000
04657885;545349600000
04659681;545954400000
04659743;545954400000
04659742;545954400000
04661525;546559200000
04663305;547164000000
04663355;547164000000
04665222;547768800000
04666944;548373600000
04666945;548373600000
04666880;548373600000
04668656;548978400000
04668647;548978400000
04670476;549583200000
04670475;549583200000
04670474;549583200000
04670473;549583200000
04670472;549583200000
04673693;550792800000
04675306;551397600000
04675343;551397600000
04675344;551397600000
04677091;552002400000
04678860;552607200000
04681867;553816800000
04683219;554421600000
04684618;555026400000
04684756;555026400000
04686313;555631200000
04686238;555631200000
04687753;556236000000
04687784;556236000000
04689313;556840800000
04698449;560473200000
04699632;561078000000
04702903;562287600000
04703064;562287600000
04705532;563497200000
04707500;564102000000
04710483;565311600000
04711871;565916400000
04714692;567126000000
04719240;568940400000
04724241;571359600000
04724275;571359600000
04725573;571964400000
04725568;571964400000
04725626;571964400000
04728672;573174000000
04729981;573778800000
04729979;573778800000
04731386;574383600000
04731387;574383600000
04732918;574988400000
04738948;577404000000
04740492;578008800000
04740525;578008800000
04744883;579823200000
04749724;581637600000
04749677;581637600000
04751248;582242400000
04752623;582847200000
04752622;582847200000
04752600;582847200000
04754092;583452000000
04755537;584056800000
04755536;584056800000
04758600;585266400000
04762858;587080800000
04762815;587080800000
04766154;588290400000
04766155;588290400000
04767791;588895200000
04767792;588895200000
04772634;590709600000
04774261;591318000000
04775696;591922800000
04776171;592527600000
04778662;593132400000
04778826;593132400000
04778827;593132400000
04780481;593737200000
04782096;594342000000
04788222;596761200000
04788175;596761200000
04790963;597970800000
04791141;597970800000
04795853;599785200000
04801574;602204400000
04801573;602204400000
04801620;602204400000
04804796;603414000000
04806516;604018800000
04808562;604623600000
04810417;605228400000
04812433;605833200000
04816121;607039200000
04820503;608248800000
04822824;608853600000
04822825;608853600000
04824869;609458400000
04825013;609458400000
04826800;610063200000
04826803;610063200000
04831060;611272800000
04833170;611877600000
04833171;611877600000
04833112;611877600000
04839391;613692000000
04840931;614296800000
04843101;614901600000
04842720;614901600000
04849206;616716000000
04851451;617320800000
04857559;619135200000
04857497;619135200000
04861802;620344800000
04863971;620949600000
04868221;622159200000
04873267;623977200000
04876286;625186800000
04880763;627001200000
04882360;627606000000
04883823;628210800000
04886651;629420400000
04888361;630025200000
04894394;632444400000
04895994;633049200000
04897375;633654000000
04902845;635468400000
04904700;636073200000
04906671;636678000000
04908390;637282800000
04908341;637282800000
04910227;637887600000
04910228;637887600000
04914136;639093600000
04927856;643327200000
04927857;643327200000
04935395;645746400000
04935547;645746400000
04943551;648770400000
04945116;649375200000
04946477;649980000000
04950821;651189600000
04950691;651189600000
04956392;653004000000
04960801;654822000000
04962078;655426800000
04963338;656031600000
04968722;657846000000
04973453;659660400000
04977126;660870000000
04978689;661474800000
04980326;662079600000
04980380;662079600000
04981668;662684400000
04983638;663289200000
04985230;663894000000
04992480;666313200000
04992479;666313200000
04994498;666918000000
04994093;666918000000
04999030;668732400000
05004717;670543200000
05013764;673567200000
05019547;675381600000
05021387;675986400000
05023277;676591200000
05023276;676591200000
05026934;677800800000
05028406;678405600000
05028634;678405600000
05030661;679010400000
05030783;679010400000
05032618;679615200000
05036032;680824800000
05037856;681429600000
05045568;683848800000
05053581;686271600000
05063250;689295600000
05064865;689900400000
05068254;691110000000
05070063;691714800000
05070064;691714800000
05077026;694134000000
05079267;694738800000
05089532;698367600000
05096688;700786800000
05100856;701992800000
05102851;702597600000
05104419;703202400000
05104902;703202400000
05109027;704412000000
05112591;705621600000
05116879;706831200000
05118715;707436000000
05118891;707436000000
05126377;709855200000
05128377;710460000000
05135958;712879200000
05137924;713484000000
05138111;713484000000
05140049;714088800000
05140050;714088800000
05143647;715298400000
05145876;715903200000
05152977;718326000000
05157054;719535600000
05160456;720745200000
05162284;721350000000
05169869;723769200000
05173513;724978800000
05177114;726188400000
05179129;726793200000
05180570;727398000000
05185378;729212400000
05216034;738885600000
05218003;739490400000
05219890;740095200000
05219891;740095200000
05221652;740700000000
05227407;742514400000
05229102;743119200000
05232951;744328800000
05238895;746143200000
05245110;747957600000
05248701;749170800000
05252613;750380400000
05252609;750380400000
05254596;750985200000
05254520;750985200000
05258411;752194800000
05260239;752799600000
05262443;753404400000
05268344;755218800000
05283216;760057200000
05284878;760662000000
05288673;761871600000
05292705;763081200000
05302622;766101600000
05312843;769125600000
05324335;772754400000
05344849;778802400000
05344848;778802400000
05348982;780012000000
05364887;784854000000
05384336;790902000000
05384335;790902000000
05385949;791506800000
05385646;791506800000
05389690;792716400000
05389689;792716400000
05393793;793926000000
05397806;795135600000
05409960;798760800000
05416245;800575200000
05422375;802389600000
05424335;802994400000
05441990;808437600000
05443804;809042400000
05449696;810856800000
05455281;812674800000
05459166;813884400000
05466720;816303600000
05472986;818118000000
05476877;819327600000
05486542;822351600000
05496859;825980400000
05498370;826585200000
05498638;826585200000
05500449;827190000000
05504118;828396000000
05506272;829000800000
05506273;829000800000
05508246;829605600000
05510393;830210400000
05512599;830815200000
05520891;833234400000
05523326;833839200000
05527473;835048800000
05543437;839282400000
05545674;839887200000
05578647;848962800000
05599849;855010800000
05610202;858034800000
05609843;858034800000
05621155;861055200000
05620670;861055200000
05624964;862264800000
05626794;862869600000
05631302;864079200000
05635541;865288800000
05639798;866498400000
05643420;867708000000
05645613;868312800000
05659077;871941600000
05672629;875570400000
05703133;883436400000
05705138;884041200000
05712313;885855600000
05714091;886460400000
05714657;886460400000
05723505;888879600000
05728918;890089200000
05733941;891295200000
05753194;895528800000
05753716;895528800000
05756419;896133600000
05763716;897343200000
05767166;897948000000
05767165;897948000000
05770630;898552800000
05770629;898552800000
05776988;899762400000
05780381;900367200000
05779861;900367200000
05783607;900972000000
05786393;901576800000
05811363;906415200000
05811468;906415200000
05811469;906415200000
05817702;907624800000
05817701;907624800000
05821270;908229600000
05827903;909442800000
05827901;909442800000
05827902;909442800000
05834522;910652400000
05844006;912466800000
05844005;912466800000
05852061;914281200000
05856365;915490800000
05856585;915490800000
05856260;915490800000
05856261;915490800000
05859070;916095600000
05861441;916700400000
05863856;917305200000
05866620;917910000000
05866621;917910000000
05869541;918514800000
05869011;918514800000
05877387;920329200000
05883138;921538800000
05886056;922143600000
05886055;922143600000
05905094;926978400000
05908963;928188000000
05925685;932421600000
05929126;933026400000
05929125;933026400000
05935489;934236000000
05945458;936050400000
05945459;936050400000
05950732;937260000000
05952540;937260000000
05958986;938469600000
05958985;938469600000
05962537;939074400000
05961933;939074400000
05968991;940284000000
05973012;940888800000
05977192;941497200000
05980782;942102000000
05980596;942102000000
05981608;942102000000
05994601;943916400000
05998489;944521200000
06005011;945730800000
06010614;946940400000
06011073;946940400000
06025403;950569200000
06028119;951174000000
06034141;952383600000
06034031;952383600000
06043288;954194400000
06054496;956613600000
06054497;956613600000
06060524;957823200000
06063349;958428000000
06066679;959032800000
06068760;959637600000
06069179;959637600000
06069180;959637600000
06075061;960847200000
06075062;960847200000
06087405;963266400000
06090859;963871200000
06090312;963871200000
06096790;965080800000
06096789;965080800000
06100303;965685600000
06100304;965685600000
06103773;966290400000
06103206;966290400000
06103099;966290400000
06107353;966895200000
06110980;967500000000
06110979;967500000000
06114399;968104800000
06114400;968104800000
06117814;968709600000
06117916;968709600000
06121190;969314400000
06121333;969314400000
06123835;969919200000
06124367;969919200000
06127432;970524000000
06130259;971128800000
06130260;971128800000
06133328;971733600000
06136868;972338400000
06147125;974156400000
06147126;974156400000
06156809;975970800000
06156234;975970800000
06160026;976575600000
06162754;977180400000
06169120;978390000000
06172124;978994800000
06174927;979599600000
06180684;980809200000
06191174;982623600000
06191175;982623600000
06197271;983833200000
06201030;984438000000
06201031;984438000000
06201029;984438000000
06207078;985644000000
06211254;986248800000
06211255;986248800000
06214890;986853600000
06214314;986853600000
06218439;987458400000
06217830;987458400000
06225358;988668000000
06225359;988668000000
06224789;988668000000
06232352;989877600000
06235797;990482400000
06235798;990482400000
06239184;991087200000
06248794;992901600000
06248795;992901600000
06248796;992901600000
06255358;994111200000
06255357;994111200000
06258860;994716000000
06262132;995320800000
06262131;995320800000
06265451;995925600000
06265453;995925600000
06265452;995925600000
06268401;996530400000
06267912;996530400000
06271432;997135200000
06274096;997740000000
06277895;998344800000
06277894;998344800000
06277338;998344800000
06284807;999554400000
06284217;999554400000
06290877;1000764000000
06294076;1001368800000
06299849;1002578400000
06300380;1002578400000
06306917;1003788000000
06306359;1003788000000
06310108;1004396400000
06313361;1005001200000
06313062;1005001200000
06319960;1006210800000
06323248;1006815600000
06323247;1006815600000
06326407;1007420400000
06329434;1008025200000
06331574;1008630000000
06331573;1008630000000
06331575;1008630000000
06333014;1009234800000
06333019;1009234800000
06335474;1009839600000
06337353;1010444400000
06342538;1012258800000
06344491;1012863600000
06344490;1012863600000
06346555;1013468400000
06348510;1014073200000
06353133;1015282800000
06353035;1015282800000
06355593;1015887600000
06359018;1016492400000
06362239;1017097200000
06365544;1017698400000
06368997;1018303200000
06376562;1019512800000
06380268;1020117600000
06387963;1021327200000
06392108;1021932000000
06391929;1021932000000
06402989;1023746400000
06403660;1023746400000
06410477;1024956000000
06428686;1028584800000
06433029;1029189600000
06444712;1031004000000
06451864;1032213600000
06455595;1032818400000
06455596;1032818400000
06455597;1032818400000
06455462;1032818400000
06458856;1033423200000
06458857;1033423200000
06462098;1034028000000
06462097;1034028000000
06465530;1034632800000
06465529;1034632800000
06472441;1035846000000
06475943;1036450800000
06476084;1036450800000
06476086;1036450800000
06476085;1036450800000
06479557;1037055600000
06486221;1038265200000
06486220;1038265200000
06486219;1038265200000
06486218;1038265200000
06486217;1038265200000
06489370;1038870000000
06489371;1038870000000
06495610;1040079600000
06495609;1040079600000
06497812;1040684400000
06503956;1041894000000
06509382;1043103600000
06512018;1043708400000
06512017;1043708400000
06515033;1044313200000
06515032;1044313200000
06515035;1044313200000
06515034;1044313200000
06518321;1044918000000
06525104;1046127600000
06531518;1047337200000
06531517;1047337200000
06531516;1047337200000
06531515;1047337200000
06531630;1047337200000
06533945;1047942000000
06534064;1047942000000
06534436;1047942000000
06534551;1047942000000
06534552;1047942000000
06534553;1047942000000
06541525;1049148000000
06541524;1049148000000
06559191;1052172000000
06562110;1052776800000
06562306;1052776800000
06566411;1053381600000
06569909;1053986400000
06570043;1053986400000
06570047;1053986400000
06583186;1056405600000
06586481;1057010400000
06586480;1057010400000
06585802;1057010400000
06590001;1057615200000
06590002;1057615200000
06593377;1058220000000
06596781;1058824800000
06596780;1058824800000
06602921;1060034400000
06602922;1060034400000
06602920;1060034400000
06605647;1060639200000
06608114;1061244000000
06608113;1061244000000
06613808;1062453600000
06613949;1062453600000
06616909;1063058400000
06624204;1064268000000
06627666;1064872800000
06632846;1066082400000
06635682;1066687200000
06635681;1066687200000
06642279;1067900400000
06642280;1067900400000
06642281;1067900400000
06649662;1069110000000
06649803;1069110000000
06653357;1069714800000
06656978;1070319600000
06660889;1070924400000
06664302;1071529200000
06667347;1072134000000
06667348;1072134000000
06669744;1072738800000
06673845;1073343600000
06673846;1073343600000
06682711;1075158000000
06683118;1075158000000
06685754;1075762800000
06686398;1075762800000
06689819;1076367600000
06693138;1076972400000
06696502;1077577200000
06696501;1077577200000
06703430;1078786800000
06703429;1078786800000
06706770;1079391600000
06712982;1080597600000
06713519;1080597600000
06713657;1080597600000
06716790;1081202400000
06716887;1081202400000
06716886;1081202400000
06717024;1081202400000
06720283;1081807200000
06720359;1081807200000
06720358;1081807200000
06723756;1082412000000
06727289;1083016800000
06730221;1083621600000
06730708;1083621600000
06732796;1084226400000
06736955;1084831200000
06740683;1085436000000
06743829;1086040800000
06747067;1086645600000
06747066;1086645600000
06750258;1087250400000
06753353;1087855200000
06753354;1087855200000
06753351;1087855200000
06753352;1087855200000
06756411;1088460000000
06759439;1089064800000
06759438;1089064800000
06759440;1089064800000
06762209;1089669600000
06765026;1090274400000
06765025;1090274400000
06768035;1090879200000
06770191;1091484000000
06774148;1092088800000
06774149;1092088800000
06776898;1092693600000
06777451;1092693600000
06777452;1092693600000
06784212;1093903200000
06787576;1094508000000
06787577;1094508000000
06790431;1095112800000
06794418;1095717600000
06794417;1095717600000
06797252;1096322400000
06800101;1096927200000
06800579;1096927200000
06800665;1096927200000
06800664;1096927200000
06805195;1098136800000
06806296;1098136800000
06806297;1098136800000
06808652;1098741600000
06809123;1098741600000
06809122;1098741600000
06809121;1098741600000
06812260;1099350000000
06822005;1101164400000
06822006;1101164400000
06822007;1101164400000
06822008;1101164400000
06824574;1101769200000
06824682;1101769200000
06825237;1101769200000
06833078;1103583600000
06835756;1104188400000
06838487;1104793200000
06844370;1106002800000
06846404;1106607600000
06846848;1106607600000
06846951;1106607600000
06849664;1107212400000
06852762;1107817200000
06855737;1108422000000
06858127;1109026800000
06864293;1110236400000
06869978;1111446000000
06869979;1111446000000
06872752;1112047200000
06872753;1112047200000
06875794;1112652000000
06878655;1113256800000
06878854;1113256800000
06880635;1113861600000
06881326;1113861600000
06881758;1113861600000
06881759;1113861600000
06881760;1113861600000
06887390;1115071200000
06887907;1115071200000
06887908;1115071200000
06890962;1115676000000
06894080;1116280800000
06894081;1116280800000
06897246;1116885600000
06900151;1117490400000
06900366;1117490400000
06900247;1117490400000
06900248;1117490400000
06903139;1118095200000
06903141;1118095200000
06903140;1118095200000
06914082;1120514400000
06914083;1120514400000
06916457;1121119200000
06919290;1121724000000
06921778;1122328800000
06921733;1122328800000
06924316;1122933600000
06924404;1122933600000
06929668;1124143200000
06933324;1124748000000
06933323;1124748000000
06939999;1125957600000
06946494;1127167200000
06946493;1127167200000
06951893;1128376800000
06956063;1129586400000
06956064;1129586400000
06958363;1130191200000
06958364;1130191200000
06962947;1131404400000
06969505;1133218800000
06974844;1134428400000
06974842;1134428400000
06974843;1134428400000
06977273;1135033200000
06982287;1136242800000
06982355;1136242800000
06987134;1137452400000
06989135;1138057200000
06989403;1138057200000
06992113;1138662000000
06992112;1138662000000
06992114;1138662000000
06998051;1139871600000
07001928;1140476400000
07001927;1140476400000
07001867;1140476400000
07005456;1141081200000
07005455;1141081200000
07005121;1141081200000
07008968;1141686000000
07008969;1141686000000
07008966;1141686000000
07008967;1141686000000
07008970;1141686000000
07012102;1142290800000
07012104;1142290800000
07012103;1142290800000
07015255;1142895600000
07017661;1143496800000
07019038;1143496800000
07019039;1143496800000
07022742;1144101600000
07022741;1144101600000
07022307;1144101600000
RE039073;1145311200000
07030051;1145311200000
07030166;1145311200000
07034062;1145916000000
07037947;1146520800000
07037948;1146520800000
07045553;1147730400000
07045554;1147730400000
07053128;1148940000000
07056955;1149544800000
07064150;1150754400000
07067561;1151359200000
07067562;1151359200000
07067560;1151359200000
07067558;1151359200000
07067559;1151359200000
07069016;1151359200000
07071239;1151964000000
07071238;1151964000000
07071237;1151964000000
07071236;1151964000000
07074838;1152568800000
07078008;1153173600000
07078439;1153173600000
07083713;1154383200000
07084180;1154383200000
07087804;1154988000000
07087653;1154988000000
07087651;1154988000000
07087652;1154988000000
07091252;1155592800000
07091251;1155592800000
07098251;1156802400000
07100692;1157407200000
07105706;1158012000000
07108070;1158616800000
07108835;1158616800000
07109248;1158616800000
07112613;1159221600000
07115668;1159826400000
07115669;1159826400000
07115670;1159826400000
07119240;1160431200000
07125913;1161640800000
07125524;1161640800000
07138001;1164063600000
07138434;1164063600000
07144924;1165273200000
07144923;1165273200000
07144559;1165273200000
07147836;1165878000000
07148261;1165878000000
07153432;1167087600000
07157501;1167692400000
07157404;1167692400000
07163963;1168902000000
07166643;1169506800000
07169821;1170111600000
07168265;1170111600000
07176246;1171321200000
07179843;1171926000000
07183327;1172530800000
07183326;1172530800000
07183329;1172530800000
07183328;1172530800000
07186757;1173135600000
07192987;1174345200000
07196239;1174946400000
07199163;1175551200000
07199276;1175551200000
07205343;1176760800000
07208642;1177365600000
07208530;1177365600000
07211606;1177970400000
07214721;1178575200000
07214720;1178575200000
07214719;1178575200000
07217741;1179180000000
07226954;1180994400000
07227045;1180994400000
07230035;1181599200000
07230034;1181599200000
07232848;1182204000000
07238728;1183413600000
07241401;1184018400000
07241815;1184018400000
07244771;1184623200000
07247656;1185228000000
07247281;1185228000000
07250150;1185832800000
07250449;1185832800000
07250450;1185832800000
07256220;1187042400000
07259286;1187647200000
07262225;1188252000000
07270741;1190066400000
07271201;1190066400000
07273834;1190671200000
07273893;1190671200000
07276540;1191276000000
07276105;1191276000000
07282474;1192485600000
07288576;1193698800000
07288693;1193698800000
07288689;1193698800000
07294225;1194908400000
07294327;1194908400000
07297324;1195513200000
07297719;1195513200000
07297825;1195513200000
07300959;1196118000000
07300642;1196118000000
07302903;1196722800000
07303731;1196722800000
07304012;1196722800000
07311815;1198537200000
07314891;1199142000000
07323497;1201561200000
07329691;1202770800000
07342051;1205190000000
07351750;1207000800000
07351751;1207000800000
07355088;1207605600000
07365102;1209420000000
07368482;1210024800000
07371361;1210629600000
07375143;1211234400000
07375142;1211234400000
07378452;1211839200000
07378563;1211839200000
07384986;1213048800000
07384985;1213048800000
07384987;1213048800000
07388034;1213653600000
07388106;1213653600000
07393876;1214863200000
07393877;1214863200000
RE040419;1214863200000
07396972;1215468000000
07402612;1216677600000
07402718;1216677600000
07405243;1217282400000
07416845;1219701600000
07417073;1219701600000
07420004;1220306400000
07425524;1221516000000
07429621;1222725600000
07432310;1223330400000
07435759;1223935200000
07435760;1223935200000
07439274;1224540000000
07439273;1224540000000
07442290;1225148400000
07449496;1226358000000
07451618;1226962800000
07453019;1226962800000
07456226;1227567600000
07459485;1228172400000
07459486;1228172400000
07465389;1229382000000
07468396;1229986800000
07481275;1233010800000
07485767;1233615600000
07488760;1234220400000
07491750;1234825200000
07498016;1236034800000
07500997;1236639600000
07501456;1236639600000
07501019;1236639600000
07507770;1237849200000
07507326;1237849200000
07511080;1238450400000
07511184;1238450400000
07517916;1239660000000
07521483;1240264800000
07544719;1244498400000
07550635;1245708000000
07550515;1245708000000
07553405;1246312800000
07556736;1246917600000
07560496;1247522400000
07560495;1247522400000
07566678;1248732000000
07569204;1249336800000
07578926;1251151200000
07579382;1251151200000
07579383;1251151200000
07585899;1252360800000
07592496;1253570400000
07593743;1253570400000
07598295;1254780000000
07605187;1255989600000
07605285;1255989600000
07605293;1255989600000
07608743;1256598000000
07612118;1257202800000
07615578;1257807600000
07619011;1258412400000
07619012;1258412400000
07625432;1259622000000
07629288;1260226800000
07632476;1260831600000
07638038;1262041200000
07642293;1262646000000
07642292;1262646000000
07642294;1262646000000
07645807;1263250800000
07645808;1263250800000
07652176;1264460400000
07655703;1265065200000
07655704;1265065200000
07658854;1265670000000
07659317;1265670000000
07662865;1266274800000
07665328;1266879600000
07666917;1266879600000
07666366;1266879600000
07670393;1267484400000
07670586;1267484400000
07674940;1268089200000
07678951;1268694000000
07678955;1268694000000
07678837;1268694000000
07678361;1268694000000
07682587;1269298800000
07683099;1269298800000
07683006;1269298800000
07683232;1269298800000
07704412;1272319200000
07705059;1272319200000
07705060;1272319200000
07709541;1272924000000
07714176;1273528800000
07723252;1274738400000
07728046;1275343200000
07731935;1275948000000
07732499;1275948000000
07732500;1275948000000
07732370;1275948000000
07737311;1276552800000
07741377;1277157600000
07744751;1277762400000
07745502;1277762400000
07754651;1278972000000
07763763;1280181600000
07763227;1280181600000
07772291;1281391200000
07772292;1281391200000
07776933;1281996000000
07776932;1281996000000
07776208;1281996000000
07781490;1282600800000
07786180;1283205600000
07790776;1283810400000
07790775;1283810400000
07795317;1284415200000
07795318;1284415200000
07799834;1285020000000
07803845;1285624800000
07803329;1285624800000
07812060;1286834400000
07816415;1287439200000
07820128;1288044000000
07820140;1288044000000
07820867;1288044000000
07820727;1288044000000
07820726;1288044000000
07820725;1288044000000
07825164;1288652400000
07829601;1289257200000
07829602;1289257200000
07829751;1289257200000
07837853;1290466800000
07842634;1291071600000
07842264;1291071600000
07846977;1291676400000
07846978;1291676400000
07846979;1291676400000
07846417;1291676400000
07846325;1291676400000
07855234;1292886000000
07855235;1292886000000
07855236;1292886000000
07858667;1293490800000
