03859693;158886000000
03863440;160700400000
03863441;160700400000
03864906;161305200000
03866410;161910000000
03868011;162514800000
03869856;163724400000
03870094;163724400000
03874165;165538800000
03877250;166748400000
03880014;167958000000
03879935;167958000000
03881314;168562800000
03885384;170377200000
03885383;170377200000
03886727;170982000000
03894174;174006000000
03899873;177634800000
03901024;178239600000
03902313;178844400000
03903688;179449200000
03905304;180054000000
03905190;180054000000
03906716;180658800000
03908963;181263600000
03910333;181868400000
03911671;182473200000
03913374;183078000000
03914831;183682800000
03915487;183682800000
03916616;184287600000
03921388;186102000000
03924418;187311600000
03930587;189730800000
03930364;189730800000
03931706;190335600000
03934407;191545200000
03937005;192754800000
03937006;192754800000
03939648;193964400000
03940038;193964400000
03940844;194569200000
03943607;195778800000
03943702;195778800000
03945198;196383600000
03946515;196984800000
03948041;197589600000
03948040;197589600000
03950941;198799200000
03954125;200008800000
03958411;201823200000
03958825;201823200000
03958617;201823200000
03959909;202428000000
03959965;202428000000
03961474;203032800000
03962755;203637600000
03962811;203637600000
03964252;204242400000
03965670;204847200000
03965671;204847200000
03965769;204847200000
03970733;206661600000
03969889;206661600000
03969949;206661600000
03973389;208476000000
03974641;209080800000
03974640;209080800000
03975003;209080800000
03976233;209685600000
03977180;210290400000
03977181;210290400000
03978746;210895200000
03983692;213318000000
03985093;213922800000
03984899;213922800000
03986602;214527600000
03994373;218156400000
03994126;218156400000
03994127;218156400000
03995598;218761200000
03996737;219366000000
04000606;221180400000
04000627;221180400000
04000763;221180400000
04002509;221785200000
04006875;224204400000
04007584;224809200000
04008632;225414000000
04009765;226018800000
04010604;226623600000
04011715;227228400000
04012618;227228400000
04015423;229039200000
04018411;230248800000
04018333;230248800000
04020712;231458400000
04020630;231458400000
04020631;231458400000
04020629;231458400000
04024748;233272800000
04027471;234482400000
04030287;235692000000
04030286;235692000000
04035095;237506400000
04034556;237506400000
04036010;238111200000
04036072;238111200000
04037403;238716000000
04041790;240530400000
04042001;240530400000
04043215;241135200000
04044725;241740000000
04047378;242949600000
04050496;244162800000
04050323;244162800000
04051667;244767600000
04051668;244767600000
04056929;247791600000
04056928;247791600000
04060978;250210800000
04061388;250210800000
04063413;251420400000
04063412;251420400000
04063583;251420400000
04066165;252630000000
04067188;253234800000
04068467;253839600000
04068960;253839600000
04070823;255049200000
04074519;256863600000
04074518;256863600000
04076433;257468400000
04079584;259282800000
04080782;259887600000
04081954;260488800000
04084369;261698400000
04084370;261698400000
04086013;262303200000
04086855;262908000000
04089160;264117600000
04089161;264117600000
04090357;264722400000
04094141;266536800000
04095416;267141600000
04095415;267141600000
04096688;267746400000
04100729;269560800000
04100658;269560800000
04102124;270165600000
04102378;270165600000
04104872;271375200000
04104870;271375200000
04104871;271375200000
04105111;271375200000
04106542;271980000000
04106284;271980000000
04107917;272584800000
04110971;273794400000
04112674;274399200000
04114367;275004000000
04117667;276217200000
04118995;276822000000
04122666;278636400000
04123947;279241200000
04123900;279241200000
04123899;279241200000
04127987;281660400000
04129285;282265200000
04129277;282265200000
04132063;284079600000
04133999;284684400000
04134255;285289200000
04134256;285289200000
04135360;285894000000
04137704;287103600000
04139982;288313200000
04141211;288918000000
04141116;288918000000
04142808;289522800000
04143512;290127600000
04144709;290732400000
04145874;291337200000
04147023;291938400000
04148109;292543200000
04149058;292543200000
04149369;293148000000
04151708;294357600000
04157009;297381600000
04157594;297986400000
04158288;298591200000
04160361;300405600000
04161100;301010400000
04163363;302824800000
04164118;303429600000
04165775;304639200000
04170872;308876400000
04170871;308876400000
04171841;309481200000
04172701;310086000000
04175379;312505200000
04176874;313110000000
04177635;313714800000
04179878;314924400000
04180971;315529200000
04182153;316134000000
04182116;316134000000
04185454;317948400000
04186553;318553200000
04189828;320367600000
04193349;322182000000
04193258;322182000000
04198814;325202400000
04198813;325202400000
04198812;325202400000
04209978;331250400000
04211068;331855200000
04216070;334274400000
04218877;336088800000
04219065;336088800000
04220052;336693600000
04221113;337298400000
04221252;337298400000
04222418;337903200000
04229496;340930800000
04229962;341535600000
04232419;342745200000
04234990;343954800000
04235073;343954800000
04235074;343954800000
04237717;345164400000
04237951;345164400000
04238935;345769200000
04241575;346978800000
04243088;347583600000
04244687;348188400000
04245461;348793200000
04247966;350002800000
04250764;351212400000
04257638;354236400000
04264097;357256800000
04263779;357256800000
04265084;357861600000
04265134;357861600000
04267421;358466400000
04266400;358466400000
04267691;359071200000
04269026;359676000000
04271663;360885600000
04273371;361490400000
04273486;361490400000
04272952;361490400000
04274252;362095200000
04274461;362095200000
04275556;362700000000
04275555;362700000000
04275813;362700000000
04276040;362700000000
04279122;364514400000
04280257;365119200000
04282707;366328800000
04286360;368143200000
04289015;369352800000
04290236;369957600000
04290762;369957600000
04297839;373590000000
04297840;373590000000
04300346;374799600000
04300380;374799600000
04307567;378428400000
04308419;378428400000
04311003;380242800000
04311293;380242800000
04315352;382662000000
04315751;382662000000
04317264;383871600000
04320620;385686000000
04327516;389311200000
04328665;389916000000
04330990;391125600000
04332425;391730400000
04335489;393544800000
04337614;394754400000
04338779;395359200000
04339961;395964000000
04342191;397173600000
04346554;399592800000
04348861;400802400000
04349101;400802400000
04349060;400802400000
04352382;402620400000
04353459;403225200000
04353203;403225200000
04354344;403830000000
04355501;404434800000
04355502;404434800000
04357694;405039600000
04357975;405644400000
04358875;406249200000
04358924;406249200000
04361303;407458800000
04360969;407458800000
04363509;408668400000
04365401;409878000000
04366850;410482800000
04371202;412902000000
04372993;413506800000
04373324;414111600000
04373910;414111600000
04380145;419551200000
04391313;426204000000
04392344;426808800000
04394810;428018400000
04397145;429228000000
04398387;429832800000
04400933;431042400000
04400932;431042400000
04403639;432252000000
04408450;434674800000
04408645;434674800000
04411132;435884400000
04411131;435884400000
04415625;437698800000
04417437;438908400000
04418526;439513200000
04423591;441932400000
04426854;443746800000
04428187;444351600000
04428186;444351600000
04428781;444351600000
04429526;444956400000
04429525;444956400000
04429785;444956400000
04431042;445561200000
04435956;447980400000
04441389;450396000000
04444144;451605600000
04448017;453420000000
04449357;454024800000
04452036;455234400000
04452290;455234400000
04457131;457653600000
04458478;458258400000
04462565;460072800000
04463550;460677600000
04466238;461887200000
04467598;462492000000
04473365;464911200000
04476673;466729200000
04482264;469148400000
04484438;470358000000
04487013;471567600000
04489548;472777200000
04490970;473382000000
04493183;474591600000
04493354;474591600000
04497169;476406000000
04498284;477010800000
04499720;477615600000
04501447;478220400000
04503665;479430000000
04503664;479430000000
04505465;480034800000
04505103;480034800000
04506501;480639600000
04509323;481845600000
04510032;481845600000
04510746;482450400000
04512070;483055200000
04513681;483660000000
04515198;484264800000
04517913;485474400000
04525994;489103200000
04530534;490917600000
04531355;491522400000
04543818;496969200000
04543803;496969200000
04545098;497574000000
04548031;498783600000
04549829;499388400000
04552035;500598000000
04552481;500598000000
04554783;501807600000
04556246;502412400000
04561797;504831600000
04569472;508460400000
04570437;509065200000
04570436;509065200000
04572588;509670000000
04571934;509670000000
04575914;511484400000
04578941;512690400000
04582281;513900000000
04590961;517528800000
04590882;517528800000
04590758;517528800000
04594847;519343200000
04594846;519343200000
04600817;521762400000
04600331;521762400000
04602414;522972000000
04604002;523576800000
04604786;524181600000
04606188;524786400000
04606732;524786400000
04608227;525391200000
04612765;527810400000
04615171;529023600000
04616590;529628400000
04617001;529628400000
04621491;532047600000
04625508;533862000000
04625507;533862000000
04626233;533862000000
04627231;534466800000
04627232;534466800000
04628708;535071600000
04635438;537490800000
04635437;537490800000
04635903;537490800000
04638627;538700400000
04638906;538700400000
04642982;540514800000
04644743;541119600000
04649977;542934000000
04651517;543538800000
04654936;544744800000
04658577;545954400000
04658576;545954400000
04660611;546559200000
04664733;547768800000
04664229;547768800000
04669907;549583200000
04669507;549583200000
04669154;549583200000
04671055;550188000000
04672805;550792800000
04673015;550792800000
04674311;551397600000
04676076;552002400000
04679391;553212000000
04679392;553212000000
04680926;553816800000
04682467;554421600000
04683834;555026400000
04685555;555631200000
04689904;557445600000
04693406;558655200000
04694644;559260000000
04695015;559260000000
04696336;559868400000
04706451;564102000000
04708382;564706800000
04713946;567126000000
04716989;568335600000
04718592;568940400000
04718228;568940400000
04722179;570754800000
04723406;571359600000
04724929;571964400000
04724669;571964400000
04744211;579823200000
04747261;581032800000
04750325;582242400000
04750445;582242400000
04757681;585266400000
04759177;585871200000
04763489;587685600000
04766720;588895200000
04769985;590104800000
04769884;590104800000
04770008;590104800000
04773437;591318000000
04776454;592527600000
04779411;593737200000
04781035;594342000000
04781038;594342000000
04781037;594342000000
04787601;596761200000
04788927;597366000000
04795408;599785200000
04796420;600390000000
04799522;601599600000
04800714;602204400000
04807432;604623600000
04809496;605228400000
04813170;606438000000
04813224;606438000000
04813225;606438000000
04815271;607039200000
04815270;607039200000
04819137;607644000000
04833875;612482400000
04833876;612482400000
04836125;613087200000
04840023;614296800000
04840044;614296800000
04850768;617320800000
04850542;617320800000
04852342;617925600000
04858424;619740000000
04858425;619740000000
04860532;620344800000
04863418;620949600000
04869061;622767600000
04870739;623372400000
04872306;623977200000
04872305;623977200000
04878345;626396400000
04881365;627606000000
04882901;628210800000
04885908;629420400000
04885907;629420400000
04889372;630630000000
04893464;632444400000
04893463;632444400000
04903475;636073200000
04907326;637282800000
04910955;638488800000
04910954;638488800000
04914903;639698400000
04924925;642722400000
04926529;643327200000
04928504;643932000000
04930304;644536800000
04932203;645141600000
04932927;645141600000
04934135;645746400000
04941698;648165600000
04941315;648165600000
04941316;648165600000
04944147;649375200000
04944172;649375200000
04946185;649980000000
04948098;650584800000
04947912;650584800000
04951457;651794400000
04951492;651794400000
04954939;652399200000
04962639;656031600000
04967435;657846000000
04972670;659660400000
04978327;661474800000
04979276;662079600000
04986067;664498800000
04988031;665103600000
04988838;665103600000
04989486;665708400000
04993779;666918000000
04996835;668127600000
04999990;669337200000
04999989;669337200000
05003765;670543200000
05012842;673567200000
05014506;674172000000
05016841;674776800000
05020313;675986400000
05027595;678405600000
05035040;680824800000
05038556;682034400000
05038557;682034400000
05042244;683244000000
05046881;684453600000
05048283;685058400000
05056306;687481200000
05056305;687481200000
05058252;688086000000
05058645;688086000000
05060468;688690800000
05069028;691714800000
05077965;694738800000
05077966;694738800000
05092118;699577200000
05092120;699577200000
05095995;700786800000
05108350;704412000000
05107672;704412000000
05114260;706226400000
05115959;706831200000
05125225;709855200000
05127219;710460000000
05129220;711064800000
05131723;711669600000
05133179;712274400000
05134251;712274400000
05140806;714693600000
05140761;714693600000
05140736;714693600000
05152133;718326000000
05154046;718930800000
05154047;718930800000
05155990;719535600000
05157912;720140400000
05157913;720140400000
05163281;721954800000
05169149;723769200000
05174104;725583600000
05176301;726188400000
05178247;726793200000
05184454;729212400000
05186569;729817200000
05185995;729817200000
05193336;732236400000
05193872;732236400000
05197274;733442400000
05197273;733442400000
05199197;734047200000
05201885;734652000000
05201789;734652000000
05201269;734652000000
05201171;734652000000
05203158;735256800000
05208929;737071200000
05212939;738280800000
05215616;738885600000
05214909;738885600000
05214908;738885600000
05214907;738885600000
05220779;740700000000
05220780;740700000000
05222354;741304800000
05240209;746748000000
05243814;747957600000
05244256;747957600000
05247789;749170800000
05249415;749775600000
05251341;750380400000
05269129;755823600000
05279106;758847600000
05280816;759452400000
05285625;761266800000
05285659;761266800000
05291730;763081200000
05293916;763686000000
05299416;765496800000
05299613;765496800000
05301498;766101600000
05303439;766706400000
05303540;766706400000
05303539;766706400000
05305594;767311200000
05308292;767916000000
05307618;767916000000
05307852;767916000000
05309704;768520800000
05309705;768520800000
05309706;768520800000
05320443;771544800000
05319918;771544800000
05327715;773964000000
05332865;775173600000
05331802;775173600000
05338127;776988000000
05339655;777592800000
05339618;777592800000
05341634;778197600000
05343912;778802400000
05347498;779407200000
05345754;779407200000
05345753;779407200000
05353584;781830000000
05360305;783644400000
05361575;784249200000
05362282;784249200000
05363640;784854000000
05365753;785458800000
05375407;788482800000
05381649;790297200000
05381650;790297200000
05388750;792716400000
05399042;795740400000
05400585;796341600000
05404707;797551200000
05408820;798760800000
05412933;799970400000
05412934;799970400000
05412935;799970400000
05414991;800575200000
05419379;801784800000
05421874;802389600000
05425228;803599200000
05427559;804204000000
05433547;806018400000
05437149;807228000000
05437148;807228000000
05438851;807832800000
05441686;808437600000
05452572;812070000000
05459993;814489200000
05460418;814489200000
05461851;815094000000
05461852;815094000000
05461820;815094000000
05463862;815698800000
05465568;816303600000
05468376;816908400000
05469697;817513200000
05469652;817513200000
05471830;818118000000
05487264;822956400000
05502962;828396000000
05511596;830815200000
05526639;835048800000
05529011;835653600000
05531625;836258400000
05531065;836258400000
05533328;836863200000
05535583;837468000000
05535796;837468000000
05537812;838072800000
05542245;839282400000
05542244;839282400000
05544477;839887200000
05554073;842306400000
05581993;850172400000
05581992;850172400000
05590516;852591600000
05592809;853196400000
05592810;853196400000
05597260;854406000000
05596869;854406000000
05601326;855615600000
05605038;856825200000
05607248;857430000000
05611144;858639600000
05615577;859845600000
05626012;862869600000
05626013;862869600000
05628178;863474400000
05630676;864079200000
05632086;864684000000
05635675;865288800000
05636506;865893600000
05638879;866498400000
05638672;866498400000
05642612;867708000000
05647198;868917600000
05649415;869522400000
05653100;870732000000
05655300;871336800000
05660036;872546400000
05664410;873756000000
05667442;874360800000
05682736;878598000000
05689947;880412400000
05692270;881017200000
05697206;882226800000
05709075;885250800000
05711144;885855600000
05724803;889484400000
05724804;889484400000
05727376;890089200000
05732545;891295200000
05737910;892504800000
05745974;894319200000
05748571;894319200000
05752377;895528800000
05755088;896133600000
05758484;896738400000
05765891;897948000000
05768882;898552800000
05771676;899157600000
05771551;899157600000
05775088;899762400000
05775660;899762400000
05778656;900367200000
05778655;900367200000
05787700;902181600000
05787701;902181600000
05797820;903996000000
05797258;903996000000
05799480;904600800000
05799479;904600800000
05801351;904600800000
05806297;905810400000
05809767;906415200000
05824957;908834400000
05829243;910047600000
05829810;910047600000
05836147;911257200000
05836148;911257200000
05836199;911257200000
05842338;912466800000
05845478;913071600000
05857318;916095600000
05860274;916700400000
05865021;917910000000
05873232;919724400000
05875538;920329200000
05878565;920934000000
05881548;921538800000
05890357;923349600000
05900586;925768800000
05911677;929397600000
05913906;930002400000
05916124;930607200000
05915337;930607200000
05920962;931816800000
05924274;932421600000
05934062;934236000000
05934061;934236000000
05938388;934840800000
05941059;935445600000
05943855;936050400000
05950416;937260000000
05956936;938469600000
05961241;939074400000
05966811;940284000000
05966922;940284000000
05966921;940284000000
05966924;940284000000
05966923;940284000000
05970701;940888800000
05974779;941497200000
05983620;942706800000
05986215;942706800000
05987873;943311600000
05996330;944521200000
06000304;945126000000
06006514;946335600000
06006513;946335600000
06010421;946940400000
06012683;947545200000
06016844;948754800000
06021634;949964400000
06023927;950569200000
06026637;951174000000
06029437;951778800000
06029342;951778800000
06032455;952383600000
06053009;956613600000
06055802;957218400000
06065278;959032800000
06068568;959637600000
06067788;959637600000
06079196;962056800000
06092358;964476000000
06094939;965080800000
06094903;965080800000
06094902;965080800000
06098394;965685600000
06101842;966290400000
06105358;966895200000
06105357;966895200000
06105356;966895200000
06107565;966895200000
06112510;968104800000
06128262;970524000000
06128893;971128800000
06141892;973551600000
06145293;974156400000
06156974;975970800000
06158555;976575600000
06158206;976575600000
06158205;976575600000
06161372;977180400000
06161373;977180400000
06167689;978390000000
06170248;978994800000
06170249;978994800000
06170250;978994800000
06173560;979599600000
06176073;980204400000
06176072;980204400000
06178732;980809200000
06186900;982018800000
06185923;982018800000
06192297;982623600000
06195977;983833200000
06205622;985644000000
06209306;986248800000
06212869;986853600000
06215068;986853600000
06216435;987458400000
06216434;987458400000
06220011;988063200000
06220010;988063200000
06223517;988668000000
06223516;988668000000
06223515;988668000000
06227006;989272800000
06226973;989272800000
06237319;991087200000
06237318;991087200000
06241572;991692000000
06244032;992296800000
06243929;992296800000
06254300;994111200000
06256974;994716000000
06260345;995320800000
06263658;995925600000
06270258;997135200000
06270173;997135200000
06272835;997740000000
06272837;997740000000
06272836;997740000000
06282879;999554400000
06286296;1000159200000
06289664;1000764000000
06293127;1001368800000
06298650;1002578400000
06308510;1004396400000
06311469;1005001200000
06311470;1005001200000
06318063;1006210800000
06318064;1006210800000
06321524;1006815600000
06321523;1006815600000
06328903;1008025200000
06330788;1008630000000
06338238;1011049200000
06339922;1011654000000
06345492;1013468400000
06349773;1014678000000
06349534;1014678000000
06354070;1015887600000
06367238;1018303200000
06370860;1018908000000
06371876;1018908000000
06374590;1019512800000
06374589;1019512800000
06378283;1020117600000
06381942;1020722400000
06387002;1021327200000
06389790;1021932000000
06393819;1022536800000
06393818;1022536800000
06393820;1022536800000
06406177;1024351200000
06408888;1024956000000
06412303;1025560800000
06412267;1025560800000
06416022;1026165600000
06418871;1026770400000
06418706;1026770400000
06425238;1027980000000
06427433;1028584800000
06442970;1031004000000
06448498;1031608800000
06454016;1032818400000
06453657;1032818400000
06457304;1033423200000
06459037;1033423200000
06460323;1034028000000
06463728;1034632800000
06470665;1035846000000
06473945;1036450800000
06477861;1037055600000
06481196;1037660400000
06481195;1037660400000
06484488;1038265200000
06488404;1038870000000
06490853;1039474800000
06494030;1040079600000
06508001;1043103600000
06510682;1043708400000
06513316;1044313200000
06513346;1044313200000
06516602;1044918000000
06520709;1045522800000
06526740;1046732400000
06527106;1046732400000
06532725;1047942000000
06539699;1049148000000
06539700;1049148000000
06550233;1050962400000
06550232;1050962400000
06553751;1051567200000
06560955;1052776800000
06564539;1053381600000
06564540;1053381600000
06568165;1053986400000
06571578;1054591200000
06578350;1055800800000
06579200;1055800800000
06581367;1056405600000
06598382;1059429600000
06607850;1061244000000
06609684;1061848800000
06612001;1062453600000
06612103;1062453600000
06612104;1062453600000
06615573;1063058400000
06619024;1063663200000
06622469;1064268000000
06637182;1067295600000
06640534;1067900400000
06644008;1068505200000
06655832;1070319600000
06658837;1070924400000
06662545;1071529200000
06662544;1071529200000
06666013;1072134000000
06676552;1073948400000
06679648;1074553200000
06684619;1075762800000
06688096;1076367600000
06694721;1077577200000
06695014;1077577200000
06708480;1079996400000
06711886;1080597600000
06714400;1080597600000
06725642;1083016800000
06730850;1083621600000
06729119;1083621600000
06736922;1084831200000
06745555;1086645600000
06745554;1086645600000
06772580;1092088800000
06779331;1093298400000
06779294;1093298400000
06781058;1093298400000
06782690;1093903200000
06782687;1093903200000
06782688;1093903200000
06782689;1093903200000
06786032;1094508000000
06787702;1094508000000
06789384;1095112800000
06789383;1095112800000
06799415;1096927200000
06802177;1097532000000
06807800;1098741600000
06810654;1099350000000
06824484;1101769200000
06826900;1102374000000
06829882;1102978800000
06837036;1104793200000
06837037;1104793200000
06846986;1106607600000
06849016;1107212400000
06852052;1107817200000
06855081;1108422000000
06860097;1109631600000
06863632;1110236400000
06864425;1110236400000
06871486;1112047200000
06874206;1112652000000
06880323;1113861600000
06881500;1113861600000
06883300;1114466400000
06886323;1115071200000
06890278;1115676000000
06892521;1116280800000
06895737;1116885600000
06895738;1116885600000
06895739;1116885600000
06896344;1116885600000
06904746;1118700000000
06908065;1119304800000
06912836;1120514400000
06916062;1121119200000
06918242;1121724000000
06925794;1123538400000
06925795;1123538400000
06928835;1124143200000
06931830;1124748000000
06940019;1125957600000
06938732;1125957600000
06941622;1126562400000
06945028;1127167200000
06945027;1127167200000
06948752;1127772000000
06951124;1128376800000
06951096;1128376800000
06952916;1128981600000
06959769;1130799600000
06964153;1132009200000
06966170;1132614000000
06966527;1132614000000
06968671;1133218800000
06973770;1134428400000
06978596;1135638000000
06978595;1135638000000
06984782;1136847600000
06988288;1138057200000
06990796;1138662000000
06992254;1138662000000
06993841;1139266800000
06993896;1139266800000
06996967;1139871600000
06997412;1139871600000
07000292;1140476400000
07007451;1141686000000
07013630;1142895600000
07013631;1142895600000
07017328;1143496800000
07019214;1143496800000
07020934;1144101600000
07021041;1144101600000
07024849;1144706400000
07024886;1144706400000
07032466;1145916000000
07032372;1145916000000
07036338;1146520800000
07040120;1147125600000
07040080;1147125600000
07040081;1147125600000
07043895;1147730400000
07045705;1147730400000
07047721;1148335200000
07047720;1148335200000
07055343;1149544800000
07055555;1149544800000
07065952;1151359200000
07082852;1154383200000
07082747;1154383200000
07082722;1154383200000
07083858;1154383200000
07086218;1154988000000
07086951;1154988000000
07088847;1154988000000
07100353;1157407200000
07104041;1158012000000
07107754;1158616800000
07111447;1159221600000
07117575;1160431200000
07119273;1160431200000
07131258;1162854000000
07134268;1163458800000
07137239;1164063600000
07140173;1164668400000
07143571;1165273200000
07146793;1165878000000
07150206;1166482800000
07150142;1166482800000
07150141;1166482800000
07155895;1167692400000
07174702;1171321200000
07176375;1171321200000
07178364;1171926000000
07191586;1174345200000
07195116;1174946400000
07200984;1176156000000
07201687;1176156000000
07204075;1176760800000
07207168;1177365600000
07207162;1177365600000
07216472;1179180000000
07231759;1182204000000
07234292;1182808800000
07237376;1183413600000
07237375;1183413600000
07240477;1184018400000
07243486;1184623200000
07249452;1185832800000
07251923;1186437600000
07251924;1186437600000
07254935;1187042400000
07263821;1188856800000
07267220;1189461600000
07269937;1190066400000
07272922;1190671200000
07272923;1190671200000
07278253;1191880800000
07290384;1194303600000
07294078;1194908400000
07299514;1196118000000
07305815;1197327600000
07306394;1197327600000
07310937;1198537200000
07310936;1198537200000
07310935;1198537200000
07310934;1198537200000
07317160;1199746800000
07320211;1200956400000
07325391;1202166000000
07334388;1203980400000
07334434;1203980400000
07340878;1205190000000
07343731;1205794800000
07343730;1205794800000
07343729;1205794800000
07343728;1205794800000
07354330;1207605600000
07370465;1210629600000
07373770;1211234400000
07377097;1211839200000
07380394;1212444000000
07385136;1213048800000
07387046;1213653600000
07388154;1213653600000
07389634;1214258400000
07392666;1214863200000
07392650;1214863200000
07393033;1214863200000
07406819;1217887200000
07409763;1218492000000
07409817;1218492000000
07409818;1218492000000
07418812;1220306400000
07426824;1222120800000
07426823;1222120800000
07427251;1222120800000
07428808;1222725600000
07430849;1223330400000
07434382;1223935200000
07437870;1224540000000
07441396;1225148400000
07441397;1225148400000
07444836;1225753200000
07444800;1225753200000
07444801;1225753200000
07448823;1226358000000
07451590;1226962800000
07451589;1226962800000
07454891;1227567600000
07461501;1228777200000
07467510;1229986800000
07467509;1229986800000
07472539;1231196400000
07472538;1231196400000
07484351;1233615600000
07490715;1234825200000
07493750;1235430000000
07497071;1236034800000
07497072;1236034800000
07496981;1236034800000
07500346;1236639600000
07503102;1237244400000
07503163;1237244400000
07506495;1237849200000
07513097;1239055200000
07513096;1239055200000
07520122;1240264800000
07526910;1241474400000
07535072;1242684000000
07536849;1243288800000
07540140;1243893600000
07543437;1244498400000
07546725;1245103200000
07546726;1245103200000
07552581;1246312800000
07559190;1247522400000
07559340;1247522400000
07562518;1248127200000
07568334;1249336800000
07571595;1249941600000
07576283;1250546400000
07584597;1252360800000
07591128;1253570400000
07594385;1254175200000
07594330;1254175200000
07600719;1255384800000
07607320;1256598000000
07610744;1257202800000
07614209;1257807600000
07617668;1258412400000
07617669;1258412400000
07621114;1259017200000
07634900;1261436400000
07634899;1261436400000
07637092;1262041200000
07640722;1262646000000
07644571;1263250800000
07650743;1264460400000
07654594;1265065200000
07669401;1267484400000
07669402;1267484400000
07673441;1268089200000
07673440;1268089200000
07677024;1268694000000
07685801;1269900000000
07690183;1270504800000
07712298;1273528800000
07716911;1274133600000
07721520;1274738400000
07722492;1274738400000
07730633;1275948000000
07730710;1275948000000
07735309;1276552800000
07743597;1277762400000
07749119;1278367200000
07752797;1278972000000
07757473;1279576800000
07770374;1281391200000
07775030;1281996000000
07784259;1283205600000
07797920;1285020000000
07806794;1286229600000
07823942;1288652400000
07841571;1291071600000
07845154;1291676400000
07845155;1291676400000
07849667;1292281200000
07854109;1292886000000
07856805;1293490800000
