03858258;158281200000
03860981;159490800000
03864769;161305200000
03867733;162514800000
03868775;163119600000
03869741;163724400000
03872336;164329200000
03872590;164934000000
03872527;164934000000
03872528;164934000000
03875601;166143600000
03875600;166143600000
03875857;166143600000
03877325;166748400000
03879778;167958000000
03879848;167958000000
03879846;167958000000
03882560;169167600000
03885261;170377200000
03885271;170377200000
03888535;171586800000
03892988;173401200000
03893200;174006000000
03893199;174006000000
03896534;175820400000
03898724;177030000000
03898723;177030000000
03900058;177634800000
03901293;178239600000
03902206;178844400000
03906608;180658800000
03906561;180658800000
03909860;181868400000
03914866;183682800000
03921725;186102000000
03921237;186102000000
03921288;186102000000
03927432;188521200000
03928878;189126000000
03928877;189126000000
03929042;189126000000
03932904;190940400000
03934286;191545200000
03934287;191545200000
03938248;193359600000
03945065;196383600000
03946453;196984800000
03947905;197589600000
03947904;197589600000
03949439;198194400000
03949440;198194400000
03950801;198799200000
03961387;203032800000
03964115;204242400000
03965510;204847200000
03965719;204847200000
03967357;205452000000
03973283;208476000000
03973784;208476000000
03987828;215132400000
03990146;216342000000
03991429;216946800000
03993340;217551600000
03994652;218156400000
04001903;221785200000
04001904;221785200000
04003418;222390000000
04006613;224204400000
04006502;224204400000
04011612;227228400000
04012074;227228400000
04016614;229644000000
04017923;230248800000
04023271;232668000000
04023221;232668000000
04023445;232668000000
04028758;235087200000
04028757;235087200000
04028756;235087200000
04030150;235692000000
04034595;237506400000
04037554;238716000000
04037276;238716000000
04037275;238716000000
04037277;238716000000
04040550;239925600000
04041558;240530400000
04044413;241740000000
04050152;244162800000
04050107;244162800000
04056859;247791600000
04057863;248396400000
04059894;249606000000
04060305;249606000000
04061058;250210800000
04062078;250815600000
04063731;251420400000
04064581;252025200000
04069528;254444400000
04074732;256863600000
04075749;257468400000
04078272;258678000000
04079908;259282800000
04080734;259887600000
04081871;260488800000
04083268;261093600000
04083105;261093600000
04089076;264117600000
04089077;264117600000
04091483;265327200000
04092753;265932000000
04095340;267141600000
04097945;268351200000
04098157;268351200000
04100636;269560800000
04100637;269560800000
04103378;270770400000
04104752;271375200000
04108220;272584800000
04107800;272584800000
04112530;274399200000
04112537;274399200000
04114216;275004000000
04122570;278636400000
04122569;278636400000
04125913;280450800000
04132502;284079600000
04135267;285894000000
04136587;286498800000
04136548;286498800000
04144605;290732400000
04151956;294357600000
04152797;294962400000
04157594;297986400000
04164093;303429600000
04171083;308876400000
04174646;311900400000
04174560;311900400000
04175298;312505200000
04176417;313110000000
04177529;313714800000
04178646;314319600000
04187607;319158000000
04189874;320367600000
04189800;320367600000
04189799;320367600000
04189964;320367600000
04192309;321577200000
04194256;322786800000
04194700;322786800000
04197605;324597600000
04198719;325202400000
04199833;325807200000
04200943;326412000000
04202223;327016800000
04204294;328226400000
04206663;329436000000
04208749;330645600000
04208793;330645600000
04209865;331250400000
04213216;333064800000
04213215;333064800000
04214538;333669600000
04218795;336088800000
04218794;336088800000
04224969;339116400000
04226013;339721200000
04226109;339721200000
04225990;339721200000
04229849;341535600000
04229999;341535600000
04230002;341535600000
04231128;342140400000
04234987;343954800000
04234988;343954800000
04236266;344559600000
04236552;344559600000
04238862;345769200000
04238948;345769200000
04241496;346978800000
04242780;347583600000
04244067;348188400000
04245682;348793200000
04255856;353631600000
04257159;354236400000
04257135;354236400000
04258447;354837600000
04260274;355442400000
04261090;356047200000
04261103;356047200000
04262376;356652000000
04266452;358466400000
04268927;359676000000
04268926;359676000000
04270269;360280800000
04274826;362095200000
04282615;366328800000
04283805;366933600000
04287623;368748000000
04291425;370566000000
04291426;370566000000
04296725;372985200000
04297756;373590000000
04298999;374194800000
04304019;376614000000
04306323;377823600000
04308628;379033200000
04312610;380847600000
04314383;382057200000
04315339;382662000000
04315445;382662000000
04316315;383266800000
04317284;383871600000
04320544;385686000000
04325153;388101600000
04326652;388706400000
04327490;389311200000
04327607;389311200000
04330894;391125600000
04332046;391730400000
04333231;392335200000
04334332;392940000000
04335477;393544800000
04336706;394149600000
04337542;394754400000
04346628;399592800000
04347634;400197600000
04347766;400197600000
04349928;401407200000
04349929;401407200000
04351075;402015600000
04361920;408063600000
04363147;408668400000
04371021;412902000000
04373223;414111600000
04376385;416530800000
04382456;421365600000
04384390;422575200000
04385628;423180000000
04387501;424389600000
04392264;426808800000
04392263;426808800000
04398277;429228000000
04398314;429832800000
04408391;434674800000
04410114;435279600000
04409863;435279600000
04409713;435279600000
04412464;436489200000
04412374;436489200000
04413937;437094000000
04414698;437698800000
04414697;437698800000
04416059;438303600000
04424601;442537200000
04426200;443142000000
04428515;444351600000
04429451;444956400000
04433597;446770800000
04434542;447375600000
04435868;447980400000
04437359;448585200000
04438538;449186400000
04442559;451000800000
04446588;452815200000
04447923;453420000000
04452246;455234400000
04452106;455234400000
04451947;455234400000
04451948;455234400000
04455895;457048800000
04455894;457048800000
04457033;457653600000
04459716;458863200000
04459717;458863200000
04461080;459468000000
04461081;459468000000
04463631;460677600000
04466283;461887200000
04466490;461887200000
04466365;461887200000
04468049;462492000000
04467516;462492000000
04467677;462492000000
04468826;463096800000
04476596;466729200000
04476597;466729200000
04476598;466729200000
04476939;466729200000
04478539;467334000000
04477937;467334000000
04477936;467334000000
04480374;468543600000
04484368;470358000000
04485507;470962800000
04490198;472777200000
04491261;473382000000
04491040;473382000000
04492132;473986800000
04494542;475196400000
04498669;477010800000
04503574;479430000000
04504993;480034800000
04507817;481240800000
04512693;483055200000
04512051;483055200000
04514902;484264800000
04519108;486079200000
04520695;486684000000
04522089;487288800000
04522580;487288800000
04525111;488498400000
04524646;488498400000
04529111;490312800000
04528707;490312800000
04528751;490312800000
04531289;491522400000
04534108;492732000000
04534858;492732000000
04535496;493336800000
04535987;493336800000
04536939;493941600000
04539873;495151200000
04539749;495151200000
04543721;496969200000
04543860;496969200000
04546510;498178800000
04549451;499388400000
04549324;499388400000
04550460;499993200000
04550476;499993200000
04550634;499993200000
04551875;500598000000
04553280;501202800000
04553279;501202800000
04554703;501807600000
04555822;502412400000
04557030;503017200000
04557034;503017200000
04558584;503622000000
04560194;504226800000
04560344;504226800000
04563813;506041200000
04563833;506041200000
04565004;506646000000
04565398;506646000000
04567616;507855600000
04569653;508460400000
04569128;508460400000
04570339;509065200000
04570341;509065200000
04570340;509065200000
04572040;509670000000
04571764;509670000000
04573617;510274800000
04574479;510879600000
04578835;512690400000
04580303;513295200000
04580302;513295200000
04581782;513900000000
04583256;514504800000
04583429;514504800000
04589153;516924000000
04592467;518133600000
04595136;519343200000
04597123;520552800000
04598478;521157600000
04598435;521157600000
04599758;521762400000
04601077;522367200000
04602397;522972000000
04604917;524181600000
04606089;524786400000
04607406;525391200000
04607407;525391200000
04607544;525391200000
04607547;525391200000
04611358;527205600000
04614037;528418800000
04614001;528418800000
04614349;528418800000
04617692;530233200000
04622707;532652400000
04625402;533862000000
04625386;533862000000
04625353;533862000000
04625596;533862000000
04625534;533862000000
04625861;533862000000
04631855;536281200000
04631769;536281200000
04631770;536281200000
04633846;536886000000
04633921;536886000000
04633740;536886000000
04635309;537490800000
04635406;537490800000
04635502;537490800000
04637084;538095600000
04642827;540514800000
04644600;541119600000
04646378;541724400000
04648145;542329200000
04651462;543538800000
04651554;543538800000
04651373;543538800000
04653790;544140000000
04654909;544744800000
04654929;544744800000
04656724;545349600000
04656895;545349600000
04658457;545954400000
04658456;545954400000
04658455;545954400000
04660241;546559200000
04662068;547164000000
04667359;548978400000
04667544;548978400000
04669140;549583200000
04669190;549583200000
04670926;550188000000
04672745;550792800000
04674669;551397600000
04676703;552002400000
04677702;552607200000
04680996;553816800000
04685164;555631200000
04685213;555631200000
04688287;556840800000
04691599;558050400000
04694998;559260000000
04696090;559868400000
04697628;560473200000
04697480;560473200000
04699030;561078000000
04700420;561682800000
04704924;563497200000
04706937;564102000000
04709432;565311600000
04713874;567126000000
04716610;568335600000
04719789;569545200000
04720030;569545200000
04722140;570754800000
04723332;571359600000
04727610;573174000000
04727609;573174000000
04733583;575589600000
04735117;576194400000
04736480;576799200000
04739861;578008800000
04741059;578613600000
04741060;578613600000
04741064;578613600000
04741105;578613600000
04744272;579823200000
04745830;580428000000
04745651;580428000000
04747173;581032800000
04748704;581637600000
04750226;582242400000
04751840;582847200000
04757568;585266400000
04759441;585871200000
04759238;585871200000
04762278;587080800000
04763415;587685600000
04765009;588290400000
04767006;588895200000
04768137;588895200000
04771539;590709600000
04774736;591922800000
04776094;592527600000
04778181;593132400000
04783867;595551600000
04785488;596156400000
04786095;596156400000
04787109;596761200000
04789017;597366000000
04788893;597366000000
04790056;597970800000
04790059;597970800000
04791701;598575600000
04791690;598575600000
04794692;599785200000
04796319;600390000000
04796318;600390000000
04797963;600994800000
04797988;600994800000
04800933;602204400000
04803745;603414000000
04806170;604018800000
04806184;604018800000
04805303;604018800000
04805250;604018800000
04805818;604018800000
04811441;605833200000
04811440;605833200000
04813089;606438000000
04813120;606438000000
04815408;607039200000
04815210;607039200000
04818134;607644000000
04817221;607644000000
04819523;608248800000
04819636;608248800000
04819289;608248800000
04821356;608853600000
04823654;609458400000
04823419;609458400000
04825918;610063200000
04829976;611272800000
04829619;611272800000
04829618;611272800000
04833746;612482400000
04836066;613087200000
04835862;613087200000
04835860;613087200000
04835812;613087200000
04842025;614901600000
04843667;615506400000
04843668;615506400000
04848341;616716000000
04847997;616716000000
04852259;617925600000
04852196;617925600000
04852925;617925600000
04854045;618530400000
04854856;618530400000
04856132;619135200000
04862544;620949600000
04865541;621554400000
04864900;621554400000
04867249;622159200000
04867017;622159200000
04866801;622159200000
04868943;622767600000
04868942;622767600000
04869134;622767600000
04872230;623977200000
04872231;623977200000
04876757;625791600000
04878260;626396400000
04880198;627001200000
04882841;628210800000
04884572;628815600000
04884307;628815600000
04887734;630025200000
04890387;631234800000
04891881;631839600000
04894879;633049200000
04896390;633654000000
04899050;634258800000
04899409;634863600000
04905374;636678000000
04905335;636678000000
04905731;636678000000
04910821;638488800000
04910820;638488800000
04912958;639093600000
04913668;639093600000
04915709;639698400000
04919317;640908000000
04918775;640908000000
04920637;641512800000
04920593;641512800000
04920592;641512800000
04923392;642117600000
04924544;642722400000
04927284;643327200000
04930377;644536800000
04932124;645141600000
04932091;645141600000
04942646;648770400000
04942637;648770400000
04944392;649375200000
04944061;649375200000
04944641;649375200000
04949966;651189600000
04951721;651794400000
04953384;652399200000
04954025;652399200000
04953248;652399200000
04953293;652399200000
04955971;653004000000
04955097;653004000000
04958427;654213600000
04958395;654213600000
04960016;654822000000
04961239;655426800000
04962681;656031600000
04967622;657846000000
04967436;657846000000
04967435;657846000000
04970785;659055600000
04974320;660265200000
04974273;660265200000
04976173;660870000000
04976172;660870000000
04978100;661474800000
04979623;662079600000
04979301;662079600000
04979238;662079600000
04980942;662684400000
04981032;662684400000
04984979;663894000000
04985954;664498800000
04986106;664498800000
04987626;665103600000
04989770;665708400000
04991246;666313200000
04991634;666313200000
04993093;666918000000
04993768;666918000000
04995295;667522800000
04995128;667522800000
04997320;668127600000
04997172;668127600000
04996895;668127600000
04996761;668127600000
04998312;668732400000
05001796;669942000000
05004383;670543200000
05003656;670543200000
05005243;671148000000
05007310;671752800000
05015252;674172000000
05014379;674172000000
05014431;674172000000
05020181;675986400000
05023996;677196000000
05025520;677800800000
05027994;678405600000
05027512;678405600000
05030043;679010400000
05029354;679010400000
05029355;679010400000
05031487;679615200000
05033195;680220000000
05033141;680220000000
05033140;680220000000
05033142;680220000000
05033501;680220000000
05033552;680220000000
05035054;680824800000
05036578;681429600000
05038644;682034400000
05038435;682034400000
05040256;682639200000
05042285;683244000000
05044033;683848800000
05046387;684453600000
05048138;685058400000
05051876;685663200000
05056173;687481200000
05058327;688086000000
05060329;688690800000
05062173;689295600000
05064320;689900400000
05063628;689900400000
05063627;689900400000
05063770;689900400000
05067190;691110000000
05069090;691714800000
05070562;692319600000
05070563;692319600000
05070564;692319600000
05072471;692924400000
05074002;693529200000
05075914;694134000000
05075916;694134000000
05077850;694738800000
05079791;695343600000
05079801;695343600000
05082145;695948400000
05084935;697158000000
05084970;697158000000
05086674;697762800000
05094003;700182000000
05095623;700786800000
05097599;701391600000
05097554;701391600000
05097555;701391600000
05101563;702597600000
05101562;702597600000
05103520;703202400000
05105493;703807200000
05107560;704412000000
05107559;704412000000
05110145;705016800000
05109591;705016800000
05114257;706226400000
05117524;707436000000
05119521;708040800000
05119520;708040800000
05119561;708040800000
05121661;708645600000
05125157;709855200000
05127121;710460000000
05127122;710460000000
05129118;711064800000
05136744;713484000000
05136905;713484000000
05142825;715298400000
05142721;715298400000
05150261;717112800000
05149231;717112800000
05149230;717112800000
05150488;717721200000
05150869;717721200000
05152345;718326000000
05152598;718326000000
05153974;718930800000
05159858;720745200000
05167043;723164400000
05169305;723769200000
05168592;723769200000
05168629;723769200000
05170681;724374000000
05170545;724374000000
05176222;726188400000
05175934;726188400000
05175921;726188400000
05179748;727398000000
05181440;728002800000
05182829;728607600000
05184531;729212400000
05185930;729817200000
05185992;729817200000
05189750;731026800000
05189749;731026800000
05191666;731631600000
05193239;732236400000
05197195;733442400000
05197357;733442400000
05201257;734652000000
05201147;734652000000
05203852;735256800000
05205006;735861600000
05205007;735861600000
05206966;736466400000
05206965;736466400000
05207126;736466400000
05207014;736466400000
05207012;736466400000
05208983;737071200000
05208929;737071200000
05211118;737676000000
05210895;737676000000
05212869;738280800000
05212844;738280800000
05218730;740095200000
05218892;740095200000
05220701;740700000000
05222265;741304800000
05222848;741304800000
05224230;741909600000
05226198;742514400000
05226237;742514400000
05226718;742514400000
05228159;743119200000
05228160;743119200000
05228200;743119200000
05233716;744933600000
05233715;744933600000
05233793;744933600000
05235748;745538400000
05235755;745538400000
05236540;745538400000
05237715;746143200000
05240338;746748000000
05239718;746748000000
05241719;747352800000
05245721;748562400000
05245749;748562400000
05245795;748562400000
05247715;749170800000
05251341;750380400000
05251351;750380400000
05251352;750380400000
05251353;750380400000
05251516;750380400000
05255485;751590000000
05257566;752194800000
05259281;752799600000
05259426;752799600000
05261136;753404400000
05261135;753404400000
05261560;753404400000
05267366;755218800000
05271115;756428400000
05271299;756428400000
05272782;757033200000
05276929;758242800000
05276928;758242800000
05276948;758242800000
05280659;759452400000
05282287;760057200000
05283920;760662000000
05283923;760662000000
05285543;761266800000
05297306;764892000000
05299714;765496800000
05301433;766101600000
05301432;766101600000
05301378;766101600000
05303748;766706400000
05303439;766706400000
05303619;766706400000
05306378;767311200000
05305667;767311200000
05309954;768520800000
05313376;769125600000
05313680;769730400000
05313860;769730400000
05313859;769730400000
05315724;770335200000
05315725;770335200000
05315760;770335200000
05317774;770940000000
05320005;771544800000
05324130;772754400000
05323692;772754400000
05323502;772754400000
05327602;773964000000
05333342;775778400000
05337632;776988000000
05339473;777592800000
05339527;777592800000
05342513;778197600000
05345636;779407200000
05345635;779407200000
05347688;780012000000
05347670;780012000000
05347671;780012000000
05347765;780012000000
05351413;781225200000
05351350;781225200000
05354033;781830000000
05354301;781830000000
05357643;783039600000
05361849;784249200000
05363530;784854000000
05363525;784854000000
05363725;784854000000
05365666;785458800000
05365625;785458800000
05365915;785458800000
05365811;785458800000
05367732;786063600000
05369555;786063600000
05369886;786668400000
05372054;787273200000
05372466;787273200000
05371992;787273200000
05373717;787878000000
05375401;788482800000
05377374;789087600000
05377413;789087600000
05379542;789692400000
05386748;792111600000
05386605;792111600000
05389099;792716400000
05389192;792716400000
05388297;792716400000
05392622;793926000000
05394313;793926000000
05395026;794530800000
05399051;795740400000
05398360;795740400000
05400451;796341600000
05400452;796341600000
05400512;796341600000
05402575;796946400000
05402561;796946400000
05404774;797551200000
05409333;798760800000
05412896;799970400000
05412971;799970400000
05417003;801180000000
05416940;801180000000
05421223;802389600000
05421460;802389600000
05425176;803599200000
05426802;804204000000
05428853;804808800000
05430952;805413600000
05432968;806018400000
05435673;806623200000
05435029;806623200000
05435030;806623200000
05438757;807832800000
05442529;808437600000
05442855;809042400000
05442982;809042400000
05450772;811461600000
05450774;811461600000
05452705;812070000000
05456630;813279600000
05457834;813884400000
05459897;814489200000
05460022;814489200000
05461849;815094000000
05467498;816908400000
05470180;817513200000
05471698;818118000000
05471759;818118000000
05475941;819327600000
05476154;819327600000
05477601;819932400000
05479669;820537200000
05479670;820537200000
05479692;820537200000
05480166;820537200000
05481950;821142000000
05485642;822351600000
05485641;822351600000
05486027;822351600000
05487291;822956400000
05488749;823561200000
05490747;824166000000
05491856;824770800000
05495942;825980400000
05495630;825980400000
05497523;826585200000
05497522;826585200000
05500966;827794800000
05507051;829605600000
05507052;829605600000
05511261;830815200000
05511262;830815200000
05513405;831420000000
05513411;831420000000
05513436;831420000000
05515249;831420000000
05519908;833234400000
05520569;833234400000
05520227;833234400000
05524513;834444000000
05528831;835653600000
05536270;837468000000
05537750;838072800000
05542139;839282400000
05542140;839282400000
05542184;839282400000
05544379;839887200000
05546621;840492000000
05546625;840492000000
05546661;840492000000
05549225;841096800000
05551111;841701600000
05553340;842306400000
05556092;842911200000
05555589;842911200000
05557874;843516000000
05557818;843516000000
05562389;844725600000
05564145;845330400000
05564146;845330400000
05564318;845330400000
05564717;845330400000
05568665;846543600000
05568741;846543600000
05573358;847753200000
05575030;848358000000
05575029;848358000000
05581834;850172400000
05581866;850172400000
05584414;850777200000
05584565;850777200000
05586847;851382000000
05588169;851986800000
05590458;852591600000
05590432;852591600000
05594967;853801200000
05594966;853801200000
05596800;854406000000
05601122;855615600000
05601322;855615600000
05605495;856825200000
05604947;856825200000
05604946;856825200000
05604948;856825200000
05606757;857430000000
05606758;857430000000
05609513;858034800000
05609280;858034800000
05613412;859244400000
05613297;859244400000
05615444;859845600000
05617597;860450400000
05617624;860450400000
05617605;860450400000
05619818;861055200000
05621936;861660000000
05623737;862264800000
05626063;862869600000
05630241;864079200000
05630242;864079200000
05630815;864079200000
05632056;864684000000
05636398;865893600000
05638566;866498400000
05642567;867708000000
05644848;868312800000
05647080;868917600000
05649572;869522400000
05649365;869522400000
05651647;870127200000
05652988;870732000000
05653818;870732000000
05653023;870732000000
05653525;870732000000
05655242;871336800000
05657543;871941600000
05659948;872546400000
05661863;873151200000
05661960;873151200000
05664819;873756000000
05664274;873756000000
05681417;877993200000
05680697;877993200000
05685206;879202800000
05685207;879202800000
05685037;879202800000
05685945;879202800000
05685761;879202800000
05689886;880412400000
05694660;881622000000
05694661;881622000000
05697114;882226800000
05697166;882226800000
05699572;882831600000
05704236;884041200000
05709031;885250800000
05711182;885855600000
05711194;885855600000
05711042;885855600000
05711043;885855600000
05715554;887065200000
05720062;888274800000
05720063;888274800000
05722805;888879600000
05724688;889484400000
05727323;890089200000
05727319;890089200000
05729854;890694000000
05730561;890694000000
05732461;891295200000
05735057;891900000000
05735071;891900000000
05735005;891900000000
05743008;893714400000
05743580;893714400000
05743582;893714400000
05745943;894319200000
05745997;894319200000
05749113;894924000000
05752285;895528800000
05765247;897948000000
05765648;897948000000
05768727;898552800000
05771516;899157600000
05774918;899762400000
05774919;899762400000
05774921;899762400000
05779404;900367200000
05778472;900367200000
05778896;900367200000
05781950;900972000000
05785468;901576800000
05788299;902181600000
05787535;902181600000
05787536;902181600000
05791002;902786400000
05797301;903996000000
05797192;903996000000
05799551;904600800000
05799996;904600800000
05806119;905810400000
05806380;905810400000
05809599;906415200000
05809600;906415200000
05813109;907020000000
05816633;907624800000
05815873;907624800000
05815866;907624800000
05820183;908229600000
05819610;908229600000
05826338;909442800000
05826466;909442800000
05826775;909442800000
05829082;910047600000
05829142;910047600000
05829965;910047600000
05839141;911862000000
05845354;913071600000
05845407;913071600000
05850650;914281200000
05850649;914281200000
05853272;914886000000
05852862;914886000000
05852840;914886000000
05852961;914886000000
05855401;915490800000
05857268;916095600000
05860205;916700400000
05862552;917305200000
05865945;917910000000
05865425;917910000000
05864909;917910000000
05870786;919119600000
05870794;919119600000
05875503;920329200000
05875558;920329200000
05875695;920329200000
05879504;920934000000
05878637;920934000000
05887305;922744800000
05887306;922744800000
05887327;922744800000
05887631;922744800000
05893301;923954400000
05893185;923954400000
05894617;924559200000
05894624;924559200000
05896886;925164000000
05896606;925164000000
05896607;925164000000
05898965;925768800000
05901622;926373600000
05903942;926978400000
05910174;928792800000
05911761;929397600000
05911481;929397600000
05916278;930607200000
05916277;930607200000
05918337;931212000000
05921562;931816800000
05920935;931816800000
05926885;933026400000
05927164;933026400000
05933892;934236000000
05933894;934236000000
05933893;934236000000
05934342;934236000000
05937466;934840800000
05937680;934840800000
05941484;935445600000
05944949;936050400000
05946753;936655200000
05946752;936655200000
05951026;937260000000
05950265;937260000000
05950504;937260000000
05956789;938469600000
05956788;938469600000
05960891;939074400000
05960498;939074400000
05960504;939074400000
05964131;939679200000
05963999;939679200000
05966820;940284000000
05970551;940888800000
05970552;940888800000
05970553;940888800000
05976290;941497200000
05979058;942102000000
05979059;942102000000
05979734;942102000000
05979913;942102000000
05979959;942102000000
05978993;942102000000
05983430;942706800000
05983616;942706800000
05988683;943311600000
05992002;943916400000
05992485;943916400000
05996698;944521200000
05996235;944521200000
05996169;944521200000
05996451;944521200000
06000739;945126000000
06000080;945126000000
06003181;945730800000
06003180;945730800000
06006385;946335600000
06006384;946335600000
06009581;946940400000
06009582;946940400000
06009583;946940400000
06009584;946940400000
06012363;947545200000
06012357;947545200000
06014786;948150000000
06014787;948150000000
06014785;948150000000
06016728;948754800000
06019022;949359600000
06023805;950569200000
06023804;950569200000
06027224;951174000000
06026607;951174000000
06026619;951174000000
06029545;951778800000
06029297;951778800000
06033162;952383600000
06032996;952383600000
06032553;952383600000
06032447;952383600000
06035748;952988400000
06038723;953593200000
06038735;953593200000
06042078;954194400000
06041541;954194400000
06041460;954194400000
06044508;954799200000
06045234;954799200000
06047971;955404000000
06047426;955404000000
06047427;955404000000
06047619;955404000000
06053087;956613600000
06058539;957823200000
06061858;958428000000
06065213;959032800000
06065169;959032800000
06070504;960242400000
06073983;960847200000
06076435;961452000000
06079716;962056800000
06079302;962056800000
06079071;962056800000
06081953;962661600000
06081952;962661600000
06082232;962661600000
06085620;963266400000
06085374;963266400000
06088860;963871200000
06088861;963871200000
06088862;963871200000
06092444;964476000000
06092289;964476000000
06094996;965080800000
06098225;965685600000
06098226;965685600000
06098497;965685600000
06101654;966290400000
06105681;966895200000
06105200;966895200000
06105189;966895200000
06105190;966895200000
06106370;966895200000
06109362;967500000000
06109013;967500000000
06109148;967500000000
06109147;967500000000
06108845;967500000000
06112351;968104800000
06112352;968104800000
06112418;968104800000
06119561;969314400000
06119560;969314400000
06122788;969919200000
06125489;970524000000
06128977;971128800000
06128981;971128800000
06128805;971128800000
06131222;971733600000
06131223;971733600000
06134997;972338400000
06134743;972338400000
06136143;972338400000
06142769;973551600000
06145144;974156400000
06145851;974156400000
06152241;975366000000
06151997;975366000000
06151999;975366000000
06151741;975366000000
06162137;977180400000
06164172;977785200000
06163911;977785200000
06163910;977785200000
06167581;978390000000
06170104;978994800000
06170894;978994800000
06170361;978994800000
06173466;979599600000
06173467;979599600000
06173488;979599600000
06182541;981414000000
06182540;981414000000
06182317;981414000000
06185778;982018800000
06185771;982018800000
06185772;982018800000
06192539;983228400000
06196086;983833200000
06196088;983833200000
06195823;983833200000
06195898;983833200000
06198049;983833200000
06205602;985644000000
06212765;986853600000
06212721;986853600000
06216301;987458400000
06219869;988063200000
06219870;988063200000
06220133;988063200000
06220127;988063200000
06223374;988668000000
06223373;988668000000
06223372;988668000000
06223375;988668000000
06227078;989272800000
06226823;989272800000
06226822;989272800000
06226825;989272800000
06226824;989272800000
06233769;990482400000
06233770;990482400000
06240650;991692000000
06243902;992296800000
06243901;992296800000
06253403;994111200000
06257093;994716000000
06257106;994716000000
06257100;994716000000
06260980;995320800000
06260453;995320800000
06263772;995925600000
06263761;995925600000
06266834;996530400000
06272952;997740000000
06272709;997740000000
06272708;997740000000
06273990;997740000000
06273582;997740000000
06276014;998344800000
06276013;998344800000
06276053;998344800000
06279496;998949600000
06279186;998949600000
06282995;999554400000
06282997;999554400000
06282996;999554400000
06282740;999554400000
06286611;1000159200000
06286745;1000159200000
06286400;1000159200000
06286392;1000159200000
06286397;1000159200000
06286168;1000159200000
06289773;1000764000000
06289768;1000764000000
06289542;1000764000000
06289541;1000764000000
06289540;1000764000000
06293559;1001368800000
06293018;1001368800000
06295897;1001973600000
06298754;1002578400000
06298755;1002578400000
06298756;1002578400000
06298512;1002578400000
06298562;1002578400000
06305041;1003788000000
06308355;1004396400000
06314600;1005606000000
06314629;1005606000000
06314599;1005606000000
06318218;1006210800000
06322302;1006815600000
06322112;1006815600000
06321626;1006815600000
06321455;1006815600000
06324762;1007420400000
06324712;1007420400000
06327728;1008025200000
06331087;1008630000000
06330840;1008630000000
06332532;1009234800000
06332376;1009234800000
06334255;1009839600000
06338357;1011049200000
06339858;1011654000000
06341399;1012258800000
06341423;1012258800000
06347875;1014073200000
06349624;1014678000000
06352010;1015282800000
06352009;1015282800000
06351865;1015282800000
06354174;1015887600000
06357067;1016492400000
06357068;1016492400000
06360578;1017097200000
06360444;1017097200000
06360391;1017097200000
06363560;1017698400000
06363561;1017698400000
06367533;1018303200000
06367107;1018303200000
06367154;1018303200000
06370779;1018908000000
06374443;1019512800000
06378569;1020117600000
06378153;1020117600000
06381788;1020722400000
06389632;1021932000000
06389626;1021932000000
06389625;1021932000000
06397420;1023141600000
06401574;1023746400000
06405617;1024351200000
06405395;1024351200000
06405396;1024351200000
06409152;1024956000000
06408522;1024956000000
06412130;1025560800000
06415874;1026165600000
06415468;1026165600000
06421860;1027375200000
06421861;1027375200000
06425155;1027980000000
06427275;1028584800000
06427274;1028584800000
06430768;1029189600000
06430767;1029189600000
06434842;1029794400000
06439630;1030399200000
06442781;1031004000000
06449789;1032213600000
06450071;1032213600000
06454427;1032818400000
06454430;1032818400000
06454335;1032818400000
06453564;1032818400000
06460433;1034028000000
06460210;1034028000000
06467114;1035237600000
06470972;1035846000000
06470522;1035846000000
06470521;1035846000000
06473925;1036450800000
06481034;1037660400000
06485074;1038265200000
06484341;1038265200000
06487941;1038870000000
06487740;1038870000000
06491483;1039474800000
06493892;1040079600000
06493893;1040079600000
06497526;1040684400000
06499168;1041289200000
06502483;1041894000000
06505869;1042498800000
06505399;1042498800000
06508098;1043103600000
06507970;1043103600000
06510767;1043708400000
06520054;1045522800000
06519799;1045522800000
06523203;1046127600000
06523264;1046127600000
06530099;1047337200000
06530098;1047337200000
06533043;1047942000000
06532614;1047942000000
06536103;1048546800000
06543824;1049752800000
06544030;1049752800000
06547098;1050357600000
06550142;1050962400000
06550786;1050962400000
06551037;1050962400000
06553592;1051567200000
06554163;1051567200000
06557730;1052172000000
06560805;1052776800000
06564678;1053381600000
06568016;1053986400000
06568087;1053986400000
06571414;1054591200000
06574816;1055196000000
06574817;1055196000000
06578223;1055800800000
06578222;1055800800000
06578221;1055800800000
06587184;1057010400000
06587739;1057010400000
06585629;1057010400000
06588039;1057615200000
06588040;1057615200000
06592236;1058220000000
06594906;1058824800000
06597638;1058824800000
06598298;1059429600000
06598297;1059429600000
06601254;1060034400000
06601481;1060034400000
06602143;1060034400000
06609262;1061848800000
06609263;1061848800000
06612147;1062453600000
06615480;1063058400000
06618886;1063663200000
06618885;1063663200000
06619013;1063663200000
06619158;1063663200000
06619225;1063663200000
06622329;1064268000000
06622327;1064268000000
06622328;1064268000000
06622330;1064268000000
06622595;1064268000000
06625832;1064872800000
06629327;1065477600000
06634047;1066687200000
06637061;1067295600000
06637060;1067295600000
06640370;1067900400000
06640369;1067900400000
06640675;1067900400000
06643877;1068505200000
06644639;1068505200000
06651967;1069714800000
06662521;1071529200000
06662692;1071529200000
06662688;1071529200000
06666115;1072134000000
06671913;1073343600000
06671944;1073343600000
06675419;1073948400000
06675420;1073948400000
06679142;1074553200000
06679138;1074553200000
06678909;1074553200000
06681663;1075158000000
06682112;1075158000000
06682084;1075158000000
06684439;1075762800000
06688611;1076367600000
06691357;1076972400000
06691403;1076972400000
06694558;1077577200000
06694717;1077577200000
06698048;1078182000000
06698049;1078182000000
06698104;1078182000000
06698526;1078182000000
06701560;1078786800000
06701635;1078786800000
06701636;1078786800000
06704973;1079391600000
06705018;1079391600000
06705014;1079391600000
06705002;1079391600000
06705183;1079391600000
06705654;1079391600000
06708360;1079996400000
06708359;1079996400000
06708749;1079996400000
06711772;1080597600000
06715333;1081202400000
06715734;1081202400000
06718585;1081807200000
06718586;1081807200000
06721984;1082412000000
06721983;1082412000000
06725486;1083016800000
06725544;1083016800000
06725545;1083016800000
06725546;1083016800000
06725748;1083016800000
06729028;1083621600000
06732393;1084226400000
06732392;1084226400000
06732441;1084226400000
06739010;1085436000000
06739215;1085436000000
06739224;1085436000000
06742264;1086040800000
06742416;1086040800000
06748617;1087250400000
06749318;1087250400000
06751819;1087855200000
06751820;1087855200000
06760941;1089669600000
06763542;1090274400000
06763543;1090274400000
06763872;1090274400000
06764301;1090274400000
06766933;1090879200000
06769147;1091484000000
06769331;1091484000000
06775869;1092693600000
06779213;1093298400000
06779212;1093298400000
06779425;1093298400000
06782576;1093903200000
06783042;1093903200000
06792635;1095717600000
06792634;1095717600000
06792831;1095717600000
06802094;1097532000000
06804887;1098136800000
06807699;1098741600000
06807728;1098741600000
06808182;1098741600000
06813976;1099954800000
06816064;1099954800000
06817590;1100559600000
06820326;1101164400000
06823553;1101769200000
06823592;1101769200000
06826831;1102374000000
06829800;1102978800000
06832402;1103583600000
06834571;1104188400000
06836920;1104793200000
06845535;1106607600000
06846123;1106607600000
06848139;1107212400000
06851147;1107817200000
06857154;1109026800000
06860178;1109631600000
06862765;1110236400000
06862766;1110236400000
06862764;1110236400000
06865760;1110841200000
06865761;1110841200000
06868571;1111446000000
06868570;1111446000000
06868572;1111446000000
06874189;1112652000000
06874188;1112652000000
06874187;1112652000000
06874186;1112652000000
06874791;1112652000000
06877179;1113256800000
06880435;1113861600000
06883697;1114466400000
06886432;1115071200000
06892456;1116280800000
06892575;1116280800000
06893066;1116280800000
06901620;1118095200000
06901621;1118095200000
06901823;1118095200000
06904634;1118700000000
06904635;1118700000000
06912788;1120514400000
06913248;1120514400000
06915540;1121119200000
06916106;1121119200000
06918150;1121724000000
06918320;1121724000000
06922864;1122933600000
06923099;1122933600000
06925717;1123538400000
06928682;1124143200000
06931301;1124143200000
06931733;1124748000000
06934991;1125352800000
06935208;1125352800000
06936069;1125352800000
06941320;1125957600000
06938345;1125957600000
06938292;1125957600000
06941605;1126562400000
06941604;1126562400000
06941672;1126562400000
06944955;1127167200000
06944986;1127167200000
06945137;1127167200000
06948208;1127772000000
06948409;1127772000000
06951040;1128376800000
06952853;1128981600000
06954958;1129586400000
06957491;1130191200000
06957466;1130191200000
06959465;1130799600000
06959847;1130799600000
06961973;1131404400000
06964075;1132009200000
06964099;1132009200000
06966100;1132614000000
06966244;1132614000000
06969057;1133218800000
06971178;1133823600000
06976410;1135033200000
06978503;1135638000000
06978504;1135638000000
06981290;1136242800000
06983504;1136847600000
06983505;1136847600000
06983506;1136847600000
06988288;1138057200000
06988561;1138057200000
06990702;1138662000000
06996868;1139871600000
06997088;1139871600000
07000501;1140476400000
07000323;1140476400000
07003833;1141081200000
07004049;1141081200000
07010682;1141686000000
07010520;1141686000000
07010266;1141686000000
07010822;1142290800000
07010880;1142290800000
07013516;1142895600000
07013594;1142895600000
07017234;1143496800000
07020923;1144101600000
07020922;1144101600000
07024715;1144706400000
07028135;1144706400000
07028874;1145311200000
07028591;1145311200000
07028360;1145311200000
07028359;1145311200000
07032266;1145916000000
07033309;1145916000000
07036174;1146520800000
07036262;1146520800000
07036952;1146520800000
07039974;1147125600000
07039973;1147125600000
07039975;1147125600000
07047847;1148335200000
07051390;1148940000000
07051392;1148940000000
07051391;1148940000000
07051627;1148940000000
07052450;1148940000000
07055200;1149544800000
07062809;1150754400000
07063168;1150754400000
07065819;1151359200000
D0523713;1151359200000
07070006;1151964000000
07073918;1152568800000
07076862;1153173600000
07077540;1153173600000
07080576;1153778400000
07080423;1153778400000
07082636;1154383200000
07086109;1154988000000
07089619;1155592800000
07089668;1155592800000
07100230;1157407200000
07100288;1157407200000
07103934;1158012000000
07104164;1158012000000
07108021;1158616800000
07110715;1158616800000
07111533;1159221600000
07111402;1159221600000
07111349;1159221600000
07114208;1159826400000
07114417;1159826400000
07114233;1159826400000
07114279;1159826400000
07114825;1159826400000
07121049;1161036000000
07124459;1161640800000
07124458;1161640800000
07125145;1161640800000
07126484;1161640800000
07127922;1162249200000
07127766;1162249200000
07131675;1162854000000
07137805;1164063600000
07140280;1164668400000
07140279;1164668400000
07143922;1165273200000
07143459;1165273200000
07146667;1165878000000
07146668;1165878000000
07150210;1166482800000
07152309;1167087600000
07152511;1167087600000
07156434;1167692400000
07156839;1167692400000
07159319;1168297200000
07159260;1168297200000
07162827;1168902000000
07162758;1168902000000
07168339;1170111600000
07171831;1170716400000
07171712;1170716400000
07171713;1170716400000
D0536214;1170716400000
07174640;1171321200000
07174667;1171321200000
07174590;1171321200000
07181995;1172530800000
07181798;1172530800000
07182001;1172530800000
07182002;1172530800000
07185569;1173135600000
07188069;1173135600000
D0537676;1173135600000
07188643;1173740400000
07195041;1174946400000
07200885;1176156000000
07204021;1176760800000
07204022;1176760800000
07207247;1177365600000
07210233;1177970400000
D0542097;1178575200000
D0542088;1178575200000
07213284;1178575200000
07213283;1178575200000
07217001;1179180000000
D0543075;1179784800000
07219382;1179784800000
07225490;1180994400000
07225544;1180994400000
07226181;1180994400000
07229038;1181599200000
07231853;1182204000000
07237340;1183413600000
07237335;1183413600000
07237291;1183413600000
07237292;1183413600000
07237987;1183413600000
07240741;1184018400000
07243388;1184623200000
07243688;1184623200000
D0547126;1185228000000
07249390;1185832800000
07249391;1185832800000
07249543;1185832800000
07252491;1186437600000
D0548531;1187042400000
07254935;1187042400000
07254854;1187042400000
07254855;1187042400000
07254856;1187042400000
07257904;1187647200000
07263775;1188856800000
07266854;1189461600000
07269869;1190066400000
07269868;1190066400000
07269867;1190066400000
D0551506;1190671200000
07275274;1191276000000
D0551911;1191276000000
07281456;1192485600000
07284557;1193090400000
07287925;1193698800000
07287329;1193698800000
07290694;1194303600000
07290463;1194303600000
07293312;1194908400000
07296316;1195513200000
07296354;1195513200000
07296366;1195513200000
07299514;1196118000000
07302753;1196722800000
07305729;1197327600000
07308815;1197932400000
07310841;1198537200000
07311235;1198537200000
07318362;1200351600000
07318367;1200351600000
07326228;1202166000000
07325312;1202166000000
07334970;1203980400000
07334502;1203980400000
07337162;1203980400000
07337486;1204585200000
07341596;1205190000000
07343838;1205794800000
07347128;1206399600000
07350313;1207000800000
07350440;1207000800000
07353736;1207605600000
07354230;1207605600000
07360267;1208815200000
07363669;1209420000000
07367757;1210024800000
07367545;1210024800000
07370381;1210629600000
07373681;1211234400000
07373682;1211234400000
07374377;1211234400000
07392260;1214258400000
07395740;1215468000000
07401415;1216677600000
07404563;1217282400000
07406896;1217887200000
07409736;1218492000000
07409766;1218492000000
07409894;1218492000000
07409817;1218492000000
07415744;1219701600000
07415745;1219701600000
07415913;1219701600000
07416359;1219701600000
07419339;1220306400000
07418892;1220306400000
07421787;1220911200000
07421751;1220911200000
07424838;1221516000000
07430849;1223330400000
07434316;1223935200000
07434318;1223935200000
07437822;1224540000000
07444779;1225753200000
07447118;1225753200000
07448301;1226358000000
07458124;1228172400000
07458298;1228172400000
07461426;1228777200000
07468674;1229986800000
07472576;1231196400000
07480964;1233010800000
07481019;1233010800000
07481137;1233010800000
07481134;1233010800000
07487565;1234220400000
07494239;1235430000000
07497015;1236034800000
07530129;1242079200000
07530131;1242079200000
07530130;1242079200000
07530296;1242079200000
07533469;1242684000000
07533430;1242684000000
07540051;1243893600000
07549228;1245708000000
07565711;1248732000000
07568408;1249336800000
07568250;1249336800000
07571505;1249941600000
07587777;1252965600000
07587778;1252965600000
07588523;1252965600000
07591037;1253570400000
07596870;1254780000000
D0601385;1254780000000
07607849;1256598000000
07607231;1256598000000
07607237;1256598000000
07614321;1257807600000
07617608;1258412400000
07621011;1259017200000
07621040;1259017200000
07634956;1261436400000
07634830;1261436400000
07637049;1262041200000
07640772;1262646000000
07644644;1263250800000
07651303;1264460400000
07654177;1265065200000
07658130;1265670000000
07661167;1266274800000
07665389;1266879600000
07673357;1268089200000
07676982;1268694000000
07676930;1268694000000
07676873;1268694000000
07686752;1269900000000
07694422;1271109600000
07698970;1271714400000
07698767;1271714400000
07703161;1272319200000
07712506;1273528800000
07712399;1273528800000
07716798;1274133600000
07716768;1274133600000
07721630;1274738400000
07721448;1274738400000
07725969;1275343200000
07726711;1275343200000
07726713;1275343200000
07730632;1275948000000
07735172;1276552800000
07739799;1277157600000
07743690;1277762400000
07748293;1278367200000
07770496;1281391200000
07770249;1281391200000
07774882;1281996000000
07774941;1281996000000
07779730;1282600800000
07779497;1282600800000
07810415;1286834400000
07814815;1287439200000
07818843;1288044000000
07823235;1288652400000
07827638;1289257200000
07828182;1289257200000
07836534;1290466800000
07845254;1291676400000
07856751;1293490800000
