03860409;158886000000
03861897;159490800000
03862346;159490800000
03865568;161305200000
03867124;161910000000
03868243;162514800000
03869272;163119600000
03871859;164329200000
03872002;164329200000
03873487;164934000000
03873728;164934000000
03873733;164934000000
03873734;164934000000
03873296;164934000000
03875074;165538800000
03876411;166143600000
03878303;166748400000
03878304;166748400000
03877920;166748400000
03880641;167958000000
03880646;167958000000
03883341;169167600000
03884479;169772400000
03885946;170377200000
03886125;170377200000
03887580;170982000000
03888653;171586800000
03888652;171586800000
03890129;172191600000
03891571;172796400000
03892552;173401200000
03892553;173401200000
03894355;174610800000
03895916;175215600000
03897236;175820400000
03897237;175820400000
03897215;175820400000
03898070;176425200000
03898132;176425200000
03899850;177634800000
03900378;177634800000
03900421;177634800000
03901976;178239600000
03901677;178239600000
03900963;178239600000
03902886;178844400000
03903119;178844400000
03903074;178844400000
03903333;178844400000
03905796;180054000000
03907538;180658800000
03909228;181263600000
03909229;181263600000
03912490;182473200000
03912491;182473200000
03911808;182473200000
03912802;182473200000
03914438;183078000000
03916456;184287600000
03917475;184287600000
03918952;184892400000
03921228;186102000000
03922157;186102000000
03923489;186706800000
03925053;187311600000
03926841;187916400000
03926610;187916400000
03926608;187916400000
03926609;187916400000
03928016;188521200000
03928015;188521200000
03929586;189126000000
03929446;189126000000
03930028;189126000000
03931147;189730800000
03930833;189730800000
03930832;189730800000
03932166;190335600000
03934041;190940400000
03933458;190940400000
03933459;190940400000
03933577;190940400000
03934999;191545200000
03936292;192150000000
03936392;192150000000
03938982;193359600000
03939255;193359600000
03940257;193964400000
03940883;194569200000
03940884;194569200000
03941578;194569200000
03942969;195174000000
03942970;195174000000
03943063;195174000000
03944408;195778800000
03947261;196984800000
03947262;196984800000
03949058;197589600000
03950495;198194400000
03950159;198194400000
03950562;198194400000
03951638;198799200000
03951639;198799200000
03953573;199404000000
03953191;199404000000
03953192;199404000000
03954942;200008800000
03954436;200008800000
03954263;200008800000
03956464;200613600000
03956115;200613600000
03956119;200613600000
03959135;201823200000
03959127;201823200000
03958973;201823200000
03958972;201823200000
03960718;202428000000
03960536;202428000000
03960537;202428000000
03962329;203032800000
03961932;203032800000
03963471;203637600000
03963470;203637600000
03963472;203637600000
03963118;203637600000
03964893;204242400000
03966708;204847200000
03966641;204847200000
03966450;204847200000
03967948;205452000000
03969370;206056800000
03970625;206661600000
03970691;206661600000
03971720;207266400000
03973032;207871200000
03973355;208476000000
03974262;208476000000
03974263;208476000000
03975270;209080800000
03975178;209080800000
03976752;209685600000
03976467;209685600000
03976465;209685600000
03976466;209685600000
03977992;210290400000
03978195;210290400000
03979198;210895200000
03979199;210895200000
03980140;211500000000
03980462;211500000000
03981713;212104800000
03981712;212104800000
03981100;212104800000
03982036;212104800000
03982920;212713200000
03983255;212713200000
03984226;213318000000
03984225;213318000000
03985523;213922800000
03985536;213922800000
03985537;213922800000
03985538;213922800000
03985840;213922800000
03986859;214527600000
03988141;215132400000
03988140;215132400000
03989498;215737200000
03989499;215737200000
03989500;215737200000
03990180;216342000000
03991225;216342000000
03992184;216946800000
03993466;217551600000
03993831;217551600000
03994437;218156400000
03996038;218761200000
03997320;219366000000
03997319;219366000000
04001377;221180400000
04001378;221180400000
04002455;221785200000
04002456;221785200000
04002457;221785200000
04002458;221785200000
04004368;222994800000
04004369;222994800000
04006004;223599600000
04006005;223599600000
04006006;223599600000
04007029;224204400000
04007030;224204400000
04008065;224809200000
04008064;224809200000
04008315;224809200000
04008314;224809200000
04009245;225414000000
04010098;226018800000
04011301;226623600000
04011300;226623600000
04011061;226623600000
04010897;226623600000
04012220;227228400000
04012219;227228400000
04013446;227833200000
04013443;227833200000
04013442;227833200000
04013440;227833200000
04014675;228438000000
04014541;228438000000
04015970;229039200000
04015971;229039200000
04015972;229039200000
04015973;229039200000
04016084;229039200000
04017591;229644000000
04017588;229644000000
04017589;229644000000
04018591;230248800000
04019890;230853600000
04019889;230853600000
04020182;230853600000
04021220;231458400000
04023308;232668000000
04023955;232668000000
04023954;232668000000
04025330;233272800000
04025329;233272800000
04026673;233877600000
04026696;233877600000
04026695;233877600000
04026694;233877600000
04028088;234482400000
04028087;234482400000
04029696;235087200000
04032318;236296800000
04032319;236296800000
04033747;236901600000
04033746;236901600000
04033745;236901600000
04034120;236901600000
04035173;237506400000
04034507;237506400000
04034508;237506400000
04035951;238111200000
04036627;238111200000
04036788;238111200000
04036752;238111200000
04038064;238716000000
04038181;238716000000
04038180;238716000000
04039614;239320800000
04040953;239925600000
04040810;239925600000
04041133;239925600000
04042366;240530400000
04043789;241135200000
04043788;241135200000
04045205;241740000000
04045204;241740000000
04046689;242344800000
04046551;242344800000
04047922;242949600000
04047921;242949600000
04048285;242949600000
04050917;244162800000
04052190;244767600000
04052167;244767600000
04053394;245372400000
04053296;245372400000
04055974;247186800000
04056381;247186800000
04056380;247186800000
04057401;247791600000
04057392;247791600000
04058389;248396400000
04058124;248396400000
04060390;249606000000
04062890;250815600000
04062770;250815600000
04062672;250815600000
04063920;251420400000
04063919;251420400000
04065287;252025200000
04066432;252630000000
04066431;252630000000
04067717;253234800000
04067716;253234800000
04067715;253234800000
04067714;253234800000
04067713;253234800000
04067712;253234800000
04069033;253839600000
04069034;253839600000
04069029;253839600000
04069249;253839600000
04070175;254444400000
04070441;254444400000
04071304;255049200000
04071347;255049200000
04072494;255654000000
04071973;255654000000
04073633;256258800000
04073634;256258800000
04073635;256258800000
04074997;256863600000
04076515;257468400000
04077997;258073200000
04077793;258073200000
04077794;258073200000
04078094;258073200000
04078912;258678000000
04079837;259282800000
04081264;259887600000
04081266;259887600000
04081265;259887600000
04081366;259887600000
04082533;260488800000
04082532;260488800000
04083712;261093600000
04084938;261698400000
04086331;262303200000
04087376;262908000000
04088473;263512800000
04089669;264117600000
04089670;264117600000
04089802;264117600000
04089800;264117600000
04089899;264117600000
04093440;265932000000
04094097;266536800000
04094740;266536800000
04098814;268351200000
04098006;268351200000
04099345;268956000000
04099336;268956000000
04100023;268956000000
04100103;268956000000
04101637;269560800000
04101636;269560800000
04102667;270165600000
04102806;270165600000
04104048;270770400000
04104362;270770400000
04105748;271375200000
04105430;271375200000
04105412;271375200000
04106922;271980000000
04106926;271980000000
04108625;272584800000
04108609;272584800000
04110422;273189600000
04111684;273794400000
04111678;273794400000
04112118;273794400000
04113616;274399200000
04113462;274399200000
04113842;274399200000
04114316;275004000000
04115098;275004000000
04115313;275004000000
04116663;275608800000
04116664;275608800000
04117175;275608800000
04119565;276822000000
04119538;276822000000
04119429;276822000000
04119579;276822000000
04120685;277426800000
04121349;278031600000
04123570;278636400000
04123248;278636400000
04124368;279241200000
04125395;279846000000
04125394;279846000000
04125393;279846000000
04125392;279846000000
04125465;279846000000
04126439;280450800000
04126438;280450800000
04127400;281055600000
04127964;281660400000
04127965;281660400000
04128946;282265200000
04130474;282870000000
04131648;283474800000
04130964;283474800000
04132540;284079600000
04133668;284684400000
04133669;284684400000
04133670;284684400000
04133671;284684400000
04134750;285289200000
04134749;285289200000
04135907;285894000000
04135908;285894000000
04136252;285894000000
04136486;286498800000
04137158;286498800000
04137062;286498800000
04137063;286498800000
04138344;287103600000
04139640;287708400000
04140516;288313200000
04141715;288918000000
04141714;288918000000
04142885;289522800000
04145208;290732400000
04145207;290732400000
04145206;290732400000
04146381;291337200000
04146382;291337200000
04146383;291337200000
04148623;292543200000
04149870;293148000000
04149869;293148000000
04150965;293752800000
04152402;294357600000
04152398;294357600000
04152323;294357600000
04153441;294962400000
04154174;295567200000
04154593;295567200000
04155739;296172000000
04155738;296172000000
04155737;296172000000
04155742;296172000000
04155741;296172000000
04155740;296172000000
04157983;297986400000
04157911;297986400000
04158558;298591200000
04160846;300405600000
04160657;300405600000
04160656;300405600000
04161397;301010400000
04161083;301010400000
04161825;301615200000
04162153;301615200000
04163674;302824800000
04163657;302824800000
04164550;303429600000
04164405;303429600000
04164413;303429600000
04166840;305244000000
04166839;305244000000
04167406;305848800000
04167405;305848800000
04167641;305848800000
04168150;306453600000
04169048;307058400000
04169069;307058400000
04168962;307058400000
04169902;307666800000
04169878;307666800000
04170515;308271600000
04170842;308876400000
04173582;310690800000
04174376;311295600000
04174379;311295600000
04174371;311295600000
04174957;311900400000
04175943;312505200000
04175944;312505200000
04177052;313110000000
04177053;313110000000
04178716;314319600000
04180064;314924400000
04180459;314924400000
04180392;314924400000
04181516;315529200000
04182620;316134000000
04183783;316738800000
04183738;316738800000
04184269;317343600000
04185987;317948400000
04185988;317948400000
04185680;317948400000
04187194;318553200000
04190622;320367600000
04190528;320367600000
04190428;320367600000
04190427;320367600000
04191549;320972400000
04191550;320972400000
04191734;320972400000
04192853;321577200000
04192848;321577200000
04193206;322182000000
04193786;322182000000
04196477;323992800000
04198211;324597600000
04198782;325202400000
04201564;326412000000
04201128;326412000000
04202683;327016800000
04203864;327621600000
04203755;327621600000
04204364;328226400000
04204842;328226400000
04204959;328226400000
04205049;328226400000
04210438;331250400000
04210437;331250400000
04211545;331855200000
04211546;331855200000
04213273;333064800000
04214888;333669600000
04214887;333669600000
04214985;333669600000
04214996;333669600000
04216144;334274400000
04216143;334274400000
04215513;334274400000
04217114;334879200000
04217128;334879200000
04217127;334879200000
04217333;334879200000
04217417;334879200000
04218234;335484000000
04218233;335484000000
04219349;336088800000
04219348;336088800000
04219347;336088800000
04219589;336088800000
04220463;336693600000
04221571;337298400000
04224048;338508000000
04226609;339721200000
04226712;339721200000
04226832;339721200000
04226833;339721200000
04229202;340930800000
04229442;340930800000
04229544;340930800000
04230676;341535600000
04230478;341535600000
04230479;341535600000
04231780;342140400000
04233266;342745200000
04234332;343350000000
04236910;344559600000
04236911;344559600000
04237106;344559600000
04238072;345164400000
04239522;345769200000
04239523;345769200000
04240817;346374000000
04240818;346374000000
04242809;347583600000
04244727;348188400000
04244836;348188400000
04246248;348793200000
04246030;348793200000
04246018;348793200000
04246019;348793200000
04247321;349398000000
04248843;350002800000
04248601;350002800000
04248617;350002800000
04249930;350607600000
04249929;350607600000
04251255;351212400000
04251386;351212400000
04252831;351817200000
04252901;351817200000
04252919;351817200000
04252553;351817200000
04254515;353026800000
04255389;353026800000
04256479;353631600000
04256691;353631600000
04257898;354236400000
04259147;354837600000
04259102;354837600000
04259235;354837600000
04259361;354837600000
04261725;356047200000
04264352;357256800000
04264448;357256800000
04265406;357861600000
04265653;357861600000
04268490;359071200000
04269729;359676000000
04271134;360280800000
04273570;361490400000
04273672;361490400000
04272489;361490400000
04274860;362095200000
04274838;362095200000
04276077;362700000000
04277253;363304800000
04277364;363304800000
04277459;363304800000
04279635;364514400000
04280833;365119200000
04280830;365119200000
04282208;365724000000
04282207;365724000000
04283219;366328800000
04283387;366328800000
04283423;366328800000
04284425;366933600000
04285720;367538400000
04285719;367538400000
04286982;368143200000
04288241;368748000000
04292067;370566000000
04292334;370566000000
04293523;371170800000
04294604;371775600000
04295972;372380400000
04295762;372380400000
04297130;372985200000
04297123;372985200000
04297122;372985200000
04297216;372985200000
04298512;373590000000
04299598;374194800000
04299613;374194800000
04300940;374799600000
04300939;374799600000
04302546;375404400000
04301620;375404400000
04302237;375404400000
04302236;375404400000
04303438;376009200000
04304588;376614000000
04304589;376614000000
04305748;377218800000
04306059;377218800000
04306978;377823600000
04308049;378428400000
04308047;378428400000
04308048;378428400000
04309206;379033200000
04309205;379033200000
04310343;379638000000
04310344;379638000000
04310552;379638000000
04311510;380242800000
04311511;380242800000
04313753;381452400000
04313752;381452400000
04313234;381452400000
04313847;381452400000
04314829;382057200000
04315763;382662000000
04315762;382662000000
04315761;382662000000
04316736;383266800000
04317672;383871600000
04317671;383871600000
04317670;383871600000
04318729;384476400000
04318732;384476400000
04319910;385081200000
04321078;385686000000
04321077;385686000000
04321076;385686000000
04321079;385686000000
04321142;385686000000
04322361;386287200000
04323386;386892000000
04324577;387496800000
04326875;388706400000
04326874;388706400000
04328025;389311200000
04328024;389311200000
04329491;389916000000
04330319;390520800000
04331465;391125600000
04331538;391125600000
04332610;391730400000
04332609;391730400000
04333757;392335200000
04334885;392940000000
04334905;392940000000
04334906;392940000000
04334907;392940000000
04334908;392940000000
04336052;393544800000
04336051;393544800000
04336053;393544800000
04337077;394149600000
04337078;394149600000
04337079;394149600000
04337594;394754400000
04339265;395359200000
04340414;395964000000
04341739;396568800000
04342737;397173600000
04342830;397173600000
04342650;397173600000
04343646;397778400000
04343907;397778400000
04344847;398383200000
04344857;398383200000
04345099;398383200000
04345032;398383200000
04346002;398988000000
04345931;398988000000
04348218;400197600000
04348424;400197600000
04347632;400197600000
04350675;401407200000
04350598;401407200000
04351735;402015600000
04352688;402620400000
04352888;402620400000
04353709;403225200000
04353729;403225200000
04353730;403225200000
04354943;403830000000
04354944;403830000000
04356021;404434800000
04356020;404434800000
04356109;404434800000
04356269;404434800000
04358540;405644400000
04363650;408668400000
04365988;409878000000
04367609;411087600000
04369055;411692400000
04369054;411692400000
04369194;411692400000
04370159;412297200000
04372872;413506800000
04372929;413506800000
04374039;414111600000
04374199;414111600000
04374804;414716400000
04375980;415926000000
04377406;417135600000
04377599;417135600000
04378238;417736800000
04380886;420156000000
04382813;421365600000
04383846;421970400000
04383847;421970400000
04383845;421970400000
04384877;422575200000
04384878;422575200000
04384975;422575200000
04385920;423180000000
04385500;423180000000
04388101;424389600000
04388303;424389600000
04391623;426204000000
04393032;426808800000
04393030;426808800000
04393166;426808800000
04392881;426808800000
04394213;427413600000
04394149;427413600000
04394150;427413600000
04395273;428018400000
04395488;428018400000
04396412;428623200000
04397674;429228000000
04397675;429228000000
04398936;429832800000
04399633;430437600000
04400195;430437600000
04402852;431647200000
04402725;431647200000
04402756;431647200000
04404116;432252000000
04404146;432252000000
04404013;432252000000
04405361;432856800000
04405354;432856800000
04405575;432856800000
04408998;434674800000
04409016;434674800000
04409015;434674800000
04410349;435279600000
04410348;435279600000
04410350;435279600000
04411933;435884400000
04411682;435884400000
04411683;435884400000
04413843;437094000000
04414335;437094000000
04417916;438908400000
04420468;440118000000
04420319;440118000000
04420321;440118000000
04420320;440118000000
04421543;440722800000
04421544;440722800000
04421545;440722800000
04422855;441327600000
04423015;441327600000
04424072;441932400000
04425150;442537200000
04425149;442537200000
04426396;443142000000
04427434;443746800000
04427432;443746800000
04427433;443746800000
04429043;444351600000
04428983;444351600000
04430241;444956400000
04434231;446770800000
04435201;447375600000
04436817;447980400000
04436545;447980400000
04436546;447980400000
04437997;448585200000
04439488;449186400000
04439342;449186400000
04439344;449186400000
04439223;449186400000
04440560;449791200000
04442215;450396000000
04442081;450396000000
04443625;451000800000
04443242;451000800000
04443969;451605600000
04445926;452210400000
04445925;452210400000
04447253;452815200000
04447541;452815200000
04450001;454024800000
04449900;454024800000
04451372;454629600000
04451277;454629600000
04452008;455234400000
04454259;455839200000
04455161;456444000000
04456463;457048800000
04457773;457653600000
04457945;457653600000
04459149;458258400000
04461638;459468000000
04462972;460072800000
04462819;460072800000
04468463;462492000000
04469502;463096800000
04469503;463096800000
04469504;463096800000
04470839;463701600000
04472186;464306400000
04473390;464911200000
04474595;465519600000
04474925;465519600000
04475939;466124400000
04475940;466124400000
04478633;467334000000
04478632;467334000000
04479923;467938800000
04482372;469148400000
04482371;469148400000
04483704;469753200000
04486217;470962800000
04486216;470962800000
04486396;470962800000
04487624;471567600000
04491464;473382000000
04493820;474591600000
04493725;474591600000
04495290;475196400000
04494975;475196400000
04494976;475196400000
04496526;475801200000
04500502;477615600000
04500339;477615600000
04500335;477615600000
04500336;477615600000
04500337;477615600000
04500338;477615600000
04499614;477615600000
04501773;478220400000
04501604;478220400000
04503154;478825200000
04505732;480034800000
04505733;480034800000
04506831;480639600000
04507207;480639600000
04507142;480639600000
04507139;480639600000
04508558;481240800000
04511388;482450400000
04511389;482450400000
04512793;483055200000
04512794;483055200000
04512103;483055200000
04515615;484264800000
04517002;484869600000
04517004;484869600000
04517003;484869600000
04517006;484869600000
04517005;484869600000
04517008;484869600000
04517007;484869600000
04518413;485474400000
04519831;486079200000
04521517;486684000000
04521239;486684000000
04522638;487288800000
04522642;487288800000
04523941;487893600000
04523940;487893600000
04525198;488498400000
04525197;488498400000
04526606;489103200000
04526607;489103200000
04528019;489708000000
04528021;489708000000
04528020;489708000000
04529434;490312800000
04530713;490917600000
04530714;490917600000
04531962;491522400000
04534781;492732000000
04534782;492732000000
04534783;492732000000
04536412;493336800000
04536376;493336800000
04536378;493336800000
04536206;493336800000
04537615;493941600000
04537614;493941600000
04537613;493941600000
04539038;494546400000
04539036;494546400000
04539037;494546400000
04540667;495151200000
04540427;495151200000
04540428;495151200000
04540467;495151200000
04541999;495756000000
04541857;495756000000
04545803;497574000000
04545802;497574000000
04547213;498178800000
04547263;498178800000
04549897;499388400000
04550173;499388400000
04551305;499993200000
04551243;499993200000
04551167;499993200000
04551166;499993200000
04551165;499993200000
04551164;499993200000
04552666;500598000000
04552581;500598000000
04552726;500598000000
04554002;501202800000
04554003;501202800000
04554004;501202800000
04554005;501202800000
04553351;501202800000
04556536;502412400000
04557749;503017200000
04557748;503017200000
04559073;503622000000
04559076;503622000000
04559074;503622000000
04559075;503622000000
04560400;504226800000
04560588;504226800000
04563212;505436400000
04563208;505436400000
04563207;505436400000
04565552;506646000000
04565564;506646000000
04565563;506646000000
04566896;507250800000
04568373;507855600000
04568374;507855600000
04569859;508460400000
04571256;509065200000
04571254;509065200000
04572733;509670000000
04575391;510879600000
04576625;511484400000
04576627;511484400000
04576626;511484400000
04578105;512089200000
04579579;512690400000
04579578;512690400000
04579580;512690400000
04581057;513295200000
04581056;513295200000
04581846;513900000000
04582524;513900000000
04584179;514504800000
04585167;515109600000
04586659;515714400000
04588431;516319200000
04589226;516924000000
04589225;516924000000
04589906;516924000000
04589904;516924000000
04589903;516924000000
04591375;517528800000
04592771;518133600000
04594090;518738400000
04596593;519948000000
04599102;521157600000
04600558;521762400000
04601908;522367200000
04601891;522367200000
04602927;522972000000
04602928;522972000000
04604125;523576800000
04604126;523576800000
04605550;524181600000
04605430;524181600000
04608126;525391200000
04610715;526600800000
04610714;526600800000
04617048;529628400000
04617047;529628400000
04619684;530838000000
04619843;530838000000
04623528;532652400000
04624695;533257200000
04626270;533862000000
04632692;536281200000
04633535;536886000000
04634463;536886000000
04634533;536886000000
04636242;537490800000
04637163;538095600000
04637921;538095600000
04642131;539910000000
04643111;540514800000
04647533;541724400000
04647441;541724400000
04649035;542329200000
04650682;542934000000
04652294;543538800000
04652295;543538800000
04654071;544140000000
04655001;544744800000
04657576;545349600000
04659472;545954400000
04661358;546559200000
04662929;547164000000
04666714;548373600000
04666497;548373600000
04666498;548373600000
04668495;548978400000
04668242;548978400000
04670039;549583200000
04670038;549583200000
04670037;549583200000
04670225;549583200000
04670288;549583200000
04673429;550792800000
04676821;552002400000
04676822;552002400000
04678649;552607200000
04681806;553816800000
04682999;554421600000
04684391;555026400000
04683814;555026400000
04686115;555631200000
04687645;556236000000
04687651;556236000000
04687505;556236000000
04689067;556840800000
04690834;557445600000
04694105;558655200000
04696693;559868400000
04698090;560473200000
04698173;560473200000
04699644;561078000000
04701353;561682800000
04701204;561682800000
04707347;564102000000
04707176;564102000000
04710219;565311600000
04710364;565311600000
04710300;565311600000
04711656;565916400000
04711659;565916400000
04713108;566521200000
04714490;567126000000
04716027;567730800000
04720461;569545200000
04720460;569545200000
04721585;570150000000
04721519;570150000000
04723992;571359600000
04735015;576194400000
04740233;578008800000
04741122;578613600000
04741956;578613600000
04742032;578613600000
04743448;579218400000
04743289;579218400000
04743288;579218400000
04743287;579218400000
04744965;579823200000
04746513;580428000000
04746349;580428000000
04749402;581637600000
04751081;582242400000
04752317;582847200000
04752316;582847200000
04755397;584056800000
04755468;584056800000
04755205;584056800000
04755206;584056800000
04756738;584661600000
04758261;585266400000
04758344;585266400000
04762545;587080800000
04762546;587080800000
04764199;587685600000
04764200;587685600000
04765822;588290400000
04765911;588290400000
04767440;588895200000
04769149;589500000000
04772308;590709600000
04772307;590709600000
04772490;590709600000
04774186;591318000000
04776131;592527600000
04776960;592527600000
04776872;592527600000
04776879;592527600000
04778510;593132400000
04777763;593132400000
04781748;594342000000
04781749;594342000000
04781842;594342000000
04786307;596156400000
04786308;596156400000
04787928;596761200000
04788081;596761200000
04789391;597366000000
04789516;597366000000
04792349;598575600000
04792350;598575600000
04793474;599180400000
04793927;599180400000
04793979;599180400000
04795711;599785200000
04797367;600390000000
04797145;600390000000
04798802;600994800000
04801325;602204400000
04801498;602204400000
04803165;602809200000
04804401;603414000000
04804402;603414000000
04804403;603414000000
04803800;603414000000
04806337;604018800000
04808206;604623600000
04810280;605228400000
04812339;605833200000
04812158;605833200000
04812159;605833200000
04813996;606438000000
04816222;607039200000
04818405;607644000000
04818268;607644000000
04818269;607644000000
04828600;610668000000
04828399;610668000000
04831056;611272800000
04832928;611877600000
04832735;611877600000
04832728;611877600000
04834787;612482400000
04834957;612482400000
04836843;613087200000
04837153;613087200000
04838922;613692000000
04839461;613692000000
04839088;613692000000
04842790;614901600000
04844725;615506400000
04845888;616111200000
04846870;616111200000
04846871;616111200000
04846883;616111200000
04846975;616111200000
04847087;616111200000
04848026;616716000000
04849006;616716000000
04849005;616716000000
04851242;617320800000
04851027;617320800000
04851035;617320800000
04853026;617925600000
04857098;619135200000
04861519;620344800000
04863866;620949600000
04865640;621554400000
04866097;621554400000
04867779;622159200000
04867930;622159200000
04869877;622767600000
04872998;623977200000
04872900;623977200000
04872899;623977200000
04874595;624582000000
04874419;624582000000
04874134;624582000000
04875921;625186800000
04876039;625186800000
04877531;625791600000
04879232;626396400000
04878936;626396400000
04880586;627001200000
04880455;627001200000
04880745;627001200000
04881963;627606000000
04883530;628210800000
04885148;628815600000
04885021;628815600000
04886664;629420400000
04888173;630025200000
04892577;631839600000
04895983;633049200000
04900348;634863600000
04902431;635468400000
04906273;636678000000
04909825;637887600000
04911952;638488800000
04912874;639093600000
04913725;639093600000
04919906;640908000000
04919702;640908000000
04921803;641512800000
04923500;642117600000
04925571;642722400000
04925476;642722400000
04927636;643327200000
04927447;643327200000
04927455;643327200000
04932992;645141600000
04932993;645141600000
04932991;645141600000
04935353;645746400000
04936897;646351200000
04936898;646351200000
04937080;646351200000
04939165;646956000000
04943308;648770400000
04943307;648770400000
04944787;649375200000
04945059;649375200000
04948413;650584800000
04950601;651189600000
04952379;651794400000
04952229;651794400000
04952231;651794400000
04952230;651794400000
04954156;652399200000
04954155;652399200000
04954154;652399200000
04954134;652399200000
04956002;653004000000
04957534;653608800000
04960452;654822000000
04961774;655426800000
04961929;655426800000
04962034;655426800000
04962284;655426800000
04962283;655426800000
04964894;656636400000
04968499;657846000000
04969947;658450800000
04969946;658450800000
04970117;658450800000
04971616;659055600000
04975105;660265200000
04975106;660265200000
04975107;660265200000
04975108;660265200000
04976767;660870000000
04979980;662079600000
04981600;662684400000
04983564;663289200000
04985060;663894000000
04984561;663894000000
04988388;665103600000
04988377;665103600000
04990173;665708400000
04994100;666918000000
04995897;667522800000
04997572;668127600000
04997592;668127600000
04997642;668127600000
04997469;668127600000
05001061;669337200000
05001261;669337200000
05000976;669337200000
05002601;669942000000
05006147;671148000000
05005345;671148000000
05008194;671752800000
05007953;671752800000
05009696;672357600000
05009697;672357600000
05009710;672357600000
05013349;673567200000
05017374;674776800000
05019564;675381600000
05019148;675381600000
05019149;675381600000
05021077;675986400000
05021076;675986400000
05023178;676591200000
05022182;676591200000
05022912;676591200000
05022913;676591200000
05024690;677196000000
05024689;677196000000
05026146;677800800000
05026417;677800800000
05026416;677800800000
05028252;678405600000
05030267;679010400000
05030562;679010400000
05032164;679615200000
05034045;680220000000
05035872;680824800000
05037470;681429600000
05039327;682034400000
05039328;682034400000
05041153;682639200000
05041383;682639200000
05043417;683244000000
05043007;683244000000
05043005;683244000000
05045461;683848800000
05047078;684453600000
05049486;685058400000
05049180;685058400000
05052570;686271600000
05055124;686876400000
05057141;687481200000
05061490;688690800000
05068438;691110000000
05069801;691714800000
05071075;692319600000
05071462;692319600000
05076827;694134000000
05078778;694738800000
05078779;694738800000
05078882;694738800000
05082488;695948400000
05082487;695948400000
05082486;695948400000
05082485;695948400000
05082655;695948400000
05085588;697158000000
05085681;697158000000
05089041;698367600000
05089040;698367600000
05093262;699577200000
05094680;700182000000
05096080;700786800000
05096481;700786800000
05096616;700786800000
05098461;701391600000
05099049;701391600000
05100455;701992800000
05102446;702597600000
05102440;702597600000
05102441;702597600000
05104436;703202400000
05104647;703202400000
05106406;703807200000
05106405;703807200000
05106749;703807200000
05106648;703807200000
05108481;704412000000
05112379;705621600000
05114459;706226400000
05114458;706226400000
05114457;706226400000
05114460;706226400000
05116760;706831200000
05116761;706831200000
05118005;707436000000
05118337;707436000000
05118338;707436000000
05118336;707436000000
05118444;707436000000
05120345;708040800000
05120344;708040800000
05123950;709250400000
05123203;709250400000
05125950;709855200000
05125952;709855200000
05125951;709855200000
05126263;709855200000
05127933;710460000000
05127186;710460000000
05127187;710460000000
05129936;711064800000
05129935;711064800000
05129993;711064800000
05133797;712274400000
05135664;712879200000
05135561;712879200000
05137563;713484000000
05139555;714088800000
05139554;714088800000
05141551;714693600000
05141745;714693600000
05147441;716508000000
05147442;716508000000
05152414;718326000000
05152821;718326000000
05152822;718326000000
05152820;718326000000
05154752;718930800000
05159094;720140400000
05158594;720140400000
05158593;720140400000
05158595;720140400000
05160525;720745200000
05162600;721350000000
05167274;723164400000
05167966;723164400000
05169643;723769200000
05169782;723769200000
05171690;724374000000
05171349;724374000000
05173306;724978800000
05173424;724978800000
05175106;725583600000
05175131;725583600000
05174806;725583600000
05174805;725583600000
05174804;725583600000
05176734;726188400000
05178661;726793200000
05182096;728002800000
05181950;728002800000
05181951;728002800000
05181952;728002800000
05183477;728607600000
05183759;728607600000
05185024;729212400000
05186732;729817200000
05186731;729817200000
05187097;729817200000
05187011;729817200000
05188654;730422000000
05190797;731026800000
05190572;731026800000
05192428;731631600000
05192355;731631600000
05192356;731631600000
05192354;731631600000
05192541;731631600000
05192615;731631600000
05194122;732236400000
05196042;732841200000
05196043;732841200000
05198252;733442400000
05199967;734047200000
05201930;734652000000
05204183;735256800000
05204263;735256800000
05203906;735256800000
05206169;735861600000
05209014;737071200000
05209768;737071200000
05211735;737676000000
05211985;737676000000
05213692;738280800000
05215670;738885600000
05215921;738885600000
05219465;740095200000
05219818;740095200000
05221312;740700000000
05221313;740700000000
05227068;742514400000
05229291;743119200000
05229113;743119200000
05229114;743119200000
05228895;743119200000
05234596;744933600000
05234485;744933600000
05238480;746143200000
05240490;746748000000
05242690;747352800000
05248327;749170800000
05248326;749170800000
05248602;749170800000
05250100;749775600000
05252118;750380400000
05252117;750380400000
05252116;750380400000
05252302;750380400000
05256181;751590000000
05256378;751590000000
05261939;753404400000
05264018;754009200000
05264019;754009200000
05264017;754009200000
05266201;754614000000
05266097;754614000000
05266096;754614000000
05269829;755823600000
05269939;755823600000
05274151;757033200000
05275733;757638000000
05275639;757638000000
05277825;758242800000
05279637;758847600000
05282879;760057200000
05286272;761266800000
05288296;761871600000
05292637;763081200000
05292507;763081200000
05291685;763081200000
05298050;764892000000
05300123;765496800000
05300127;765496800000
05300135;765496800000
05300136;765496800000
05302524;766101600000
05302179;766101600000
05302180;766101600000
05303663;766706400000
05306478;767311200000
05308616;767916000000
05308827;767916000000
05308372;767916000000
05308373;767916000000
05310785;768520800000
05312474;769125600000
05317037;770335200000
05317834;770940000000
05321011;771544800000
05322793;772149600000
05322792;772149600000
05324707;772754400000
05328497;773964000000
05328498;773964000000
05330552;774568800000
05330544;774568800000
05336290;776383200000
05335449;776383200000
05337898;776988000000
05339974;777592800000
05340376;777592800000
05342449;778197600000
05344471;778802400000
05344871;778802400000
05346305;779407200000
05346527;779407200000
05345744;779407200000
05348103;780012000000
05348742;780012000000
05350435;780620400000
05352264;781225200000
05352265;781225200000
05354350;781830000000
05354349;781830000000
05356467;782434800000
05356452;782434800000
05360465;783644400000
05360466;783644400000
05362181;784249200000
05364627;784854000000
05364451;784854000000
05364440;784854000000
05364439;784854000000
05364438;784854000000
05366534;785458800000
05366532;785458800000
05366533;785458800000
05366961;785458800000
05368626;786063600000
05371194;786668400000
05370714;786668400000
05372626;787273200000
05372627;787273200000
05372748;787273200000
05374292;787878000000
05374294;787878000000
05376159;788482800000
05378259;789087600000
05378258;789087600000
05378257;789087600000
05380350;789692400000
05383952;790902000000
05383951;790902000000
05385596;791506800000
05385673;791506800000
05387745;792111600000
05387271;792111600000
05387056;792111600000
05393312;793926000000
05393317;793926000000
05393319;793926000000
05393318;793926000000
05395418;794530800000
05395417;794530800000
05395419;794530800000
05395449;794530800000
05399186;795740400000
05401291;796341600000
05405425;797551200000
05405426;797551200000
05407809;798156000000
05409516;798760800000
05411568;799365600000
05411569;799365600000
05411567;799365600000
05413616;799970400000
05413618;799970400000
05413432;799970400000
05413856;799970400000
05415672;800575200000
05417737;801180000000
05417736;801180000000
05417861;801180000000
05422015;802389600000
05423897;802994400000
05425955;803599200000
05427785;804204000000
05427592;804204000000
05429654;804808800000
05430237;804808800000
05432088;805413600000
05431708;805413600000
05433766;806018400000
05436218;806623200000
05435819;806623200000
05435821;806623200000
05435822;806623200000
05435823;806623200000
05439497;807832800000
05441552;808437600000
05441877;808437600000
05443764;809042400000
05443808;809042400000
05443845;809042400000
05443613;809042400000
05443612;809042400000
05446179;809647200000
05445663;809647200000
05447866;810252000000
05447637;810252000000
05449394;810856800000
05451240;811461600000
05451242;811461600000
05451243;811461600000
05455173;812674800000
05454851;812674800000
05454850;812674800000
05454849;812674800000
05456737;813279600000
05457031;813279600000
05461843;815094000000
05461823;815094000000
05466274;816303600000
05466273;816303600000
05468277;816908400000
05468276;816908400000
05470370;817513200000
05470745;817513200000
05472712;818118000000
05472530;818118000000
05472476;818118000000
05472475;818118000000
05472472;818118000000
05472474;818118000000
05472473;818118000000
05476528;819327600000
05476527;819327600000
05478375;819932400000
05478374;819932400000
05478373;819932400000
05480584;820537200000
05482529;821142000000
05482528;821142000000
05482733;821142000000
05484464;821746800000
05486068;822351600000
05487772;822956400000
05489323;823561200000
05490604;824166000000
05492553;824770800000
05494684;825375600000
05494498;825375600000
05498337;826585200000
05501719;827794800000
05501718;827794800000
05501720;827794800000
05501973;827794800000
05504055;828396000000
05503647;828396000000
05503651;828396000000
05503652;828396000000
05512079;830815200000
05514200;831420000000
05514201;831420000000
05516486;832024800000
05518517;832629600000
05518922;832629600000
05522175;833839200000
05522913;833839200000
05525239;834444000000
05525139;834444000000
05527464;835048800000
05527373;835048800000
05529597;835653600000
05532204;836258400000
05534043;836863200000
05534042;836863200000
05534437;836863200000
05538860;838072800000
05538530;838072800000
05538531;838072800000
05538529;838072800000
05540763;838677600000
05540748;838677600000
05540793;838677600000
05542962;839282400000
05547486;840492000000
05549729;841096800000
05549728;841096800000
05549730;841096800000
05552366;841701600000
05551969;841701600000
05554577;842306400000
05556445;842911200000
05558694;843516000000
05557873;843516000000
05560768;844120800000
05560767;844120800000
05561944;844725600000
05565015;845330400000
05567325;845935200000
05567221;845935200000
05567220;845935200000
05571302;847148400000
05571303;847148400000
05575993;848358000000
05578121;848962800000
05578107;848962800000
05578486;848962800000
05583165;850172400000
05583045;850172400000
05582627;850172400000
05584904;850777200000
05584905;850777200000
05586411;851382000000
05590983;852591600000
05593473;853196400000
05595688;853801200000
05595957;853801200000
05597399;854406000000
05597400;854406000000
05597574;854406000000
05599373;855010800000
05599372;855010800000
05599374;855010800000
05601720;855615600000
05603745;856220400000
05603744;856220400000
05604168;856220400000
05605557;856825200000
05607653;857430000000
05607494;857430000000
05609668;858034800000
05609667;858034800000
05611837;858639600000
05614186;859244400000
05614653;859244400000
05616162;859845600000
05616163;859845600000
05618330;860450400000
05618329;860450400000
05618725;860450400000
05620499;861055200000
05620498;861055200000
05627133;862869600000
05626644;862869600000
05629261;863474400000
05628945;863474400000
05628813;863474400000
05628812;863474400000
05628811;863474400000
05628810;863474400000
05628913;863474400000
05628144;863474400000
05630861;864079200000
05633163;864684000000
05632798;864684000000
05632799;864684000000
05634959;865288800000
05637131;865893600000
05636940;865893600000
05640803;867103200000
05643351;867708000000
05646157;868312800000
05645624;868312800000
05645623;868312800000
05647885;868917600000
05648264;868917600000
05648097;868917600000
05652196;870127200000
05654033;870732000000
05653782;870732000000
05653781;870732000000
05653053;870732000000
05656059;871336800000
05656060;871336800000
05656486;871336800000
05661111;872546400000
05659998;872546400000
05660613;872546400000
05660612;872546400000
05662724;873151200000
05664368;873756000000
05672353;875570400000
05676726;876780000000
05676727;876780000000
05676728;876780000000
05676729;876780000000
05676005;876780000000
05679128;877384800000
05679129;877384800000
05681738;877993200000
05681366;877993200000
05683487;878598000000
05685891;879202800000
05688742;879807600000
05693119;881017200000
05693528;881017200000
05695541;881622000000
05695542;881622000000
05695301;881622000000
05698028;882226800000
05698005;882226800000
05698004;882226800000
05698001;882226800000
05698003;882226800000
05698002;882226800000
05698211;882226800000
05697186;882226800000
05700687;882831600000
05700395;882831600000
05700109;882831600000
05702703;883436400000
05702499;883436400000
05702768;883436400000
05704961;884041200000
05704962;884041200000
05707551;884646000000
05707418;884646000000
05707417;884646000000
05707416;884646000000
05709048;885250800000
05709729;885250800000
05713980;886460400000
05720980;888274800000
05720792;888274800000
05720793;888274800000
05720794;888274800000
05725885;889484400000
05725630;889484400000
05726123;889484400000
05728192;890089200000
05731265;890694000000
05731268;890694000000
05731032;890694000000
05730772;890694000000
05730773;890694000000
05733355;891295200000
05733070;891295200000
05735929;891900000000
05739081;892504800000
05738623;892504800000
05738703;892504800000
05741345;893109600000
05741344;893109600000
05741346;893109600000
05741521;893109600000
05743213;893714400000
05743935;893714400000
05743934;893714400000
05747419;894319200000
05747042;894319200000
05746802;894319200000
05749935;894924000000
05749936;894924000000
05749934;894924000000
05753003;895528800000
05755058;896133600000
05756087;896133600000
05755852;896133600000
05755858;896133600000
05759226;896738400000
05759224;896738400000
05759225;896738400000
05759223;896738400000
05762678;897343200000
05766615;897948000000
05766876;897948000000
05766302;897948000000
05766301;897948000000
05770787;898552800000
05772723;899157600000
05772722;899157600000
05772721;899157600000
05776350;899762400000
05776224;899762400000
05776856;899762400000
05779396;900367200000
05779789;900367200000
05782951;900972000000
05782950;900972000000
05785730;901576800000
05797976;903996000000
05800837;904600800000
05803946;905205600000
05810903;906415200000
05814123;907020000000
05824132;908834400000
05830255;910047600000
05830358;910047600000
05833733;910652400000
05837029;911257200000
05840210;911862000000
05843768;912466800000
05843203;912466800000
05846601;913071600000
05846286;913071600000
05849069;913676400000
05849060;913676400000
05851261;914281200000
05851260;914281200000
05853760;914886000000
05853450;914886000000
05853590;914886000000
05858055;916095600000
05860770;916700400000
05861048;916700400000
05863789;917305200000
05863861;917305200000
05865869;917910000000
05865870;917910000000
05871667;919119600000
05876479;920329200000
05882592;921538800000
05883047;921538800000
05885320;922143600000
05885319;922143600000
05885032;922143600000
05888803;922744800000
05888930;922744800000
05888022;922744800000
05894780;924559200000
05900038;925768800000
05900387;925768800000
05902744;926373600000
05905039;926978400000
05906961;927583200000
05906962;927583200000
05906929;927583200000
05907925;928188000000
05910050;928792800000
05912398;929397600000
05911543;929397600000
05916437;930607200000
05917111;930607200000
05917110;930607200000
05917112;930607200000
05922101;931816800000
05922316;931816800000
05928672;933026400000
05928403;933026400000
05928491;933026400000
05930950;933631200000
05934839;934236000000
05938813;934840800000
05942022;935445600000
05942021;935445600000
05945332;936050400000
05944868;936050400000
05951736;937260000000
05951947;937260000000
05951978;937260000000
05950360;937260000000
05950361;937260000000
05958104;938469600000
05958756;938469600000
05961687;939074400000
05962717;939074400000
05965117;939679200000
05964917;939679200000
05968232;940284000000
05968222;940284000000
05972058;940888800000
05972064;940888800000
05974734;941497200000
05976212;941497200000
05976211;941497200000
05976210;941497200000
05980601;942102000000
05981735;942102000000
05985147;942706800000
05984994;942706800000
05984992;942706800000
05984993;942706800000
05984579;942706800000
05989429;943311600000
05994265;943916400000
05993503;943916400000
05993504;943916400000
05993505;943916400000
05997599;944521200000
05997602;944521200000
05997601;944521200000
05997600;944521200000
05998199;944521200000
05997910;944521200000
06001146;945126000000
06001147;945126000000
06000625;945126000000
06004572;945730800000
06007719;946335600000
06010551;946940400000
06013177;947545200000
06015445;948150000000
06022394;949964400000
06024513;950569200000
06027543;951174000000
06034035;952383600000
06033899;952383600000
06036740;952988400000
06036849;952988400000
06039783;953593200000
06039781;953593200000
06039782;953593200000
06042630;954194400000
06042629;954194400000
06041544;954194400000
06045810;954799200000
06048377;955404000000
06048378;955404000000
06051730;956008800000
06051043;956008800000
06053958;956613600000
06053957;956613600000
06056885;957218400000
06056800;957218400000
06056801;957218400000
06060571;957823200000
06060522;957823200000
06066772;959032800000
06066190;959032800000
06074988;960847200000
06074451;960847200000
06074452;960847200000
06076301;961452000000
06080222;962056800000
06080221;962056800000
06080220;962056800000
06083738;962661600000
06083293;962661600000
06086923;963266400000
06099613;965685600000
06101763;966290400000
06110727;967500000000
06113665;968104800000
06112458;968104800000
06112459;968104800000
06117671;968709600000
06117203;968709600000
06120574;969314400000
06123747;969919200000
06133197;971733600000
06133198;971733600000
06132484;971733600000
06132485;971733600000
06136590;972338400000
06139597;972946800000
06139596;972946800000
06149694;974761200000
06152981;975366000000
06159263;976575600000
06159252;976575600000
06159262;976575600000
06162273;977180400000
06165245;977785200000
06168643;978390000000
06168642;978390000000
06167652;978390000000
06171852;978994800000
06171358;978994800000
06174442;979599600000
06174472;979599600000
06175052;979599600000
06176891;980204400000
06176892;980204400000
06176893;980204400000
06179892;980809200000
06179893;980809200000
06180562;980809200000
06183532;981414000000
06183531;981414000000
06187326;982018800000
06187074;982018800000
06190433;982623600000
06193776;983228400000
06193775;983228400000
06197081;983833200000
06200475;984438000000
06205707;985644000000
06207615;985644000000
06206946;985644000000
06206945;985644000000
06206947;985644000000
06210459;986248800000
06214771;986853600000
06218353;987458400000
06217630;987458400000
06217629;987458400000
06217628;987458400000
06224771;988668000000
06224646;988668000000
06228136;989272800000
06231631;989877600000
06231632;989877600000
06231633;989877600000
06230438;989877600000
06231765;989877600000
06231767;989877600000
06237246;991087200000
06241796;991692000000
06241795;991692000000
06245121;992296800000
06248148;992901600000
06251826;993506400000
06254656;994111200000
06254654;994111200000
06254655;994111200000
06261996;995320800000
06264985;995925600000
06264714;995925600000
06264715;995925600000
06271174;997135200000
06274105;997740000000
06273929;997740000000
06273927;997740000000
06273928;997740000000
06277167;998344800000
06279748;998949600000
06280495;998949600000
06280494;998949600000
06281001;998949600000
06284709;999554400000
06284012;999554400000
06287357;1000159200000
06287358;1000159200000
06287356;1000159200000
06287359;1000159200000
06287496;1000159200000
06293985;1001368800000
06293047;1001368800000
06296766;1001973600000
06298576;1002578400000
06299774;1002578400000
06299663;1002578400000
06302936;1003183200000
06306194;1003788000000
06309439;1004396400000
06309440;1004396400000
06311426;1005001200000
06312492;1005001200000
06312493;1005001200000
06316246;1005606000000
06315807;1005606000000
06322606;1006815600000
06322607;1006815600000
06325836;1007420400000
06325837;1007420400000
06328780;1008025200000
06329321;1008025200000
06331198;1008630000000
06331193;1008630000000
06333190;1009234800000
06335308;1009839600000
06337203;1010444400000
06336949;1010444400000
06336772;1010444400000
06338746;1011049200000
06340385;1011654000000
06342085;1012258800000
06344066;1012863600000
06346131;1013468400000
06350788;1014678000000
06350608;1014678000000
06352855;1015282800000
06352569;1015282800000
06352568;1015282800000
06355084;1015887600000
06355083;1015887600000
06357175;1016492400000
06358538;1016492400000
06358294;1016492400000
06358293;1016492400000
06358296;1016492400000
06358295;1016492400000
06362397;1017097200000
06365120;1017698400000
06365122;1017698400000
06364925;1017698400000
06364926;1017698400000
06368849;1018303200000
06368657;1018303200000
06372964;1018908000000
06372007;1018908000000
06372008;1018908000000
06375969;1019512800000
06379413;1020117600000
06379414;1020117600000
06382133;1020722400000
06381899;1020722400000
06383803;1020722400000
06383247;1020722400000
06383246;1020722400000
06383245;1020722400000
06387272;1021327200000
06387147;1021327200000
06387145;1021327200000
06387146;1021327200000
06386126;1021327200000
06391620;1021932000000
06391454;1021932000000
06391238;1021932000000
06391078;1021932000000
06391079;1021932000000
06391080;1021932000000
06395051;1022536800000
06399359;1023141600000
06398841;1023141600000
06398840;1023141600000
06402801;1023746400000
06406510;1024351200000
06406511;1024351200000
06405664;1024351200000
06407038;1024351200000
06409788;1024956000000
06409789;1024956000000
06413292;1025560800000
06413291;1025560800000
06413017;1025560800000
06416983;1026165600000
06419722;1026770400000
06423667;1027375200000
06423532;1027375200000
06423109;1027375200000
06426113;1027980000000
06426083;1027980000000
06425933;1027980000000
06432877;1029189600000
06432156;1029189600000
06432155;1029189600000
06436164;1029794400000
06436165;1029794400000
06434884;1029794400000
06440692;1030399200000
06439164;1030399200000
06447810;1031608800000
06447568;1031608800000
06447437;1031608800000
06455149;1032818400000
06454979;1032818400000
06454828;1032818400000
06458179;1033423200000
06458747;1033423200000
06461399;1034028000000
06460290;1034028000000
06464875;1034632800000
06464746;1034632800000
06468943;1035237600000
06471741;1035846000000
06475257;1036450800000
06475258;1036450800000
06475259;1036450800000
06476082;1036450800000
06489438;1038870000000
06488732;1038870000000
06488733;1038870000000
06488734;1038870000000
06488735;1038870000000
06490826;1039474800000
06491736;1039474800000
06497742;1040684400000
06497741;1040684400000
06497743;1040684400000
06500223;1041289200000
06500222;1041289200000
06503288;1041894000000
06503287;1041894000000
06506956;1042498800000
06506805;1042498800000
06509440;1043103600000
06514331;1044313200000
06515031;1044313200000
06515177;1044313200000
06517599;1044918000000
06517600;1044918000000
06521129;1045522800000
06521365;1045522800000
06524600;1046127600000
06524848;1046127600000
06528569;1046732400000
06531311;1047337200000
06537340;1048546800000
06540808;1049148000000
06541421;1049148000000
06544313;1049752800000
06550183;1050962400000
06551370;1050962400000
06558445;1052172000000
06562941;1052776800000
06565744;1053381600000
06565860;1053381600000
06566304;1053381600000
06569331;1053986400000
06569332;1053986400000
06569342;1053986400000
06572669;1054591200000
06576035;1055196000000
06576457;1055196000000
06579338;1055800800000
06582637;1056405600000
06582836;1056405600000
06584542;1056405600000
06585900;1057010400000
06591767;1058220000000
06593277;1058220000000
06595442;1058824800000
06596050;1058824800000
06596272;1058824800000
06596831;1058824800000
06606819;1061244000000
06606821;1061244000000
06610267;1061848800000
06613117;1062453600000
06613223;1062453600000
06615539;1063058400000
06617412;1063058400000
06626974;1064872800000
06632262;1066082400000
06637152;1067295600000
06638342;1067295600000
06638757;1067295600000
06641638;1067900400000
06642178;1067900400000
06645267;1068505200000
06645268;1068505200000
06648940;1069110000000
06649405;1069110000000
06655530;1070319600000
06656382;1070319600000
06656882;1070319600000
06663686;1071529200000
06664100;1071529200000
06669753;1072738800000
06669752;1072738800000
06673375;1073343600000
06682577;1075158000000
06682578;1075158000000
06684564;1075762800000
06688041;1076367600000
06689181;1076367600000
06689720;1076367600000
06692642;1076972400000
06695892;1077577200000
06698137;1078182000000
06699707;1078182000000
06699708;1078182000000
06699709;1078182000000
06703234;1078786800000
06703469;1078786800000
06706837;1079391600000
06709481;1079996400000
06716360;1081202400000
06716618;1081202400000
06727090;1083016800000
06733559;1084226400000
06733558;1084226400000
06733560;1084226400000
06749660;1087250400000
06749658;1087250400000
06749659;1087250400000
06752849;1087855200000
06752848;1087855200000
06752850;1087855200000
06753395;1087855200000
06756461;1088460000000
06758879;1089064800000
06758880;1089064800000
06767381;1090879200000
06770199;1091484000000
06770112;1091484000000
06770593;1091484000000
06775948;1092693600000
06776832;1092693600000
06776816;1092693600000
06776914;1092693600000
06777469;1092693600000
06780209;1093298400000
06783567;1093903200000
06787234;1094508000000
06793704;1095717600000
06800109;1096927200000
06802882;1097532000000
06805821;1098136800000
06808557;1098741600000
06808636;1098741600000
06811701;1099350000000
06818039;1100559600000
06821311;1101164400000
06824584;1101769200000
06824691;1101769200000
06826866;1102374000000
06830603;1102978800000
06830696;1102978800000
06833359;1103583600000
06841515;1105398000000
06841599;1105398000000
06846343;1106607600000
06846858;1106607600000
06852142;1107817200000
06855182;1108422000000
06858058;1109026800000
06863826;1110236400000
06864382;1110236400000
06866779;1110841200000
06870026;1111446000000
06874277;1112652000000
06878180;1113256800000
06878179;1113256800000
06881449;1113861600000
06881706;1113861600000
06884756;1114466400000
06887828;1115071200000
06889471;1115676000000
06890438;1115676000000
06890888;1115676000000
06893479;1116280800000
06896714;1116885600000
06900162;1117490400000
06903053;1118095200000
06905048;1118700000000
06905600;1118700000000
06908495;1119304800000
06908885;1119304800000
06916426;1121119200000
06921521;1122328800000
06922941;1122933600000
06929673;1124143200000
06930139;1124143200000
06936087;1125352800000
06936573;1125352800000
06936572;1125352800000
06936681;1125352800000
06940583;1125957600000
06939387;1125957600000
06939688;1125957600000
06942714;1126562400000
06949236;1127772000000
06953585;1128981600000
06953537;1128981600000
06957237;1129586400000
06957782;1130191200000
06966941;1132614000000
06979444;1135638000000
06984339;1136847600000
06987082;1137452400000
06989100;1138057200000
06991783;1138662000000
06994850;1139266800000
07001869;1140476400000
07004991;1141081200000
07014768;1142895600000
07014676;1142895600000
07018643;1143496800000
07018440;1143496800000
07018441;1143496800000
07020980;1144101600000
07029512;1145311200000
07030061;1145311200000
07041244;1147125600000
07042792;1147125600000
07043874;1147730400000
07044994;1147730400000
07045063;1147730400000
07056865;1149544800000
07060656;1150149600000
07066995;1151359200000
07074252;1152568800000
07074251;1152568800000
RE039188;1153173600000
07081147;1153778400000
07091036;1155592800000
07093551;1156197600000
07101481;1157407200000
07108732;1158616800000
07128880;1162249200000
07132004;1162854000000
07135116;1163458800000
07144439;1165273200000
07147872;1165878000000
07150987;1166482800000
07155377;1167087600000
07153428;1167087600000
07153427;1167087600000
07160350;1168297200000
07160349;1168297200000
07160713;1168297200000
07160714;1168297200000
07162834;1168902000000
07166688;1169506800000
07169204;1170111600000
07171019;1170111600000
07175683;1171321200000
07175684;1171321200000
07180417;1171926000000
07179642;1171926000000
07183237;1172530800000
07188450;1173740400000
07189275;1173740400000
07189678;1173740400000
07198943;1175551200000
07201788;1176156000000
07211429;1177970400000
07213153;1177970400000
07225073;1180389600000
07225544;1180994400000
07226778;1180994400000
07226491;1180994400000
07237064;1182808800000
07238218;1183413600000
07250287;1185832800000
07250068;1185832800000
07252697;1186437600000
07261902;1188252000000
07261912;1188252000000
07267707;1189461600000
07271128;1190066400000
07278063;1191276000000
07291199;1194303600000
07297274;1195513200000
07297659;1195513200000
07309686;1197932400000
07311834;1198537200000
07320724;1200956400000
07329425;1202770800000
07330915;1202770800000
07337227;1203980400000
07357946;1208210400000
07361283;1208815200000
07368121;1210024800000
07371328;1210629600000
07371566;1210629600000
07376175;1211234400000
07381237;1212444000000
07384562;1213048800000
07392615;1214863200000
07393378;1214863200000
07396801;1215468000000
07402190;1216677600000
07402263;1216677600000
07405181;1217282400000
07410522;1218492000000
07410583;1218492000000
07410589;1218492000000
07416785;1219701600000
07422617;1220911200000
07425271;1221516000000
07425228;1221516000000
07435878;1223935200000
07442224;1225148400000
07445657;1225753200000
07445927;1225753200000
07452399;1226962800000
07452398;1226962800000
07459005;1228172400000
07464286;1228777200000
07468087;1229986800000
07470304;1230591600000
07473293;1231196400000
07485171;1233615600000
07487927;1234220400000
07494525;1235430000000
07494526;1235430000000
07497890;1236034800000
07497891;1236034800000
07498055;1236034800000
07501006;1236639600000
07503143;1237244400000
07504035;1237244400000
07507577;1237849200000
07507265;1237849200000
07510590;1238450400000
07513927;1239055200000
07513928;1239055200000
07517514;1239660000000
07530196;1242079200000
07534281;1242684000000
07534280;1242684000000
07537635;1243288800000
07563302;1248127200000
07569091;1249336800000
07575365;1250546400000
07582467;1251756000000
07582237;1251756000000
07585826;1252360800000
07588744;1252965600000
07591952;1253570400000
07595007;1254175200000
07595002;1254175200000
07604742;1255989600000
07608126;1256598000000
07615093;1257807600000
07618673;1258412400000
07621472;1259017200000
07625195;1259622000000
07632414;1260831600000
07635404;1261436400000
07637980;1262041200000
07637054;1262041200000
07641881;1262646000000
07645314;1263250800000
07651852;1264460400000
07658780;1265670000000
07662206;1266274800000
07662205;1266274800000
07666814;1266879600000
07666242;1266879600000
07666241;1266879600000
07670405;1267484400000
07674310;1268089200000
07674311;1268089200000
07674312;1268089200000
07674313;1268089200000
07678192;1268694000000
07678171;1268694000000
07685737;1269900000000
07686863;1269900000000
07691171;1270504800000
07691170;1270504800000
07691169;1270504800000
07694432;1271109600000
07695541;1271109600000
07700012;1271714400000
07704419;1272319200000
07708799;1272924000000
07713326;1273528800000
07713416;1273528800000
07722696;1274738400000
07722695;1274738400000
07727395;1275343200000
07731775;1275948000000
07731859;1275948000000
07731856;1275948000000
07735437;1276552800000
07736411;1276552800000
07736412;1276552800000
07736515;1276552800000
07740680;1277157600000
07741109;1277157600000
07744671;1277762400000
07744672;1277762400000
07745208;1277762400000
07753985;1278972000000
07753984;1278972000000
07762713;1280181600000
07771504;1281391200000
07771505;1281391200000
07776124;1281996000000
07776125;1281996000000
07780941;1282600800000
07785553;1283205600000
07785388;1283205600000
07785387;1283205600000
07785386;1283205600000
07789932;1283810400000
07789931;1283810400000
07790225;1283810400000
RE041789;1286229600000
07806957;1286229600000
07806958;1286229600000
07811352;1286834400000
07811353;1286834400000
07811466;1286834400000
07813888;1286834400000
07810386;1286834400000
07816561;1287439200000
07818916;1288044000000
07824565;1288652400000
07825266;1288652400000
07828871;1289257200000
07833343;1289862000000
07837758;1290466800000
07837757;1290466800000
07846416;1291676400000
07846231;1291676400000
07850758;1292281200000
07851499;1292281200000
07851210;1292281200000
