03858482;158281200000
03859877;158886000000
03859876;158886000000
03861252;159490800000
03861245;159490800000
03861254;159490800000
03861253;159490800000
03862391;159490800000
03862698;160095600000
03863529;160700400000
03863528;160700400000
03865010;161305200000
03864878;161305200000
03864995;161305200000
03864994;161305200000
03866495;161910000000
03867763;162514800000
03867856;162514800000
03868876;163119600000
03869946;163724400000
03869947;163724400000
03870164;163724400000
03871252;164329200000
03871251;164329200000
03871066;164329200000
03872749;164934000000
03872748;164934000000
03872750;164934000000
03874809;165538800000
03874257;165538800000
03874520;165538800000
03874519;165538800000
03876214;166143600000
03876215;166143600000
03875833;166143600000
03875832;166143600000
03875831;166143600000
03875830;166143600000
03877151;166748400000
03877329;166748400000
03878742;167353200000
03878743;167353200000
03880026;167958000000
03880025;167958000000
03880027;167958000000
03881378;168562800000
03881735;168562800000
03882579;169167600000
03882741;169167600000
03882647;169167600000
03884591;169772400000
03885481;170377200000
03886824;170982000000
03888145;171586800000
03888146;171586800000
03889559;172191600000
03889520;172191600000
03890682;172796400000
03891016;172796400000
03890860;172796400000
03892151;173401200000
03893355;174006000000
03893356;174006000000
03894452;174610800000
03894454;174610800000
03894453;174610800000
03894455;174610800000
03895881;175215600000
03895424;175215600000
03896688;175820400000
03896689;175820400000
03896690;175820400000
03897704;176425200000
03898898;177030000000
03899724;177030000000
03899943;177634800000
03899944;177634800000
03901519;178239600000
03901108;178239600000
03902539;178844400000
03902643;178844400000
03902278;178844400000
03902387;178844400000
03902386;178844400000
03903766;179449200000
03903765;179449200000
03904390;179449200000
03905116;180054000000
03905158;180054000000
03905257;180054000000
03906821;180658800000
03909020;181263600000
03908492;181263600000
03908491;181263600000
03908253;181263600000
03909982;181868400000
03909896;181868400000
03910476;181868400000
03911767;182473200000
03911768;182473200000
03911556;182473200000
03911557;182473200000
03913429;183078000000
03913430;183078000000
03913274;183078000000
03913751;183078000000
03916519;184287600000
03916739;184287600000
03916737;184287600000
03916738;184287600000
03916746;184287600000
03916740;184287600000
03917143;184287600000
03918333;184892400000
03918332;184892400000
03918331;184892400000
03918324;184892400000
03918348;184892400000
03918696;184892400000
03918594;184892400000
03919904;185497200000
03921479;186102000000
03921304;186102000000
03922936;186706800000
03923414;186706800000
03924494;187311600000
03926078;187916400000
03926079;187916400000
03927583;188521200000
03927584;188521200000
03927585;188521200000
03929044;189126000000
03929043;189126000000
03930568;189730800000
03933061;190940400000
03933060;190940400000
03933063;190940400000
03933062;190940400000
03933090;190940400000
03933347;190940400000
03935765;192150000000
03935766;192150000000
03935763;192150000000
03935764;192150000000
03937331;192754800000
03937110;192754800000
03937111;192754800000
03938671;193359600000
03938411;193359600000
03939561;193964400000
03940045;193964400000
03941256;194569200000
03943806;195778800000
03943804;195778800000
03943803;195778800000
03943802;195778800000
03945752;196383600000
03945506;196383600000
03945297;196383600000
03945275;196383600000
03945276;196383600000
03945277;196383600000
03946298;196383600000
03946471;196984800000
03946774;196984800000
03948122;197589600000
03948121;197589600000
03948123;197589600000
03949285;197589600000
03949628;198194400000
03949643;198194400000
03951563;198799200000
03951020;198799200000
03951017;198799200000
03951018;198799200000
03951019;198799200000
03954031;200008800000
03955257;200613600000
03955687;200613600000
03955448;200613600000
03956914;201218400000
03958471;201823200000
03960099;202428000000
03961557;203032800000
03961857;203032800000
03962937;203637600000
03962938;203637600000
03963271;203637600000
03965570;204847200000
03965780;204847200000
03966347;204847200000
03967516;205452000000
03967515;205452000000
03968705;206056800000
03969965;206661600000
03971294;207266400000
03971114;207266400000
03972250;207871200000
03972251;207871200000
03972362;207871200000
03974721;209080800000
03974705;209080800000
03974709;209080800000
03975031;209080800000
03975030;209080800000
03976861;209685600000
03977279;210290400000
03978766;210895200000
03978765;210895200000
03978745;210895200000
03978565;210895200000
03980120;211500000000
03981210;212104800000
03981211;212104800000
03982085;212104800000
03982452;212713200000
03982451;212713200000
03983769;213318000000
03983770;213318000000
03985049;213922800000
03985051;213922800000
03985221;213922800000
03984905;213922800000
03986415;214527600000
03987693;215132400000
03987523;215132400000
03990332;216342000000
03990133;216342000000
03992123;216946800000
03993565;217551600000
03993115;217551600000
03993116;217551600000
03994614;218156400000
03994562;218156400000
03994251;218156400000
03995869;218761200000
03995514;218761200000
03995524;218761200000
03996823;219366000000
03998114;219970800000
03998113;219970800000
03999452;220575600000
04000669;221180400000
04000766;221180400000
04000797;221180400000
04002102;221785200000
04003279;222390000000
04004332;222994800000
04005624;223599600000
04006654;224204400000
04006518;224204400000
04007521;224809200000
04007942;224809200000
04008634;225414000000
04008633;225414000000
04008631;225414000000
04008635;225414000000
04009968;226018800000
04011777;227228400000
04012992;227833200000
04012973;227833200000
04012972;227833200000
04013176;227833200000
04014439;228438000000
04014228;228438000000
04014227;228438000000
04015491;229039200000
04016784;229644000000
04016785;229644000000
04018114;230248800000
04018113;230248800000
04018115;230248800000
04018112;230248800000
04019035;230248800000
04019245;230853600000
04019411;230853600000
04019410;230853600000
04022085;232063200000
04023513;232668000000
04023451;232668000000
04025598;233272800000
04025764;233272800000
04024778;233272800000
04024777;233272800000
04026143;233877600000
04026171;233877600000
04028972;235087200000
04031368;235692000000
04030585;235692000000
04030385;235692000000
04033211;236901600000
04033210;236901600000
04033209;236901600000
04033208;236901600000
04033207;236901600000
04033206;236901600000
04034632;237506400000
04034633;237506400000
04034631;237506400000
04036086;238111200000
04037496;238716000000
04037498;238716000000
04037497;238716000000
04037891;238716000000
04037733;238716000000
04038890;239320800000
04038891;239320800000
04038861;239320800000
04040316;239925600000
04040315;239925600000
04041812;240530400000
04043229;241135200000
04045038;241740000000
04044650;241740000000
04044638;241740000000
04046038;242344800000
04046037;242344800000
04046036;242344800000
04046035;242344800000
04047469;242949600000
04048880;243554400000
04048881;243554400000
04048882;243554400000
04048879;243554400000
04049173;243554400000
04050335;244162800000
04050836;244162800000
04051751;244767600000
04051750;244767600000
04052918;245372400000
04052822;245372400000
04053252;245372400000
04054081;245977200000
04054069;245977200000
04054066;245977200000
04054068;245977200000
04054397;245977200000
04055386;246582000000
04055095;246582000000
04055094;246582000000
04057294;247791600000
04057259;247791600000
04057893;248396400000
04058034;248396400000
04058035;248396400000
04058033;248396400000
04058036;248396400000
04061078;250210800000
04061062;250210800000
04061061;250210800000
04061060;250210800000
04061059;250210800000
04062256;250815600000
04062255;250815600000
04063577;251420400000
04065223;252025200000
04064774;252025200000
04064773;252025200000
04065988;252630000000
04065989;252630000000
04066380;252630000000
04066270;252630000000
04067251;253234800000
04068545;253839600000
04068546;253839600000
04068547;253839600000
04070935;255049200000
04070934;255049200000
04070739;255049200000
04072071;255654000000
04072073;255654000000
04072072;255654000000
04074598;256863600000
04074416;256863600000
04075916;257468400000
04075915;257468400000
04075914;257468400000
04077357;258073200000
04077286;258073200000
04077285;258073200000
04079235;258678000000
04078459;258678000000
04080852;259887600000
04080853;259887600000
04080854;259887600000
04082126;260488800000
04082020;260488800000
04082018;260488800000
04082019;260488800000
04083272;261093600000
04083271;261093600000
04083644;261093600000
04084459;261698400000
04084458;261698400000
04084461;261698400000
04084462;261698400000
04084463;261698400000
04084484;261698400000
04085625;262303200000
04085634;262303200000
04087890;263512800000
04087891;263512800000
04088332;263512800000
04088230;263512800000
04089241;264117600000
04090423;264722400000
04090422;264722400000
04092720;265327200000
04092885;265932000000
04092884;265932000000
04092883;265932000000
04095489;267141600000
04095856;267141600000
04095916;267141600000
04096770;267746400000
04096772;267746400000
04096771;267746400000
04097179;267746400000
04097180;267746400000
04097984;268351200000
04098153;268351200000
04099431;268956000000
04099432;268956000000
04099310;268956000000
04100827;269560800000
04100825;269560800000
04100826;269560800000
04101240;269560800000
04103573;270770400000
04103588;270770400000
04104937;271375200000
04104900;271375200000
04106376;271980000000
04106375;271980000000
04106880;271980000000
04106784;271980000000
04109420;273189600000
04110055;273189600000
04111084;273794400000
04111083;273794400000
04111082;273794400000
04111346;273794400000
04112793;274399200000
04112794;274399200000
04112627;274399200000
04113404;274399200000
04114266;275004000000
04114484;275004000000
04114485;275004000000
04114486;275004000000
04114483;275004000000
04116111;275608800000
04116094;275608800000
04116095;275608800000
04117750;276217200000
04118899;276822000000
04119001;276822000000
04119048;276822000000
04120219;277426800000
04121847;278031600000
04121486;278031600000
04122734;278636400000
04122735;278636400000
04124927;279846000000
04125057;279846000000
04125043;279846000000
04125042;279846000000
04125041;279846000000
04126067;280450800000
04126066;280450800000
04126065;280450800000
04126064;280450800000
04128026;281660400000
04129220;282265200000
04129062;282265200000
04130036;282870000000
04130035;282870000000
04130034;282870000000
04130033;282870000000
04131964;284079600000
04133230;284684400000
04133231;284684400000
04133232;284684400000
04134315;285289200000
04134314;285289200000
04134316;285289200000
04135417;285894000000
04135418;285894000000
04137802;287103600000
04138911;287708400000
04138927;287708400000
04139941;288313200000
04140035;288313200000
04140034;288313200000
04140033;288313200000
04140032;288313200000
04141263;288918000000
04141278;288918000000
04142429;289522800000
04143564;290127600000
04144676;290732400000
04146239;291337200000
04148402;292543200000
04148235;292543200000
04149436;293148000000
04149437;293148000000
04151767;294357600000
04151766;294357600000
04151765;294357600000
04152958;294962400000
04155280;296172000000
04157055;297381600000
04158319;298591200000
04159660;299800800000
04160395;300405600000
04161127;301010400000
04161849;301615200000
04163402;302824800000
04163403;302824800000
04163313;302824800000
04164381;303429600000
04165402;304034400000
04164880;304034400000
04164879;304034400000
04164891;304034400000
04165662;304639200000
04165661;304639200000
04167129;305848800000
04168639;307058400000
04169396;307666800000
04171654;309481200000
04172398;310086000000
04172399;310086000000
04173159;310690800000
04173786;310690800000
04174746;311900400000
04175454;312505200000
04175471;312505200000
04175894;312505200000
04175802;312505200000
04176565;313110000000
04177700;313714800000
04177701;313714800000
04177699;313714800000
04177550;313714800000
04178189;313714800000
04178819;314319600000
04178818;314319600000
04179957;314924400000
04180358;314924400000
04180894;315529200000
04181049;315529200000
04181050;315529200000
04181283;315529200000
04182205;316134000000
04183283;316738800000
04183269;316738800000
04183270;316738800000
04184718;317343600000
04184391;317343600000
04185366;317948400000
04185526;317948400000
04185525;317948400000
04185524;317948400000
04186630;318553200000
04186631;318553200000
04187748;319158000000
04187749;319158000000
04191075;320972400000
04193727;322182000000
04193724;322182000000
04194420;322786800000
04195538;323391600000
04197040;323992800000
04197888;324597600000
04197769;324597600000
04197771;324597600000
04197770;324597600000
04197629;324597600000
04198066;324597600000
04198885;325202400000
04200012;325807200000
04200014;325807200000
04200013;325807200000
04201394;326412000000
04201100;326412000000
04202651;327016800000
04202848;327016800000
04202226;327016800000
04202227;327016800000
04203062;327016800000
04204441;328226400000
04204442;328226400000
04205566;328831200000
04206664;329436000000
04206665;329436000000
04207657;330040800000
04207667;330040800000
04207785;330040800000
04207786;330040800000
04208156;330040800000
04208772;330645600000
04208930;330645600000
04209910;331250400000
04210040;331250400000
04210039;331250400000
04210038;331250400000
04211129;331855200000
04213354;333064800000
04213357;333064800000
04213356;333064800000
04213359;333064800000
04213358;333064800000
04215604;334274400000
04215605;334274400000
04215603;334274400000
04216686;334879200000
04217786;335484000000
04217799;335484000000
04217800;335484000000
04218942;336088800000
04218941;336088800000
04218825;336088800000
04218816;336088800000
04220427;336693600000
04220061;336693600000
04220060;336693600000
04221142;337298400000
04221141;337298400000
04221513;337298400000
04223578;338508000000
04223577;338508000000
04223576;338508000000
04223579;338508000000
04223580;338508000000
04224846;339116400000
04224845;339116400000
04224818;339116400000
04226146;339721200000
04227842;340326000000
04227902;340326000000
04227431;340326000000
04228705;340930800000
04229640;340930800000
04229129;340930800000
04230003;341535600000
04231690;342140400000
04232574;342745200000
04233867;343350000000
04233866;343350000000
04235136;343954800000
04235137;343954800000
04235135;343954800000
04236428;344559600000
04239071;345769200000
04239834;345769200000
04239712;345769200000
04238980;345769200000
04238979;345769200000
04240207;346374000000
04240311;346374000000
04242020;346978800000
04244247;348188400000
04244248;348188400000
04245938;348793200000
04245529;348793200000
04246812;349398000000
04246813;349398000000
04246814;349398000000
04247231;349398000000
04248108;350002800000
04250551;350607600000
04250779;351212400000
04250775;351212400000
04250776;351212400000
04250777;351212400000
04250778;351212400000
04251917;351817200000
04252039;351817200000
04252038;351817200000
04253359;352422000000
04253358;352422000000
04254676;353026800000
04255991;353631600000
04257290;354236400000
04257289;354236400000
04258598;354837600000
04259884;355442400000
04259885;355442400000
04259919;355442400000
04261234;356047200000
04261235;356047200000
04262563;356652000000
04264254;357256800000
04264249;357256800000
04263706;357256800000
04265149;357861600000
04265150;357861600000
04266377;358466400000
04266454;358466400000
04267754;359071200000
04269090;359676000000
04269091;359676000000
04269551;359676000000
04271346;360280800000
04270878;360280800000
04270419;360280800000
04270421;360280800000
04270422;360280800000
04270420;360280800000
04271733;360885600000
04271734;360885600000
04271735;360885600000
04271881;361490400000
04274315;362095200000
04274313;362095200000
04274314;362095200000
04275626;362700000000
04275624;362700000000
04275625;362700000000
04277210;363304800000
04277206;363304800000
04276794;363304800000
04276793;363304800000
04276792;363304800000
04278413;363909600000
04277993;363909600000
04279554;364514400000
04279180;364514400000
04279181;364514400000
04279182;364514400000
04281569;365724000000
04282784;366328800000
04283972;366933600000
04284111;366933600000
04284283;366933600000
04285168;367538400000
04285528;367538400000
04286485;368143200000
04286484;368143200000
04286483;368143200000
04286905;368143200000
04287796;368748000000
04289430;369352800000
04289051;369352800000
04291600;370566000000
04292864;371170800000
04292866;371170800000
04292865;371170800000
04292867;371170800000
04292722;371170800000
04295398;372380400000
04295396;372380400000
04295397;372380400000
04296364;372380400000
04296658;372985200000
04296657;372985200000
04297926;373590000000
04297925;373590000000
04299061;374194800000
04299147;374194800000
04300418;374799600000
04300419;374799600000
04300417;374799600000
04301699;375404400000
04302144;375404400000
04302993;376009200000
04302992;376009200000
04302958;376009200000
04304159;376614000000
04304160;376614000000
04305689;377218800000
04306473;377823600000
04306472;377823600000
04307636;378428400000
04308771;379033200000
04309925;379638000000
04309926;379638000000
04310270;379638000000
04312250;380847600000
04312251;380847600000
04312618;380847600000
04313355;381452400000
04314491;382057200000
04314492;382057200000
04316398;383266800000
04317396;383871600000
04317395;383871600000
04317394;383871600000
04318293;384476400000
04318318;384476400000
04318319;384476400000
04319503;385081200000
04320580;385686000000
04320675;385686000000
04321845;386287200000
04321846;386287200000
04322992;386892000000
04322991;386892000000
04322990;386892000000
04323325;386892000000
04324162;387496800000
04324161;387496800000
04325015;387496800000
04326325;388706400000
04326437;388706400000
04326438;388706400000
04327613;389311200000
04327614;389311200000
04327612;389311200000
04328050;389311200000
04328722;389916000000
04328723;389916000000
04330966;391125600000
04331048;391125600000
04332513;391730400000
04332155;391730400000
04333368;392335200000
04334446;392940000000
04335633;393544800000
04335763;393544800000
04335500;393544800000
04336730;394149600000
04339857;395964000000
04342239;397173600000
04342348;397173600000
04343206;397778400000
04343207;397778400000
04344221;398383200000
04345860;398988000000
04345495;398988000000
04346945;399592800000
04347664;400197600000
04347770;400197600000
04347769;400197600000
04347768;400197600000
04349945;401407200000
04350054;401407200000
04350059;401407200000
04350065;401407200000
04351207;402015600000
04351096;402015600000
04352308;402620400000
04352615;402620400000
04353154;403225200000
04354305;403830000000
04354404;403830000000
04356376;404434800000
04355553;404434800000
04358122;405644400000
04358843;405644400000
04357846;405644400000
04357847;405644400000
04358973;406249200000
04359676;406249200000
04359814;406854000000
04359916;406854000000
04359917;406854000000
04361061;407458800000
04362447;408063600000
04364290;409273200000
04365301;409273200000
04366543;409878000000
04365528;409878000000
04365529;409878000000
04366734;410482800000
04366735;410482800000
04369007;411692400000
04369679;412297200000
04369796;412297200000
04371296;412902000000
04370907;412902000000
04372355;413506800000
04373411;414111600000
04375670;415321200000
04375708;415926000000
04375739;415926000000
04375773;415926000000
04376398;416530800000
04378829;418341600000
04378830;418341600000
04379477;418946400000
04379415;418946400000
04379987;418946400000
04382394;421365600000
04382732;421365600000
04383427;421970400000
04383457;421970400000
04383560;421970400000
04384333;421970400000
04384601;422575200000
04385535;423180000000
04385536;423180000000
04387327;423784800000
04386440;423784800000
04386544;423784800000
04387613;424389600000
04387612;424389600000
04387907;424389600000
04388027;424389600000
04388039;424389600000
04388576;424389600000
04388797;424994400000
04388846;424994400000
04389765;425599200000
04393675;427413600000
04393735;427413600000
04397054;429228000000
04397202;429228000000
04397343;429228000000
04398579;429832800000
04399639;430437600000
04399724;430437600000
04400118;430437600000
04400859;431042400000
04402136;431647200000
04402120;431647200000
04402204;431647200000
04405266;432856800000
04404878;432856800000
04404728;432856800000
04404727;432856800000
04406189;433465200000
04406194;433465200000
04406195;433465200000
04406192;433465200000
04406193;433465200000
04406190;433465200000
04406191;433465200000
04407176;434070000000
04409659;434674800000
04408507;434674800000
04408506;434674800000
04408472;434674800000
04409869;435279600000
04409868;435279600000
04411324;435884400000
04411177;435884400000
04411179;435884400000
04411178;435884400000
04412401;436489200000
04412465;436489200000
04413939;437094000000
04413539;437094000000
04413540;437094000000
04414869;437698800000
04414871;437698800000
04414870;437698800000
04414724;437698800000
04414733;437698800000
04416174;438303600000
04416459;438303600000
04417489;438908400000
04417490;438908400000
04417491;438908400000
04417492;438908400000
04417363;438908400000
04417816;438908400000
04418592;439513200000
04418591;439513200000
04418593;439513200000
04419799;440118000000
04419912;440118000000
04421446;440722800000
04422581;441327600000
04422356;441327600000
04423991;441932400000
04423990;441932400000
04423651;441932400000
04423650;441932400000
04425693;443142000000
04428160;444351600000
04429445;444956400000
04430912;445561200000
04430913;445561200000
04432258;446166000000
04432259;446166000000
04433598;446770800000
04434689;447375600000
04434581;447375600000
04436462;447980400000
04437366;448585200000
04440530;449791200000
04440050;449791200000
04442493;450396000000
04442576;451000800000
04442739;451000800000
04443142;451000800000
04443137;451000800000
04444074;451605600000
04444279;451605600000
04443937;451605600000
04445405;452210400000
04445406;452210400000
04445697;452210400000
04447181;452815200000
04449085;453420000000
04449864;454024800000
04449871;454024800000
04449432;454024800000
04450738;454629600000
04450737;454629600000
04451892;454629600000
04452553;455234400000
04452110;455234400000
04452111;455234400000
04452112;455234400000
04452109;455234400000
04453435;455839200000
04454689;456444000000
04456407;457048800000
04455900;457048800000
04455901;457048800000
04457193;457653600000
04457192;457653600000
04458566;458258400000
04459883;458863200000
04461195;459468000000
04462748;460072800000
04462286;460072800000
04464087;460677600000
04463487;460677600000
04463633;460677600000
04463635;460677600000
04463634;460677600000
04464958;461282400000
04465422;461282400000
04468158;462492000000
04467517;462492000000
04467679;462492000000
04467682;462492000000
04467681;462492000000
04467680;462492000000
04467848;462492000000
04468893;463096800000
04468991;463096800000
04469155;463096800000
04470734;463701600000
04471675;464306400000
04471521;464306400000
04472094;464306400000
04472987;464911200000
04474721;465519600000
04475527;466124400000
04475421;466124400000
04476613;466729200000
04476752;466729200000
04478116;467334000000
04478117;467334000000
04479292;467938800000
04480700;468543600000
04483647;469753200000
04483522;469753200000
04483222;469753200000
04483224;469753200000
04483223;469753200000
04484498;470358000000
04484499;470358000000
04485690;470962800000
04485704;470962800000
04486131;470962800000
04485593;470962800000
04487275;471567600000
04488463;472172400000
04488841;472172400000
04489629;472777200000
04491162;473382000000
04491044;473382000000
04493041;473986800000
04493242;474591600000
04493232;474591600000
04493231;474591600000
04495842;475801200000
04495843;475801200000
04497383;476406000000
04497228;476406000000
04497144;476406000000
04497100;476406000000
04498820;477010800000
04499033;477010800000
04499800;477615600000
04502753;478825200000
04505627;480034800000
04506569;480639600000
04506570;480639600000
04507993;481240800000
04507992;481240800000
04507895;481240800000
04508476;481240800000
04508475;481240800000
04509126;481240800000
04509236;481845600000
04509394;481845600000
04511826;482450400000
04510828;482450400000
04510829;482450400000
04510668;482450400000
04513380;483055200000
04513366;483055200000
04512116;483055200000
04512224;483055200000
04512223;483055200000
04514116;483660000000
04513646;483660000000
04515049;484264800000
04515047;484264800000
04515191;484264800000
04514936;484264800000
04516301;484869600000
04516446;484869600000
04516658;484869600000
04517866;485474400000
04517867;485474400000
04519620;486079200000
04519732;486079200000
04519279;486079200000
04520753;486684000000
04520700;486684000000
04520701;486684000000
04521143;486684000000
04521950;487288800000
04522091;487288800000
04523499;487893600000
04523359;487893600000
04524654;488498400000
04524655;488498400000
04524511;488498400000
04525827;489103200000
04527586;489708000000
04529022;490312800000
04528876;490312800000
04530507;490917600000
04530263;490917600000
04531435;491522400000
04531434;491522400000
04532837;492127200000
04533858;492127200000
04535216;492732000000
04534151;492732000000
04534686;492732000000
04535660;493336800000
04535661;493336800000
04536112;493336800000
04538488;494546400000
04538489;494546400000
04538945;494546400000
04540872;495151200000
04539875;495151200000
04539876;495151200000
04541165;495756000000
04541315;495756000000
04541316;495756000000
04541465;495756000000
04543861;496969200000
04545271;497574000000
04546681;498178800000
04546531;498178800000
04549270;498783600000
04549678;499388400000
04549587;499388400000
04550635;499993200000
04550631;499993200000
04551044;499993200000
04552047;500598000000
04552046;500598000000
04552045;500598000000
04552370;500598000000
04552993;500598000000
04553313;501202800000
04553884;501202800000
04553885;501202800000
04553457;501202800000
04556130;502412400000
04557165;503017200000
04557167;503017200000
04557166;503017200000
04558978;503622000000
04559852;504226800000
04562392;504831600000
04561333;504831600000
04563114;505436400000
04564914;506041200000
04563925;506041200000
04563924;506041200000
04564995;506646000000
04566358;507250800000
04566228;507250800000
04566226;507250800000
04566169;507250800000
04566830;507250800000
04567794;507855600000
04569262;508460400000
04569115;508460400000
04571687;509065200000
04571670;509065200000
04572042;509670000000
04571796;509670000000
04573379;510274800000
04573380;510274800000
04573381;510274800000
04573824;510274800000
04574666;510879600000
04575293;510879600000
04576069;511484400000
04576068;511484400000
04576070;511484400000
04578003;512089200000
04577389;512089200000
04577535;512089200000
04577536;512089200000
04577532;512089200000
04577406;512089200000
04580225;512690400000
04579025;512690400000
04579159;512690400000
04580931;513295200000
04580471;513295200000
04580470;513295200000
04580472;513295200000
04584148;514504800000
04583420;514504800000
04583433;514504800000
04583434;514504800000
04583431;514504800000
04583432;514504800000
04584915;515109600000
04584916;515109600000
04586125;515109600000
04586408;515714400000
04586407;515714400000
04588005;516319200000
04587697;516319200000
04587871;516319200000
04589309;516924000000
04589311;516924000000
04589310;516924000000
04589313;516924000000
04589312;516924000000
04591405;517528800000
04590828;517528800000
04590827;517528800000
04592684;518133600000
04593586;518738400000
04593587;518738400000
04593588;518738400000
04594873;519343200000
04594757;519343200000
04595663;519343200000
04596168;519948000000
04596169;519948000000
04596170;519948000000
04596090;519948000000
04597040;519948000000
04597700;520552800000
04597155;520552800000
04597143;520552800000
04598617;521157600000
04599020;521157600000
04599769;521762400000
04599923;521762400000
04599922;521762400000
04599921;521762400000
04601222;522367200000
04601223;522367200000
04602540;522972000000
04602539;522972000000
04603609;523576800000
04604924;524181600000
04604923;524181600000
04604834;524181600000
04607017;524786400000
04606249;524786400000
04606248;524786400000
04606684;524786400000
04607461;525391200000
04607549;525391200000
04607550;525391200000
04608747;525996000000
04608755;525996000000
04608889;525996000000
04611516;527205600000
04611383;527205600000
04611644;527205600000
04612832;527810400000
04612833;527810400000
04612834;527810400000
04612831;527810400000
04612690;527810400000
04614467;528418800000
04614137;528418800000
04614136;528418800000
04615244;529023600000
04615243;529023600000
04616385;529628400000
04616538;529628400000
04616537;529628400000
04617848;530233200000
04617846;530233200000
04617847;530233200000
04617845;530233200000
04617714;530233200000
04620121;530838000000
04619299;530838000000
04620463;531442800000
04620464;531442800000
04620823;531442800000
04621551;532047600000
04621550;532047600000
04621549;532047600000
04621548;532047600000
04621547;532047600000
04621546;532047600000
04621405;532047600000
04622194;532047600000
04622873;532652400000
04622874;532652400000
04622871;532652400000
04622872;532652400000
04624159;533257200000
04624158;533257200000
04624052;533257200000
04624612;533257200000
04624611;533257200000
04625461;533862000000
04625464;533862000000
04625377;533862000000
04625602;533862000000
04625601;533862000000
04626149;533862000000
04626144;533862000000
04626299;533862000000
04627477;534466800000
04627317;534466800000
04628584;535071600000
04628779;535071600000
04628778;535071600000
04629389;535071600000
04630979;535676400000
04633409;536281200000
04632614;536281200000
04632910;536281200000
04631995;536281200000
04631994;536281200000
04631993;536281200000
04633650;536886000000
04633695;536886000000
04634323;536886000000
04635329;537490800000
04635340;537490800000
04636117;537490800000
04636188;537490800000
04637169;538095600000
04637285;538095600000
04638655;538700400000
04638694;538700400000
04638693;538700400000
04638537;538700400000
04640651;539305200000
04640157;539305200000
04640156;539305200000
04640159;539305200000
04640158;539305200000
04641413;539910000000
04641414;539910000000
04642006;539910000000
04643055;540514800000
04643056;540514800000
04643057;540514800000
04642861;540514800000
04644819;541119600000
04647261;541724400000
04646422;541724400000
04646595;541724400000
04646596;541724400000
04646597;541724400000
04648295;542329200000
04648294;542329200000
04649780;542934000000
04649779;542934000000
04650237;542934000000
04651600;543538800000
04651601;543538800000
04651787;543538800000
04651599;543538800000
04653360;544140000000
04653361;544140000000
04653169;544140000000
04654955;544744800000
04655106;544744800000
04655105;544744800000
04655108;544744800000
04655109;544744800000
04655631;544744800000
04655655;544744800000
04655654;544744800000
04657455;545349600000
04656898;545349600000
04656899;545349600000
04656896;545349600000
04656897;545349600000
04658875;545954400000
04658681;545954400000
04658680;545954400000
04662253;547164000000
04662254;547164000000
04662043;547164000000
04663794;547768800000
04663818;547768800000
04663844;547768800000
04664003;547768800000
04664002;547768800000
04665782;548373600000
04665783;548373600000
04665784;548373600000
04665780;548373600000
04665781;548373600000
04667789;548978400000
04667546;548978400000
04667547;548978400000
04667548;548978400000
04667549;548978400000
04668133;548978400000
04669927;549583200000
04669741;549583200000
04669359;549583200000
04672552;550188000000
04671145;550188000000
04671146;550188000000
04671147;550188000000
04671148;550188000000
04671784;550188000000
04672868;550792800000
04672869;550792800000
04674369;551397600000
04674370;551397600000
04674371;551397600000
04674163;551397600000
04674162;551397600000
04676704;552002400000
04676128;552002400000
04676127;552002400000
04677885;552607200000
04677884;552607200000
04677886;552607200000
04677792;552607200000
04678379;552607200000
04679973;553212000000
04679472;553212000000
04679471;553212000000
04679470;553212000000
04680719;553212000000
04680999;553816800000
04680998;553816800000
04681492;553816800000
04681491;553816800000
04681295;553816800000
04682919;554421600000
04682521;554421600000
04682445;554421600000
04683626;555026400000
04683788;555026400000
04683787;555026400000
04683786;555026400000
04683785;555026400000
04685361;555631200000
04685362;555631200000
04686757;556236000000
04688973;556840800000
04690020;557445600000
04690592;557445600000
04690594;557445600000
04692069;558050400000
04692856;558050400000
04691600;558050400000
04693150;558655200000
04693148;558655200000
04693147;558655200000
04693149;558655200000
04693146;558655200000
04694713;559260000000
04696209;559868400000
04697484;560473200000
04700313;561078000000
04698898;561078000000
04700453;561682800000
04700595;561682800000
04700593;561682800000
04700594;561682800000
04702132;562287600000
04703977;562892400000
04704773;563497200000
04704926;563497200000
04706481;564102000000
04706415;564102000000
04706530;564102000000
04706529;564102000000
04706360;564102000000
04706371;564102000000
04706351;564102000000
04708037;564706800000
04708039;564706800000
04708038;564706800000
04708040;564706800000
04708041;564706800000
04708546;564706800000
04708539;564706800000
04709604;565311600000
04709603;565311600000
04711146;565916400000
04711016;565916400000
04712951;566521200000
04712457;566521200000
04712535;566521200000
04713992;567126000000
04714390;567126000000
04714387;567126000000
04715753;567730800000
04715751;567730800000
04717296;568335600000
04719829;569545200000
04719830;569545200000
04719676;569545200000
04720114;569545200000
04721017;570150000000
04722123;570754800000
04723878;571359600000
04723877;571359600000
04725173;571964400000
04726267;572569200000
04726268;572569200000
04726269;572569200000
04727783;573174000000
04729159;573778800000
04730525;574383600000
04730373;574383600000
04732206;574988400000
04732063;574988400000
04733999;575589600000
04733585;575589600000
04735530;576194400000
04736325;576194400000
04736659;576799200000
04736512;576799200000
04738171;577404000000
04738170;577404000000
04739872;578008800000
04739682;578008800000
04739684;578008800000
04739685;578008800000
04741230;578613600000
04741231;578613600000
04741232;578613600000
04742738;579218400000
04742739;579218400000
04742740;579218400000
04742609;579218400000
04744274;579823200000
04744123;579823200000
04745832;580428000000
04746131;580428000000
04747735;581032800000
04747236;581032800000
04748879;581637600000
04748881;581637600000
04748880;581637600000
04750392;582242400000
04751864;582847200000
04753143;583452000000
04754787;584056800000
04754788;584056800000
04754673;584056800000
04754671;584056800000
04754672;584056800000
04756217;584661600000
04758121;585266400000
04759245;585871200000
04759243;585871200000
04759244;585871200000
04761104;586476000000
04761891;587080800000
04762446;587080800000
04762038;587080800000
04762037;587080800000
04763549;587685600000
04765212;588290400000
04766789;588895200000
04766788;588895200000
04766665;588895200000
04768791;589500000000
04768904;589500000000
04770077;590104800000
04770074;590104800000
04770075;590104800000
04771519;590709600000
04771662;590709600000
04773292;591318000000
04773291;591318000000
04773290;591318000000
04773799;591318000000
04774753;591922800000
04774746;591922800000
04776248;592527600000
04776247;592527600000
04778315;593132400000
04777723;593132400000
04777714;593132400000
04777713;593132400000
04779318;593737200000
04779495;593737200000
04779496;593737200000
04779497;593737200000
04781496;594342000000
04782727;594946800000
04782728;594946800000
04782567;594946800000
04784534;595551600000
04784542;595551600000
04784543;595551600000
04784028;595551600000
04785513;596156400000
04787280;596761200000
04789277;597366000000
04789943;597366000000
04788895;597366000000
04790545;597970800000
04790699;597970800000
04790221;597970800000
04790222;597970800000
04792267;598575600000
04791840;598575600000
04791842;598575600000
04791841;598575600000
04794514;599180400000
04793108;599180400000
04794777;599785200000
04794834;599785200000
04794831;599785200000
04794836;599785200000
04795293;599785200000
04798109;600994800000
04799408;601599600000
04799409;601599600000
04799410;601599600000
04799412;601599600000
04800683;602204400000
04800789;602204400000
04800790;602204400000
04801226;602204400000
04802278;602809200000
04806052;604018800000
04805431;604018800000
04805497;604018800000
04805498;604018800000
04807501;604623600000
04807502;604623600000
04809995;605228400000
04811639;605833200000
04813831;606438000000
04813314;606438000000
04813315;606438000000
04813313;606438000000
04813311;606438000000
04817007;607039200000
04815347;607039200000
04817213;607644000000
04819526;608248800000
04819525;608248800000
04819527;608248800000
04819319;608248800000
04821612;608853600000
04822221;608853600000
04821460;608853600000
04821402;608853600000
04824274;609458400000
04824301;609458400000
04823579;609458400000
04823655;609458400000
04823656;609458400000
04823657;609458400000
04825737;610063200000
04825736;610063200000
04825543;610063200000
04828437;610668000000
04827994;610668000000
04827816;610668000000
04827814;610668000000
04827815;610668000000
04829859;611272800000
04829860;611272800000
04829862;611272800000
04829861;611272800000
04831785;611877600000
04831782;611877600000
04831906;611877600000
04831907;611877600000
04832543;611877600000
04833955;612482400000
04834597;612482400000
04836068;613087200000
04838135;613692000000
04838136;613692000000
04840096;614296800000
04840095;614296800000
04841820;614901600000
04841636;614901600000
04843691;615506400000
04843928;615506400000
04843929;615506400000
04848422;616716000000
04848198;616716000000
04848199;616716000000
04850765;617320800000
04850255;617320800000
04853867;617925600000
04852438;617925600000
04852436;617925600000
04852437;617925600000
04852434;617925600000
04852435;617925600000
04856105;618530400000
04854200;618530400000
04854089;618530400000
04854199;618530400000
04856390;619135200000
04856391;619135200000
04856178;619135200000
04858316;619740000000
04861203;620344800000
04860499;620344800000
04863321;620949600000
04862777;620949600000
04864904;621554400000
04867619;622159200000
04867021;622159200000
04867020;622159200000
04868969;622767600000
04869140;622767600000
04869127;622767600000
04870786;623372400000
04870880;623372400000
04871286;623372400000
04872379;623977200000
04872380;623977200000
04875397;625186800000
04875396;625186800000
04876931;625791600000
04876932;625791600000
04876930;625791600000
04879930;627001200000
04879929;627001200000
04883449;628210800000
04885530;628815600000
04884326;628815600000
04884481;628815600000
04884483;628815600000
04884482;628815600000
04887668;630025200000
04887500;630025200000
04887501;630025200000
04889024;630630000000
04889023;630630000000
04890523;631234800000
04890522;631234800000
04890424;631234800000
04890423;631234800000
04893532;632444400000
04895058;633049200000
04895057;633049200000
04898054;634258800000
04899793;634863600000
04899795;634863600000
04899628;634863600000
04899627;634863600000
04901611;635468400000
04901480;635468400000
04905552;636678000000
04905551;636678000000
04907478;637282800000
04910921;638488800000
04911043;638488800000
04911044;638488800000
04911042;638488800000
04911574;638488800000
04913602;639093600000
04913607;639093600000
04913606;639093600000
04914993;639698400000
04914992;639698400000
04914991;639698400000
04914990;639698400000
04914869;639698400000
04915523;639698400000
04916989;640303200000
04919023;640908000000
04920838;641512800000
04922772;642117600000
04924738;642722400000
04924739;642722400000
04924684;642722400000
04926337;642722400000
04925346;642722400000
04926588;643327200000
04926723;643327200000
04928561;643932000000
04929138;643932000000
04930379;644536800000
04930380;644536800000
04930381;644536800000
04932295;645141600000
04932125;645141600000
04934227;645746400000
04934225;645746400000
04934224;645746400000
04936180;646351200000
04936173;646351200000
04936174;646351200000
04938291;646956000000
04938110;646956000000
04939962;647560800000
04939963;647560800000
04939966;647560800000
04939964;647560800000
04939965;647560800000
04941782;648165600000
04941291;648165600000
04942650;648770400000
04944205;649375200000
04945792;649980000000
04945793;649980000000
04948309;650584800000
04947907;650584800000
04947715;650584800000
04947538;650584800000
04947533;650584800000
04949605;651189600000
04949443;651189600000
04949444;651189600000
04950113;651189600000
04951535;651794400000
04951536;651794400000
04951534;651794400000
04951376;651794400000
04951421;651794400000
04952103;651794400000
04952105;651794400000
04953429;652399200000
04953274;652399200000
04955937;653004000000
04956318;653004000000
04955263;653004000000
04955264;653004000000
04958543;654213600000
04958542;654213600000
04959164;654213600000
04959902;654822000000
04961358;655426800000
04965737;656636400000
04964320;656636400000
04964321;656636400000
04964322;656636400000
04966058;657241200000
04971339;659055600000
04972744;659660400000
04972632;659660400000
04976177;660870000000
04976176;660870000000
04976020;660870000000
04977801;661474800000
04979852;662079600000
04979851;662079600000
04981057;662684400000
04981055;662684400000
04981056;662684400000
04981401;662684400000
04982634;663289200000
04982633;663289200000
04982496;663289200000
04986149;664498800000
04986151;664498800000
04986150;664498800000
04988243;665103600000
04987807;665103600000
04989303;665708400000
04990037;665708400000
04991474;666313200000
04991475;666313200000
04991762;666313200000
04992010;666313200000
04995434;667522800000
04995286;667522800000
04995298;667522800000
04995300;667522800000
04996897;668127600000
04996758;668127600000
04998957;668732400000
04998455;668732400000
05000068;669337200000
05001819;669942000000
05001871;669942000000
05001949;669942000000
05003852;670543200000
05003851;670543200000
05005452;671148000000
05005453;671148000000
05007151;671752800000
05007314;671752800000
05009136;672357600000
05010793;672962400000
05010794;672962400000
05012710;673567200000
05014580;674172000000
05014579;674172000000
05014584;674172000000
05014581;674172000000
05017180;674776800000
05016334;674776800000
05019028;675381600000
05019115;675381600000
05018257;675381600000
05020201;675986400000
05020221;675986400000
05020401;675986400000
05020402;675986400000
05022294;676591200000
05022293;676591200000
05022797;676591200000
05024527;677196000000
05025689;677800800000
05025690;677800800000
05027527;678405600000
05027563;678405600000
05027682;678405600000
05027681;678405600000
05027680;678405600000
05027873;678405600000
05030041;679010400000
05029499;679010400000
05029416;679010400000
05029500;679010400000
05031491;679615200000
05031490;679615200000
05031492;679615200000
05033340;680220000000
05033346;680220000000
05033339;680220000000
05033923;680220000000
05033918;680220000000
05036596;681429600000
05036735;681429600000
05038645;682034400000
05040931;682639200000
05040932;682639200000
05042335;683244000000
05042334;683244000000
05044841;683848800000
05044842;683848800000
05044055;683848800000
05044245;683848800000
05046226;684453600000
05048384;685058400000
05048382;685058400000
05048383;685058400000
05048360;685058400000
05050468;685663200000
05050291;685663200000
05052089;686271600000
05052254;686271600000
05052455;686271600000
05054176;686876400000
05054343;686876400000
05054344;686876400000
05054341;686876400000
05054342;686876400000
05054340;686876400000
05058029;687481200000
05056389;687481200000
05056388;687481200000
05056390;687481200000
05059069;688086000000
05058466;688086000000
05058467;688086000000
05058468;688086000000
05060355;688690800000
05060456;688690800000
05060544;688690800000
05061125;688690800000
05062330;689295600000
05062189;689295600000
05063798;689900400000
05063799;689900400000
05065492;690505200000
05065651;690505200000
05067377;691110000000
05067371;691110000000
05067534;691110000000
05069095;691714800000
05069096;691714800000
05069093;691714800000
05069094;691714800000
05069092;691714800000
05072399;692319600000
05072636;692924400000
05072635;692924400000
05072953;692924400000
05074346;693529200000
05074723;693529200000
05074018;693529200000
05074176;693529200000
05074177;693529200000
05076123;694134000000
05076122;694134000000
05076744;694134000000
05076743;694134000000
05078031;694738800000
05078556;694738800000
05077876;694738800000
05079979;695343600000
05080536;695343600000
05082299;695948400000
05081889;695948400000
05083484;696553200000
05083485;696553200000
05085013;697158000000
05085109;697158000000
05085430;697158000000
05086677;697762800000
05086676;697762800000
05088361;698367600000
05088362;698367600000
05090278;698972400000
05090279;698972400000
05090280;698972400000
05092206;699577200000
05092205;699577200000
05093975;700182000000
05093973;700182000000
05096348;700786800000
05095598;700786800000
05095787;700786800000
05095786;700786800000
05095785;700786800000
05095789;700786800000
05095788;700786800000
05097575;701391600000
05099727;701992800000
05099729;701992800000
05099728;701992800000
05099730;701992800000
05101699;702597600000
05101700;702597600000
05104268;703202400000
05103699;703202400000
05103700;703202400000
05103701;703202400000
05105694;703807200000
05105691;703807200000
05105693;703807200000
05105692;703807200000
05108789;704412000000
05108117;704412000000
05107730;704412000000
05110238;705016800000
05111721;705621600000
05111562;705621600000
05112164;705621600000
05112163;705621600000
05112169;705621600000
05113558;706226400000
05113728;706226400000
05113729;706226400000
05113730;706226400000
05115546;706831200000
05115702;706831200000
05117544;707436000000
05117552;707436000000
05117716;707436000000
05119702;708040800000
05119703;708040800000
05120167;708040800000
05123149;709250400000
05125299;709855200000
05125142;709855200000
05127777;710460000000
05127290;710460000000
05127291;710460000000
05127140;710460000000
05129190;711064800000
05133234;712274400000
05133565;712274400000
05133566;712274400000
05134910;712879200000
05137065;713484000000
05137397;713484000000
05136903;713484000000
05139060;714088800000
05138918;714088800000
05141434;714693600000
05140878;714693600000
05144871;715903200000
05144772;715903200000
05146819;716508000000
05146817;716508000000
05146818;716508000000
05148587;717112800000
05148728;717112800000
05148845;717112800000
05150518;717721200000
05152060;718326000000
05152201;718326000000
05152202;718326000000
05154105;718930800000
05153973;718930800000
05155898;719535600000
05157997;720140400000
05157998;720140400000
05157824;720140400000
05158739;720140400000
05159863;720745200000
05159862;720745200000
05159741;720745200000
05161441;721350000000
05161901;721350000000
05161924;721350000000
05163009;721350000000
05163347;721954800000
05165313;722559600000
05167175;723164400000
05167176;723164400000
05167839;723164400000
05169270;723769200000
05168609;723769200000
05170103;723769200000
05170684;724374000000
05170683;724374000000
05170686;724374000000
05170685;724374000000
05171110;724374000000
05172617;724978800000
05173017;724978800000
05174071;725583600000
05174179;725583600000
05174695;725583600000
05176051;726188400000
05176052;726188400000
05176053;726188400000
05175914;726188400000
05178037;726793200000
05177842;726793200000
05180209;727398000000
05181441;728002800000
05181442;728002800000
05182842;728607600000
05182974;728607600000
05186088;729817200000
05186086;729817200000
05186087;729817200000
05186476;729817200000
05188493;730422000000
05187847;730422000000
05189932;731026800000
05189933;731026800000
05192174;731631600000
05191817;731631600000
05191711;731631600000
05193422;732236400000
05193421;732236400000
05193826;732236400000
05193954;732236400000
05196401;732841200000
05195408;732841200000
05195409;732841200000
05195407;732841200000
05197362;733442400000
05197361;733442400000
05197363;733442400000
05197833;733442400000
05199337;734047200000
05201795;734652000000
05201586;734652000000
05203243;735256800000
05203244;735256800000
05203856;735256800000
05205686;735861600000
05205195;735861600000
05207136;736466400000
05207135;736466400000
05207134;736466400000
05207133;736466400000
05209145;737071200000
05209146;737071200000
05209147;737071200000
05211089;737676000000
05211088;737676000000
05212648;737676000000
05213019;738280800000
05213348;738280800000
05214989;738885600000
05214988;738885600000
05214830;738885600000
05214829;738885600000
05216845;739490400000
05217724;739490400000
05218893;740095200000
05221234;740700000000
05221165;740700000000
05221306;740700000000
05222283;741304800000
05222285;741304800000
05222421;741304800000
05222846;741304800000
05222841;741304800000
05224404;741909600000
05229951;743119200000
05228369;743119200000
05228371;743119200000
05228370;743119200000
05230266;743724000000
05230265;743724000000
05237895;746143200000
05237894;746143200000
05237780;746143200000
05240358;746748000000
05239901;746748000000
05243534;747352800000
05243885;747957600000
05243884;747957600000
05244322;747957600000
05245896;748562400000
05246315;748562400000
05246414;748562400000
05248366;749170800000
05250477;749775600000
05251522;750380400000
05251511;750380400000
05251510;750380400000
05251918;750380400000
05255580;751590000000
05255581;751590000000
05255582;751590000000
05256008;751590000000
05257561;752194800000
05257560;752194800000
05257884;752194800000
05259156;752799600000
05261301;753404400000
05261302;753404400000
05265505;754614000000
05265486;754614000000
05267381;755218800000
05267380;755218800000
05269210;755823600000
05270942;755823600000
05271134;756428400000
05271137;756428400000
05271301;756428400000
05273381;757033200000
05273295;757033200000
05272945;757033200000
05274564;757033200000
05274566;757033200000
05275072;757638000000
05275071;757638000000
05277090;758242800000
05279194;758847600000
05279191;758847600000
05279192;758847600000
05282402;760057200000
05282403;760057200000
05282300;760057200000
05284076;760662000000
05283981;760662000000
05285599;761266800000
05285706;761266800000
05287607;761871600000
05288180;761871600000
05289622;762476400000
05293412;763081200000
05291812;763081200000
05293793;763686000000
05293794;763686000000
05295076;763686000000
05297460;764892000000
05299476;765496800000
05301405;766101600000
05304018;766706400000
05303458;766706400000
05303621;766706400000
05303622;766706400000
05305671;767311200000
05305509;767311200000
05309368;767916000000
05309200;767916000000
05307714;767916000000
05309800;768520800000
05309801;768520800000
05310397;768520800000
05314270;769730400000
05313694;769730400000
05313862;769730400000
05313861;769730400000
05315526;769730400000
05315789;770335200000
05315904;770335200000
05320010;771544800000
05320006;771544800000
05320007;771544800000
05320008;771544800000
05320009;771544800000
05322000;772149600000
05325749;773359200000
05325748;773359200000
05325747;773359200000
05325750;773359200000
05328306;773964000000
05330296;774568800000
05331871;775173600000
05331870;775173600000
05333524;775778400000
05335570;776383200000
05339513;777592800000
05341709;778197600000
05342160;778197600000
05343603;778802400000
05343604;778802400000
05343788;778802400000
05343789;778802400000
05343787;778802400000
05344260;778802400000
05346335;779407200000
05345682;779407200000
05345847;779407200000
05345846;779407200000
05347895;780012000000
05347896;780012000000
05347897;780012000000
05349888;780620400000
05349889;780620400000
05349731;780620400000
05351587;781225200000
05351377;781225200000
05351376;781225200000
05353668;781830000000
05356247;782434800000
05356244;782434800000
05359530;783039600000
05359913;783644400000
05359912;783644400000
05361470;784249200000
05361472;784249200000
05361469;784249200000
05361659;784249200000
05366334;785458800000
05367754;786063600000
05370023;786668400000
05373631;787878000000
05373760;787878000000
05374144;787878000000
05378076;789087600000
05381213;789692400000
05383380;790902000000
05386743;792111600000
05388487;792716400000
05391027;793321200000
05393176;793926000000
05392501;793926000000
05392502;793926000000
05392674;793926000000
05394776;794530800000
05396821;795135600000
05398741;795740400000
05401230;796341600000
05402696;796946400000
05402606;796946400000
05404776;797551200000
05406691;798156000000
05408906;798760800000
05415066;800575200000
05415610;800575200000
05417131;801180000000
05417130;801180000000
05419222;801784800000
05419223;801784800000
05419732;801784800000
05421229;802389600000
05421072;802389600000
05423111;802994400000
05423237;802994400000
05425607;803599200000
05427479;804204000000
05429021;804808800000
05429020;804808800000
05431076;805413600000
05431514;805413600000
05433130;806018400000
05436845;806623200000
05435215;806623200000
05439329;807832800000
05442565;808437600000
05440949;808437600000
05442953;809042400000
05442981;809042400000
05444902;809647200000
05446673;809647200000
05445052;809647200000
05450337;810856800000
05448820;810856800000
05453070;812070000000
05452502;812070000000
05452631;812070000000
05454284;812674800000
05456146;813279600000
05455993;813279600000
05458031;813884400000
05459915;814489200000
05460640;814489200000
05460066;814489200000
05463503;815094000000
05462393;815094000000
05463919;815698800000
05465638;816303600000
05467675;816908400000
05471900;818118000000
05476025;819327600000
05478180;819932400000
05477759;819932400000
05480007;820537200000
05480627;820537200000
05481951;821142000000
05482416;821142000000
05483855;821746800000
05485771;822351600000
05488888;823561200000
05490548;824166000000
05490307;824166000000
05492441;824770800000
05493763;825375600000
05493939;825375600000
05496324;825980400000
05497683;826585200000
05499563;827190000000
05500989;827794800000
05505568;829000800000
05505584;829000800000
05507608;829605600000
05509335;830210400000
05511913;830815200000
05513434;831420000000
05514064;831420000000
05514061;831420000000
05513932;831420000000
05515609;832024800000
05515756;832024800000
05516395;832024800000
05518052;832629600000
05517886;832629600000
05520077;833234400000
05520078;833234400000
05520493;833234400000
05522293;833839200000
05522689;833839200000
05525092;834444000000
05525017;834444000000
05527409;835048800000
05527400;835048800000
05526725;835048800000
05528830;835653600000
05531550;836258400000
05531144;836258400000
05531006;836258400000
05535653;837468000000
05535652;837468000000
05542324;839282400000
05542177;839282400000
05544989;839887200000
05544556;839887200000
05546836;840492000000
05546837;840492000000
05549023;841096800000
05549024;841096800000
05549426;841096800000
05551814;841701600000
05551795;841701600000
05551324;841701600000
05555178;842306400000
05556114;842911200000
05556241;842911200000
05555784;842911200000
05555783;842911200000
05555782;842911200000
05557995;843516000000
05557999;843516000000
05561242;844120800000
05560272;844120800000
05560271;844120800000
05560270;844120800000
05562381;844725600000
05562007;844725600000
05564171;845330400000
05564321;845330400000
05564320;845330400000
05564319;845330400000
05566598;845935200000
05566597;845935200000
05573335;847753200000
05572915;847753200000
05575041;848358000000
05582237;850172400000
05582085;850172400000
05581863;850172400000
05584215;850777200000
05586477;851382000000
05586478;851382000000
05586476;851382000000
05586848;851382000000
05592863;853196400000
05597023;854406000000
05596914;854406000000
05598754;855010800000
05598756;855010800000
05601004;855615600000
05601388;855615600000
05600879;855615600000
05603249;856220400000
05603250;856220400000
05605083;856825200000
05605084;856825200000
05607264;857430000000
05606899;857430000000
05610842;858034800000
05609081;858034800000
05611365;858639600000
05611136;858639600000
05611252;858639600000
05611651;858639600000
05613536;859244400000
05615590;859845600000
05615589;859845600000
05615588;859845600000
05615855;859845600000
05617768;860450400000
05617769;860450400000
05619893;861055200000
05619895;861055200000
05619894;861055200000
05622092;861660000000
05623857;862264800000
05623858;862264800000
05623859;862264800000
05626064;862869600000
05628236;863474400000
05630346;864079200000
05633902;864684000000
05635910;865288800000
05638728;866498400000
05638729;866498400000
05640890;867103200000
05641265;867103200000
05641253;867103200000
05642969;867708000000
05642650;867708000000
05642651;867708000000
05644961;868312800000
05644828;868312800000
05645382;868312800000
05647803;868917600000
05649462;869522400000
05649461;869522400000
05649460;869522400000
05651295;870127200000
05651299;870127200000
05651726;870127200000
05651645;870127200000
05653153;870732000000
05653152;870732000000
05655423;871336800000
05655424;871336800000
05655422;871336800000
05655278;871336800000
05660093;872546400000
05660092;872546400000
05662014;873151200000
05662015;873151200000
05662573;873151200000
05664470;873756000000
05664469;873756000000
05664916;873756000000
05667228;874360800000
05669275;874965600000
05669276;874965600000
05669274;874965600000
05672035;875570400000
05671646;875570400000
05674169;876175200000
05673467;876175200000
05676030;876780000000
05676031;876780000000
05678464;877384800000
05678963;877384800000
05678966;877384800000
05680801;877993200000
05683212;878598000000
05682803;878598000000
05682681;878598000000
05689062;879807600000
05690007;880412400000
05692422;881017200000
05692421;881017200000
05695305;881622000000
05694820;881622000000
05694819;881622000000
05697271;882226800000
05697270;882226800000
05697740;882226800000
05699598;882831600000
05702212;883436400000
05705289;884041200000
05704262;884041200000
05707187;884646000000
05711835;885855600000
05711781;885855600000
05711198;885855600000
05711196;885855600000
05711197;885855600000
05711195;885855600000
05713254;886460400000
05713253;886460400000
05715735;887065200000
05718156;887670000000
05718155;887670000000
05718154;887670000000
05720089;888274800000
05720208;888274800000
05720209;888274800000
05722806;888879600000
05725339;889484400000
05727295;890089200000
05730235;890694000000
05730036;890694000000
05730037;890694000000
05732728;891295200000
05732608;891295200000
05732607;891295200000
05735650;891900000000
05735652;891900000000
05735028;891900000000
05737985;892504800000
05737984;892504800000
05739660;892504800000
05740707;893109600000
05743159;893714400000
05743688;893714400000
05743539;893714400000
05744778;893714400000
05745967;894319200000
05749273;894924000000
05749274;894924000000
05751586;894924000000
05755146;896133600000
05757159;896133600000
05759000;896738400000
05758555;896738400000
05758554;896738400000
05758399;896738400000
05761974;897343200000
05761976;897343200000
05761975;897343200000
05763777;897343200000
05765448;897948000000
05765457;897948000000
05765456;897948000000
05765455;897948000000
05765270;897948000000
05769578;898552800000
05768962;898552800000
05768757;898552800000
05772219;899157600000
05771950;899157600000
05771763;899157600000
05771762;899157600000
05775188;899762400000
05775187;899762400000
05775854;899762400000
05778746;900367200000
05778744;900367200000
05778745;900367200000
05778504;900367200000
05782151;900972000000
05782585;900972000000
05785325;901576800000
05787560;902181600000
05787771;902181600000
05787772;902181600000
05791661;902786400000
05791841;902786400000
05791214;902786400000
05794498;903391200000
05794499;903391200000
05797709;903996000000
05797605;903996000000
05797303;903996000000
05799554;904600800000
05799553;904600800000
05800104;904600800000
05800255;904600800000
05803944;905205600000
05802937;905205600000
05806386;905810400000
05809854;906415200000
05809855;906415200000
05810527;906415200000
05810522;906415200000
05810523;906415200000
05813806;907020000000
05813299;907020000000
05813300;907020000000
05816122;907624800000
05816123;907624800000
05815902;907624800000
05820098;908229600000
05823304;908834400000
05826469;909442800000
05826470;909442800000
05829331;910047600000
05829330;910047600000
05831641;910047600000
05832590;910652400000
05832797;910652400000
05836727;911257200000
05839340;911862000000
05839334;911862000000
05839333;911862000000
05842388;912466800000
05842395;912466800000
05842396;912466800000
05842393;912466800000
05842392;912466800000
05848562;913676400000
05851093;914281200000
05851091;914281200000
05850770;914281200000
05850769;914281200000
05852962;914886000000
05855152;915490800000
05855376;915490800000
05857813;916095600000
05857391;916095600000
05859405;916095600000
05860341;916700400000
05860340;916700400000
05862726;917305200000
05868051;918514800000
05868050;918514800000
05868052;918514800000
05870935;919119600000
05873682;919724400000
05873681;919724400000
05875696;920329200000
05878638;920934000000
05881617;921538800000
05881618;921538800000
05881616;921538800000
05885199;922143600000
05884379;922143600000
05884980;922143600000
05884680;922143600000
05888029;922744800000
05887498;922744800000
05887499;922744800000
05887500;922744800000
05887501;922744800000
05890854;923349600000
05890407;923349600000
05893793;923954400000
05894772;924559200000
05894771;924559200000
05894770;924559200000
05896296;924559200000
05896794;925164000000
05896793;925164000000
05899643;925768800000
05898984;925768800000
05901623;926373600000
05901624;926373600000
05904082;926978400000
05906230;927583200000
05909882;928792800000
05910199;928792800000
05910201;928792800000
05910200;928792800000
05911802;929397600000
05911803;929397600000
05911804;929397600000
05913955;930002400000
05916344;930607200000
05916342;930607200000
05916343;930607200000
05915428;930607200000
05915502;930607200000
05918515;931212000000
05918514;931212000000
05919083;931212000000
05919013;931212000000
05919008;931212000000
05921159;931816800000
05923560;931816800000
05924344;932421600000
05927167;933026400000
05927166;933026400000
05927169;933026400000
05927168;933026400000
05931068;933631200000
05931069;933631200000
05934163;934236000000
05933963;934236000000
05934688;934236000000
05937499;934840800000
05941143;935445600000
05941146;935445600000
05941144;935445600000
05941145;935445600000
05941291;935445600000
05943927;936050400000
05943928;936050400000
05944458;936050400000
05947658;936655200000
05946993;936655200000
05946992;936655200000
05946991;936655200000
05951025;937260000000
05953970;937864800000
05954462;937864800000
05957017;938469600000
05957016;938469600000
05960690;939074400000
05960686;939074400000
05960687;939074400000
05960688;939074400000
05960689;939074400000
05964133;939679200000
05964024;939679200000
05964016;939679200000
05967008;940284000000
05967007;940284000000
05970830;940888800000
05970829;940888800000
05971678;940888800000
05974878;941497200000
05974920;941497200000
05979275;942102000000
05979276;942102000000
05980171;942102000000
05984599;942706800000
05988960;943311600000
05992275;943916400000
05992277;943916400000
05992276;943916400000
05992278;943916400000
05992581;943916400000
05997452;944521200000
05996454;944521200000
06000305;945126000000
06000306;945126000000
06000447;945126000000
06003416;945730800000
06003415;945730800000
06004214;945730800000
06009780;946940400000
06010282;946940400000
06012976;947545200000
06012364;947545200000
06016729;948754800000
06016669;948754800000
06022176;949964400000
06021695;949964400000
06021771;949964400000
06024002;950569200000
06024001;950569200000
06026719;951174000000
06026720;951174000000
06026549;951174000000
06038489;952988400000
06038948;953593200000
06038947;953593200000
06043176;954194400000
06044735;954799200000
06044736;954799200000
06045300;954799200000
06050160;956008800000
06050161;956008800000
06050162;956008800000
06050159;956008800000
06050757;956008800000
06053081;956613600000
06053082;956613600000
06053083;956613600000
06056484;957218400000
06055892;957218400000
06055893;957218400000
06060855;957823200000
06058988;957823200000
06058816;957823200000
06062117;958428000000
06062116;958428000000
06062118;958428000000
06063332;958428000000
06062778;958428000000
06065906;959032800000
06065905;959032800000
06065378;959032800000
06065377;959032800000
06065338;959032800000
06068267;959637600000
06068430;959637600000
06071047;960242400000
06071049;960242400000
06070496;960242400000
06074139;960847200000
06073524;960847200000
06076441;961452000000
06079303;962056800000
06079302;962056800000
06079090;962056800000
06083146;962661600000
06082939;962661600000
06082235;962661600000
06082236;962661600000
06082234;962661600000
06085623;963266400000
06085622;963266400000
06088903;963871200000
06089797;963871200000
06092447;964476000000
06092445;964476000000
06092446;964476000000
06095728;965080800000
06095021;965080800000
06095022;965080800000
06098258;965685600000
06099226;965685600000
06098509;965685600000
06101911;966290400000
06101910;966290400000
06102838;966290400000
06105476;966895200000
06109151;967500000000
06109152;967500000000
06113324;968104800000
06112627;968104800000
06114653;968104800000
06115895;968709600000
06116306;968709600000
06119564;969314400000
06123000;969919200000
06122999;969919200000
06122998;969919200000
06125727;970524000000
06128985;971128800000
06128812;971128800000
06131533;971733600000
06134998;972338400000
06134997;972338400000
06134996;972338400000
06139028;972946800000
06138540;972946800000
06142044;973551600000
06146067;974156400000
06145554;974156400000
06145555;974156400000
06145420;974156400000
06145419;974156400000
06155148;975970800000
06158312;976575600000
06158311;976575600000
06158124;976575600000
06161991;977180400000
06161457;977180400000
06164877;977785200000
06164173;977785200000
06170367;978994800000
06170368;978994800000
06173630;979599600000
06175778;979599600000
06176163;980204400000
06179529;980809200000
06178856;980809200000
06178615;980809200000
06182544;981414000000
06182543;981414000000
06182542;981414000000
06182349;981414000000
06186706;982018800000
06186037;982018800000
06185818;982018800000
06189426;982623600000
06189427;982623600000
06189424;982623600000
06189425;982623600000
06193451;983228400000
06196773;983833200000
06196094;983833200000
06195895;983833200000
06199461;984438000000
06199462;984438000000
06201567;984438000000
06202522;985042800000
06202521;985042800000
06202520;985042800000
06202523;985042800000
06205895;985644000000
06205631;985644000000
06209430;986248800000
06209429;986248800000
06212981;986853600000
06212986;986853600000
06216571;987458400000
06216325;987458400000
06219895;988063200000
06219918;988063200000
06220798;988063200000
06220130;988063200000
06223635;988668000000
06227086;989272800000
06227085;989272800000
06227082;989272800000
06227084;989272800000
06227083;989272800000
06230595;989877600000
06233810;990482400000
06237453;991087200000
06237452;991087200000
06240819;991692000000
06243019;991692000000
06244143;992296800000
06247219;992901600000
06249944;993506400000
06253650;994111200000
06257972;994716000000
06257817;994716000000
06257811;994716000000
06257109;994716000000
06257108;994716000000
06257111;994716000000
06257110;994716000000
06256885;994716000000
06264407;995925600000
06263553;995925600000
06270295;997135200000
06270293;997135200000
06269718;997135200000
06272954;997740000000
06272956;997740000000
06272955;997740000000
06272726;997740000000
06276880;998344800000
06276245;998344800000
06276244;998344800000
06279436;998949600000
06279437;998949600000
06279438;998949600000
06279919;998949600000
06283687;999554400000
06283000;999554400000
06282766;999554400000
06286402;1000159200000
06289776;1000764000000
06293320;1001368800000
06293174;1001368800000
06295905;1001973600000
06298759;1002578400000
06298757;1002578400000
06298758;1002578400000
06298531;1002578400000
06299388;1002578400000
06302006;1003183200000
06302005;1003183200000
06302004;1003183200000
06302003;1003183200000
06301983;1003183200000
06305448;1003788000000
06305257;1003788000000
06309145;1004396400000
06311590;1005001200000
06311592;1005001200000
06311591;1005001200000
06312201;1005001200000
06315503;1005606000000
06315106;1005606000000
06314847;1005606000000
06318220;1006210800000
06318221;1006210800000
06318219;1006210800000
06322300;1006815600000
06325573;1007420400000
06324949;1007420400000
06327947;1008025200000
06327946;1008025200000
06331093;1008630000000
06330847;1008630000000
06332385;1009234800000
06332386;1009234800000
06340274;1011654000000
06341547;1012258800000
06349626;1014678000000
06352496;1015282800000
06353987;1015887600000
06354179;1015887600000
06357565;1016492400000
06357576;1016492400000
06357324;1016492400000
06357325;1016492400000
06357326;1016492400000
06358382;1016492400000
06363821;1017698400000
06367359;1018303200000
06367360;1018303200000
06367331;1018303200000
06367137;1018303200000
06367135;1018303200000
06370995;1018908000000
06370994;1018908000000
06374713;1019512800000
06374712;1019512800000
06374472;1019512800000
06382890;1020722400000
06382884;1020722400000
06382886;1020722400000
06383567;1020722400000
06386334;1021327200000
06386079;1021327200000
06385831;1021327200000
06389939;1021932000000
06389938;1021932000000
06394710;1022536800000
06397712;1023141600000
06401348;1023746400000
06401324;1023746400000
06405623;1024351200000
06412376;1025560800000
06414042;1025560800000
06415694;1026165600000
06415695;1026165600000
06415696;1026165600000
06415508;1026165600000
06418822;1026770400000
06421895;1027375200000
06425308;1027980000000
06428253;1028584800000
06427567;1028584800000
06427566;1028584800000
06438813;1030399200000
06439087;1030399200000
06443672;1031004000000
06443041;1031004000000
06443040;1031004000000
06442815;1031004000000
06447220;1031608800000
06446533;1031608800000
06446532;1031608800000
06450074;1032213600000
06450073;1032213600000
06453782;1032818400000
06453528;1032818400000
06457391;1033423200000
06460437;1034028000000
06460438;1034028000000
06460434;1034028000000
06460435;1034028000000
06460436;1034028000000
06463835;1034632800000
06467381;1035237600000
06467145;1035237600000
06470775;1035846000000
06470776;1035846000000
06471452;1035846000000
06474203;1036450800000
06474204;1036450800000
06473951;1036450800000
06477928;1037055600000
06477927;1037055600000
06481318;1037660400000
06481319;1037660400000
06484611;1038265200000
06484612;1038265200000
06487947;1038870000000
06487946;1038870000000
06487945;1038870000000
06487944;1038870000000
06488454;1038870000000
06497539;1040684400000
06501997;1041289200000
06502834;1041894000000
06502486;1041894000000
06502488;1041894000000
06502487;1041894000000
06503031;1041894000000
06506005;1042498800000
06506001;1042498800000
06505533;1042498800000
06508150;1043103600000
06510769;1043708400000
06510770;1043708400000
06513410;1044313200000
06513802;1044313200000
06519861;1045522800000
06523443;1046127600000
06526638;1046732400000
06527279;1046732400000
06530300;1047337200000
06532848;1047942000000
06532849;1047942000000
06533508;1047942000000
06536313;1048546800000
06536312;1048546800000
06536315;1048546800000
06536314;1048546800000
06536317;1048546800000
06536316;1048546800000
06536998;1048546800000
06539828;1049148000000
06539827;1049148000000
06540459;1049148000000
06540450;1049148000000
06543318;1049752800000
06543319;1049752800000
06543321;1049752800000
06546832;1050357600000
06550140;1050962400000
06550360;1050962400000
06551969;1050962400000
06553874;1051567200000
06553875;1051567200000
06553876;1051567200000
06553877;1051567200000
06554291;1051567200000
06554559;1051567200000
06557227;1052172000000
06557226;1052172000000
06557257;1052172000000
06557445;1052172000000
06557443;1052172000000
06557444;1052172000000
06560835;1052776800000
06560846;1052776800000
06561063;1052776800000
06561062;1052776800000
06564682;1053381600000
06564683;1053381600000
06565298;1053381600000
06565297;1053381600000
06565497;1053381600000
06568096;1053986400000
06568303;1053986400000
06568889;1053986400000
06568888;1053986400000
06568884;1053986400000
06572290;1054591200000
06571671;1054591200000
06571670;1054591200000
06575063;1055196000000
06578454;1055800800000
06578453;1055800800000
06578457;1055800800000
06578456;1055800800000
06578455;1055800800000
06579047;1055800800000
06579046;1055800800000
06581499;1056405600000
06581498;1056405600000
06584878;1057010400000
06584877;1057010400000
06585462;1057010400000
06588307;1057615200000
06591179;1057615200000
06591720;1058220000000
06591721;1058220000000
06595092;1058824800000
06598504;1059429600000
06601485;1060034400000
06601486;1060034400000
06601484;1060034400000
06604442;1060639200000
06609446;1061848800000
06609448;1061848800000
06609447;1061848800000
06609441;1061848800000
06612004;1062453600000
06612207;1062453600000
06612208;1062453600000
06615695;1063058400000
06615696;1063058400000
06615697;1063058400000
06618917;1063663200000
06619173;1063663200000
06619165;1063663200000
06619164;1063663200000
06619163;1063663200000
06619162;1063663200000
06619897;1063663200000
06622599;1064268000000
06622600;1064268000000
06623015;1064268000000
06623202;1064268000000
06626073;1064872800000
06626074;1064872800000
06626075;1064872800000
06626072;1064872800000
06626058;1064872800000
06626285;1064872800000
06629480;1065477600000
06629479;1065477600000
06629549;1065477600000
06631660;1066082400000
06632054;1066082400000
06634072;1066687200000
06634266;1066687200000
06634265;1066687200000
06634264;1066687200000
06634263;1066687200000
06634468;1066687200000
06634862;1066687200000
06636777;1066687200000
06637097;1067295600000
06637307;1067295600000
06637306;1067295600000
06637305;1067295600000
06637304;1067295600000
06637303;1067295600000
06637302;1067295600000
06637301;1067295600000
06637984;1067295600000
06640677;1067900400000
06640678;1067900400000
06640676;1067900400000
06640679;1067900400000
06640849;1067900400000
06644152;1068505200000
06644151;1068505200000
06647840;1069110000000
06647841;1069110000000
06647839;1069110000000
06651534;1069714800000
06651535;1069714800000
06651536;1069714800000
06652413;1069714800000
06655244;1070319600000
06655245;1070319600000
06655246;1070319600000
06655247;1070319600000
06655883;1070319600000
06658317;1070319600000
06665579;1071529200000
06665936;1072134000000
06666118;1072134000000
06666119;1072134000000
06666120;1072134000000
06666581;1072134000000
06666632;1072134000000
06672185;1073343600000
06672184;1073343600000
06675451;1073948400000
06679144;1074553200000
06684742;1075762800000
06694213;1076972400000
06694849;1077577200000
06695122;1077577200000
06698321;1078182000000
06699583;1078182000000
06701211;1078182000000
06701772;1078786800000
06701815;1078786800000
06702398;1078786800000
06702525;1078786800000
06705184;1079391600000
06705185;1079391600000
06705186;1079391600000
06705805;1079391600000
06708382;1079996400000
06708590;1079996400000
06708589;1079996400000
06711818;1080597600000
06711804;1080597600000
06711976;1080597600000
06715386;1081202400000
06718636;1081807200000
06718853;1081807200000
06718854;1081807200000
06719505;1081807200000
06722236;1082412000000
06725750;1083016800000
06729212;1083621600000
06729810;1083621600000
06732618;1084226400000
06733213;1084226400000
06736036;1084831200000
06736035;1084831200000
06736404;1084831200000
06736575;1084831200000
06738034;1084831200000
06739600;1085436000000
06742423;1086040800000
06742422;1086040800000
06745654;1086645600000
06746093;1086645600000
06748834;1087250400000
06748835;1087250400000
06751867;1087855200000
06752052;1087855200000
06755101;1088460000000
06758117;1089064800000
06758118;1089064800000
06758650;1089064800000
06758640;1089064800000
06760961;1089669600000
06761096;1089669600000
06761516;1089669600000
06763752;1090274400000
06767018;1090879200000
06769335;1091484000000
06772659;1092088800000
06772660;1092088800000
06776563;1092693600000
06782779;1093903200000
06782780;1093903200000
06786118;1094508000000
06786119;1094508000000
06789299;1095112800000
06796756;1096322400000
06796207;1096322400000
06796206;1096322400000
06799372;1096927200000
06799356;1096927200000
06799494;1096927200000
06804065;1097532000000
06807887;1098741600000
06807886;1098741600000
06808340;1098741600000
06810777;1099350000000
06812664;1099350000000
06813979;1099954800000
06813980;1099954800000
06815917;1099954800000
06817273;1100559600000
06817276;1100559600000
06823572;1101769200000
06824142;1101769200000
06827631;1102374000000
06830415;1102978800000
06832536;1103583600000
06832534;1103583600000
06835029;1104188400000
06840722;1105398000000
06842664;1105398000000
06842954;1106002800000
06843622;1106002800000
06848348;1107212400000
06848347;1107212400000
06854367;1108422000000
06854366;1108422000000
06857344;1109026800000
06862966;1110236400000
06862967;1110236400000
06865972;1110841200000
06868304;1110841200000
06869083;1111446000000
06869257;1111446000000
06871389;1112047200000
06876504;1112652000000
06874234;1112652000000
06877407;1113256800000
06877406;1113256800000
06877936;1113256800000
06880436;1113861600000
06880437;1113861600000
06883407;1114466400000
06886225;1115071200000
06886435;1115071200000
06886436;1115071200000
06886437;1115071200000
06892613;1116280800000
06892612;1116280800000
06895841;1116885600000
06901828;1118095200000
06901829;1118095200000
06901830;1118095200000
06901831;1118095200000
06901833;1118095200000
06904652;1118700000000
06910510;1119909600000
06912939;1120514400000
06913335;1120514400000
06915725;1121119200000
06915726;1121119200000
06918326;1121724000000
06918327;1121724000000
06918641;1121724000000
06920812;1122328800000
06925915;1123538400000
06928909;1124143200000
06928913;1124143200000
06929431;1124143200000
06931971;1124748000000
06931972;1124748000000
06931970;1124748000000
06935030;1125352800000
06935816;1125352800000
06938313;1125957600000
06938527;1125957600000
06945146;1127167200000
06945147;1127167200000
06948411;1127772000000
06949056;1127772000000
06952988;1128981600000
06952987;1128981600000
06955106;1129586400000
06955507;1129586400000
06957936;1130191200000
06964217;1132009200000
06966728;1132614000000
06968761;1133218800000
06971294;1133823600000
06973861;1134428400000
06974287;1134428400000
06978706;1135638000000
06981437;1136242800000
06990878;1138662000000
06993848;1139266800000
06994000;1139266800000
06994001;1139266800000
06994002;1139266800000
07000510;1140476400000
07000511;1140476400000
07000512;1140476400000
07007575;1141686000000
07008152;1141686000000
07008147;1141686000000
07010839;1142290800000
07011002;1142290800000
07013567;1142895600000
07013544;1142895600000
07013543;1142895600000
07013772;1142895600000
07013775;1142895600000
07013773;1142895600000
07013774;1142895600000
07021183;1144101600000
07021182;1144101600000
07024974;1144706400000
07028997;1145311200000
07028595;1145311200000
07029209;1145311200000
07032484;1145916000000
07035507;1145916000000
07037052;1146520800000
07036409;1146520800000
07036408;1146520800000
07039992;1147125600000
07043805;1147730400000
07047850;1148335200000
07048659;1148335200000
07048478;1148335200000
07051631;1148940000000
07052217;1148940000000
07055416;1149544800000
07056072;1149544800000
07059232;1150149600000
07062999;1150754400000
07065848;1151359200000
07066064;1151359200000
07066063;1151359200000
07066857;1151359200000
07069829;1151964000000
07069632;1151964000000
07080433;1153778400000
07082656;1154383200000
07086315;1154988000000
07086316;1154988000000
07086152;1154988000000
07089838;1155592800000
07089837;1155592800000
07089836;1155592800000
07089835;1155592800000
07093525;1156197600000
07099719;1156802400000
07103950;1158012000000
07104169;1158012000000
07104171;1158012000000
07104170;1158012000000
07107886;1158616800000
07111915;1159221600000
07114419;1159826400000
07114420;1159826400000
07114895;1159826400000
07117599;1160431200000
07117773;1160431200000
07117774;1160431200000
07121176;1161036000000
07121768;1161036000000
07124880;1161640800000
07124667;1161640800000
07124666;1161640800000
07124673;1161640800000
07125209;1161640800000
07131359;1162854000000
07134369;1163458800000
07140088;1164668400000
07143673;1165273200000
07150213;1166482800000
07153073;1167087600000
07155788;1167692400000
07156006;1167692400000
07159495;1168297200000
07159316;1168297200000
07165302;1169506800000
07165483;1169506800000
07165919;1169506800000
07168351;1170111600000
07168899;1170111600000
07171878;1170716400000
07172373;1170716400000
07174638;1171321200000
07177720;1171321200000
07178433;1171926000000
07179029;1171926000000
07185573;1173135600000
07185572;1173135600000
07188420;1173740400000
07188690;1173740400000
07191689;1174345200000
07195430;1174946400000
07198452;1175551200000
07198440;1175551200000
07201088;1176156000000
07203569;1176156000000
07204004;1176760800000
07216571;1179180000000
07217230;1179180000000
07220089;1179784800000
07221995;1179784800000
07219584;1179784800000
07219410;1179784800000
07219411;1179784800000
07219407;1179784800000
07223054;1180389600000
07228771;1181599200000
07232406;1182204000000
07234379;1182808800000
07237310;1183413600000
07237309;1183413600000
07237992;1183413600000
07240593;1184018400000
07240594;1184018400000
07240411;1184018400000
07240412;1184018400000
07243583;1184623200000
07243584;1184623200000
07243582;1184623200000
07243407;1184623200000
07249917;1185832800000
07249545;1185832800000
07252025;1186437600000
07252024;1186437600000
07260877;1188252000000
07261024;1188252000000
07261620;1188252000000
07263915;1188856800000
07264430;1188856800000
07266871;1189461600000
07266870;1189461600000
07267035;1189461600000
07270506;1190066400000
07270503;1190066400000
07270037;1190066400000
07272877;1190671200000
07275468;1191276000000
07275469;1191276000000
07278192;1191880800000
07281306;1192485600000
07281460;1192485600000
07284325;1193090400000
07287308;1193698800000
07290999;1194303600000
07290316;1194303600000
07290471;1194303600000
07293942;1194908400000
07293487;1194908400000
07296332;1195513200000
07296331;1195513200000
07302877;1196722800000
07305745;1197327600000
07311481;1198537200000
07313850;1199142000000
07313991;1199142000000
07313992;1199142000000
07316173;1199746800000
07320268;1200956400000
07322778;1201561200000
07322779;1201561200000
07325471;1202166000000
07328638;1202770800000
07328637;1202770800000
07331096;1203375600000
07331099;1203375600000
07334510;1203980400000
07335615;1203980400000
07337700;1204585200000
07337879;1204585200000
07337699;1204585200000
07337698;1204585200000
07340985;1205190000000
07343839;1205794800000
07344342;1205794800000
07347130;1206399600000
07350442;1207000800000
07350441;1207000800000
07356904;1208210400000
07357054;1208210400000
07357165;1208210400000
07367096;1210024800000
07367102;1210024800000
07370703;1210629600000
07377022;1211839200000
07383758;1213048800000
07383757;1213048800000
07384219;1213048800000
07387477;1213653600000
07395743;1215468000000
07395741;1215468000000
07395742;1215468000000
07395589;1215468000000
07398717;1216072800000
07398716;1216072800000
07398715;1216072800000
07404347;1217282400000
07409896;1218492000000
07412759;1219096800000
07415766;1219701600000
07424776;1221516000000
07434499;1223935200000
07437980;1224540000000
07437811;1224540000000
07437816;1224540000000
07441484;1225148400000
07441485;1225148400000
07444757;1225753200000
07448304;1226358000000
07448120;1226358000000
07451533;1226962800000
07455482;1227567600000
07458299;1228172400000
07461439;1228777200000
07461577;1228777200000
07461576;1228777200000
07464628;1229382000000
07464629;1229382000000
07467577;1229986800000
07470328;1230591600000
07472464;1231196400000
07472633;1231196400000
07480540;1232406000000
07480970;1233010800000
07484443;1233615600000
07487701;1234220400000
07490536;1234825200000
07490640;1234825200000
07497151;1236034800000
07500419;1236639600000
07503244;1237244400000
07506565;1237849200000
07506423;1237849200000
07506422;1237849200000
07506424;1237849200000
07506942;1237849200000
07509897;1238450400000
07509896;1238450400000
07509898;1238450400000
07513121;1239055200000
07513181;1239055200000
07513180;1239055200000
07516536;1239660000000
07516687;1239660000000
07520200;1240264800000
07523690;1240869600000
07526984;1241474400000
07536935;1243288800000
07536936;1243288800000
07540726;1243893600000
07544020;1244498400000
07546787;1245103200000
07546786;1245103200000
07547081;1245103200000
07550681;1245708000000
07549359;1245708000000
07549358;1245708000000
07555973;1246917600000
07555974;1246917600000
07562611;1248127200000
07568409;1249336800000
07568323;1249336800000
07571669;1249941600000
07571531;1249941600000
07574289;1249941600000
07574948;1250546400000
07574947;1250546400000
07578036;1251151200000
07578045;1251151200000
07581472;1251756000000
07581473;1251756000000
07584687;1252360800000
07587965;1252965600000
07591209;1253570400000
07594457;1254175200000
07597033;1254780000000
07597034;1254780000000
07597035;1254780000000
07600453;1255384800000
07607375;1256598000000
07607374;1256598000000
07607377;1256598000000
07607376;1256598000000
07610834;1257202800000
07611313;1257202800000
07613590;1257202800000
07614326;1257807600000
07617750;1258412400000
07624662;1259622000000
07628100;1260226800000
07628099;1260226800000
07631407;1260831600000
07634957;1261436400000
07637856;1262041200000
07637187;1262041200000
07637188;1262041200000
07640832;1262646000000
07640833;1262646000000
07640834;1262646000000
07641422;1262646000000
07647855;1263855600000
07647854;1263855600000
07647853;1263855600000
07648313;1263855600000
07650696;1264460400000
07650822;1264460400000
07654178;1265065200000
07658004;1265670000000
07665937;1266879600000
07669508;1267484400000
07673543;1268089200000
07674079;1268089200000
07674217;1268089200000
07677146;1268694000000
07677145;1268694000000
07677144;1268694000000
07681478;1269298800000
07686988;1269900000000
07686548;1269900000000
07686103;1269900000000
07690283;1270504800000
07694611;1271109600000
07698973;1271714400000
07699567;1271714400000
07703856;1272319200000
07703359;1272319200000
07703360;1272319200000
07712401;1273528800000
07717018;1274133600000
07717019;1274133600000
07717652;1274133600000
07726219;1275343200000
07726218;1275343200000
07726220;1275343200000
07730815;1275948000000
07730814;1275948000000
07730813;1275948000000
07735401;1276552800000
07736101;1276552800000
07739932;1277157600000
07739931;1277157600000
07739778;1277157600000
07743689;1277762400000
07743688;1277762400000
07748718;1278367200000
07748301;1278367200000
07748302;1278367200000
07757591;1279576800000
07757373;1279576800000
07761965;1280181600000
07762167;1280181600000
07762165;1280181600000
07762166;1280181600000
07765901;1280786400000
07765905;1280786400000
07765904;1280786400000
07765903;1280786400000
07765902;1280786400000
07765667;1280786400000
07770901;1281391200000
07770499;1281391200000
07770498;1281391200000
07770497;1281391200000
07775142;1281996000000
07778724;1281996000000
07780851;1282600800000
07784162;1283205600000
07788998;1283810400000
07793574;1284415200000
07802501;1285624800000
07802502;1285624800000
07806635;1286229600000
07809463;1286229600000
07811034;1286834400000
07810417;1286834400000
07818880;1288044000000
07819009;1288044000000
07819043;1288044000000
07823632;1288652400000
07823488;1288652400000
07823487;1288652400000
07832312;1289862000000
07833367;1289862000000
07836803;1290466800000
07841263;1291071600000
07845256;1291676400000
07845257;1291676400000
07849769;1292281200000
07849768;1292281200000
