03859226;158281200000
03863069;160095600000
03866077;161305200000
03866042;161305200000
03868507;162514800000
03875416;165538800000
03881108;167958000000
03886358;170377200000
03886305;170377200000
03887835;170982000000
03889115;171586800000
03895254;174610800000
03911282;181868400000
03911271;181868400000
03916190;183682800000
03919558;184892400000
03920990;185497200000
03921078;185497200000
03930155;189126000000
03935454;191545200000
03936756;192150000000
03939344;193359600000
03944830;195778800000
03946268;196383600000
03950646;198194400000
03952203;198799200000
03958124;201218400000
03963923;203637600000
03963922;203637600000
03965351;204242400000
03969039;206056800000
03974390;208476000000
03978338;210290400000
03979590;210895200000
03997807;219366000000
03999097;219970800000
04001582;221180400000
04002912;221785200000
04011449;226623600000
04020387;230853600000
04024394;232668000000
04028267;234482400000
04041316;239925600000
04058724;248396400000
04063089;250815600000
04064438;251420400000
04068381;253839600000
04071765;255049200000
04075550;256863600000
04076558;257468400000
04079237;258678000000
04081674;259887600000
04086491;262303200000
04088895;263512800000
04089054;263512800000
04090106;264117600000
04091374;264722400000
04096386;267141600000
04107526;271980000000
04107527;271980000000
04109996;273189600000
04115690;275004000000
04117322;275608800000
04119846;276822000000
04125772;279846000000
04126782;280450800000
04132892;284079600000
04135097;285289200000
04139774;287708400000
04139668;287708400000
04142145;288918000000
04144488;290127600000
04146810;291337200000
04151418;293752800000
04151417;293752800000
04153334;294962400000
04158140;297986400000
04162403;301615200000
04163156;302220000000
04163153;302220000000
04166952;305244000000
04170737;308271600000
04172228;309481200000
04179609;314319600000
04179604;314319600000
04180738;314924400000
04182959;316134000000
04182954;316134000000
04184079;316738800000
04190770;320367600000
04194115;322182000000
04194114;322182000000
04199688;325202400000
04205226;328226400000
04205232;328226400000
04208581;330040800000
04219730;336088800000
04219732;336088800000
04224518;338508000000
04227090;339721200000
04228358;340326000000
04229652;340930800000
04236178;343954800000
04238686;345164400000
04242586;346978800000
04246479;348793200000
04246487;348793200000
04255656;353026800000
04255661;353026800000
04264822;357256800000
04274035;361490400000
04275301;362095200000
04296323;372380400000
04300045;374194800000
04301371;374799600000
04301365;374799600000
04308457;378428400000
04310759;379638000000
04310764;379638000000
04313056;380847600000
04314158;381452400000
04317995;383871600000
04320298;385081200000
04324136;387496800000
04334844;392940000000
04335189;392940000000
04343993;397778400000
04354852;403830000000
04358732;405644400000
04359752;406249200000
04374090;414111600000
04383172;421365600000
04385317;422575200000
04387304;423784800000
04389136;424994400000
04392058;426204000000
04393311;426808800000
04393309;426808800000
04395731;428018400000
04405861;432856800000
04410272;435279600000
04414474;437094000000
04417203;438303600000
04424443;441932400000
04424445;441932400000
04427891;443746800000
04427892;443746800000
04434366;446770800000
04437009;447980400000
04437012;447980400000
04437000;447980400000
04438336;448585200000
04440475;449791200000
04441022;449791200000
04442354;450396000000
04447374;452815200000
04447724;452815200000
04447731;452815200000
04449048;453420000000
04451732;454629600000
04460866;458863200000
04463263;460072800000
04464330;460677600000
04464571;460677600000
04463763;460677600000
04465935;461282400000
04467198;461887200000
04471302;463701600000
04475041;465519600000
04475044;465519600000
04479060;467334000000
04481616;468543600000
04492866;473986800000
04503329;478825200000
04508967;481240800000
04510387;481845600000
04510386;481845600000
04514634;483660000000
04514682;483660000000
04525652;488498400000
04546254;497574000000
04554455;501202800000
04556794;502412400000
04562352;504831600000
04564758;506041200000
04567369;507250800000
04569069;507855600000
04574194;510274800000
04577147;511484400000
04587425;515714400000
04587458;515714400000
04590373;516924000000
04609867;525996000000
04624835;533257200000
04626689;533862000000
04628258;534466800000
04639301;538700400000
04640626;539305200000
04641030;539305200000
04642518;539910000000
04646108;541119600000
04651220;542934000000
04656357;544744800000
04661702;546559200000
04668865;548978400000
04670651;549583200000
04670710;549583200000
04673988;550792800000
04675602;551397600000
04675528;551397600000
04678915;552607200000
04680467;553212000000
04682034;553816800000
04681451;553816800000
04683376;554421600000
04684542;555026400000
04684206;555026400000
04687930;556236000000
04692616;558050400000
04694170;558655200000
04695725;559260000000
04698587;560473200000
04700071;561078000000
04700075;561078000000
04703234;562287600000
04704527;562892400000
04704528;562892400000
04706019;563497200000
04710625;565311600000
04713687;566521200000
04721910;570150000000
04724318;571359600000
04727250;572569200000
04727251;572569200000
04727029;572569200000
04728790;573174000000
04733255;574988400000
04739399;577404000000
04740697;578008800000
04745360;579823200000
04745362;579823200000
04746571;580428000000
04746795;580428000000
04747698;581032800000
04748325;581032800000
04748407;581032800000
04749858;581637600000
04752685;582847200000
04755047;584056800000
04755677;584056800000
04755749;584056800000
04760567;585871200000
04762996;587080800000
04764673;587685600000
04766551;588290400000
04766372;588290400000
04766311;588290400000
04766313;588290400000
04768155;588895200000
04769763;589500000000
04769542;589500000000
04771178;590104800000
04772847;590709600000
04772817;590709600000
04777362;592527600000
04777499;592527600000
04777523;592527600000
04779113;593132400000
04779046;593132400000
04778993;593132400000
04780669;593737200000
04783751;594946800000
04785172;595551600000
04785173;595551600000
04785176;595551600000
04785177;595551600000
04786865;596156400000
04786806;596156400000
04788426;596761200000
04788431;596761200000
04788495;596761200000
04789780;597366000000
04794259;599180400000
04794646;599180400000
04798989;600994800000
04800512;601599600000
04800273;601599600000
04800274;601599600000
04801879;602204400000
04803355;602809200000
04806755;604018800000
04806754;604018800000
04806766;604018800000
04808829;604623600000
04808821;604623600000
04810880;605228400000
04810879;605228400000
04812650;605833200000
04812775;605833200000
04814622;606438000000
04818872;607644000000
04818871;607644000000
04817495;607644000000
04820927;608248800000
04820977;608248800000
04823004;608853600000
04829243;610668000000
04829240;610668000000
04829178;610668000000
04829179;610668000000
04831614;611272800000
04831397;611272800000
04831328;611272800000
04831267;611272800000
04831266;611272800000
04831255;611272800000
04833323;611877600000
04835504;612482400000
04837506;613087200000
04837435;613087200000
04837445;613087200000
04839520;613692000000
04841191;614296800000
04841148;614296800000
04841143;614296800000
04843312;614901600000
04843330;614901600000
04843238;614901600000
04847502;616111200000
04847497;616111200000
04849629;616716000000
04851670;617320800000
04851671;617320800000
04851673;617320800000
04851768;617320800000
04853622;617925600000
04855596;618530400000
04857730;619135200000
04857731;619135200000
04857743;619135200000
04860224;619740000000
04861990;620344800000
04863226;620949600000
04864228;620949600000
04866271;621554400000
04866272;621554400000
04868396;622159200000
04868394;622159200000
04870352;622767600000
04871938;623372400000
04871919;623372400000
04874947;624582000000
04874946;624582000000
04874945;624582000000
04877957;625791600000
04879473;626396400000
04880975;627001200000
04882486;627606000000
04883959;628210800000
04884146;628210800000
04885464;628815600000
04885465;628815600000
04885534;628815600000
04887103;629420400000
04887059;629420400000
04887031;629420400000
04886971;629420400000
04889990;630630000000
04889988;630630000000
04891523;631234800000
04894541;632444400000
04894538;632444400000
04894537;632444400000
04896045;633049200000
04896035;633049200000
04896036;633049200000
04896044;633049200000
04897549;633654000000
04900932;634863600000
04902967;635468400000
04902892;635468400000
04907287;636678000000
04907195;636678000000
04906840;636678000000
04908519;637282800000
04912405;638488800000
04912327;638488800000
04912326;638488800000
04912822;639093600000
04914293;639093600000
04916688;639698400000
04916002;639698400000
04918309;640303200000
04920265;640908000000
04921346;641512800000
04924091;642117600000
04924093;642117600000
04926054;642722400000
04926055;642722400000
04925139;642722400000
04925717;642722400000
04928016;643327200000
04929041;643932000000
04929836;643932000000
04933565;645141600000
04933552;645141600000
04935634;645746400000
04935625;645746400000
04937766;646351200000
04939364;646956000000
04939363;646956000000
04941753;648165600000
04942300;648165600000
04942299;648165600000
04943719;648770400000
04943720;648770400000
04943721;648770400000
04943769;648770400000
04945235;649375200000
04945236;649375200000
04947042;649980000000
04952857;651794400000
04952149;651794400000
04954712;652399200000
04954711;652399200000
04954770;652399200000
04954704;652399200000
04958079;653608800000
04959544;654213600000
04961003;654822000000
04962480;655426800000
04962516;655426800000
04963823;656031600000
04967078;657241200000
04968390;657846000000
04968888;657846000000
04969978;658450800000
04972142;659055600000
04973842;659660400000
04975578;660265200000
04977328;660870000000
04978908;661474800000
04979197;661474800000
04980639;662079600000
04982090;662684400000
04983833;663289200000
04983830;663289200000
04983831;663289200000
04985627;663894000000
04987367;664498800000
04987303;664498800000
04988871;665103600000
04988872;665103600000
04990784;665708400000
04992728;666313200000
04992660;666313200000
04992662;666313200000
04992659;666313200000
04998016;668127600000
04999494;668732400000
04999495;668732400000
04998788;668732400000
05001409;669337200000
05003172;669942000000
05004920;670543200000
05004927;670543200000
05003815;670543200000
05006795;671148000000
05006814;671148000000
05008537;671752800000
05010250;672357600000
05012109;672962400000
05015849;674172000000
05015850;674172000000
05015851;674172000000
05015862;674172000000
05016266;674172000000
05017010;674776800000
05019707;675381600000
05018865;675381600000
05021121;675986400000
05021364;675986400000
05021666;675986400000
05021655;675986400000
05021672;675986400000
05023453;676591200000
05023452;676591200000
05023457;676591200000
05025153;677196000000
05025154;677196000000
05025147;677196000000
05025658;677800800000
05026437;677800800000
05029194;678405600000
05029249;678405600000
05028778;678405600000
05028901;678405600000
05032724;679615200000
05032723;679615200000
05034605;680220000000
05036196;680824800000
05036200;680824800000
05036490;680824800000
05038034;681429600000
05038322;681429600000
05041783;682639200000
05041725;682639200000
05043577;683244000000
05042305;683244000000
05045696;683848800000
05045705;683848800000
05047633;684453600000
05047637;684453600000
05047649;684453600000
05049351;685058400000
05049461;685058400000
05049744;685058400000
05050610;685663200000
05051646;685663200000
05051977;685663200000
05051379;685663200000
05051599;685663200000
05051585;685663200000
05053699;686271600000
05053995;686271600000
05055679;686876400000
05055680;686876400000
05059792;688086000000
05059793;688086000000
05059785;688086000000
05060248;688086000000
05061856;688690800000
05061851;688690800000
05061850;688690800000
05063293;689295600000
05063294;689295600000
05065029;689900400000
05065020;689900400000
05065103;689900400000
05066358;690505200000
05066858;690505200000
05068535;691110000000
05072116;692319600000
05073912;692924400000
05075548;693529200000
05076026;694134000000
05077478;694134000000
05077473;694134000000
05081353;695343600000
05083020;695948400000
05083022;695948400000
05086230;697158000000
05086227;697158000000
05085070;697158000000
05087815;697762800000
05088290;698367600000
05089699;698367600000
05089708;698367600000
05091880;698972400000
05093577;699577200000
05092163;699577200000
05095208;700182000000
05095207;700182000000
05094975;700182000000
05097126;700786800000
05097127;700786800000
05097204;700786800000
05099118;701391600000
05099117;701391600000
05099125;701391600000
05103471;702597600000
05103094;702597600000
05103095;702597600000
05103174;702597600000
05105082;703202400000
05105305;703202400000
05106729;703807200000
05107113;703807200000
05107114;703807200000
05107111;703807200000
05107112;703807200000
05108952;704412000000
05111043;705016800000
05113072;705621600000
05113264;705621600000
05117110;706831200000
05116782;706831200000
05118940;707436000000
05119411;707436000000
05120959;708040800000
05122739;708645600000
05125017;709250400000
05124645;709250400000
05127064;709855200000
05128544;710460000000
05128545;710460000000
05129850;711064800000
05130554;711064800000
05130539;711064800000
05132533;711669600000
05134605;712274400000
05136162;712879200000
05138174;713484000000
05138158;713484000000
05138159;713484000000
05138256;713484000000
05140164;714088800000
05141460;714693600000
05142145;714693600000
05142148;714693600000
05144128;715298400000
05144148;715298400000
05144581;715298400000
05144833;715903200000
05146090;715903200000
05146089;715903200000
05148027;716508000000
05148026;716508000000
05148025;716508000000
05150035;717112800000
05150392;717112800000
05149974;717112800000
05149966;717112800000
05151594;717721200000
05155359;718930800000
05155361;718930800000
05155412;718930800000
05155715;718930800000
05157256;719535600000
05157251;719535600000
05157555;719535600000
05156976;719535600000
05159195;720140400000
05159196;720140400000
05159643;720140400000
05161147;720745200000
05161149;720745200000
05161201;720745200000
05160884;720745200000
05162133;721350000000
05162653;721350000000
05164595;721954800000
05164594;721954800000
05164596;721954800000
05164791;721954800000
05165256;722559600000
05166964;722559600000
05166919;722559600000
05166519;722559600000
05166516;722559600000
05166520;722559600000
05166521;722559600000
05166751;722559600000
05168159;723164400000
05172002;724374000000
05171987;724374000000
05171992;724374000000
05171993;724374000000
05173605;724978800000
05175495;725583600000
05177361;726188400000
05179279;726793200000
05179954;727398000000
05182453;728002800000
05182452;728002800000
05182051;728002800000
05185571;729212400000
05185572;729212400000
05187367;729817200000
05189906;731026800000
05192866;731631600000
05193104;731631600000
05193385;732236400000
05193383;732236400000
05196701;732841200000
05196713;732841200000
05198667;733442400000
05198715;733442400000
05199021;733442400000
05200616;734047200000
05200617;734047200000
05202004;734652000000
05202879;734652000000
05204531;735256800000
05204851;735256800000
05206702;735861600000
05206665;735861600000
05208457;736466400000
05208648;736466400000
05210487;737071200000
05210424;737071200000
05210425;737071200000
05210410;737071200000
05210714;737071200000
05212383;737676000000
05214342;738280800000
05214284;738280800000
05214282;738280800000
05216235;738885600000
05216254;738885600000
05216631;738885600000
05216661;738885600000
05218262;739490400000
05218757;740095200000
05220555;740095200000
05221844;740700000000
05222060;740700000000
05223713;741304800000
05222396;741304800000
05224376;741909600000
05225683;741909600000
05224775;741909600000
05227626;742514400000
05229606;743119200000
05229607;743119200000
05229610;743119200000
05231286;743724000000
05233195;744328800000
05233191;744328800000
05235187;744933600000
05237859;746143200000
05241186;746748000000
05241527;746748000000
05239863;746748000000
05245187;747957600000
05245863;748562400000
05247186;748562400000
05247588;748562400000
05251200;749775600000
05252835;750380400000
05255018;750985200000
05255258;750985200000
05254854;750985200000
05254856;750985200000
05253516;750985200000
05253515;750985200000
05256876;751590000000
05256877;751590000000
05258107;752194800000
05260648;752799600000
05260567;752799600000
05260577;752799600000
05260572;752799600000
05260824;752799600000
05260926;752799600000
05262981;753404400000
05262643;753404400000
05262642;753404400000
05265046;754009200000
05264696;754009200000
05264704;754009200000
05264705;754009200000
05264794;754009200000
05266802;754614000000
05266801;754614000000
05266809;754614000000
05266897;754614000000
05268579;755218800000
05268571;755218800000
05268573;755218800000
05267471;755218800000
05270214;755823600000
05270543;755823600000
05272338;756428400000
05274230;757033200000
05276324;757638000000
05276672;757638000000
05278406;758242800000
05278407;758242800000
05278704;758242800000
05280176;758847600000
05280341;758847600000
05282191;759452400000
05281909;759452400000
05281814;759452400000
05283442;760057200000
05283437;760057200000
05284744;760662000000
05286974;761266800000
05286977;761266800000
05286651;761266800000
05289004;761871600000
05289455;761871600000
05289408;761871600000
05289402;761871600000
05293042;763081200000
05293326;763081200000
05291775;763081200000
05294804;763686000000
05294790;763686000000
05293781;763686000000
05297130;764290800000
05296704;764290800000
05299184;764892000000
05298747;764892000000
05298748;764892000000
05298760;764892000000
05298975;764892000000
05300775;765496800000
05301117;765496800000
05302831;766101600000
05302239;766101600000
05304535;766706400000
05304795;766706400000
05304924;766706400000
05306919;767311200000
05306918;767311200000
05308974;767916000000
05313451;769125600000
05314829;769730400000
05315113;769730400000
05315373;769730400000
05317154;770335200000
05317152;770335200000
05317153;770335200000
05317141;770335200000
05317533;770335200000
05319207;770940000000
05321685;771544800000
05321262;771544800000
05319977;771544800000
05321977;772149600000
05323003;772149600000
05323375;772149600000
05323376;772149600000
05324950;772754400000
05324947;772754400000
05327225;773359200000
05327373;773359200000
05328849;773964000000
05329122;773964000000
05329514;773964000000
05329513;773964000000
05329808;774568800000
05331163;774568800000
05331161;774568800000
05331589;774568800000
05333495;775778400000
05334835;775778400000
05336895;776383200000
05336885;776383200000
05336887;776383200000
05338932;776988000000
05343042;778197600000
05343460;778197600000
05347126;779407200000
05347510;779407200000
05345816;779407200000
05345815;779407200000
05347854;780012000000
05349735;780620400000
05350920;780620400000
05352898;781225200000
05352894;781225200000
05353632;781830000000
05354985;781830000000
05357109;782434800000
05357108;782434800000
05357105;782434800000
05356218;782434800000
05356756;782434800000
05357787;783039600000
05359199;783039600000
05360977;783644400000
05360978;783644400000
05362653;784249200000
05362963;784249200000
05363697;784854000000
05365073;784854000000
05367165;785458800000
05369275;786063600000
05369274;786063600000
05369372;786063600000
05369359;786063600000
05371366;786668400000
05371365;786668400000
05371727;786668400000
05372930;787273200000
05375114;787878000000
05375087;787878000000
05376791;788482800000
05376790;788482800000
05378984;789087600000
05381003;789692400000
05381101;789692400000
05382789;790297200000
05382796;790297200000
05382795;790297200000
05386110;791506800000
05386720;792111600000
05389475;792716400000
05389779;792716400000
05389786;792716400000
05388452;792716400000
05388323;792716400000
05390161;792716400000
05392275;793321200000
05391871;793321200000
05394500;793926000000
05394388;793926000000
05393977;793926000000
05393983;793926000000
05393985;793926000000
05393980;793926000000
05393647;793926000000
05395741;794530800000
05394741;794530800000
05396066;794530800000
05396453;794530800000
05397896;795135600000
05399859;795740400000
05400647;796341600000
05402410;796341600000
05401975;796341600000
05401972;796341600000
05401973;796341600000
05401965;796341600000
05402793;796946400000
05404349;796946400000
05404110;796946400000
05405481;797551200000
05406072;797551200000
05406085;797551200000
05406087;797551200000
05406080;797551200000
05406832;798156000000
05406833;798156000000
05408094;798156000000
05410151;798760800000
05412210;799365600000
05412209;799365600000
05412641;799365600000
05410910;799365600000
05412980;799970400000
05414260;799970400000
05414690;799970400000
05416327;800575200000
05416331;800575200000
05416024;800575200000
05415027;800575200000
05418363;801180000000
05418771;801180000000
05418829;801180000000
05420796;801784800000
05424974;802994400000
05423514;802994400000
05426302;803599200000
05426631;803599200000
05425616;803599200000
05428548;804204000000
05432345;805413600000
05432346;805413600000
05432771;805413600000
05431055;805413600000
05434422;806018400000
05436448;806623200000
05436452;806623200000
05438197;807228000000
05438196;807228000000
05438206;807228000000
05439777;807832800000
05440122;807832800000
05440121;807832800000
05440124;807832800000
05442182;808437600000
05442174;808437600000
05441343;808437600000
05440920;808437600000
05444244;809042400000
05444243;809042400000
05444242;809042400000
05444260;809042400000
05444191;809042400000
05446589;809647200000
05446282;809647200000
05446720;809647200000
05445011;809647200000
05448514;810252000000
05450505;810856800000
05449901;810856800000
05449903;810856800000
05449914;810856800000
05450746;811461600000
05453616;812070000000
05453970;812070000000
05455420;812674800000
05455419;812674800000
05459939;814489200000
05461605;814489200000
05460034;814489200000
05461907;815094000000
05463221;815094000000
05465046;815698800000
05464977;815698800000
05463897;815698800000
05466548;816303600000
05465611;816303600000
05466935;816303600000
05468959;816908400000
05468967;816908400000
05467642;816908400000
05469733;817513200000
05471458;817513200000
05471064;817513200000
05470707;817513200000
05473157;818118000000
05472881;818118000000
05472916;818118000000
05475319;818722800000
05475318;818722800000
05475316;818722800000
05476006;819327600000
05479013;819932400000
05481521;820537200000
05481522;820537200000
05481527;820537200000
05481528;820537200000
05481529;820537200000
05481908;821142000000
05483064;821142000000
05485451;821746800000
05485536;821746800000
05486769;822351600000
05488305;822956400000
05488602;822956400000
05490132;823561200000
05489339;823561200000
05489774;823561200000
05491338;824166000000
05495110;825375600000
05495109;825375600000
05497007;825980400000
05496999;825980400000
05497656;826585200000
05498550;826585200000
05500527;827190000000
05500535;827190000000
05502305;827794800000
05502710;827794800000
05504340;828396000000
05504338;828396000000
05504366;828396000000
05503010;828396000000
05506829;829000800000
05507179;829605600000
05508805;829605600000
05508517;829605600000
05508627;829605600000
05509622;830210400000
05510146;830210400000
05510616;830210400000
05510617;830210400000
05510614;830210400000
05510615;830210400000
05513168;830815200000
05512746;830815200000
05513518;831420000000
05515719;832024800000
05517027;832024800000
05517033;832024800000
05517482;832024800000
05519686;832629600000
05519212;832629600000
05520769;833234400000
05521390;833234400000
05521377;833234400000
05523686;833839200000
05523700;833839200000
05524479;834444000000
05525806;834444000000
05528034;835048800000
05528047;835048800000
05528156;835048800000
05530253;835653600000
05532494;836258400000
05535185;836863200000
05537372;837468000000
05539197;838072800000
05539203;838072800000
05540229;838677600000
05540958;838677600000
05541411;838677600000
05543614;839282400000
05546375;839887200000
05546374;839887200000
05548117;840492000000
05548113;840492000000
05547774;840492000000
05549954;841096800000
05550948;841096800000
05554851;842306400000
05553486;842306400000
05553487;842306400000
05557452;842911200000
05557156;842911200000
05559330;843516000000
05559328;843516000000
05559329;843516000000
05561300;844120800000
05560244;844120800000
05563411;844725600000
05563415;844725600000
05568004;845935200000
05567872;845935200000
05570336;846543600000
05569919;846543600000
05569918;846543600000
05574280;847753200000
05574278;847753200000
05574279;847753200000
05576541;848358000000
05581083;849567600000
05581082;849567600000
05581538;849567600000
05581193;849567600000
05583286;850172400000
05583446;850172400000
05585211;850777200000
05585722;850777200000
05585734;850777200000
05587523;851382000000
05589780;851986800000
05589686;851986800000
05591970;852591600000
05591903;852591600000
05594166;853196400000
05596194;853801200000
05595942;853801200000
05599464;855010800000
05600137;855010800000
05601982;855615600000
05602329;855615600000
05602390;855615600000
05602820;855615600000
05606261;856825200000
05606162;856825200000
05611942;858639600000
05614663;859244400000
05614712;859244400000
05616921;859845600000
05616916;859845600000
05619139;860450400000
05619035;860450400000
05619034;860450400000
05618760;860450400000
05621652;861055200000
05621211;861055200000
05621210;861055200000
05620854;861055200000
05623295;861660000000
05623338;861660000000
05623339;861660000000
05623475;861660000000
05625187;862264800000
05625142;862264800000
05625617;862264800000
05624845;862264800000
05627815;862869600000
05627371;862869600000
05627372;862869600000
05627365;862869600000
05626812;862869600000
05631463;864079200000
05631410;864079200000
05633495;864684000000
05633455;864684000000
05637879;865893600000
05637870;865893600000
05640539;866498400000
05640012;866498400000
05641896;867103200000
05644512;867708000000
05645066;868312800000
05646731;868312800000
05646339;868312800000
05650614;869522400000
05652428;870127200000
05652377;870127200000
05654547;870732000000
05654546;870732000000
05656769;871336800000
05656809;871336800000
05656811;871336800000
05661301;872546400000
05661304;872546400000
05664036;873151200000
05665905;873756000000
05665253;873756000000
05668371;874360800000
05671086;874965600000
05672816;875570400000
05672876;875570400000
05675145;876175200000
05675148;876175200000
05675154;876175200000
05677635;876780000000
05679888;877384800000
05679952;877384800000
05680387;877384800000
05681987;877993200000
05684301;878598000000
05689063;879807600000
05689112;879807600000
05689494;879807600000
05693938;881017200000
05696372;881622000000
05698071;882226800000
05698798;882226800000
05700953;882831600000
05702849;883436400000
05705814;884041200000
05710052;885250800000
05710051;885250800000
05715054;886460400000
05714682;886460400000
05714756;886460400000
05714757;886460400000
05717205;887065200000
05717132;887065200000
05721721;888274800000
05721625;888274800000
05723982;888879600000
05723981;888879600000
05723775;888879600000
05726454;889484400000
05729074;890089200000
05729075;890089200000
05729015;890089200000
05729026;890089200000
05731587;890694000000
05732053;890694000000
05736745;891900000000
05740101;892504800000
05744704;893714400000
05744799;893714400000
05747802;894319200000
05746826;894319200000
05750989;894924000000
05750990;894924000000
05751686;894924000000
05751685;894924000000
05751684;894924000000
05751683;894924000000
05753911;895528800000
05753912;895528800000
05753914;895528800000
05757760;896133600000
05756242;896133600000
05756997;896133600000
05760396;896738400000
05760395;896738400000
05763124;897343200000
05763879;897343200000
05763767;897343200000
05767514;897948000000
05770856;898552800000
05770855;898552800000
05773824;899157600000
05773174;899157600000
05777977;899762400000
05780851;900367200000
05780859;900367200000
05789742;902181600000
05793040;902786400000
05793743;902786400000
05796706;903391200000
05796101;903391200000
05796102;903391200000
05798641;903996000000
05798529;903996000000
05798524;903996000000
05801939;904600800000
05801381;904600800000
05801472;904600800000
05804708;905205600000
05804709;905205600000
05804710;905205600000
05804460;905205600000
05805448;905205600000
05805541;905205600000
05805560;905205600000
05808790;905810400000
05808977;905810400000
05808302;905810400000
05808311;905810400000
05807758;905810400000
05811017;906415200000
05811796;906415200000
05811802;906415200000
05812516;906415200000
05812722;906415200000
05815253;907020000000
05818042;907624800000
05821819;908229600000
05821410;908229600000
05821409;908229600000
05821549;908229600000
05821545;908229600000
05822285;908229600000
05825670;908834400000
05825020;908834400000
05831626;910047600000
05831181;910047600000
05831264;910047600000
05831961;910047600000
05833749;910652400000
05834644;910652400000
05838005;911257200000
05836996;911257200000
05841129;911862000000
05847383;913071600000
05847387;913071600000
05847488;913071600000
05846870;913071600000
05846200;913071600000
05850038;913676400000
05852232;914281200000
05852297;914281200000
05851902;914281200000
05854495;914886000000
05854487;914886000000
05854488;914886000000
05856967;915490800000
05856617;915490800000
05856672;915490800000
05857341;916095600000
05859364;916095600000
05861624;916700400000
05861754;916700400000
05865839;917910000000
05866321;917910000000
05866328;917910000000
05866021;917910000000
05866807;917910000000
05874668;919724400000
05874734;919724400000
05877035;920329200000
05877891;920329200000
05877497;920329200000
05880012;920934000000
05880360;920934000000
05883705;921538800000
05883387;921538800000
05886532;922143600000
05885434;922143600000
05889282;922744800000
05888371;922744800000
05892223;923349600000
05894122;923954400000
05898176;925164000000
05898106;925164000000
05900618;925768800000
05900728;925768800000
05900729;925768800000
05902928;926373600000
05903343;926373600000
05903085;926373600000
05905260;926978400000
05912468;929397600000
05912461;929397600000
05917186;930607200000
05920068;931212000000
05920067;931212000000
05923637;931816800000
05923033;931816800000
05922594;931816800000
05929438;933026400000
05929643;933026400000
05933211;933631200000
05932876;933631200000
05936237;934236000000
05936243;934236000000
05939623;934840800000
05939709;934840800000
05939715;934840800000
05939719;934840800000
05943548;935445600000
05945671;936050400000
05945833;936050400000
05949070;936655200000
05948972;936655200000
05953579;937260000000
05953306;937260000000
05952658;937260000000
05952657;937260000000
05952656;937260000000
05952562;937260000000
05955654;937864800000
05955660;937864800000
05955661;937864800000
05959957;938469600000
05959458;938469600000
05958701;938469600000
05960147;938469600000
05963334;939074400000
05965881;939679200000
05965885;939679200000
05965218;939679200000
05966053;939679200000
05969273;940284000000
05969357;940284000000
05969355;940284000000
05969345;940284000000
05969821;940284000000
05969848;940284000000
05973316;940888800000
05978326;941497200000
05978256;941497200000
05982009;942102000000
05981039;942102000000
05983712;942706800000
05983713;942706800000
05986261;942706800000
05986256;942706800000
05986270;942706800000
05990474;943311600000
05990477;943311600000
05990479;943311600000
05992226;943916400000
05992225;943916400000
05994691;943916400000
05994698;943916400000
05994750;943916400000
05994160;943916400000
05995647;943916400000
05997119;944521200000
06000947;945126000000
06000281;945126000000
06002471;945126000000
06002136;945126000000
06002131;945126000000
06001519;945126000000
06005246;945730800000
06005251;945730800000
06008653;946335600000
06008491;946335600000
06008489;946335600000
06006594;946335600000
06011261;946940400000
06013396;947545200000
06013573;947545200000
06017590;948754800000
06016684;948754800000
06023060;949964400000
06026171;950569200000
06025600;950569200000
06028662;951174000000
06028305;951174000000
06031229;951778800000
06033921;952383600000
06032518;952383600000
06039000;953593200000
06038916;953593200000
06040576;953593200000
06043485;954194400000
06046972;954799200000
06046457;954799200000
06046448;954799200000
06046061;954799200000
06049078;955404000000
06052238;956008800000
06051825;956008800000
06051833;956008800000
06051839;956008800000
06050722;956008800000
06054710;956613600000
06053034;956613600000
06053035;956613600000
06057914;957218400000
06057547;957218400000
06057546;957218400000
06061085;957823200000
06064506;958428000000
06064060;958428000000
06067153;959032800000
06067164;959032800000
06072764;960242400000
06072574;960242400000
06073485;960847200000
06075410;960847200000
06075558;960847200000
06074485;960847200000
06078174;961452000000
06078045;961452000000
06078044;961452000000
06078385;961452000000
06078234;961452000000
06079814;962056800000
06079256;962056800000
06079255;962056800000
06081394;962056800000
06081113;962056800000
06081115;962056800000
06080986;962056800000
06080991;962056800000
06084239;962661600000
06088320;963266400000
06087197;963266400000
06085580;963266400000
06091248;963871200000
06093930;964476000000
06094972;965080800000
06094971;965080800000
06097197;965080800000
06097473;965080800000
06101164;965685600000
06100705;965685600000
06100523;965685600000
06100524;965685600000
06100534;965685600000
06104030;966290400000
06107629;966895200000
06106471;966895200000
06114695;968104800000
06118123;968709600000
06118122;968709600000
06118121;968709600000
06121060;969314400000
06122562;969314400000
06122563;969314400000
06121611;969314400000
06121604;969314400000
06121624;969314400000
06123817;969919200000
06124142;969919200000
06127682;970524000000
06127681;970524000000
06128073;970524000000
06130428;971128800000
06130427;971128800000
06130434;971128800000
06131435;971733600000
06134955;972338400000
06137115;972338400000
06137110;972338400000
06140643;972946800000
06139937;972946800000
06144028;973551600000
06144037;973551600000
06147507;974156400000
06146913;974156400000
06147959;974156400000
06147958;974156400000
06149593;974761200000
06150657;974761200000
06153884;975366000000
06156404;975970800000
06156215;975970800000
06159742;976575600000
06163519;977180400000
06169281;978390000000
06172506;978994800000
06172365;978994800000
06172363;978994800000
06171437;978994800000
06174727;979599600000
06173604;979599600000
06176122;980204400000
06178218;980204400000
06178222;980204400000
06177291;980204400000
06181097;980809200000
06178813;980809200000
06184519;981414000000
06184524;981414000000
06184533;981414000000
06185323;981414000000
06185991;982018800000
06185992;982018800000
06188068;982018800000
06188161;982018800000
06190062;982623600000
06193850;983228400000
06195214;983228400000
06194729;983228400000
06194711;983228400000
06194223;983228400000
06196061;983833200000
06198533;983833200000
06198097;983833200000
06197455;983833200000
06201401;984438000000
06201227;984438000000
06201226;984438000000
06204507;985042800000
06203934;985042800000
06208600;985644000000
06208154;985644000000
06207575;985644000000
06211685;986248800000
06211686;986248800000
06211540;986248800000
06211532;986248800000
06211525;986248800000
06211517;986248800000
06210982;986248800000
06210593;986248800000
06212292;986248800000
06215137;986853600000
06215127;986853600000
06215121;986853600000
06217843;987458400000
06221602;988063200000
06223591;988668000000
06225627;988668000000
06225626;988668000000
06229609;989272800000
06229607;989272800000
06229141;989272800000
06229138;989272800000
06228664;989272800000
06233206;989877600000
06232787;989877600000
06232597;989877600000
06236589;990482400000
06236053;990482400000
06236033;990482400000
06237399;991087200000
06239426;991087200000
06239430;991087200000
06238830;991087200000
06238522;991087200000
06240771;991692000000
06242734;991692000000
06242737;991692000000
06242736;991692000000
06245204;992296800000
06245311;992296800000
06244103;992296800000
06246054;992296800000
06246066;992296800000
06249747;992901600000
06249503;992901600000
06249000;992901600000
06250143;993506400000
06252226;993506400000
06252238;993506400000
06255127;994111200000
06259960;994716000000
06259092;994716000000
06259093;994716000000
06259096;994716000000
06257053;994716000000
06260997;995320800000
06262802;995320800000
06262962;995320800000
06262426;995320800000
06265722;995925600000
06265711;995925600000
06265718;995925600000
06267005;996530400000
06269067;996530400000
06270946;997135200000
06271519;997135200000
06274876;997740000000
06274220;997740000000
06274323;997740000000
06278112;998344800000
06278113;998344800000
06280647;998949600000
06281491;998949600000
06281496;998949600000
06281495;998949600000
06281117;998949600000
06280939;998949600000
06284552;999554400000
06284197;999554400000
06285734;999554400000
06285020;999554400000
06288391;1000159200000
06288394;1000159200000
06288392;1000159200000
06287880;1000159200000
06292316;1000764000000
06291822;1000764000000
06291820;1000764000000
06294774;1001368800000
06297502;1001973600000
06298715;1002578400000
06300628;1002578400000
06300636;1002578400000
06300630;1002578400000
06304527;1003183200000
06304319;1003183200000
06303932;1003183200000
06303930;1003183200000
06303516;1003183200000
06303402;1003183200000
06306779;1003788000000
06307312;1003788000000
06307205;1003788000000
06310936;1004396400000
06310342;1004396400000
06313461;1005001200000
06317514;1005606000000
06319643;1006210800000
06320609;1006210800000
06320655;1006210800000
06323483;1006815600000
06323484;1006815600000
06322935;1006815600000
06326144;1007420400000
06325904;1007420400000
06326798;1007420400000
06326635;1007420400000
06329659;1008025200000
06331238;1008630000000
06330824;1008630000000
06335532;1009839600000
06335530;1009839600000
06335522;1009839600000
06337477;1010444400000
06337479;1010444400000
06339217;1011049200000
06339955;1011654000000
06340813;1011654000000
06344750;1012863600000
06344257;1012863600000
06344150;1012863600000
06346710;1013468400000
06348689;1014073200000
06349591;1014678000000
06353221;1015282800000
06353219;1015282800000
06354133;1015887600000
06356088;1015887600000
06357285;1016492400000
06358860;1016492400000
06362474;1017097200000
06365905;1017698400000
06365895;1017698400000
06365415;1017698400000
06366688;1017698400000
06369397;1018303200000
06369385;1018303200000
06369253;1018303200000
06370487;1018303200000
06370306;1018303200000
06370107;1018303200000
06373070;1018908000000
06373049;1018908000000
06376850;1019512800000
06376833;1019512800000
06376827;1019512800000
06384408;1020722400000
06383823;1020722400000
06383286;1020722400000
06388268;1021327200000
06388262;1021327200000
06388252;1021327200000
06388249;1021327200000
06388239;1021327200000
06387851;1021327200000
06392978;1021932000000
06392228;1021932000000
06392229;1021932000000
06389886;1021932000000
06394409;1022536800000
06396050;1022536800000
06396064;1022536800000
06396063;1022536800000
06395347;1022536800000
06399026;1023141600000
06398940;1023141600000
06404207;1023746400000
06405137;1023746400000
06405584;1024351200000
06408122;1024351200000
06408123;1024351200000
06407558;1024351200000
06407559;1024351200000
06407385;1024351200000
06407384;1024351200000
06411111;1024956000000
06410923;1024956000000
06410929;1024956000000
06414307;1025560800000
06414323;1025560800000
06415653;1026165600000
06417673;1026165600000
06417515;1026165600000
06419985;1026770400000
06420722;1026770400000
06424421;1027375200000
06423967;1027375200000
06426501;1027980000000
06426499;1027980000000
06425189;1027980000000
06429439;1028584800000
06429425;1028584800000
06430324;1028584800000
06427345;1028584800000
06433327;1029189600000
06433102;1029189600000
06435015;1029794400000
06438092;1029794400000
06437943;1029794400000
06437562;1029794400000
06437343;1029794400000
06437329;1029794400000
06437328;1029794400000
06441897;1030399200000
06441371;1030399200000
06445197;1031004000000
06445107;1031004000000
06444991;1031004000000
06448766;1031608800000
06448555;1031608800000
06448554;1031608800000
06448553;1031608800000
06448543;1031608800000
06448096;1031608800000
06453263;1032213600000
06453063;1032213600000
06452892;1032213600000
06452677;1032213600000
06452307;1032213600000
06452161;1032213600000
06452170;1032213600000
06452177;1032213600000
06452174;1032213600000
06452173;1032213600000
06452172;1032213600000
06452171;1032213600000
06455860;1032818400000
06455838;1032818400000
06455847;1032818400000
06455334;1032818400000
06456736;1032818400000
06458206;1033423200000
06459758;1033423200000
06459283;1033423200000
06459082;1033423200000
06459088;1033423200000
06458605;1033423200000
06461726;1034028000000
06461528;1034028000000
06460261;1034028000000
06462346;1034028000000
06462339;1034028000000
06465965;1034632800000
06465782;1034632800000
06465795;1034632800000
06464600;1034632800000
06466895;1034632800000
06466039;1034632800000
06469293;1035237600000
06469288;1035237600000
06470738;1035846000000
06473351;1035846000000
06473384;1035846000000
06472794;1035846000000
06477132;1036450800000
06476387;1036450800000
06476388;1036450800000
06476390;1036450800000
06479820;1037055600000
06479817;1037055600000
06479816;1037055600000
06486654;1038265200000
06489792;1038870000000
06489611;1038870000000
06493065;1039474800000
06490913;1039474800000
06495826;1040079600000
06497194;1040684400000
06498776;1040684400000
06498345;1040684400000
06499340;1041289200000
06504393;1041894000000
06504365;1041894000000
06504164;1041894000000
06504151;1041894000000
06504152;1041894000000
06507552;1042498800000
06507474;1042498800000
06507017;1042498800000
06509969;1043103600000
06509670;1043103600000
06509569;1043103600000
06508979;1043103600000
06510120;1043103600000
06512237;1043708400000
06515274;1044313200000
06515277;1044313200000
06515282;1044313200000
06515296;1044313200000
06515489;1044313200000
06515898;1044313200000
06518570;1044918000000
06518571;1044918000000
06519221;1044918000000
06520005;1045522800000
06521466;1045522800000
06521889;1045522800000
06521890;1045522800000
06521896;1045522800000
06521921;1045522800000
06522776;1045522800000
06525316;1046127600000
06528359;1046732400000
06528785;1046732400000
06528780;1046732400000
06528786;1046732400000
06529793;1046732400000
06532805;1047942000000
06535474;1047942000000
06538249;1048546800000
06540972;1049148000000
06541779;1049148000000
06541784;1049148000000
06542455;1049148000000
06544889;1049752800000
06544893;1049752800000
06545263;1049752800000
06545276;1049752800000
06545275;1049752800000
06545274;1049752800000
06545273;1049752800000
06545495;1049752800000
06545491;1049752800000
06548810;1050357600000
06552340;1050962400000
06552338;1050962400000
06552339;1050962400000
06552336;1050962400000
06552337;1050962400000
06552331;1050962400000
06552556;1050962400000
06553546;1050962400000
06555362;1051567200000
06555815;1051567200000
06555816;1051567200000
06555830;1051567200000
06559459;1052172000000
06559458;1052172000000
06559457;1052172000000
06559456;1052172000000
06559662;1052172000000
06559924;1052172000000
06562633;1052776800000
06563112;1052776800000
06563321;1052776800000
06565720;1053381600000
06566653;1053381600000
06566654;1053381600000
06566655;1053381600000
06566650;1053381600000
06566885;1053381600000
06566897;1053381600000
06567168;1053381600000
06567770;1053381600000
06570170;1053986400000
06570164;1053986400000
06570163;1053986400000
06570390;1053986400000
06573369;1054591200000
06573498;1054591200000
06573497;1054591200000
06573525;1054591200000
06573508;1054591200000
06573511;1054591200000
06574257;1054591200000
06571612;1054591200000
06576293;1055196000000
06576894;1055196000000
06576910;1055196000000
06576900;1055196000000
06580069;1055800800000
06580073;1055800800000
06580072;1055800800000
06580070;1055800800000
06580852;1055800800000
06583413;1056405600000
06583411;1056405600000
06583412;1056405600000
06583410;1056405600000
06583619;1056405600000
06583634;1056405600000
06584062;1056405600000
06586753;1057010400000
06586754;1057010400000
06586733;1057010400000
06586734;1057010400000
06586736;1057010400000
06586885;1057010400000
06587426;1057010400000
06590210;1057615200000
06590208;1057615200000
06593040;1058220000000
06593152;1058220000000
06593571;1058220000000
06593583;1058220000000
06596483;1058824800000
06596992;1058824800000
06597185;1058824800000
06597639;1058824800000
06603239;1060034400000
06604295;1060639200000
06605344;1060639200000
06605811;1060639200000
06605810;1060639200000
06605941;1060639200000
06608306;1061244000000
06611140;1061848800000
06610980;1061848800000
06612160;1062453600000
06613593;1062453600000
06614027;1062453600000
06614029;1062453600000
06614022;1062453600000
06614243;1062453600000
06614227;1062453600000
06614540;1062453600000
06616784;1063058400000
06617595;1063058400000
06617599;1063058400000
06617597;1063058400000
06617579;1063058400000
06617569;1063058400000
06617761;1063058400000
06621079;1063663200000
06621082;1063663200000
06621080;1063663200000
06621065;1063663200000
06621575;1063663200000
06624412;1064268000000
06624913;1064268000000
06627884;1064872800000
06627886;1064872800000
06627885;1064872800000
06627888;1064872800000
06627887;1064872800000
06627889;1064872800000
06627908;1064872800000
06627903;1064872800000
06628053;1064872800000
06630307;1065477600000
06630668;1065477600000
06630667;1065477600000
06630666;1065477600000
06631227;1065477600000
06633034;1066082400000
06635873;1066687200000
06635871;1066687200000
06635870;1066687200000
06635869;1066687200000
06639224;1067295600000
06639218;1067295600000
06639400;1067295600000
06642538;1067900400000
06642520;1067900400000
06642529;1067900400000
06642512;1067900400000
06642517;1067900400000
06642726;1067900400000
06646267;1068505200000
06646262;1068505200000
06646263;1068505200000
06646261;1068505200000
06646733;1068505200000
06650129;1069110000000
06649894;1069110000000
06649919;1069110000000
06653632;1069714800000
06653631;1069714800000
06653633;1069714800000
06654114;1069714800000
06654703;1069714800000
06656662;1070319600000
06657192;1070319600000
06657221;1070319600000
06661009;1070924400000
06661008;1070924400000
06661004;1070924400000
06664532;1071529200000
06664540;1071529200000
06664546;1071529200000
06666075;1072134000000
06667099;1072134000000
06667467;1072134000000
06667475;1072134000000
06667477;1072134000000
06667476;1072134000000
06669121;1072738800000
06669256;1072738800000
06670602;1072738800000
06670610;1072738800000
06670611;1072738800000
06670612;1072738800000
06670615;1072738800000
06670624;1072738800000
06674076;1073343600000
06674074;1073343600000
06674890;1073343600000
06676814;1073948400000
06677581;1073948400000
06677587;1073948400000
06677586;1073948400000
06677584;1073948400000
06677595;1073948400000
06680474;1074553200000
06683308;1075158000000
06683306;1075158000000
06683320;1075158000000
06684676;1075762800000
06685639;1075762800000
06686590;1075762800000
06690010;1076367600000
06690007;1076367600000
06690008;1076367600000
06693288;1076972400000
06693282;1076972400000
06694805;1077577200000
06696362;1077577200000
06697317;1077577200000
06700121;1078182000000
06700670;1078182000000
06700852;1078182000000
06702186;1078786800000
06703626;1078786800000
06703623;1078786800000
06703615;1078786800000
06703613;1078786800000
06703612;1078786800000
06703850;1078786800000
06705154;1079391600000
06706427;1079391600000
06707041;1079391600000
06708556;1079996400000
06710341;1079996400000
06710338;1079996400000
06710339;1079996400000
06710337;1079996400000
06710331;1079996400000
06710340;1079996400000
06710888;1079996400000
06713761;1080597600000
06713743;1080597600000
06714892;1080597600000
06715346;1081202400000
06715318;1081202400000
06716409;1081202400000
06717144;1081202400000
06717143;1081202400000
06717142;1081202400000
06719602;1081807200000
06720564;1081807200000
06720556;1081807200000
06720553;1081807200000
06721051;1081807200000
06723997;1082412000000
06723987;1082412000000
06724552;1082412000000
06724718;1082412000000
06727500;1083016800000
06727911;1083016800000
06730905;1083621600000
06730906;1083621600000
06730907;1083621600000
06730908;1083621600000
06734428;1084226400000
06734429;1084226400000
06734426;1084226400000
06734425;1084226400000
06734437;1084226400000
06734438;1084226400000
06734451;1084226400000
06735163;1084226400000
06736705;1084831200000
06737331;1084831200000
06737646;1084831200000
06737647;1084831200000
06737880;1084831200000
06738338;1084831200000
06740876;1085436000000
06740877;1085436000000
06740889;1085436000000
06740888;1085436000000
06743645;1086040800000
06744030;1086040800000
06744057;1086040800000
06744058;1086040800000
06744708;1086040800000
06745618;1086645600000
06746144;1086645600000
06746566;1086645600000
06747265;1086645600000
06747279;1086645600000
06748795;1087250400000
06748794;1087250400000
06749776;1087250400000
06750450;1087250400000
06750447;1087250400000
06753533;1087855200000
06753524;1087855200000
06753525;1087855200000
06753518;1087855200000
06757645;1088460000000
06755075;1088460000000
06756236;1088460000000
06756590;1088460000000
06756584;1088460000000
06759655;1089064800000
06759654;1089064800000
06759653;1089064800000
06761618;1089669600000
06762056;1089669600000
06762397;1089669600000
06762402;1089669600000
06762415;1089669600000
06763322;1089669600000
06765203;1090274400000
06765205;1090274400000
06765204;1090274400000
06765201;1090274400000
06767696;1090879200000
06768117;1090879200000
06768113;1090879200000
06768114;1090879200000
06768556;1090879200000
06770879;1091484000000
06770868;1091484000000
06771012;1091484000000
06771418;1091484000000
06772620;1092088800000
06774361;1092088800000
06777688;1092693600000
06777676;1092693600000
06777677;1092693600000
06777678;1092693600000
06777674;1092693600000
06777675;1092693600000
06777656;1092693600000
06777637;1092693600000
06779387;1093298400000
06780513;1093298400000
06780766;1093298400000
06781126;1093298400000
06781125;1093298400000
06784414;1093903200000
06784426;1093903200000
06784425;1093903200000
06785445;1093903200000
06785615;1093903200000
06787798;1094508000000
06787769;1094508000000
06787768;1094508000000
06787772;1094508000000
06787770;1094508000000
06787771;1094508000000
06787779;1094508000000
06788993;1094508000000
06790509;1095112800000
06791108;1095112800000
06791081;1095112800000
06791097;1095112800000
06794296;1095717600000
06794663;1095717600000
06797965;1096322400000
06797952;1096322400000
06797953;1096322400000
06797954;1096322400000
06797955;1096322400000
06798513;1096322400000
06800913;1096927200000
06801396;1096927200000
06803558;1097532000000
06803573;1097532000000
06803570;1097532000000
06803571;1097532000000
06803572;1097532000000
06803584;1097532000000
06803582;1097532000000
06805390;1098136800000
06805942;1098136800000
06807314;1098136800000
06810354;1098741600000
06809306;1098741600000
06809316;1098741600000
06809324;1098741600000
06809319;1098741600000
06812460;1099350000000
06812461;1099350000000
06812462;1099350000000
06812449;1099350000000
06813574;1099350000000
06815676;1099954800000
06815678;1099954800000
06816570;1099954800000
06816451;1099954800000
06816806;1099954800000
06818907;1100559600000
06818902;1100559600000
06818891;1100559600000
06819649;1100559600000
06819588;1100559600000
06822232;1101164400000
06822260;1101164400000
06822246;1101164400000
06822247;1101164400000
06821603;1101164400000
06823723;1101769200000
06823724;1101769200000
06825475;1101769200000
06825467;1101769200000
06827979;1102374000000
06828566;1102374000000
06828554;1102374000000
06828571;1102374000000
06828800;1102374000000
06831282;1102978800000
06833550;1103583600000
06833546;1103583600000
06834158;1103583600000
06836373;1104188400000
06834537;1104188400000
06835438;1104188400000
06835534;1104188400000
06838668;1104793200000
06838667;1104793200000
06838675;1104793200000
06838676;1104793200000
06839646;1104793200000
06841142;1105398000000
06841777;1105398000000
06841775;1105398000000
06841776;1105398000000
06844549;1106002800000
06844550;1106002800000
06847038;1106607600000
06847907;1106607600000
06850323;1107212400000
06851301;1107817200000
06852968;1107817200000
06852969;1107817200000
06854648;1108422000000
06855928;1108422000000
06855929;1108422000000
06855931;1108422000000
06855974;1108422000000
06856145;1108422000000
06856473;1108422000000
06858089;1109026800000
06858845;1109026800000
06858843;1109026800000
06859760;1109026800000
06861651;1109631600000
06861648;1109631600000
06861649;1109631600000
06862142;1109631600000
06862921;1110236400000
06864488;1110236400000
06864479;1110236400000
06864482;1110236400000
06865927;1110841200000
06866801;1110841200000
06867429;1110841200000
06867407;1110841200000
06867443;1110841200000
06869480;1111446000000
06869810;1111446000000
06869807;1111446000000
06870169;1111446000000
06871527;1112047200000
06872936;1112047200000
06872958;1112047200000
06872944;1112047200000
06873747;1112047200000
06875274;1112652000000
06875981;1112652000000
06877365;1113256800000
06878936;1113256800000
06878935;1113256800000
06878937;1113256800000
06880389;1113861600000
06881970;1113861600000
06881947;1113861600000
06881954;1113861600000
06882745;1113861600000
06884981;1114466400000
06884999;1114466400000
06885012;1114466400000
06885001;1114466400000
06885000;1114466400000
06885445;1114466400000
06889113;1115071200000
06886395;1115071200000
06888138;1115071200000
06888137;1115071200000
06888135;1115071200000
06888145;1115071200000
06888150;1115071200000
06890772;1115676000000
06891171;1115676000000
06891159;1115676000000
06891390;1115676000000
06892432;1116280800000
06893884;1116280800000
06893966;1116280800000
06893986;1116280800000
06894272;1116280800000
06894277;1116280800000
06894287;1116280800000
06894790;1116280800000
06897445;1116885600000
06897444;1116885600000
06897441;1116885600000
06897443;1116885600000
06897442;1116885600000
06897458;1116885600000
06898037;1116885600000
06900575;1117490400000
06900581;1117490400000
06900435;1117490400000
06900443;1117490400000
06900446;1117490400000
06899943;1117490400000
06901800;1118095200000
06903348;1118095200000
06903351;1118095200000
06903338;1118095200000
06904791;1118700000000
06905760;1118700000000
06906538;1118700000000
06906450;1118700000000
06909092;1119304800000
06909983;1119304800000
06911832;1119909600000
06912193;1119909600000
06914249;1120514400000
06914441;1120514400000
06912893;1120514400000
06912892;1120514400000
06913982;1120514400000
06917043;1121119200000
06917140;1121119200000
06918286;1121724000000
06919556;1121724000000
06919564;1121724000000
06919563;1121724000000
06920088;1121724000000
06921578;1122328800000
06921896;1122328800000
06923044;1122933600000
06924489;1122933600000
06924480;1122933600000
06924488;1122933600000
06924484;1122933600000
06924481;1122933600000
06924482;1122933600000
06925860;1123538400000
06926927;1123538400000
06927400;1123538400000
06927391;1123538400000
06927569;1123538400000
06928863;1124143200000
06929934;1124143200000
06930307;1124143200000
06930308;1124143200000
06930309;1124143200000
06930313;1124143200000
06930316;1124143200000
06930317;1124143200000
06930502;1124143200000
06931917;1124748000000
06932504;1124748000000
06933153;1124748000000
06933512;1124748000000
06933499;1124748000000
06935167;1125352800000
06936981;1125352800000
06936826;1125352800000
06936816;1125352800000
06936818;1125352800000
06936819;1125352800000
06940069;1125957600000
06943043;1126562400000
06943417;1126562400000
06943349;1126562400000
06943351;1126562400000
06943350;1126562400000
06943352;1126562400000
06945100;1127167200000
06946656;1127167200000
06946655;1127167200000
06946654;1127167200000
06949490;1127772000000
06949744;1127772000000
06949756;1127772000000
06950296;1127772000000
06950385;1127772000000
06951129;1128376800000
06951130;1128376800000
06951695;1128376800000
06952014;1128376800000
06952651;1128376800000
06953930;1128981600000
06953939;1128981600000
06955078;1129586400000
06956210;1129586400000
06956212;1129586400000
06956211;1129586400000
06958124;1130191200000
06958477;1130191200000
06959108;1130191200000
06960765;1130799600000
06960766;1130799600000
06960763;1130799600000
06963067;1131404400000
06965112;1132009200000
06967074;1132614000000
06967328;1132614000000
06968730;1133218800000
06969853;1133218800000
06969847;1133218800000
06972405;1133823600000
06972412;1133823600000
06975129;1134428400000
06977377;1135033200000
06977376;1135033200000
06977375;1135033200000
06978215;1135033200000
06980937;1135638000000
06979406;1135638000000
06979823;1135638000000
06979824;1135638000000
06979821;1135638000000
06982427;1136242800000
06982419;1136242800000
06984589;1136847600000
06984822;1136847600000
06985223;1136847600000
06985425;1136847600000
06986280;1137452400000
06987277;1137452400000
06987265;1137452400000
06987570;1137452400000
07550747;1245708000000
07553334;1246312800000
07553335;1246312800000
07559261;1247522400000
07566888;1248732000000
07566873;1248732000000
07569077;1249336800000
07569112;1249336800000
07572300;1249941600000
07574932;1250546400000
07578853;1251151200000
07588605;1252965600000
07591858;1253570400000
07597717;1254780000000
07605368;1255989600000
07608820;1256598000000
07608842;1256598000000
07609048;1256598000000
07610797;1257202800000
07617720;1258412400000
07618465;1258412400000
07621964;1259017200000
07631547;1260831600000
07631548;1260831600000
07635392;1261436400000
07637960;1262041200000
07638767;1262041200000
07644447;1262646000000
07655923;1265065200000
07657947;1265065200000
07659509;1265670000000
07663102;1266274800000
07663103;1266274800000
07675034;1268089200000
07690046;1269900000000
07690047;1269900000000
07694346;1270504800000
07694347;1270504800000
07696996;1271109600000
07697382;1271109600000
07703147;1271714400000
07707647;1272319200000
07709791;1272924000000
07712354;1273528800000
07721347;1274133600000
07718962;1274133600000
07723681;1274738400000
07730547;1275343200000
07735146;1275948000000
07735147;1275948000000
07735357;1276552800000
07735358;1276552800000
07737414;1276552800000
07748052;1277762400000
07745782;1277762400000
07745206;1277762400000
07748260;1278367200000
07761255;1279576800000
07765607;1280181600000
07765606;1280181600000
07769201;1280786400000
07770231;1280786400000
07770232;1280786400000
07772552;1281391200000
07770439;1281391200000
07775087;1281996000000
07775086;1281996000000
07784107;1282600800000
07788732;1283205600000
07793356;1283810400000
07796493;1284415200000
07797757;1284415200000
07804067;1285624800000
07810166;1286229600000
07814566;1286834400000
07814565;1286834400000
07810382;1286834400000
07818816;1287439200000
07823216;1288044000000
07823215;1288044000000
07823470;1288652400000
07825378;1288652400000
07834315;1289862000000
07841015;1290466800000
07841016;1290466800000
07836757;1290466800000
07849516;1291676400000
07849515;1291676400000
07854016;1292281200000
07854015;1292281200000
07855361;1292886000000
07856665;1292886000000
07858935;1293490800000
07861316;1293490800000
07861315;1293490800000
