03862113;159490800000
03862114;159490800000
03862111;159490800000
03862110;159490800000
03863008;160095600000
03862928;160095600000
03862927;160095600000
03862925;160095600000
03864481;160700400000
03864482;160700400000
03864325;160700400000
03867365;161910000000
03867269;161910000000
03867257;161910000000
03868358;162514800000
03869549;163119600000
03869437;163119600000
03870694;163724400000
03872074;164329200000
03873511;164934000000
03873510;164934000000
03873509;164934000000
03875136;165538800000
03875138;165538800000
03875207;165538800000
03876698;166143600000
03878185;166748400000
03879371;167353200000
03880823;167958000000
03880826;167958000000
03880825;167958000000
03882098;168562800000
03883500;169167600000
03883497;169167600000
03883498;169167600000
03883496;169167600000
03883499;169167600000
03884897;169772400000
03884896;169772400000
03886132;170377200000
03886133;170377200000
03886134;170377200000
03886135;170377200000
03886137;170377200000
03887538;170982000000
03888837;171586800000
03888836;171586800000
03888838;171586800000
03890437;172191600000
03891696;172796400000
03891616;172796400000
03891615;172796400000
03891614;172796400000
03892723;173401200000
03892726;173401200000
03896103;175215600000
03896104;175215600000
03896105;175215600000
03897551;175820400000
03898329;176425200000
03899298;177030000000
03901872;178239600000
03903069;178844400000
03903068;178844400000
03904594;179449200000
03906031;180054000000
03907676;180658800000
03907755;180658800000
03907764;180658800000
03907765;180658800000
03907762;180658800000
03907763;180658800000
03910872;181868400000
03912711;182473200000
03912807;182473200000
03914412;183078000000
03914205;183078000000
03915949;183682800000
03915946;183682800000
03915948;183682800000
03915947;183682800000
03917824;184287600000
03917825;184287600000
03917581;184287600000
03917580;184287600000
03917578;184287600000
03917579;184287600000
03920627;185497200000
03922262;186102000000
03923772;186706800000
03923771;186706800000
03923770;186706800000
03923769;186706800000
03925345;187311600000
03926938;187916400000
03926937;187916400000
03927204;187916400000
03928306;188521200000
03928308;188521200000
03928307;188521200000
03929758;189126000000
03929759;189126000000
03929756;189126000000
03931140;189730800000
03931141;189730800000
03934008;190940400000
03933782;190940400000
03933784;190940400000
03937819;192754800000
03937694;192754800000
03937695;192754800000
03940380;193964400000
03941763;194569200000
03943119;195174000000
03944590;195778800000
03947569;196984800000
03947575;196984800000
03948725;197589600000
03948821;197589600000
03948876;197589600000
03950348;198194400000
03950517;198194400000
03951741;198799200000
03951939;198799200000
03953416;199404000000
03953415;199404000000
03953418;199404000000
03953417;199404000000
03953594;199404000000
03954975;200008800000
03956219;200613600000
03956260;200613600000
03957963;201218400000
03960834;202428000000
03960830;202428000000
03960828;202428000000
03963691;203637600000
03971736;207266400000
03971737;207266400000
03973006;207871200000
03972773;207871200000
03972859;207871200000
03974135;208476000000
03975365;209080800000
03975366;209080800000
03976770;209685600000
03978035;210290400000
03980631;211500000000
03984390;213318000000
03985617;213922800000
03987014;214527600000
03988304;215132400000
03988308;215132400000
03988307;215132400000
03988309;215132400000
03989821;215737200000
03991041;216342000000
03992365;216946800000
03992530;216946800000
03994871;218156400000
03996268;218761200000
03997517;219366000000
03997516;219366000000
03998795;219970800000
03998799;219970800000
04000259;220575600000
04001199;221180400000
04002740;221785200000
04002738;221785200000
04003884;222390000000
04005194;222994800000
04005063;222994800000
04006152;223599600000
04008209;224809200000
04010261;226018800000
04010260;226018800000
04010125;226018800000
04010149;226018800000
04011207;226623600000
04011182;226623600000
04012345;227228400000
04012367;227228400000
04013791;227833200000
04013788;227833200000
04013628;227833200000
04014861;228438000000
04014992;228438000000
04016258;229039200000
04016259;229039200000
04016148;229039200000
04018726;230248800000
04018754;230248800000
04018753;230248800000
04018914;230248800000
04020157;230853600000
04021387;231458400000
04024248;232668000000
04024121;232668000000
04028319;234482400000
04028318;234482400000
04029772;235087200000
04029642;235087200000
04031071;235692000000
04031072;235692000000
04031069;235692000000
04031070;235692000000
04032633;236296800000
04033941;236901600000
04033940;236901600000
04034082;236901600000
04035348;237506400000
04035485;237506400000
04038282;238716000000
04038222;238716000000
04039519;239320800000
04041155;239925600000
04041023;239925600000
04041022;239925600000
04043994;241135200000
04043993;241135200000
04046633;242344800000
04051237;244162800000
04053460;245372400000
04054558;245977200000
04055553;246582000000
04055524;246582000000
04058513;248396400000
04058512;248396400000
04059693;249001200000
04059694;249001200000
04061626;250210800000
04061608;250210800000
04061607;250210800000
04061737;250210800000
04062835;250815600000
04062816;250815600000
04062815;250815600000
04062746;250815600000
04064236;251420400000
04065566;252025200000
04065412;252025200000
04066749;252630000000
04066635;252630000000
04066634;252630000000
04067774;253234800000
04071440;255049200000
04071622;255049200000
04071510;255049200000
04072668;255654000000
04073890;256258800000
04075189;256863600000
04075190;256863600000
04075191;256863600000
04075192;256863600000
04075194;256863600000
04076659;257468400000
04077949;258073200000
04077952;258073200000
04079127;258678000000
04081533;259887600000
04081530;259887600000
04081434;259887600000
04081433;259887600000
04083967;261093600000
04085096;261698400000
04086219;262303200000
04086221;262303200000
04086220;262303200000
04086196;262303200000
04086136;262303200000
04087419;262908000000
04087418;262908000000
04087417;262908000000
04087416;262908000000
04087390;262908000000
04089946;264117600000
04089821;264117600000
04091093;264722400000
04091087;264722400000
04092304;265327200000
04093609;265932000000
04093610;265932000000
04093611;265932000000
04093574;265932000000
04096237;267141600000
04097471;267746400000
04098779;268351200000
04098777;268351200000
04098782;268351200000
04098781;268351200000
04100274;268956000000
04100275;268956000000
04100153;268956000000
04100117;268956000000
04101721;269560800000
04101649;269560800000
04101538;269560800000
04101537;269560800000
04101536;269560800000
04102877;270165600000
04102878;270165600000
04103004;270165600000
04103005;270165600000
04104371;270770400000
04104267;270770400000
04105603;271375200000
04105602;271375200000
04105652;271375200000
04105651;271375200000
04107298;271980000000
04107158;271980000000
04108846;272584800000
04108726;272584800000
04108985;272584800000
04108987;272584800000
04110434;273189600000
04110438;273189600000
04110322;273189600000
04110321;273189600000
04111924;273794400000
04111923;273794400000
04112090;273794400000
04113713;274399200000
04113714;274399200000
04113858;274399200000
04115554;275004000000
04115374;275004000000
04116768;275608800000
04116951;275608800000
04116950;275608800000
04116949;275608800000
04117117;275608800000
04117118;275608800000
04118482;276217200000
04118483;276217200000
04118481;276217200000
04118380;276217200000
04119493;276822000000
04120951;277426800000
04120852;277426800000
04122090;278031600000
04122077;278031600000
04123523;278636400000
04123425;278636400000
04124703;279241200000
04124577;279241200000
04124578;279241200000
04125606;279846000000
04125492;279846000000
04126606;280450800000
04127540;281055600000
04127536;281055600000
04127537;281055600000
04127530;281055600000
04127531;281055600000
04127532;281055600000
04127533;281055600000
04127538;281055600000
04127539;281055600000
04127523;281055600000
04127524;281055600000
04127525;281055600000
04127526;281055600000
04127520;281055600000
04127521;281055600000
04127522;281055600000
04127529;281055600000
04127517;281055600000
04127518;281055600000
04127519;281055600000
04127541;281055600000
04127542;281055600000
04128663;281660400000
04128638;281660400000
04128543;281660400000
04128540;281660400000
04128541;281660400000
04129560;282265200000
04130514;282870000000
04130554;282870000000
04132746;284079600000
04133805;284684400000
04133782;284684400000
04134972;285289200000
04137224;286498800000
04138394;287103600000
04139526;287708400000
04139504;287708400000
04140767;288313200000
04143133;289522800000
04143032;289522800000
04144228;290127600000
04145337;290732400000
04146612;291337200000
04148878;292543200000
04148886;292543200000
04148785;292543200000
04148786;292543200000
04148787;292543200000
04148788;292543200000
04152425;294357600000
04152322;294357600000
04154727;295567200000
04158052;297986400000
04159263;299196000000
04160025;299800800000
04159979;299800800000
04159981;299800800000
04159980;299800800000
04161522;301010400000
04161521;301010400000
04162307;301615200000
04162248;301615200000
04162142;301615200000
04162941;302220000000
04164571;303429600000
04165312;304034400000
04166113;304639200000
04167557;305848800000
04167508;305848800000
04167448;305848800000
04168263;306453600000
04171412;308876400000
04171299;308876400000
04172130;309481200000
04174385;311295600000
04175122;311900400000
04176009;312505200000
04177261;313110000000
04178284;313714800000
04178371;313714800000
04179433;314319600000
04179337;314319600000
04180501;314924400000
04180500;314924400000
04181717;315529200000
04181650;315529200000
04182707;316134000000
04183909;316738800000
04183910;316738800000
04183849;316738800000
04183848;316738800000
04185010;317343600000
04185089;317343600000
04185096;317343600000
04186194;317948400000
04186198;317948400000
04186188;317948400000
04187217;318553200000
04187295;318553200000
04187852;319158000000
04188264;319158000000
04189605;319762800000
04189426;319762800000
04190648;320367600000
04190647;320367600000
04190646;320367600000
04190575;320367600000
04190496;320367600000
04191753;320972400000
04191754;320972400000
04192875;321577200000
04192798;321577200000
04193915;322182000000
04195018;322786800000
04196122;323391600000
04198398;324597600000
04199568;325202400000
04199501;325202400000
04199500;325202400000
04199499;325202400000
04201771;326412000000
04202802;327016800000
04203802;327621600000
04203975;327621600000
04204991;328226400000
04204990;328226400000
04206199;328831200000
04207311;329436000000
04207232;329436000000
04208403;330040800000
04209442;330645600000
04209441;330645600000
04209426;330645600000
04210581;331250400000
04210636;331250400000
04211693;331855200000
04211769;331855200000
04212795;332460000000
04212796;332460000000
04212797;332460000000
04213895;333064800000
04213968;333064800000
04213969;333064800000
04215037;333669600000
04215038;333669600000
04215039;333669600000
04215111;333669600000
04215112;333669600000
04215199;333669600000
04216127;334274400000
04216128;334274400000
04216141;334274400000
04217268;334879200000
04218439;335484000000
04218638;335484000000
04219468;336088800000
04220565;336693600000
04220637;336693600000
04220641;336693600000
04221682;337298400000
04221705;337298400000
04221777;337298400000
04223021;337903200000
04223017;337903200000
04223016;337903200000
04223019;337903200000
04223020;337903200000
04224199;338508000000
04224316;338508000000
04225487;339116400000
04225472;339116400000
04225588;339116400000
04225579;339116400000
04226857;339721200000
04226856;339721200000
04228158;340326000000
04228147;340326000000
04228155;340326000000
04228157;340326000000
04229438;340930800000
04230617;341535600000
04230696;341535600000
04231925;342140400000
04231923;342140400000
04232006;342140400000
04232008;342140400000
04234571;343350000000
04235772;343954800000
04235771;343954800000
04235886;343954800000
04235881;343954800000
04235942;343954800000
04237047;344559600000
04237046;344559600000
04237045;344559600000
04237119;344559600000
04238390;345164400000
04238391;345164400000
04238481;345164400000
04238401;345164400000
04239680;345769200000
04242186;346978800000
04242256;346978800000
04242238;346978800000
04242329;346978800000
04244945;348188400000
04244946;348188400000
04244947;348188400000
04244944;348188400000
04246400;348793200000
04247543;349398000000
04250085;350607600000
04250086;350607600000
04250087;350607600000
04251628;351212400000
04251439;351212400000
04251438;351212400000
04252795;351817200000
04252715;351817200000
04253997;352422000000
04253998;352422000000
04254024;352422000000
04254023;352422000000
04254106;352422000000
04254107;352422000000
04256559;353631600000
04256736;353631600000
04256735;353631600000
04258152;354236400000
04258151;354236400000
04257773;354236400000
04259234;354837600000
04261887;356047200000
04261888;356047200000
04261885;356047200000
04261886;356047200000
04261883;356047200000
04261884;356047200000
04261979;356047200000
04261980;356047200000
04263282;356652000000
04263255;356652000000
04264491;357256800000
04264492;357256800000
04265808;357861600000
04265884;357861600000
04267102;358466400000
04269827;359676000000
04271152;360280800000
04271068;360280800000
04273704;361490400000
04272433;361490400000
04272432;361490400000
04272524;361490400000
04275001;362095200000
04275153;362095200000
04276206;362700000000
04276375;362700000000
04277395;363304800000
04277394;363304800000
04277393;363304800000
04278596;363909600000
04280953;365119200000
04282143;365724000000
04282325;365724000000
04283330;366328800000
04283329;366328800000
04283328;366328800000
04284537;366933600000
04285858;367538400000
04285857;367538400000
04287045;368143200000
04287185;368143200000
04287120;368143200000
04288431;368748000000
04288432;368748000000
04288549;368748000000
04289692;369352800000
04289690;369352800000
04289851;369352800000
04290943;369957600000
04290944;369957600000
04291022;369957600000
04292313;370566000000
04293455;371170800000
04293481;371170800000
04294754;371775600000
04294923;371775600000
04297276;372985200000
04297346;372985200000
04298523;373590000000
04301065;374799600000
04301045;374799600000
04301151;374799600000
04301066;374799600000
04301245;374799600000
04302386;375404400000
04303592;376009200000
04304692;376614000000
04304715;376614000000
04304716;376614000000
04305872;377218800000
04305852;377218800000
04307083;377823600000
04308181;378428400000
04309340;379033200000
04309343;379033200000
04310456;379638000000
04310517;379638000000
04310518;379638000000
04310514;379638000000
04311640;380242800000
04311639;380242800000
04312943;380847600000
04312857;380847600000
04313911;381452400000
04314998;382057200000
04314991;382057200000
04314936;382057200000
04315853;382662000000
04315913;382662000000
04316892;383266800000
04316891;383266800000
04316890;383266800000
04316836;383266800000
04317815;383871600000
04317771;383871600000
04317770;383871600000
04318847;384476400000
04318904;384476400000
04318905;384476400000
04320054;385081200000
04320052;385081200000
04320053;385081200000
04320117;385081200000
04320118;385081200000
04321260;385686000000
04322339;386287200000
04322338;386287200000
04322343;386287200000
04322342;386287200000
04322341;386287200000
04322340;386287200000
04322499;386287200000
04322406;386287200000
04323560;386892000000
04323559;386892000000
04326054;388101600000
04327178;388706400000
04327075;388706400000
04327072;388706400000
04327085;388706400000
04328135;389311200000
04328214;389311200000
04330466;390520800000
04330465;390520800000
04331592;391125600000
04331594;391125600000
04331593;391125600000
04331661;391125600000
04333875;392335200000
04336187;393544800000
04336186;393544800000
04337194;394149600000
04337247;394149600000
04338305;394754400000
04338397;394754400000
04339537;395359200000
04339534;395359200000
04339440;395359200000
04339427;395359200000
04339426;395359200000
04340675;395964000000
04341698;396568800000
04341761;396568800000
04341768;396568800000
04341767;396568800000
04342751;397173600000
04342832;397173600000
04342671;397173600000
04343795;397778400000
04343898;397778400000
04346083;398988000000
04347242;399592800000
04348386;400197600000
04349544;400802400000
04349466;400802400000
04350627;401407200000
04350628;401407200000
04350764;401407200000
04351763;402015600000
04351762;402015600000
04351764;402015600000
04351829;402015600000
04351828;402015600000
04353823;403225200000
04353821;403225200000
04353822;403225200000
04354967;403830000000
04354966;403830000000
04355025;403830000000
04355104;403830000000
04355112;403830000000
04356119;404434800000
04356270;404434800000
04357421;405039600000
04358386;405644400000
04358439;405644400000
04358440;405644400000
04358586;405644400000
04360458;406854000000
04360516;406854000000
04361553;407458800000
04361673;407458800000
04362717;408063600000
04363800;408668400000
04363877;408668400000
04366148;409878000000
04366246;409878000000
04367225;410482800000
04368150;411087600000
04368190;411087600000
04368192;411087600000
04369138;411692400000
04369137;411692400000
04369174;411692400000
04369179;411692400000
04369178;411692400000
04370265;412297200000
04370266;412297200000
04370312;412297200000
04370317;412297200000
04371463;412902000000
04371466;412902000000
04371465;412902000000
04371625;412902000000
04372884;413506800000
04374062;414111600000
04374060;414111600000
04374765;414716400000
04374764;414716400000
04374828;414716400000
04375513;415321200000
04376760;416530800000
04376765;416530800000
04376766;416530800000
04377482;417135600000
04377574;417135600000
04377570;417135600000
04377517;417135600000
04377515;417135600000
04377516;417135600000
04378428;417736800000
04380535;419551200000
04382081;420760800000
04382080;420760800000
04382290;420760800000
04382922;421365600000
04382923;421365600000
04382920;421365600000
04382921;421365600000
04384994;422575200000
04384996;422575200000
04384995;422575200000
04385505;423180000000
04386074;423180000000
04386075;423180000000
04387088;423784800000
04388236;424389600000
04388234;424389600000
04388235;424389600000
04388306;424389600000
04388307;424389600000
04388304;424389600000
04388305;424389600000
04389343;424994400000
04389342;424994400000
04390528;425599200000
04390527;425599200000
04390526;425599200000
04391747;426204000000
04391800;426204000000
04393050;426808800000
04393201;426808800000
04392997;426808800000
04394443;427413600000
04394519;427413600000
04395404;428018400000
04395403;428018400000
04395400;428018400000
04395399;428018400000
04396605;428623200000
04396606;428623200000
04396607;428623200000
04396542;428623200000
04396543;428623200000
04397842;429228000000
04397844;429228000000
04397780;429228000000
04399066;429832800000
04399067;429832800000
04399125;429832800000
04399124;429832800000
04400316;430437600000
04400377;430437600000
04401759;431042400000
04401656;431042400000
04401659;431042400000
04401658;431042400000
04401593;431042400000
04404133;432252000000
04404135;432252000000
04405608;432856800000
04405607;432856800000
04406832;433465200000
04406890;433465200000
04406889;433465200000
04407746;434070000000
04407745;434070000000
04407794;434070000000
04407948;434070000000
04407965;434070000000
04409210;434674800000
04409209;434674800000
04409208;434674800000
04409141;434674800000
04409140;434674800000
04410512;435279600000
04410511;435279600000
04410514;435279600000
04410513;435279600000
04411994;435884400000
04411890;435884400000
04412988;436489200000
04414149;437094000000
04414150;437094000000
04414204;437094000000
04415493;437698800000
04415492;437698800000
04415491;437698800000
04415667;437698800000
04415546;437698800000
04415557;437698800000
04415558;437698800000
04415630;437698800000
04416820;438303600000
04416988;438303600000
04416870;438303600000
04416871;438303600000
04416874;438303600000
04419347;439513200000
04420424;440118000000
04421744;440722800000
04422967;441327600000
04422968;441327600000
04423034;441327600000
04423037;441327600000
04423038;441327600000
04423242;441327600000
04424207;441932400000
04424242;441932400000
04425269;442537200000
04425428;442537200000
04425437;442537200000
04426378;443142000000
04426325;443142000000
04426324;443142000000
04427660;443746800000
04427661;443746800000
04427657;443746800000
04427659;443746800000
04427582;443746800000
04427827;443746800000
04428938;444351600000
04428942;444351600000
04428941;444351600000
04430266;444956400000
04430265;444956400000
04430466;444956400000
04430327;444956400000
04430326;444956400000
04431589;445561200000
04431739;445561200000
04431740;445561200000
04431635;445561200000
04434095;446770800000
04435385;447375600000
04436815;447980400000
04436874;447980400000
04438103;448585200000
04438029;448585200000
04438030;448585200000
04438208;448585200000
04439425;449186400000
04439359;449186400000
04439360;449186400000
04439545;449186400000
04440678;449791200000
04440692;449791200000
04440863;449791200000
04440904;449791200000
04440753;449791200000
04442031;450396000000
04443434;451000800000
04443431;451000800000
04443367;451000800000
04443368;451000800000
04444759;451605600000
04444758;451605600000
04444683;451605600000
04444682;451605600000
04444681;451605600000
04446235;452210400000
04446128;452210400000
04447538;452815200000
04447356;452815200000
04448717;453420000000
04448715;453420000000
04451394;454629600000
04451395;454629600000
04451396;454629600000
04451455;454629600000
04451456;454629600000
04452904;455234400000
04452775;455234400000
04454121;455839200000
04455303;456444000000
04455290;456444000000
04456748;457048800000
04456592;457048800000
04456593;457048800000
04458078;457653600000
04457917;457653600000
04457864;457653600000
04457867;457653600000
04457866;457653600000
04459225;458258400000
04459226;458258400000
04460501;458863200000
04460502;458863200000
04460503;458863200000
04460576;458863200000
04461761;459468000000
04461723;459468000000
04461724;459468000000
04461725;459468000000
04462941;460072800000
04462942;460072800000
04462991;460072800000
04464358;460677600000
04465668;461282400000
04465625;461282400000
04466918;461887200000
04466919;461887200000
04468383;462492000000
04469632;463096800000
04469679;463096800000
04469680;463096800000
04470974;463701600000
04470971;463701600000
04470926;463701600000
04472379;464306400000
04472305;464306400000
04472304;464306400000
04472382;464306400000
04472381;464306400000
04473555;464911200000
04473554;464911200000
04473497;464911200000
04474693;465519600000
04474851;465519600000
04474762;465519600000
04474761;465519600000
04474767;465519600000
04474766;465519600000
04474765;465519600000
04474757;465519600000
04474754;465519600000
04476050;466124400000
04476051;466124400000
04476299;466124400000
04476117;466124400000
04476116;466124400000
04477441;466729200000
04477440;466729200000
04478826;467334000000
04478828;467334000000
04478827;467334000000
04478744;467334000000
04478726;467334000000
04479941;467938800000
04479897;467938800000
04480030;467938800000
04481191;468543600000
04481192;468543600000
04481193;468543600000
04481194;468543600000
04481190;468543600000
04481138;468543600000
04481139;468543600000
04482487;469148400000
04482486;469148400000
04483794;469753200000
04483793;469753200000
04485102;470358000000
04485100;470358000000
04485101;470358000000
04485039;470358000000
04485099;470358000000
04486415;470962800000
04487726;471567600000
04487718;471567600000
04487765;471567600000
04487764;471567600000
04487763;471567600000
04489163;472172400000
04489061;472172400000
04489062;472172400000
04490364;472777200000
04490363;472777200000
04490291;472777200000
04490289;472777200000
04491579;473382000000
04491577;473382000000
04492651;473986800000
04492650;473986800000
04493830;474591600000
04493796;474591600000
04493795;474591600000
04493794;474591600000
04493934;474591600000
04495178;475196400000
04495179;475196400000
04495097;475196400000
04496397;475801200000
04496658;475801200000
04496543;475801200000
04496545;475801200000
04496544;475801200000
04496521;475801200000
04497731;476406000000
04497732;476406000000
04497729;476406000000
04497799;476406000000
04497802;476406000000
04497801;476406000000
04499188;477010800000
04499082;477010800000
04499080;477010800000
04499081;477010800000
04500700;477615600000
04500452;477615600000
04499780;477615600000
04501733;478220400000
04503035;478825200000
04503142;478825200000
04504586;479430000000
04504584;479430000000
04504414;479430000000
04504415;479430000000
04504469;479430000000
04504467;479430000000
04504471;479430000000
04505853;480034800000
04505852;480034800000
04505897;480034800000
04505893;480034800000
04507235;480639600000
04507230;480639600000
04507389;480639600000
04508712;481240800000
04508711;481240800000
04508657;481240800000
04508645;481240800000
04508644;481240800000
04510241;481845600000
04510132;481845600000
04510085;481845600000
04510082;481845600000
04511504;482450400000
04511652;482450400000
04512923;483055200000
04512980;483055200000
04514330;483660000000
04514331;483660000000
04514332;483660000000
04514584;483660000000
04515920;484264800000
04515891;484264800000
04517303;484869600000
04517290;484869600000
04517294;484869600000
04517119;484869600000
04517181;484869600000
04517686;485474400000
04518711;485474400000
04518586;485474400000
04518584;485474400000
04518527;485474400000
04518528;485474400000
04520016;486079200000
04521334;486684000000
04522813;487288800000
04522752;487288800000
04525465;488498400000
04525300;488498400000
04526716;489103200000
04526888;489103200000
04528132;489708000000
04528133;489708000000
04528189;489708000000
04528190;489708000000
04529695;490312800000
04529594;490312800000
04529595;490312800000
04530837;490917600000
04530838;490917600000
04530836;490917600000
04530787;490917600000
04530904;490917600000
04530901;490917600000
04530920;490917600000
04532207;491522400000
04533494;492127200000
04533654;492127200000
04533631;492127200000
04535169;492732000000
04535058;492732000000
04534897;492732000000
04534881;492732000000
04535897;493336800000
04536397;493336800000
04536395;493336800000
04537880;493941600000
04537879;493941600000
04537878;493941600000
04537772;493941600000
04537770;493941600000
04537713;493941600000
04537716;493941600000
04537715;493941600000
04537717;493941600000
04539155;494546400000
04539312;494546400000
04540513;495151200000
04540564;495151200000
04542124;495756000000
04543340;496360800000
04543329;496360800000
04543349;496360800000
04543211;496360800000
04543252;496360800000
04544500;496969200000
04545932;497574000000
04545931;497574000000
04546082;497574000000
04546079;497574000000
04547489;498178800000
04547488;498178800000
04547370;498178800000
04548923;498783600000
04548924;498783600000
04548925;498783600000
04548926;498783600000
04549986;499388400000
04550099;499388400000
04551372;499993200000
04551273;499993200000
04551270;499993200000
04551445;499993200000
04552867;500598000000
04552866;500598000000
04552865;500598000000
04552864;500598000000
04552701;500598000000
04552922;500598000000
04554351;501202800000
04554101;501202800000
04555403;501807600000
04557864;503017200000
04558036;503017200000
04558033;503017200000
04558006;503017200000
04558008;503017200000
04559323;503622000000
04559311;503622000000
04559324;503622000000
04560505;504226800000
04562176;504831600000
04562175;504831600000
04561673;504831600000
04563352;505436400000
04563305;505436400000
04563442;505436400000
04563424;505436400000
04563423;505436400000
04565805;506646000000
04565804;506646000000
04565785;506646000000
04567162;507250800000
04568666;507855600000
04568490;507855600000
04569789;508460400000
04569791;508460400000
04569792;508460400000
04569794;508460400000
04569926;508460400000
04569927;508460400000
04569908;508460400000
04569907;508460400000
04569967;508460400000
04571421;509065200000
04572800;509670000000
04574079;510274800000
04575495;510879600000
04576745;511484400000
04578335;512089200000
04578219;512089200000
04578217;512089200000
04578079;512089200000
04579840;512690400000
04581168;513295200000
04581169;513295200000
04581165;513295200000
04582639;513900000000
04582800;513900000000
04582821;513900000000
04582789;513900000000
04584195;514504800000
04585587;515109600000
04585586;515109600000
04585585;515109600000
04585740;515109600000
04585757;515109600000
04585756;515109600000
04585755;515109600000
04587233;515714400000
04587218;515714400000
04587045;515714400000
04587046;515714400000
04588684;516319200000
04588585;516319200000
04589882;516924000000
04590004;516924000000
04590003;516924000000
04590168;516924000000
04590178;516924000000
04591552;517528800000
04593017;518133600000
04593073;518133600000
04593098;518133600000
04594409;518738400000
04594329;518738400000
04594187;518738400000
04594188;518738400000
04595677;519343200000
04595676;519343200000
04595674;519343200000
04596674;519948000000
04596675;519948000000
04596819;519948000000
04596789;519948000000
04596790;519948000000
04598066;520552800000
04598064;520552800000
04598065;520552800000
04597967;520552800000
04597900;520552800000
04597901;520552800000
04598840;521157600000
04599311;521157600000
04599306;521157600000
04599305;521157600000
04599231;521157600000
04599230;521157600000
04600705;521762400000
04600531;521762400000
04601980;522367200000
04601852;522367200000
04602006;522367200000
04603120;522972000000
04603121;522972000000
04603114;522972000000
04604378;523576800000
04604359;523576800000
04604284;523576800000
04604236;523576800000
04604239;523576800000
04604237;523576800000
04604238;523576800000
04605643;524181600000
04605642;524181600000
04605641;524181600000
04605515;524181600000
04605514;524181600000
04605512;524181600000
04605413;524181600000
04607023;524786400000
04606857;524786400000
04606856;524786400000
04608364;525391200000
04608251;525391200000
04609641;525996000000
04609643;525996000000
04609725;525996000000
04611054;526600800000
04610976;526600800000
04610847;526600800000
04610816;526600800000
04611737;527205600000
04612366;527205600000
04612365;527205600000
04612302;527205600000
04613676;527810400000
04613586;527810400000
04614517;528418800000
04614793;528418800000
04614731;528418800000
04615974;529023600000
04617290;529628400000
04617261;529628400000
04617149;529628400000
04617384;529628400000
04617376;529628400000
04617377;529628400000
04618599;530233200000
04618598;530233200000
04618578;530233200000
04618600;530233200000
04619915;530838000000
04619914;530838000000
04621073;531442800000
04621135;531442800000
04620971;531442800000
04622389;532047600000
04622387;532047600000
04622388;532047600000
04622386;532047600000
04622312;532047600000
04622223;532047600000
04623715;532652400000
04623716;532652400000
04623714;532652400000
04623640;532652400000
04623282;532652400000
04625015;533257200000
04624944;533257200000
04624943;533257200000
04624926;533257200000
04626523;533862000000
04626524;533862000000
04626525;533862000000
04628044;534466800000
04628045;534466800000
04628043;534466800000
04629695;535071600000
04629783;535071600000
04629782;535071600000
04629784;535071600000
04629781;535071600000
04629724;535071600000
04629723;535071600000
04631191;535676400000
04631211;535676400000
04631270;535676400000
04632978;536281200000
04632979;536281200000
04632981;536281200000
04632780;536281200000
04634677;536886000000
04634682;536886000000
04636463;537490800000
04636489;537490800000
04636492;537490800000
04636490;537490800000
04636491;537490800000
04636560;537490800000
04637981;538095600000
04637997;538095600000
04638046;538095600000
04638045;538095600000
04638047;538095600000
04639509;538700400000
04639512;538700400000
04639511;538700400000
04639510;538700400000
04639333;538700400000
04639332;538700400000
04639435;538700400000
04639434;538700400000
04639433;538700400000
04639456;538700400000
04640911;539305200000
04642334;539910000000
04642332;539910000000
04642333;539910000000
04643969;540514800000
04643987;540514800000
04643988;540514800000
04643989;540514800000
04644055;540514800000
04644054;540514800000
04645828;541119600000
04645827;541119600000
04645830;541119600000
04645740;541119600000
04645755;541119600000
04645759;541119600000
04647552;541724400000
04647553;541724400000
04647653;541724400000
04647654;541724400000
04647656;541724400000
04649132;542329200000
04649131;542329200000
04649130;542329200000
04649191;542329200000
04650763;542934000000
04650761;542934000000
04650765;542934000000
04650788;542934000000
04650787;542934000000
04650855;542934000000
04650854;542934000000
04650674;542934000000
04650661;542934000000
04652525;543538800000
04652550;543538800000
04652551;543538800000
04652552;543538800000
04652548;543538800000
04652630;543538800000
04652639;543538800000
04652627;543538800000
04652628;543538800000
04652629;543538800000
04652459;543538800000
04652443;543538800000
04654302;544140000000
04654419;544140000000
04656249;544744800000
04656247;544744800000
04656248;544744800000
04656250;544744800000
04656158;544744800000
04657893;545349600000
04657894;545349600000
04657891;545349600000
04657892;545349600000
04658018;545349600000
04658016;545349600000
04658022;545349600000
04658021;545349600000
04658015;545349600000
04658014;545349600000
04659660;545954400000
04659696;545954400000
04659694;545954400000
04659693;545954400000
04659692;545954400000
04659691;545954400000
04659805;545954400000
04659804;545954400000
04661111;546559200000
04661454;546559200000
04661472;546559200000
04661473;546559200000
04661470;546559200000
04661471;546559200000
04662282;547164000000
04663435;547164000000
04663437;547164000000
04663436;547164000000
04663290;547164000000
04663294;547164000000
04663280;547164000000
04663309;547164000000
04663310;547164000000
04665161;547768800000
04665160;547768800000
04665157;547768800000
04665016;547768800000
04665055;547768800000
04665053;547768800000
04665052;547768800000
04667014;548373600000
04667017;548373600000
04665804;548373600000
04666839;548373600000
04666836;548373600000
04666829;548373600000
04666847;548373600000
04666890;548373600000
04666886;548373600000
04666888;548373600000
04666884;548373600000
04666885;548373600000
04668661;548978400000
04668663;548978400000
04668662;548978400000
04668397;548978400000
04668669;548978400000
04668770;548978400000
04668769;548978400000
04670542;549583200000
04670541;549583200000
04670540;549583200000
04670393;549583200000
04670419;549583200000
04670258;549583200000
04672106;550188000000
04672107;550188000000
04672032;550188000000
04672054;550188000000
04673732;550792800000
04673566;550792800000
04675297;551397600000
04675381;551397600000
04675382;551397600000
04675189;551397600000
04677195;552002400000
04677192;552002400000
04677193;552002400000
04677197;552002400000
04677063;552002400000
04677064;552002400000
04677125;552002400000
04678751;552607200000
04680283;553212000000
04680262;553212000000
04680260;553212000000
04680276;553212000000
04680338;553212000000
04680382;553212000000
04681871;553816800000
04681930;553816800000
04681761;553816800000
04681856;553816800000
04681848;553816800000
04683221;554421600000
04683292;554421600000
04683291;554421600000
04683136;554421600000
04684645;555026400000
04684624;555026400000
04684623;555026400000
04684622;555026400000
04684621;555026400000
04684620;555026400000
04684716;555026400000
04686101;555631200000
04686191;555631200000
04686281;555631200000
04686282;555631200000
04686283;555631200000
04686284;555631200000
04687758;556236000000
04687759;556236000000
04687760;556236000000
04687740;556236000000
04687839;556236000000
04687840;556236000000
04689396;556840800000
04689398;556840800000
04689397;556840800000
04689402;556840800000
04689401;556840800000
04689318;556840800000
04690898;557445600000
04690936;557445600000
04690916;557445600000
04691006;557445600000
04691007;557445600000
04691008;557445600000
04691009;557445600000
04692437;558050400000
04692458;558050400000
04692459;558050400000
04692511;558050400000
04694071;558655200000
04694070;558655200000
04694073;558655200000
04694072;558655200000
04694069;558655200000
04693998;558655200000
04693994;558655200000
04693993;558655200000
04693992;558655200000
04693973;558655200000
04693718;558655200000
04695622;559260000000
04695623;559260000000
04695470;559260000000
04695545;559260000000
04695543;559260000000
04695542;559260000000
04695562;559260000000
04696286;559868400000
04696915;559868400000
04696913;559868400000
04697002;559868400000
04698330;560473200000
04698328;560473200000
04698327;560473200000
04698419;560473200000
04698418;560473200000
04698442;560473200000
04698208;560473200000
04699897;561078000000
04699898;561078000000
04699877;561078000000
04699977;561078000000
04701499;561682800000
04701440;561682800000
04701441;561682800000
04701416;561682800000
04703107;562287600000
04703106;562287600000
04703054;562287600000
04703011;562287600000
04703008;562287600000
04703034;562287600000
04703033;562287600000
04703035;562287600000
04703039;562287600000
04703004;562287600000
04704692;562892400000
04704451;562892400000
04704450;562892400000
04704256;562892400000
04704380;562892400000
04704362;562892400000
04704359;562892400000
04705777;563497200000
04705778;563497200000
04705846;563497200000
04705886;563497200000
04705684;563497200000
04707541;564102000000
04707358;564102000000
04707357;564102000000
04707356;564102000000
04707468;564102000000
04708871;564706800000
04708929;564706800000
04709014;564706800000
04709011;564706800000
04709012;564706800000
04709010;564706800000
04710463;565311600000
04710778;565311600000
04711843;565916400000
04711844;565916400000
04711845;565916400000
04711847;565916400000
04711848;565916400000
04711877;565916400000
04711879;565916400000
04711951;565916400000
04711952;565916400000
04713332;566521200000
04713331;566521200000
04713367;566521200000
04713366;566521200000
04713445;566521200000
04714696;567126000000
04714683;567126000000
04714611;567126000000
04716217;567730800000
04716150;567730800000
04716149;567730800000
04716147;567730800000
04716148;567730800000
04716109;567730800000
04717715;568335600000
04717714;568335600000
04717696;568335600000
04717658;568335600000
04717670;568335600000
04719288;568940400000
04719289;568940400000
04719294;568940400000
04719199;568940400000
04719180;568940400000
04719177;568940400000
04719200;568940400000
04719781;569545200000
04720454;569545200000
04720483;569545200000
04720484;569545200000
04721673;570150000000
04721671;570150000000
04721672;570150000000
04721776;570150000000
04721775;570150000000
04721704;570150000000
04722899;570754800000
04722895;570754800000
04722922;570754800000
04722999;570754800000
04722840;570754800000
04724229;571359600000
04725550;571964400000
04725549;571964400000
04725580;571964400000
04725582;571964400000
04725578;571964400000
04725577;571964400000
04725668;571964400000
04725645;571964400000
04727137;572569200000
04727138;572569200000
04727079;572569200000
04727028;572569200000
04727036;572569200000
04728609;573174000000
04728640;573174000000
04728639;573174000000
04728638;573174000000
04728725;573174000000
04728726;573174000000
04729989;573778800000
04729985;573778800000
04731357;574383600000
04731440;574383600000
04731439;574383600000
04732890;574988400000
04732864;574988400000
04732859;574988400000
04732969;574988400000
04732971;574988400000
04732970;574988400000
04732973;574988400000
04732972;574988400000
04734491;575589600000
04734420;575589600000
04734400;575589600000
04734399;575589600000
04735799;576194400000
04735800;576194400000
04735896;576194400000
04735933;576194400000
04735651;576194400000
04736022;576194400000
04736023;576194400000
04736017;576194400000
04737580;576799200000
04737578;576799200000
04737462;576799200000
04737487;576799200000
04738845;577404000000
04738844;577404000000
04738928;577404000000
04738927;577404000000
04738921;577404000000
04740499;578008800000
04740461;578008800000
04740588;578008800000
04740587;578008800000
04740500;578008800000
04742048;578613600000
04742045;578613600000
04742003;578613600000
04742157;578613600000
04742156;578613600000
04742155;578613600000
04742154;578613600000
04743445;579218400000
04743554;579218400000
04743553;579218400000
04743585;579218400000
04743589;579218400000
04743584;579218400000
04743679;579218400000
04743677;579218400000
04745177;579823200000
04745178;579823200000
04745179;579823200000
04745182;579823200000
04745124;579823200000
04745101;579823200000
04745102;579823200000
04745055;579823200000
04745056;579823200000
04745051;579823200000
04745069;579823200000
04745060;579823200000
04746648;580428000000
04746649;580428000000
04746729;580428000000
04746728;580428000000
04747825;581032800000
04748233;581032800000
04748232;581032800000
04748154;581032800000
04748153;581032800000
04748119;581032800000
04748116;581032800000
04748494;581032800000
04749781;581637600000
04749782;581637600000
04749780;581637600000
04749691;581637600000
04749690;581637600000
04749688;581637600000
04749686;581637600000
04749687;581637600000
04749685;581637600000
04751064;582242400000
04751083;582242400000
04751077;582242400000
04751180;582242400000
04751181;582242400000
04751177;582242400000
04751287;582242400000
04751284;582242400000
04751216;582242400000
04751215;582242400000
04752576;582847200000
04752583;582847200000
04752585;582847200000
04752601;582847200000
04753795;583452000000
04753881;583452000000
04753883;583452000000
04753879;583452000000
04753873;583452000000
04753984;583452000000
04753927;583452000000
04753928;583452000000
04754018;583452000000
04755380;584056800000
04755465;584056800000
04755462;584056800000
04755591;584056800000
04755592;584056800000
04755558;584056800000
04757134;584661600000
04757133;584661600000
04757048;584661600000
04757013;584661600000
04757012;584661600000
04757006;584661600000
04757050;584661600000
04757049;584661600000
04757364;584661600000
04758428;585266400000
04758584;585266400000
04758552;585266400000
04758550;585266400000
04758551;585266400000
04758514;585266400000
04758511;585266400000
04758507;585266400000
04758655;585266400000
04758656;585266400000
04760130;585871200000
04760052;585871200000
04760053;585871200000
04760025;585871200000
04760023;585871200000
04761398;586476000000
04761375;586476000000
04761371;586476000000
04761469;586476000000
04761470;586476000000
04762914;587080800000
04762913;587080800000
04762717;587080800000
04762706;587080800000
04762708;587080800000
04762791;587080800000
04762786;587080800000
04762820;587080800000
04764475;587685600000
04764595;587685600000
04764589;587685600000
04764590;587685600000
04764591;587685600000
04764593;587685600000
04764504;587685600000
04764503;587685600000
04765903;588290400000
04766069;588290400000
04766073;588290400000
04766075;588290400000
04766068;588290400000
04766109;588290400000
04766108;588290400000
04766110;588290400000
04766205;588290400000
04767842;588895200000
04767628;588895200000
04767753;588895200000
04767742;588895200000
04767743;588895200000
04767709;588895200000
04769239;589500000000
04769237;589500000000
04769235;589500000000
04769233;589500000000
04769061;589500000000
04769361;589500000000
04769336;589500000000
04769327;589500000000
04769328;589500000000
04769326;589500000000
04769445;589500000000
04768631;589500000000
04768607;589500000000
04770445;590104800000
04771037;590104800000
04771036;590104800000
04771000;590104800000
04771131;590104800000
04771123;590104800000
04771122;590104800000
04771124;590104800000
04771121;590104800000
04772549;590709600000
04772547;590709600000
04772586;590709600000
04772584;590709600000
04772553;590709600000
04772557;590709600000
04772685;590709600000
04772684;590709600000
04772686;590709600000
04774322;591318000000
04774320;591318000000
04774318;591318000000
04774319;591318000000
04774431;591318000000
04774087;591318000000
04774085;591318000000
04774175;591318000000
04774228;591318000000
04775661;591922800000
04775660;591922800000
04775624;591922800000
04775622;591922800000
04775743;591922800000
04777127;592527600000
04777243;592527600000
04777241;592527600000
04777240;592527600000
04777239;592527600000
04778784;593132400000
04778877;593132400000
04778878;593132400000
04778846;593132400000
04780313;593737200000
04780401;593737200000
04780530;593737200000
04782136;594342000000
04782135;594342000000
04782139;594342000000
04782137;594342000000
04782022;594342000000
04782044;594342000000
04782043;594342000000
04782042;594342000000
04783441;594946800000
04783412;594946800000
04783415;594946800000
04783523;594946800000
04783524;594946800000
04784941;595551600000
04784948;595551600000
04784949;595551600000
04784950;595551600000
04784987;595551600000
04784988;595551600000
04785080;595551600000
04786718;596156400000
04786719;596156400000
04786631;596156400000
04786684;596156400000
04788178;596761200000
04789661;597366000000
04789702;597366000000
04790988;597970800000
04791100;597970800000
04792520;598575600000
04792525;598575600000
04792602;598575600000
04794103;599180400000
04794150;599180400000
04794169;599180400000
04794168;599180400000
04793995;599180400000
04795804;599785200000
04795803;599785200000
04795740;599785200000
04797472;600390000000
04797469;600390000000
04798787;600994800000
04798789;600994800000
04798821;600994800000
04798823;600994800000
04798827;600994800000
04798886;600994800000
04798885;600994800000
04800085;601599600000
04800191;601599600000
04800119;601599600000
04801579;602204400000
04801577;602204400000
04801580;602204400000
04801576;602204400000
04801575;602204400000
04801574;602204400000
04801537;602204400000
04801536;602204400000
04801542;602204400000
04801614;602204400000
04801613;602204400000
04801612;602204400000
04801685;602204400000
04801684;602204400000
04801456;602204400000
04803156;602809200000
04803261;602809200000
04804650;603414000000
04804746;603414000000
04804742;603414000000
04804743;603414000000
04806523;604018800000
04806492;604018800000
04806473;604018800000
04806336;604018800000
04808536;604623600000
04808537;604623600000
04808703;604623600000
04808701;604623600000
04808702;604623600000
04810692;605228400000
04810693;605228400000
04810691;605228400000
04810645;605228400000
04810648;605228400000
04810780;605228400000
04810777;605228400000
04810778;605228400000
04810779;605228400000
04810491;605228400000
04810492;605228400000
04812442;605833200000
04812554;605833200000
04812559;605833200000
04812556;605833200000
04812555;605833200000
04812557;605833200000
04814342;606438000000
04814432;606438000000
04816449;607039200000
04816444;607039200000
04816443;607039200000
04816442;607039200000
04816441;607039200000
04816438;607039200000
04816396;607039200000
04816397;607039200000
04816561;607039200000
04816560;607039200000
04816567;607039200000
04816566;607039200000
04816565;607039200000
04816559;607039200000
04816513;607039200000
04818748;607644000000
04818769;607644000000
04818698;607644000000
04818694;607644000000
04818432;607644000000
04818527;607644000000
04820691;608248800000
04820804;608248800000
04820638;608248800000
04822608;608853600000
04822606;608853600000
04822731;608853600000
04822774;608853600000
04822773;608853600000
04824850;609458400000
04824936;609458400000
04824937;609458400000
04824667;609458400000
04826957;610063200000
04826613;610063200000
04826763;610063200000
04828990;610668000000
04828994;610668000000
04829053;610668000000
04829052;610668000000
04829051;610668000000
04831120;611272800000
04830962;611272800000
04832959;611877600000
04833166;611877600000
04833152;611877600000
04833127;611877600000
04833125;611877600000
04833071;611877600000
04833072;611877600000
04835139;612482400000
04835138;612482400000
04835254;612482400000
04835253;612482400000
04835252;612482400000
04835251;612482400000
04835256;612482400000
04835255;612482400000
04837306;613087200000
04837303;613087200000
04837304;613087200000
04837203;613087200000
04839357;613692000000
04839344;613692000000
04839343;613692000000
04839293;613692000000
04839283;613692000000
04839465;613692000000
04839464;613692000000
04839169;613692000000
04840935;614296800000
04840785;614296800000
04840897;614296800000
04843146;614901600000
04843063;614901600000
04843064;614901600000
04843006;614901600000
04843011;614901600000
04842996;614901600000
04844895;615506400000
04845196;615506400000
04845195;615506400000
04845075;615506400000
04845077;615506400000
04845076;615506400000
04845080;615506400000
04847201;616111200000
04847081;616111200000
04847080;616111200000
04847325;616111200000
04849349;616716000000
04849351;616716000000
04849359;616716000000
04849408;616716000000
04849407;616716000000
04851211;617320800000
04851334;617320800000
04851349;617320800000
04851341;617320800000
04851386;617320800000
04851385;617320800000
04851388;617320800000
04851387;617320800000
04851509;617320800000
04851512;617320800000
04853871;617925600000
04853371;617925600000
04853330;617925600000
04853331;617925600000
04853332;617925600000
04853333;617925600000
04853463;617925600000
04853219;617925600000
04853220;617925600000
04855303;618530400000
04855486;618530400000
04855409;618530400000
04855407;618530400000
04855406;618530400000
04855405;618530400000
04855285;618530400000
04855224;618530400000
04855231;618530400000
04855238;618530400000
04857508;619135200000
04857634;619135200000
04857637;619135200000
04859736;619740000000
04859765;619740000000
04859654;619740000000
04859600;619740000000
04861588;620344800000
04861865;620344800000
04861869;620344800000
04861864;620344800000
04861756;620344800000
04861755;620344800000
04861708;620344800000
04861707;620344800000
04861718;620344800000
04861717;620344800000
04861710;620344800000
04861726;620344800000
04863899;620949600000
04863857;620949600000
04863855;620949600000
04863850;620949600000
04863905;620949600000
04863900;620949600000
04863903;620949600000
04864017;620949600000
04865974;621554400000
04865982;621554400000
04865970;621554400000
04866040;621554400000
04866039;621554400000
04866038;621554400000
04866161;621554400000
04866160;621554400000
04867973;622159200000
04867974;622159200000
04868171;622159200000
04868112;622159200000
04868113;622159200000
04868125;622159200000
04868119;622159200000
04868287;622159200000
04868286;622159200000
04870159;622767600000
04870161;622767600000
04870160;622767600000
04870055;622767600000
04870017;622767600000
04870013;622767600000
04870015;622767600000
04870006;622767600000
04870008;622767600000
04870023;622767600000
04871663;623372400000
04871670;623372400000
04871717;623372400000
04871716;623372400000
04871835;623372400000
04873190;623977200000
04873312;623977200000
04876243;625186800000
04876089;625186800000
04879212;626396400000
04882145;627606000000
04886663;629420400000
04919930;640908000000
04923964;642117600000
04935235;645746400000
04957737;653608800000
04957739;653608800000
04976958;660870000000
04983387;663289200000
04997647;668127600000
05019386;675381600000
05019387;675381600000
05023077;676591200000
05026686;677800800000
05028425;678405600000
05030449;679010400000
05051496;685663200000
05061786;688690800000
05071761;692319600000
05075211;693529200000
05081028;695343600000
05087561;697762800000
05087562;697762800000
05091366;698972400000
05093233;699577200000
05102872;702597600000
05104977;703202400000
05109119;704412000000
05109111;704412000000
05110906;705016800000
05112808;705621600000
05112806;705621600000
05112809;705621600000
05112944;705621600000
05114711;706226400000
05114845;706226400000
05114843;706226400000
05114918;706226400000
05116725;706831200000
05116947;706831200000
05116942;706831200000
05116818;706831200000
05116815;706831200000
05122448;708645600000
05122376;708645600000
05126322;709855200000
05128242;710460000000
05128450;710460000000
05128447;710460000000
05130414;711064800000
05130417;711064800000
05132111;711669600000
05133961;712274400000
05134121;712274400000
05135912;712879200000
05138036;713484000000
05140103;714088800000
05142025;714693600000
05141924;714693600000
05149778;717112800000
05149785;717112800000
05153176;718326000000
05157106;719535600000
05157112;719535600000
05157110;719535600000
05162111;721350000000
05162497;721350000000
05164484;721954800000
05164370;721954800000
05166316;722559600000
05166322;722559600000
05169932;723769200000
05169763;723769200000
05169833;723769200000
05171835;724374000000
05175097;725583600000
05175098;725583600000
05175251;725583600000
05177188;726188400000
05177189;726188400000
05180812;727398000000
05180811;727398000000
05182204;728002800000
05183804;728607600000
05185147;729212400000
05185431;729212400000
05187156;729817200000
05187153;729817200000
05189019;730422000000
05190922;731026800000
05190873;731026800000
05192745;731631600000
05192742;731631600000
05192538;731631600000
05196524;732841200000
05196512;732841200000
05198421;733442400000
05198349;733442400000
05198536;733442400000
05198533;733442400000
05200176;734047200000
05202419;734652000000
05204259;735256800000
05204258;735256800000
05206344;735861600000
05206343;735861600000
05208218;736466400000
05210181;737071200000
05212154;737676000000
05214132;738280800000
05214031;738280800000
05218092;739490400000
05218091;739490400000
05217861;739490400000
05217705;739490400000
05217953;739490400000
05219990;740095200000
05223423;741304800000
05223605;741304800000
05225193;741909600000
05229490;743119200000
05229496;743119200000
05229489;743119200000
05231012;743724000000
05232912;744328800000
05235036;744933600000
05234907;744933600000
05236903;745538400000
05236898;745538400000
05238922;746143200000
05238821;746143200000
05239059;746143200000
05240832;746748000000
05243030;747352800000
05242810;747352800000
05242902;747352800000
05245009;747957600000
05245010;747957600000
05244791;747957600000
05247070;748562400000
05248667;749170800000
05250421;749775600000
05250517;749775600000
05252464;750380400000
05252558;750380400000
05252718;750380400000
05256554;751590000000
05258493;752194800000
05258492;752194800000
05260189;752799600000
05262521;753404400000
05268359;755218800000
05273744;757033200000
05273886;757033200000
05278285;758242800000
05278146;758242800000
05280106;758847600000
05279822;758847600000
05281704;759452400000
05286847;761266800000
05288852;761871600000
05288931;761871600000
05290917;762476400000
05290920;762476400000
05296468;764290800000
05298603;764892000000
05300629;765496800000
05304541;766706400000
05304637;766706400000
05308835;767916000000
05310727;768520800000
05310657;768520800000
05310882;768520800000
05312902;769125600000
05317010;770335200000
05319071;770940000000
05321124;771544800000
05320940;771544800000
05326558;773359200000
05328988;773964000000
05328898;773964000000
05328835;773964000000
05338724;776988000000
05338833;776988000000
05344774;778802400000
05348940;780012000000
05349058;780012000000
05349051;780012000000
05349053;780012000000
05349055;780012000000
05350671;780620400000
05350574;780620400000
05350835;780620400000
05352576;781225200000
05354676;781830000000
05356772;782434800000
05359039;783039600000
05359035;783039600000
05359034;783039600000
05360788;783644400000
05360728;783644400000
05362853;784249200000
05364781;784854000000
05364771;784854000000
05364757;784854000000
05367064;785458800000
05371005;786668400000
05371184;786668400000
05371193;786668400000
05370870;786668400000
05373089;787273200000
05372933;787273200000
05372809;787273200000
05374518;787878000000
05374620;787878000000
05376544;788482800000
05376639;788482800000
05376370;788482800000
05378805;789087600000
05378804;789087600000
05378814;789087600000
05385889;791506800000
05389536;792716400000
05389613;792716400000
05391704;793321200000
05393870;793926000000
05397695;795135600000
05397772;795135600000
05399669;795740400000
05399345;795740400000
05403586;796946400000
05408040;798156000000
05414071;799970400000
05416195;800575200000
05420252;801784800000
05420243;801784800000
05420026;801784800000
05428129;804204000000
05429939;804808800000
05430018;804808800000
05430016;804808800000
05439688;807832800000
05441935;808437600000
05444151;809042400000
05443815;809042400000
05446130;809647200000
05451521;811461600000
05451570;811461600000
05457046;813279600000
05461142;814489200000
05461034;814489200000
05462925;815094000000
05464756;815698800000
05470947;817513200000
05470970;817513200000
05476922;819327600000
05482709;821142000000
05482708;821142000000
05484732;821746800000
05484887;821746800000
05487898;822956400000
05489430;823561200000
05491086;824166000000
05493006;824770800000
05493007;824770800000
05492813;824770800000
05494663;825375600000
05494895;825375600000
05500355;827190000000
05506339;829000800000
05508176;829605600000
05510458;830210400000
05510462;830210400000
05512457;830815200000
05512455;830815200000
05512660;830815200000
05512661;830815200000
05514650;831420000000
05514651;831420000000
05516759;832024800000
05516757;832024800000
05516756;832024800000
05516512;832024800000
05516656;832024800000
05519114;832629600000
05521156;833234400000
05525591;834444000000
05529984;835653600000
05532340;836258400000
05543496;839282400000
05543497;839282400000
05548061;840492000000
05550214;841096800000
05550041;841096800000
05552521;841701600000
05552528;841701600000
05556836;842911200000
05556939;842911200000
05563121;844725600000
05563044;844725600000
05569755;846543600000
05569601;846543600000
05571790;847148400000
05571893;847148400000
05574132;847753200000
05573935;847753200000
05573924;847753200000
05576290;848358000000
05578708;848962800000
05583209;850172400000
05583025;850172400000
05585344;850777200000
05585462;850777200000
05585475;850777200000
05585259;850777200000
05591827;852591600000
05596072;853801200000
05595739;853801200000
05595884;853801200000
05597571;854406000000
05599906;855010800000
05601973;855615600000
05601826;855615600000
05602095;855615600000
05604293;856220400000
05604091;856220400000
05605884;856825200000
05606022;856825200000
05610278;858034800000
05614404;859244400000
05614195;859244400000
05616494;859845600000
05618789;860450400000
05618788;860450400000
05618696;860450400000
05618913;860450400000
05622703;861660000000
05627267;862869600000
05627155;862869600000
05627156;862869600000
05629176;863474400000
05631154;864079200000
05633263;864684000000
05633227;864684000000
05633230;864684000000
05633150;864684000000
05637480;865893600000
05637488;865893600000
05639638;866498400000
05643877;867708000000
05643876;867708000000
05643754;867708000000
05646245;868312800000
05646244;868312800000
05648464;868917600000
05650492;869522400000
05650495;869522400000
05652338;870127200000
05652217;870127200000
05651963;870127200000
05654174;870732000000
05656596;871336800000
05661129;872546400000
05661007;872546400000
05663292;873151200000
05663060;873151200000
05665870;873756000000
05665346;873756000000
05668105;874360800000
05668108;874360800000
05670625;874965600000
05670365;874965600000
05672684;875570400000
05674977;876175200000
05677149;876780000000
05677419;876780000000
05679772;877384800000
05679548;877384800000
05681723;877993200000
05681719;877993200000
05683688;878598000000
05686577;879202800000
05686416;879202800000
05688511;879807600000
05688506;879807600000
05691368;880412400000
05693779;881017200000
05693612;881017200000
05693530;881017200000
05696232;881622000000
05696089;881622000000
05696082;881622000000
05696083;881622000000
05698518;882226800000
05698516;882226800000
05700905;882831600000
05700911;882831600000
05703043;883436400000
05705609;884041200000
05708135;884646000000
05707864;884646000000
05707629;884646000000
05714467;886460400000
05714314;886460400000
05723585;888879600000
05723165;888879600000
05731408;890694000000
05730984;890694000000
05734019;891295200000
05736509;891900000000
05736391;891900000000
05744450;893714400000
05744446;893714400000
05747339;894319200000
05747324;894319200000
05750652;894924000000
05750509;894924000000
05753618;895528800000
05756458;896133600000
05756328;896133600000
05759818;896738400000
05760000;896738400000
05763578;897343200000
05767067;897948000000
05767069;897948000000
05766581;897948000000
05773582;899157600000
05773574;899157600000
05773411;899157600000
05777073;899762400000
05780444;900367200000
05783666;900972000000
05786325;901576800000
05788969;902181600000
05789203;902181600000
05789552;902181600000
05792746;902786400000
05792460;902786400000
05792466;902786400000
05792450;902786400000
05795569;903391200000
05801056;904600800000
05801145;904600800000
05804190;905205600000
05807991;905810400000
05811391;906415200000
05814486;907020000000
05817486;907624800000
05821334;908229600000
05820845;908229600000
05824771;908834400000
05824778;908834400000
05827826;909442800000
05831022;910047600000
05831015;910047600000
05831000;910047600000
05831008;910047600000
05833942;910652400000
05834586;910652400000
05834592;910652400000
05834598;910652400000
05834244;910652400000
05840857;911862000000
05840846;911862000000
05840687;911862000000
05843705;912466800000
05844084;912466800000
05844074;912466800000
05847078;913071600000
05846935;913071600000
05846936;913071600000
05849694;913676400000
05849866;913676400000
05849869;913676400000
05849283;913676400000
05854216;914886000000
05854395;914886000000
05856456;915490800000
05858347;916095600000
05861379;916700400000
05861476;916700400000
05861485;916700400000
05861150;916700400000
05861160;916700400000
05863540;917305200000
05863893;917305200000
05866683;917910000000
05869278;918514800000
05869449;918514800000
05869448;918514800000
05871956;919119600000
05871740;919119600000
05871742;919119600000
05874227;919724400000
05874075;919724400000
05877276;920329200000
05876730;920329200000
05880256;920934000000
05883073;921538800000
05883224;921538800000
05889156;922744800000
05889144;922744800000
05888974;922744800000
05888963;922744800000
05891998;923349600000
05891680;923349600000
05895646;924559200000
05898030;925164000000
05900235;925768800000
05910481;928792800000
05910483;928792800000
05912161;929397600000
05914106;930002400000
05916569;930607200000
05919903;931212000000
05922573;931816800000
05925730;932421600000
05932703;933631200000
05936068;934236000000
05935932;934236000000
05939386;934840800000
05945506;936050400000
05945511;936050400000
05948889;936655200000
05952298;937260000000
05952461;937260000000
05955423;937864800000
05958879;938469600000
05965699;939679200000
05965694;939679200000
05968904;940284000000
05977068;941497200000
05977298;941497200000
05977306;941497200000
05976851;941497200000
05981697;942102000000
05985613;942706800000
05985640;942706800000
05985654;942706800000
05985834;942706800000
05986059;942706800000
05986068;942706800000
05990276;943311600000
05989548;943311600000
05989804;943311600000
05989836;943311600000
05989839;943311600000
05994104;943916400000
05998153;944521200000
05998376;944521200000
05998580;944521200000
06001965;945126000000
06001960;945126000000
06001968;945126000000
06001606;945126000000
06007804;946335600000
06010704;946940400000
06010700;946940400000
06011010;946940400000
06013626;947545200000
06013506;947545200000
06015883;948150000000
06017523;948754800000
06018036;948754800000
06028168;951174000000
06028176;951174000000
06030945;951778800000
06034061;952383600000
06034062;952383600000
06046166;954799200000
06051390;956008800000
06051685;956008800000
06054556;956613600000
06057292;957218400000
06063901;958428000000
06066503;959032800000
06066482;959032800000
06069233;959637600000
06084071;962661600000
06099843;965685600000
06103699;966290400000
06103500;966290400000
06103224;966290400000
06107465;966895200000
06107021;966895200000
06106805;966895200000
06114142;968104800000
06117422;968709600000
06120989;969314400000
06123916;969919200000
06127528;970524000000
06130204;971128800000
06130203;971128800000
06132720;971733600000
06133422;971733600000
06136563;972338400000
06139832;972946800000
06143866;973551600000
06143523;973551600000
06146851;974156400000
06153587;975366000000
06153581;975366000000
06159934;976575600000
06160093;976575600000
06171592;978994800000
06174857;979599600000
06174995;979599600000
06180604;980809200000
06184351;981414000000
06204020;985042800000
06211142;986248800000
06210927;986248800000
06214969;986853600000
06214798;986853600000
06218364;987458400000
06221577;988063200000
06222022;988063200000
06228838;989272800000
06228836;989272800000
06235874;990482400000
06238915;991087200000
06248574;992901600000
06251866;993506400000
06255281;994111200000
06258556;994716000000
06262235;995320800000
06261549;995320800000
06265534;995925600000
06268339;996530400000
06268479;996530400000
06268482;996530400000
06271346;997135200000
06274712;997740000000
06274551;997740000000
06287794;1000159200000
06287816;1000159200000
06287566;1000159200000
06294652;1001368800000
06297357;1001973600000
06303123;1003183200000
06306663;1003788000000
06313272;1005001200000
06312686;1005001200000
06316000;1005606000000
06319897;1006210800000
06323179;1006815600000
06322779;1006815600000
06326463;1007420400000
06326462;1007420400000
06333305;1009234800000
06335424;1009839600000
06344314;1012863600000
06344192;1012863600000
06348446;1014073200000
06355681;1015887600000
06355774;1015887600000
06362319;1017097200000
06372206;1018908000000
06375955;1019512800000
06391633;1021932000000
06395707;1022536800000
06406705;1024351200000
06414114;1025560800000
06420531;1026770400000
06420518;1026770400000
06423827;1027375200000
06426329;1027980000000
06440424;1030399200000
06444645;1031004000000
06455499;1032818400000
06458761;1033423200000
06458764;1033423200000
06458365;1033423200000
06472369;1035846000000
06475988;1036450800000
06479630;1037055600000
06479254;1037055600000
06486302;1038265200000
06489297;1038870000000
06495661;1040079600000
06500929;1041289200000
06504007;1041894000000
06512014;1043708400000
06517844;1044918000000
06521599;1045522800000
06538106;1048546800000
06555343;1051567200000
06559289;1052172000000
06562946;1052776800000
06565854;1053381600000
06571199;1053986400000
06573363;1054591200000
06576231;1055196000000
06579715;1055800800000
06579850;1055800800000
06579967;1055800800000
06586390;1057010400000
06599719;1059429600000
06608028;1061244000000
06613887;1062453600000
06617423;1063058400000
06620789;1063663200000
06624289;1064268000000
06632621;1066082400000
06632794;1066082400000
06635743;1066687200000
06638503;1067295600000
06642353;1067900400000
06653449;1069714800000
06660840;1070924400000
06664370;1071529200000
06664367;1071529200000
06673769;1073343600000
06673897;1073343600000
06677442;1073948400000
06680298;1074553200000
06683060;1075158000000
06683053;1075158000000
06693083;1076972400000
06693079;1076972400000
06693078;1076972400000
06696414;1077577200000
06703486;1078786800000
06713052;1080597600000
06713451;1080597600000
06716817;1081202400000
06730486;1083621600000
06733997;1084226400000
06743778;1086040800000
06746668;1086645600000
06747125;1086645600000
06750321;1087250400000
06756357;1088460000000
06759216;1089064800000
06762280;1089669600000
06764683;1090274400000
06767722;1090879200000
06770744;1091484000000
06774218;1092088800000
06776984;1092693600000
06783764;1093903200000
06784154;1093903200000
06787336;1094508000000
06790448;1095112800000
06800280;1096927200000
06800492;1096927200000
06808706;1098741600000
06809178;1098741600000
06809177;1098741600000
06818616;1100559600000
06824659;1101769200000
06835818;1104188400000
06841532;1105398000000
06841657;1105398000000
06846803;1106607600000
06846667;1106607600000
06849600;1107212400000
06849597;1107212400000
06863891;1110236400000
06867191;1110841200000
06872803;1112047200000
06878813;1113256800000
06884423;1114466400000
06887670;1115071200000
06887845;1115071200000
06890531;1115676000000
06893843;1116280800000
06902720;1118095200000
06902908;1118095200000
06906175;1118700000000
06906174;1118700000000
06908619;1119304800000
06919080;1121724000000
06919314;1121724000000
06930097;1124143200000
06930086;1124143200000
06936475;1125352800000
06943233;1126562400000
06962978;1131404400000
06966992;1132614000000
06977242;1135033200000
06982247;1136242800000
06989367;1138057200000
06995135;1139266800000
06998116;1139871600000
07001982;1140476400000
07001993;1140476400000
07001729;1140476400000
07005290;1141081200000
07012130;1142290800000
07012132;1142290800000
07022669;1144101600000
07037707;1146520800000
07041787;1147125600000
07041635;1147125600000
07071165;1151964000000
07074761;1152568800000
07084245;1154383200000
07090834;1155592800000
07094755;1156197600000
07115562;1159826400000
07115268;1159826400000
07118749;1160431200000
07118750;1160431200000
07122634;1161036000000
07125842;1161640800000
07125702;1161640800000
07128913;1162249200000
07129329;1162249200000
07141262;1164668400000
07144579;1165273200000
07147856;1165878000000
07148034;1165878000000
07166693;1169506800000
07169894;1170111600000
07176292;1171321200000
RE039496;1172530800000
07189689;1173740400000
07192920;1174345200000
07192944;1174345200000
07208486;1177365600000
07214768;1178575200000
07214367;1178575200000
07220558;1179784800000
07226910;1180994400000
07235543;1182808800000
07238511;1183413600000
07247703;1185228000000
07258997;1187647200000
07268118;1189461600000
07271242;1190066400000
RE039887;1192485600000
07285534;1193090400000
07285533;1193090400000
07285618;1193090400000
07300772;1196118000000
07326782;1202166000000
07331920;1203375600000
07338770;1204585200000
07345020;1205794800000
07378234;1211839200000
07378390;1211839200000
07381556;1212444000000
07384916;1213048800000
07385027;1213048800000
07402407;1216677600000
07402558;1216677600000
07407938;1217887200000
07414105;1219096800000
07432243;1223330400000
07439347;1224540000000
07446173;1225753200000
07449445;1226358000000
07459442;1228172400000
07485446;1233615600000
07491490;1234825200000
07531522;1242079200000
07544655;1244498400000
07544662;1244498400000
07553930;1246312800000
07566447;1248732000000
07569660;1249336800000
07585836;1252360800000
07597886;1254780000000
07605121;1255989600000
07632819;1260831600000
07642244;1262646000000
07674604;1268089200000
07674769;1268089200000
07700562;1271714400000
07704958;1272319200000
07705119;1272319200000
07722880;1274738400000
07732413;1275948000000
07741289;1277157600000
07763704;1280181600000
07785579;1283205600000
07785588;1283205600000
07790675;1283810400000
07795399;1284415200000
07799339;1285020000000
07807397;1286229600000
07812126;1286834400000
07834258;1289862000000
07855175;1292886000000
