03858438;158281200000
03858388;158281200000
03858389;158281200000
03859548;158281200000
03859512;158281200000
03859784;158886000000
03859783;158886000000
03859782;158886000000
03859781;158886000000
03860776;158886000000
03860842;158886000000
03860844;158886000000
03861990;159490800000
03861136;159490800000
03861135;159490800000
03861134;159490800000
03861238;159490800000
03862385;159490800000
03862372;159490800000
03862365;159490800000
03863079;160095600000
03863315;160700400000
03863437;160700400000
03863438;160700400000
03863436;160700400000
03863439;160700400000
03863707;160700400000
03864580;160700400000
03864539;160700400000
03864586;160700400000
03864957;161305200000
03864905;161305200000
03864904;161305200000
03864856;161305200000
03866003;161305200000
03866126;161305200000
03867619;161910000000
03867614;161910000000
03867642;161910000000
03866486;161910000000
03866408;161910000000
03866407;161910000000
03866406;161910000000
03866409;161910000000
03867850;162514800000
03868490;162514800000
03868597;162514800000
03868845;163119600000
03869586;163119600000
03869627;163119600000
03869196;163119600000
03869930;163724400000
03869855;163724400000
03870962;163724400000
03871238;164329200000
03871167;164329200000
03871169;164329200000
03871168;164329200000
03871170;164329200000
03871171;164329200000
03871095;164329200000
03871502;164329200000
03872334;164329200000
03872663;164934000000
03872823;164934000000
03873888;164934000000
03873865;164934000000
03873921;164934000000
03873186;164934000000
03874164;165538800000
03874163;165538800000
03874162;165538800000
03874161;165538800000
03874324;165538800000
03875430;165538800000
03875736;166143600000
03875738;166143600000
03875737;166143600000
03875739;166143600000
03875741;166143600000
03875740;166143600000
03877017;166143600000
03876511;166143600000
03876891;166143600000
03876867;166143600000
03877363;166748400000
03877216;166748400000
03877217;166748400000
03877215;166748400000
03878408;166748400000
03878363;166748400000
03878675;167353200000
03878673;167353200000
03878674;167353200000
03879332;167353200000
03879587;167353200000
03881156;167958000000
03881144;167958000000
03881075;167958000000
03879934;167958000000
03879933;167958000000
03879932;167958000000
03879931;167958000000
03879929;167958000000
03879930;167958000000
03881311;168562800000
03881310;168562800000
03881313;168562800000
03881312;168562800000
03881309;168562800000
03881853;168562800000
03882480;168562800000
03882449;168562800000
03882669;169167600000
03882668;169167600000
03882670;169167600000
03883708;169167600000
03883770;169167600000
03883314;169167600000
03883968;169772400000
03884033;169772400000
03884032;169772400000
03884035;169772400000
03884034;169772400000
03885104;169772400000
03885103;169772400000
03885106;169772400000
03885382;170377200000
03885381;170377200000
03886451;170377200000
03886802;170982000000
03886723;170982000000
03886724;170982000000
03886725;170982000000
03886726;170982000000
03887401;170982000000
03887825;170982000000
03887881;170982000000
03888073;171586800000
03888074;171586800000
03888075;171586800000
03888076;171586800000
03888077;171586800000
03888127;171586800000
03889189;171586800000
03889132;171586800000
03889091;171586800000
03889211;171586800000
03889461;172191600000
03889460;172191600000
03889458;172191600000
03889459;172191600000
03889806;172191600000
03889875;172191600000
03890779;172796400000
03890778;172796400000
03890777;172796400000
03890776;172796400000
03891973;172796400000
03891144;172796400000
03892931;173401200000
03892124;173401200000
03892066;173401200000
03892067;173401200000
03892068;173401200000
03893099;173401200000
03893030;173401200000
03893017;173401200000
03893288;174006000000
03893289;174006000000
03893290;174006000000
03894389;174610800000
03895293;174610800000
03895611;175215600000
03895486;175215600000
03895485;175215600000
03895487;175215600000
03896429;175215600000
03896430;175215600000
03896378;175215600000
03896363;175215600000
03896682;175820400000
03896614;175820400000
03897536;175820400000
03897700;176425200000
03897996;176425200000
03898488;176425200000
03898644;176425200000
03898789;177030000000
03898791;177030000000
03898790;177030000000
03898792;177030000000
03899783;177030000000
03899700;177030000000
03899691;177030000000
03899872;177634800000
03899871;177634800000
03901605;178239600000
03901017;178239600000
03901020;178239600000
03901022;178239600000
03901021;178239600000
03901023;178239600000
03901019;178239600000
03901018;178239600000
03901121;178239600000
03902169;178239600000
03902790;178844400000
03902312;178844400000
03902310;178844400000
03902311;178844400000
03902309;178844400000
03903518;178844400000
03903515;178844400000
03903836;179449200000
03903687;179449200000
03903685;179449200000
03903686;179449200000
03903684;179449200000
03906256;180054000000
03906260;180054000000
03906346;180054000000
03905666;180054000000
03905189;180054000000
03905188;180054000000
03906713;180658800000
03906714;180658800000
03906715;180658800000
03908035;180658800000
03908353;181263600000
03908352;181263600000
03908355;181263600000
03908354;181263600000
03908357;181263600000
03908356;181263600000
03909565;181263600000
03909639;181263600000
03909638;181263600000
03909640;181263600000
03910029;181868400000
03910028;181868400000
03910033;181868400000
03910032;181868400000
03910031;181868400000
03910030;181868400000
03910034;181868400000
03911337;181868400000
03911362;181868400000
03910362;181868400000
03910117;181868400000
03911663;182473200000
03911664;182473200000
03911665;182473200000
03911666;182473200000
03911667;182473200000
03911668;182473200000
03911669;182473200000
03911670;182473200000
03911856;182473200000
03913006;182473200000
03912977;182473200000
03913376;183078000000
03913312;183078000000
03913313;183078000000
03913311;183078000000
03914706;183078000000
03914663;183078000000
03914021;183078000000
03914932;183682800000
03914931;183682800000
03914933;183682800000
03915400;183682800000
03916125;183682800000
03916614;184287600000
03916615;184287600000
03916612;184287600000
03916613;184287600000
03917965;184287600000
03917966;184287600000
03917106;184287600000
03918052;184287600000
03918252;184892400000
03918251;184892400000
03918250;184892400000
03918249;184892400000
03919625;184892400000
03920996;185497200000
03921010;185497200000
03921049;185497200000
03919836;185497200000
03919835;185497200000
03919834;185497200000
03922041;186102000000
03921384;186102000000
03921385;186102000000
03921383;186102000000
03921386;186102000000
03921387;186102000000
03922509;186102000000
03922568;186102000000
03922588;186102000000
03922924;186706800000
03922844;186706800000
03922845;186706800000
03922842;186706800000
03922843;186706800000
03922848;186706800000
03922846;186706800000
03922847;186706800000
03924399;187311600000
03924401;187311600000
03924400;187311600000
03925630;187311600000
03925629;187311600000
03925683;187311600000
03925693;187311600000
03925777;187311600000
03925775;187311600000
03924791;187311600000
03925917;187916400000
03925978;187916400000
03925977;187916400000
03926502;187916400000
03926048;187916400000
03926071;187916400000
03927519;188521200000
03928218;188521200000
03928846;188521200000
03928085;188521200000
03928960;189126000000
03928959;189126000000
03929364;189126000000
03929443;189126000000
03929284;189126000000
03930131;189126000000
03930142;189126000000
03930169;189126000000
03931621;189730800000
03930363;189730800000
03930362;189730800000
03930361;189730800000
03930360;189730800000
03930359;189730800000
03930358;189730800000
03930427;189730800000
03931832;190335600000
03931703;190335600000
03931705;190335600000
03932746;190335600000
03932723;190335600000
03932860;190335600000
03932944;190940400000
03934120;190940400000
03934399;191545200000
03934400;191545200000
03934402;191545200000
03934401;191545200000
03934404;191545200000
03934403;191545200000
03934406;191545200000
03934405;191545200000
03935700;192150000000
03935701;192150000000
03935702;192150000000
03936745;192150000000
03936752;192150000000
03937117;192754800000
03937910;192754800000
03937986;192754800000
03937001;192754800000
03937004;192754800000
03937002;192754800000
03937003;192754800000
03937049;192754800000
03938042;192754800000
03938047;192754800000
03938066;192754800000
03938318;193359600000
03938317;193359600000
03938316;193359600000
03938315;193359600000
03939641;193964400000
03939640;193964400000
03939645;193964400000
03939644;193964400000
03939643;193964400000
03939642;193964400000
03939647;193964400000
03939646;193964400000
03939689;193964400000
03940761;193964400000
03940172;193964400000
03940645;193964400000
03940859;194569200000
03940919;194569200000
03940918;194569200000
03940920;194569200000
03940922;194569200000
03940921;194569200000
03941439;194569200000
03941000;194569200000
03942043;194569200000
03942848;195174000000
03942318;195174000000
03942316;195174000000
03942317;195174000000
03942404;195174000000
03943288;195174000000
03943380;195174000000
03943526;195174000000
03945001;195778800000
03943697;195778800000
03943696;195778800000
03943695;195778800000
03943694;195778800000
03943699;195778800000
03943698;195778800000
03943701;195778800000
03943700;195778800000
03944795;195778800000
03944862;195778800000
03944030;195778800000
03945190;196383600000
03945191;196383600000
03945192;196383600000
03945193;196383600000
03945194;196383600000
03945195;196383600000
03945196;196383600000
03945197;196383600000
03945292;196383600000
03946312;196383600000
03946314;196383600000
03946173;196383600000
03946244;196383600000
03946257;196383600000
03946550;196984800000
03946549;196984800000
03946591;196984800000
03946592;196984800000
03947790;196984800000
03947789;196984800000
03948036;197589600000
03948035;197589600000
03948038;197589600000
03948037;197589600000
03949199;197589600000
03949251;197589600000
03949240;197589600000
03949241;197589600000
03949303;197589600000
03949545;198194400000
03949547;198194400000
03949546;198194400000
03949592;198194400000
03950624;198194400000
03950078;198194400000
03950936;198799200000
03950935;198799200000
03950939;198799200000
03950938;198799200000
03950937;198799200000
03950940;198799200000
03951493;198799200000
03952176;198799200000
03952177;198799200000
03952916;199404000000
03952500;199404000000
03952498;199404000000
03952499;199404000000
03952497;199404000000
03953246;199404000000
03953965;200008800000
03953964;200008800000
03953963;200008800000
03955190;200008800000
03955356;200613600000
03955354;200613600000
03955355;200613600000
03955352;200613600000
03955353;200613600000
03956597;200613600000
03956714;200613600000
03956941;201218400000
03956881;201218400000
03956880;201218400000
03956879;201218400000
03957477;201218400000
03958070;201218400000
03958167;201218400000
03958187;201218400000
03958182;201218400000
03959744;201823200000
03958410;201823200000
03958409;201823200000
03958408;201823200000
03959963;202428000000
03959964;202428000000
03960105;202428000000
03961180;202428000000
03961145;202428000000
03961213;202428000000
03961209;202428000000
03961258;202428000000
03961327;202428000000
03961432;203032800000
03961472;203032800000
03961473;203032800000
03962558;203032800000
03961840;203032800000
03962860;203637600000
03962861;203637600000
03962859;203637600000
03962858;203637600000
03963885;203637600000
03963968;203637600000
03963349;203637600000
03964046;203637600000
03964250;204242400000
03964428;204242400000
03965324;204242400000
03965322;204242400000
03965312;204242400000
03965349;204242400000
03965665;204847200000
03965667;204847200000
03965668;204847200000
03966498;204847200000
03967077;204847200000
03967078;204847200000
03967147;204847200000
03967882;205452000000
03967442;205452000000
03968498;205452000000
03968583;206056800000
03968639;206056800000
03968642;206056800000
03968641;206056800000
03968640;206056800000
03968698;206056800000
03968900;206056800000
03969641;206056800000
03969642;206056800000
03969640;206056800000
03969719;206056800000
03970828;206661600000
03971012;206661600000
03969887;206661600000
03969888;206661600000
03969886;206661600000
03971928;207266400000
03971959;207266400000
03971206;207266400000
03971207;207266400000
03971204;207266400000
03971205;207266400000
03971610;207266400000
03972130;207871200000
03972177;207871200000
03972178;207871200000
03972179;207871200000
03972275;207871200000
03973099;207871200000
03973110;207871200000
03973153;207871200000
03973148;207871200000
03973251;207871200000
03973443;208476000000
03973339;208476000000
03974351;208476000000
03974466;208476000000
03974001;208476000000
03973706;208476000000
03974639;209080800000
03974638;209080800000
03974637;209080800000
03974636;209080800000
03975684;209080800000
03975671;209080800000
03975846;209685600000
03975897;209685600000
03975898;209685600000
03975896;209685600000
03975899;209685600000
03975962;209685600000
03976984;209685600000
03976867;209685600000
03976101;209685600000
03976289;209685600000
03977275;210290400000
03977177;210290400000
03977176;210290400000
03977179;210290400000
03977178;210290400000
03978322;210290400000
03978306;210290400000
03978358;210290400000
03978355;210290400000
03978296;210290400000
03978710;210895200000
03978750;210895200000
03978651;210895200000
03978650;210895200000
03978655;210895200000
03978654;210895200000
03978653;210895200000
03978652;210895200000
03978649;210895200000
03979056;210895200000
03979608;210895200000
03979601;210895200000
03979698;210895200000
03979681;210895200000
03979899;211500000000
03979898;211500000000
03979900;211500000000
03979901;211500000000
03979902;211500000000
03980868;211500000000
03980937;211500000000
03980205;211500000000
03981002;211500000000
03981440;212104800000
03981138;212104800000
03981139;212104800000
03982104;212104800000
03982239;212104800000
03982388;212713200000
03982387;212713200000
03982386;212713200000
03982320;212713200000
03983350;212713200000
03983411;212713200000
03983481;212713200000
03984700;213318000000
03984815;213318000000
03984257;213318000000
03983689;213318000000
03983688;213318000000
03983691;213318000000
03983690;213318000000
03984972;213922800000
03984973;213922800000
03985982;213922800000
03986333;214527600000
03986334;214527600000
03986335;214527600000
03986336;214527600000
03987430;214527600000
03987433;214527600000
03987259;214527600000
03987619;215132400000
03987618;215132400000
03987617;215132400000
03987616;215132400000
03988553;215132400000
03988597;215132400000
03988673;215132400000
03988621;215132400000
03988639;215132400000
03988885;215737200000
03988886;215737200000
03989374;215737200000
03989913;215737200000
03989928;215737200000
03989960;215737200000
03989967;215737200000
03989603;215737200000
03989190;215737200000
03990226;216342000000
03990227;216342000000
03990165;216342000000
03991332;216342000000
03991289;216342000000
03991552;216946800000
03991553;216946800000
03991554;216946800000
03991555;216946800000
03991556;216946800000
03991622;216946800000
03991463;216946800000
03992873;217551600000
03992872;217551600000
03992875;217551600000
03992874;217551600000
03992871;217551600000
03992870;217551600000
03992869;217551600000
03992868;217551600000
03992949;217551600000
03992954;217551600000
03992960;217551600000
03993985;217551600000
03993898;217551600000
03994483;218156400000
03994124;218156400000
03994125;218156400000
03994282;218156400000
03995263;218156400000
03995177;218156400000
03996736;219366000000
03996735;219366000000
03996734;219366000000
03996833;219366000000
03999050;219970800000
03999128;219970800000
03998671;219970800000
03998046;219970800000
03998045;219970800000
03998044;219970800000
03998043;219970800000
03999298;220575600000
03999367;220575600000
03999368;220575600000
03999370;220575600000
03999371;220575600000
03999369;220575600000
04000466;220575600000
04000412;220575600000
04000384;220575600000
04001553;221180400000
04001528;221180400000
04001808;221180400000
04001664;221180400000
04002020;221785200000
04002021;221785200000
04002022;221785200000
04002292;221785200000
04002925;221785200000
04002979;221785200000
04004291;222390000000
04004158;222390000000
04004085;222390000000
04003198;222390000000
04003197;222390000000
04003196;222390000000
04004410;222994800000
04004411;222994800000
04004407;222994800000
04004409;222994800000
04004408;222994800000
04005400;222994800000
04005321;222994800000
04006415;223599600000
04006364;223599600000
04006374;223599600000
04005571;223599600000
04006844;224204400000
04006587;224204400000
04006588;224204400000
04006585;224204400000
04006586;224204400000
04006583;224204400000
04006584;224204400000
04006969;224204400000
04007347;224204400000
04007122;224204400000
04007408;224204400000
04007420;224204400000
04008429;224809200000
04008300;224809200000
04007583;224809200000
04007582;224809200000
04008566;225414000000
04008565;225414000000
04008564;225414000000
04009371;225414000000
04009445;225414000000
04009566;226018800000
04009564;226018800000
04009565;226018800000
04009936;226018800000
04009708;226018800000
04011002;226623600000
04011001;226623600000
04011557;226623600000
04011428;226623600000
04011516;226623600000
04011517;226623600000
04010603;226623600000
04010602;226623600000
04011714;227228400000
04011713;227228400000
04012117;227228400000
04012700;227228400000
04012723;227228400000
04012607;227228400000
04013979;227833200000
04013901;227833200000
04012899;227833200000
04012898;227833200000
04012941;227833200000
04012901;227833200000
04012900;227833200000
04015208;228438000000
04015255;228438000000
04014205;228438000000
04014167;228438000000
04014166;228438000000
04014165;228438000000
04014164;228438000000
04014163;228438000000
04016508;229039200000
04016562;229039200000
04016476;229039200000
04015420;229039200000
04015421;229039200000
04015422;229039200000
04015417;229039200000
04015418;229039200000
04015419;229039200000
04017155;229644000000
04017154;229644000000
04017794;229644000000
04018131;230248800000
04019037;230248800000
04019313;230853600000
04021046;231458400000
04021689;231458400000
04021646;231458400000
04021647;231458400000
04021736;231458400000
04020626;231458400000
04020627;231458400000
04020628;231458400000
04020624;231458400000
04020625;231458400000
04023002;232063200000
04022075;232063200000
04022016;232063200000
04022015;232063200000
04022017;232063200000
04022014;232063200000
04022013;232063200000
04022376;232063200000
04023347;232668000000
04023346;232668000000
04023348;232668000000
04023343;232668000000
04023345;232668000000
04023344;232668000000
04023259;232668000000
04024415;232668000000
04024416;232668000000
04025917;233272800000
04025774;233272800000
04025702;233272800000
04025806;233272800000
04024677;233272800000
04024678;233272800000
04024676;233272800000
04024701;233272800000
04024750;233272800000
04025162;233272800000
04026103;233877600000
04026104;233877600000
04026101;233877600000
04026102;233877600000
04026100;233877600000
04026637;233877600000
04027181;233877600000
04027936;234482400000
04028509;234482400000
04027470;234482400000
04027469;234482400000
04027468;234482400000
04029918;235087200000
04029973;235087200000
04029980;235087200000
04030003;235087200000
04028967;235087200000
04028927;235087200000
04028842;235087200000
04028881;235087200000
04028880;235087200000
04028879;235087200000
04028878;235087200000
04028877;235087200000
04028876;235087200000
04028813;235087200000
04028882;235087200000
04031373;235692000000
04031470;235692000000
04031438;235692000000
04031448;235692000000
04031410;235692000000
04031363;235692000000
04031348;235692000000
04031341;235692000000
04030285;235692000000
04030283;235692000000
04030284;235692000000
04030337;235692000000
04030338;235692000000
04031711;236296800000
04031693;236296800000
04031642;236296800000
04032222;236296800000
04032731;236296800000
04032864;236296800000
04032827;236296800000
04033111;236901600000
04033110;236901600000
04033109;236901600000
04033108;236901600000
04033017;236901600000
04034368;236901600000
04035060;237506400000
04035793;237506400000
04035677;237506400000
04035673;237506400000
04035674;237506400000
04035661;237506400000
04035617;237506400000
04035627;237506400000
04034549;237506400000
04034555;237506400000
04034551;237506400000
04034552;237506400000
04034553;237506400000
04034554;237506400000
04034550;237506400000
04034601;237506400000
04036134;238111200000
04036008;238111200000
04036007;238111200000
04036009;238111200000
04036004;238111200000
04036006;238111200000
04036084;238111200000
04037401;238716000000
04037400;238716000000
04037402;238716000000
04037399;238716000000
04037398;238716000000
04038104;238716000000
04038561;238716000000
04039973;239320800000
04038814;239320800000
04041281;239925600000
04041213;239925600000
04041214;239925600000
04041424;239925600000
04041295;239925600000
04041336;239925600000
04040245;239925600000
04040247;239925600000
04040248;239925600000
04040160;239925600000
04041691;240530400000
04041692;240530400000
04041693;240530400000
04041767;240530400000
04042861;240530400000
04043114;241135200000
04043113;241135200000
04043116;241135200000
04043115;241135200000
04043118;241135200000
04043110;241135200000
04043112;241135200000
04043111;241135200000
04043109;241135200000
04043638;241135200000
04043636;241135200000
04044242;241135200000
04044229;241135200000
04045627;241740000000
04045692;241740000000
04045759;241740000000
04045760;241740000000
04044597;241740000000
04044545;241740000000
04044546;241740000000
04044543;241740000000
04044544;241740000000
04044547;241740000000
04044548;241740000000
04044542;241740000000
04045953;242344800000
04045954;242344800000
04045951;242344800000
04045952;242344800000
04045950;242344800000
04047012;242344800000
04047010;242344800000
04047049;242344800000
04047376;242949600000
04047375;242949600000
04047377;242949600000
04048548;242949600000
04048478;242949600000
04049973;243554400000
04049952;243554400000
04048835;243554400000
04048796;243554400000
04048795;243554400000
04049193;243554400000
04050236;244162800000
04050234;244162800000
04050232;244162800000
04050233;244162800000
04050231;244162800000
04050756;244162800000
04050161;244162800000
04050126;244162800000
04051666;244767600000
04051665;244767600000
04051664;244767600000
04051663;244767600000
04051662;244767600000
04052622;244767600000
04052842;245372400000
04053688;245372400000
04053821;245372400000
04053718;245372400000
04054026;245977200000
04054826;245977200000
04053966;245977200000
04055843;246582000000
04055785;246582000000
04055755;246582000000
04055944;247186800000
04055945;247186800000
04057698;247791600000
04057741;247791600000
04056927;247791600000
04057885;248396400000
04057957;248396400000
04057959;248396400000
04057958;248396400000
04058302;248396400000
04059750;249001200000
04058970;249001200000
04058971;249001200000
04058972;249001200000
04058969;249001200000
04059956;249606000000
04059957;249606000000
04059954;249606000000
04059955;249606000000
04059952;249606000000
04059953;249606000000
04060848;249606000000
04060974;250210800000
04060975;250210800000
04060976;250210800000
04060977;250210800000
04060971;250210800000
04060972;250210800000
04060973;250210800000
04061974;250210800000
04061936;250210800000
04061927;250210800000
04061929;250210800000
04062249;250815600000
04063111;250815600000
04063114;250815600000
04062180;250815600000
04062181;250815600000
04062179;250815600000
04062178;250815600000
04063411;251420400000
04063410;251420400000
04063409;251420400000
04064552;251420400000
04064540;251420400000
04064468;251420400000
04065699;252025200000
04065684;252025200000
04065651;252025200000
04064736;252025200000
04064688;252025200000
04064689;252025200000
04064687;252025200000
04064623;252025200000
04065915;252630000000
04065916;252630000000
04066947;252630000000
04068295;253234800000
04068285;253234800000
04068230;253234800000
04068171;253234800000
04068308;253234800000
04067187;253234800000
04067186;253234800000
04067185;253234800000
04067101;253234800000
04067945;253234800000
04068461;253839600000
04068462;253839600000
04068463;253839600000
04068464;253839600000
04068465;253839600000
04068466;253839600000
04069658;254444400000
04069659;254444400000
04070502;254444400000
04070649;254444400000
04070697;254444400000
04070944;255049200000
04070819;255049200000
04070821;255049200000
04070822;255049200000
04070820;255049200000
04071797;255049200000
04072005;255654000000
04072004;255654000000
04072849;255654000000
04074245;256258800000
04074251;256258800000
04074255;256258800000
04073130;256258800000
04073131;256258800000
04073132;256258800000
04073133;256258800000
04074117;256258800000
04074093;256258800000
04074513;256863600000
04074514;256863600000
04074515;256863600000
04074516;256863600000
04074517;256863600000
04075064;256863600000
04075518;256863600000
04075540;256863600000
04076987;257468400000
04077011;257468400000
04077032;257468400000
04075829;257468400000
04075828;257468400000
04075825;257468400000
04075827;257468400000
04075826;257468400000
04077201;258073200000
04077200;258073200000
04077199;258073200000
04077198;258073200000
04079366;258678000000
04079369;258678000000
04079279;258678000000
04079413;258678000000
04078419;258678000000
04078420;258678000000
04078375;258678000000
04078376;258678000000
04078373;258678000000
04078374;258678000000
04080575;259282800000
04079583;259282800000
04079581;259282800000
04079582;259282800000
04080780;259887600000
04080781;259887600000
04080696;259887600000
04081664;259887600000
04081754;259887600000
04081753;259887600000
04082029;260488800000
04082302;260488800000
04082927;260488800000
04081911;260488800000
04081952;260488800000
04081951;260488800000
04081953;260488800000
04081950;260488800000
04084104;261093600000
04084140;261093600000
04083222;261093600000
04083177;261093600000
04083178;261093600000
04083175;261093600000
04083176;261093600000
04083179;261093600000
04084502;261698400000
04084511;261698400000
04084404;261698400000
04084402;261698400000
04084403;261698400000
04084401;261698400000
04084415;261698400000
04086521;262303200000
04086453;262303200000
04086654;262303200000
04086655;262303200000
04085576;262303200000
04085575;262303200000
04085577;262303200000
04086003;262303200000
04086916;262908000000
04086753;262908000000
04086752;262908000000
04086756;262908000000
04086755;262908000000
04086754;262908000000
04086696;262908000000
04087679;262908000000
04088958;263512800000
04088992;263512800000
04088903;263512800000
04088854;263512800000
04087894;263512800000
04087957;263512800000
04087958;263512800000
04087959;263512800000
04087960;263512800000
04089156;264117600000
04089157;264117600000
04089158;264117600000
04089159;264117600000
04090133;264117600000
04090141;264117600000
04090191;264117600000
04090041;264117600000
04090531;264722400000
04090349;264722400000
04090355;264722400000
04090356;264722400000
04090353;264722400000
04090354;264722400000
04090351;264722400000
04090352;264722400000
04090350;264722400000
04090934;264722400000
04091377;264722400000
04092096;265327200000
04092638;265327200000
04092604;265327200000
04092533;265327200000
04091803;265327200000
04091609;265327200000
04091608;265327200000
04091612;265327200000
04091611;265327200000
04091610;265327200000
04093480;265932000000
04093992;265932000000
04093997;265932000000
04093944;265932000000
04093873;265932000000
04092819;265932000000
04092823;265932000000
04092822;265932000000
04092821;265932000000
04092820;265932000000
04092879;265932000000
04094135;266536800000
04094136;266536800000
04094137;266536800000
04094139;266536800000
04094140;266536800000
04094058;266536800000
04094464;266536800000
04095217;266536800000
04095129;266536800000
04095195;266536800000
04096412;267141600000
04095405;267141600000
04095407;267141600000
04095406;267141600000
04095409;267141600000
04095408;267141600000
04095410;267141600000
04095412;267141600000
04095411;267141600000
04095414;267141600000
04095413;267141600000
04095334;267141600000
04097905;267746400000
04097801;267746400000
04097755;267746400000
04097798;267746400000
04099074;268351200000
04098072;268351200000
04098068;268351200000
04098069;268351200000
04098070;268351200000
04098071;268351200000
04099372;268956000000
04099371;268956000000
04100490;268956000000
04100401;268956000000
04100502;268956000000
04100540;268956000000
04100728;269560800000
04101001;269560800000
04101071;269560800000
04101963;269560800000
04101838;269560800000
04101848;269560800000
04102119;270165600000
04102121;270165600000
04102120;270165600000
04102123;270165600000
04102122;270165600000
04102054;270165600000
04102631;270165600000
04103183;270165600000
04103191;270165600000
04103296;270165600000
04104553;270770400000
04103429;270770400000
04103484;270770400000
04103482;270770400000
04103483;270770400000
04104859;271375200000
04104865;271375200000
04104866;271375200000
04104863;271375200000
04104864;271375200000
04104861;271375200000
04104862;271375200000
04104860;271375200000
04104867;271375200000
04105902;271375200000
04107500;271980000000
04107483;271980000000
04107400;271980000000
04106280;271980000000
04106283;271980000000
04106282;271980000000
04106281;271980000000
04106279;271980000000
04106278;271980000000
04106277;271980000000
04108340;272584800000
04108016;272584800000
04109140;272584800000
04109119;272584800000
04107915;272584800000
04107916;272584800000
04109456;273189600000
04109455;273189600000
04109458;273189600000
04109457;273189600000
04110655;273189600000
04110640;273189600000
04110637;273189600000
04112358;273794400000
04110970;273794400000
04110968;273794400000
04110967;273794400000
04110966;273794400000
04110969;273794400000
04111510;273794400000
04111363;273794400000
04112672;274399200000
04112671;274399200000
04112670;274399200000
04112673;274399200000
04112669;274399200000
04113342;274399200000
04114363;275004000000
04114364;275004000000
04114365;275004000000
04114366;275004000000
04114362;275004000000
04115714;275004000000
04115713;275004000000
04115706;275004000000
04115996;275608800000
04115995;275608800000
04115997;275608800000
04115994;275608800000
04115993;275608800000
04117353;275608800000
04117421;275608800000
04117475;275608800000
04118110;276217200000
04118111;276217200000
04118092;276217200000
04117665;276217200000
04117666;276217200000
04117663;276217200000
04117664;276217200000
04117658;276217200000
04117659;276217200000
04117657;276217200000
04117661;276217200000
04117662;276217200000
04117660;276217200000
04120036;276822000000
04120039;276822000000
04120022;276822000000
04118923;276822000000
04118924;276822000000
04118922;276822000000
04119867;276822000000
04119892;276822000000
04121203;277426800000
04120147;277426800000
04120149;277426800000
04120148;277426800000
04121485;278031600000
04121414;278031600000
04121413;278031600000
04121416;278031600000
04121415;278031600000
04122660;278636400000
04122663;278636400000
04122664;278636400000
04122661;278636400000
04122662;278636400000
04122665;278636400000
04122659;278636400000
04123895;279241200000
04123896;279241200000
04123897;279241200000
04123898;279241200000
04124809;279241200000
04124806;279241200000
04124929;279846000000
04124975;279846000000
04126383;280450800000
04126822;280450800000
04126802;280450800000
04126796;280450800000
04125993;280450800000
04125995;280450800000
04125994;280450800000
04126992;281055600000
04127823;281055600000
04128003;281660400000
04128816;281660400000
04127985;281660400000
04127986;281660400000
04127984;281660400000
04128991;282265200000
04128992;282265200000
04128993;282265200000
04129830;282265200000
04129983;282870000000
04129982;282870000000
04129981;282870000000
04130748;282870000000
04130738;282870000000
04131864;283474800000
04131855;283474800000
04131816;283474800000
04130988;283474800000
04130987;283474800000
04130986;283474800000
04132060;284079600000
04132061;284079600000
04132062;284079600000
04132984;284079600000
04133169;284684400000
04133170;284684400000
04134057;284684400000
04134254;285289200000
04135158;285289200000
04136397;285894000000
04135416;285894000000
04135358;285894000000
04135357;285894000000
04135359;285894000000
04136513;286498800000
04136515;286498800000
04136514;286498800000
04137049;286498800000
04138195;287103600000
04138613;287103600000
04137703;287103600000
04138841;287708400000
04139279;287708400000
04139837;287708400000
04139793;287708400000
04139981;288313200000
04141064;288313200000
04141074;288313200000
04140401;288313200000
04141209;288918000000
04141208;288918000000
04141210;288918000000
04142147;288918000000
04142306;289522800000
04142287;289522800000
04142780;289522800000
04142680;289522800000
04142359;289522800000
04142362;289522800000
04142363;289522800000
04142360;289522800000
04142361;289522800000
04143509;290127600000
04143507;290127600000
04143508;290127600000
04143510;290127600000
04144467;290127600000
04144582;290127600000
04144705;290732400000
04144704;290732400000
04144708;290732400000
04144706;290732400000
04146779;291337200000
04145873;291337200000
04145872;291337200000
04146054;291337200000
04148015;291938400000
04147022;291938400000
04147021;291938400000
04147568;291938400000
04147416;291938400000
04148180;292543200000
04148181;292543200000
04148182;292543200000
04148183;292543200000
04148184;292543200000
04149257;292543200000
04149368;293148000000
04149707;293148000000
04150365;293148000000
04150333;293148000000
04150718;293752800000
04150538;293752800000
04150537;293752800000
04150536;293752800000
04150535;293752800000
04151831;294357600000
04151707;294357600000
04152564;294357600000
04152768;294357600000
04152612;294357600000
04152613;294357600000
04153344;294962400000
04152887;294962400000
04152888;294962400000
04152889;294962400000
04155104;295567200000
04155003;295567200000
04154053;295567200000
04154512;295567200000
04155219;296172000000
04155218;296172000000
04155782;296172000000
04156281;296172000000
04156870;296776800000
04157007;297381600000
04157008;297381600000
04157647;297986400000
04157646;297986400000
04158144;297986400000
04158285;298591200000
04158286;298591200000
04158287;298591200000
04158947;299196000000
04159491;299196000000
04159472;299196000000
04159416;299196000000
04160176;299800800000
04159622;299800800000
04160928;300405600000
04160923;300405600000
04160943;300405600000
04160568;300405600000
04161099;301010400000
04161098;301010400000
04161864;301615200000
04162036;301615200000
04162513;301615200000
04162418;301615200000
04162417;301615200000
04163230;302220000000
04163193;302220000000
04162754;302220000000
04162610;302220000000
04162609;302220000000
04162608;302220000000
04163409;302824800000
04163360;302824800000
04163361;302824800000
04163362;302824800000
04163966;302824800000
04164038;302824800000
04164732;303429600000
04164648;303429600000
04164666;303429600000
04165459;304034400000
04164842;304034400000
04164844;304034400000
04164843;304034400000
04165605;304639200000
04165604;304639200000
04165607;304639200000
04165606;304639200000
04165622;304639200000
04166360;305244000000
04166358;305244000000
04166359;305244000000
04167307;305848800000
04167686;305848800000
04167850;306453600000
04167848;306453600000
04167849;306453600000
04168467;306453600000
04168525;306453600000
04168526;306453600000
04168607;307058400000
04169642;307666800000
04169920;307666800000
04170105;308271600000
04170104;308271600000
04170782;308271600000
04171540;308876400000
04170870;308876400000
04170869;308876400000
04171610;309481200000
04172360;310086000000
04172358;310086000000
04172359;310086000000
04173117;310690800000
04173758;310690800000
04173756;310690800000
04173862;311295600000
04173863;311295600000
04174607;311900400000
04174606;311900400000
04174807;311900400000
04175378;312505200000
04175377;312505200000
04175372;312505200000
04175374;312505200000
04175373;312505200000
04175376;312505200000
04175375;312505200000
04176337;312505200000
04177454;313110000000
04176518;313110000000
04176516;313110000000
04176517;313110000000
04176515;313110000000
04177634;313714800000
04177632;313714800000
04177633;313714800000
04177630;313714800000
04177631;313714800000
04178592;313714800000
04178566;313714800000
04178520;313714800000
04179671;314319600000
04178753;314319600000
04178752;314319600000
04178751;314319600000
04178750;314319600000
04179877;314924400000
04179876;314924400000
04180808;314924400000
04180970;315529200000
04180969;315529200000
04181885;315529200000
04181963;315529200000
04182115;316134000000
04182113;316134000000
04182114;316134000000
04182111;316134000000
04182112;316134000000
04182110;316134000000
04182108;316134000000
04182109;316134000000
04182020;316134000000
04183251;316738800000
04183204;316738800000
04183203;316738800000
04183629;316738800000
04183628;316738800000
04184894;317343600000
04184612;317343600000
04185283;317343600000
04185214;317343600000
04184319;317343600000
04184318;317343600000
04184317;317343600000
04184321;317343600000
04184320;317343600000
04186322;317948400000
04186389;317948400000
04185452;317948400000
04185453;317948400000
04185621;317948400000
04187518;318553200000
04187499;318553200000
04187468;318553200000
04186551;318553200000
04186552;318553200000
04187670;319158000000
04187671;319158000000
04189717;319762800000
04188825;319762800000
04188776;319762800000
04188775;319762800000
04188778;319762800000
04188777;319762800000
04188779;319762800000
04188774;319762800000
04189909;320367600000
04189910;320367600000
04189912;320367600000
04190884;320367600000
04191067;320972400000
04192134;321577200000
04192135;321577200000
04192136;321577200000
04192130;321577200000
04192131;321577200000
04192132;321577200000
04192133;321577200000
04192993;321577200000
04193064;321577200000
04193120;321577200000
04194196;322182000000
04193257;322182000000
04193256;322182000000
04193255;322182000000
04194351;322786800000
04194356;322786800000
04194353;322786800000
04194352;322786800000
04194355;322786800000
04194354;322786800000
04195220;322786800000
04195057;322786800000
04195058;322786800000
04196404;323391600000
04197424;323992800000
04197561;323992800000
04196578;323992800000
04196579;323992800000
04196577;323992800000
04196583;323992800000
04196584;323992800000
04196581;323992800000
04196582;323992800000
04196580;323992800000
04197747;324597600000
04197698;324597600000
04197697;324597600000
04198124;324597600000
04198574;324597600000
04198579;324597600000
04199180;325202400000
04199751;325202400000
04199726;325202400000
04199699;325202400000
04198811;325202400000
04198810;325202400000
04198809;325202400000
04198808;325202400000
04199932;325807200000
04199931;325807200000
04199930;325807200000
04201038;326412000000
04201039;326412000000
04201041;326412000000
04201042;326412000000
04201040;326412000000
04201077;326412000000
04201090;326412000000
04201929;326412000000
04202608;327016800000
04202606;327016800000
04202607;327016800000
04202165;327016800000
04202166;327016800000
04204167;327621600000
04204196;327621600000
04203279;327621600000
04203278;327621600000
04203282;327621600000
04203281;327621600000
04203280;327621600000
04204397;328226400000
04204396;328226400000
04204395;328226400000
04204399;328226400000
04204398;328226400000
04204400;328226400000
04204874;328226400000
04205244;328226400000
04205262;328226400000
04205517;328831200000
04205518;328831200000
04205519;328831200000
04205516;328831200000
04205520;328831200000
04205521;328831200000
04205522;328831200000
04205523;328831200000
04206375;328831200000
04206376;328831200000
04206377;328831200000
04206379;328831200000
04206590;329436000000
04206591;329436000000
04206592;329436000000
04206682;329436000000
04206838;329436000000
04207735;330040800000
04207731;330040800000
04207732;330040800000
04207733;330040800000
04207734;330040800000
04208686;330040800000
04209675;330645600000
04208869;330645600000
04208868;330645600000
04208867;330645600000
04208866;330645600000
04208870;330645600000
04209969;331250400000
04209968;331250400000
04209972;331250400000
04209971;331250400000
04209974;331250400000
04209973;331250400000
04209970;331250400000
04209976;331250400000
04209975;331250400000
04209977;331250400000
04210798;331250400000
04211025;331855200000
04211064;331855200000
04211065;331855200000
04211066;331855200000
04211067;331855200000
04211985;331855200000
04212153;332460000000
04212154;332460000000
04212155;332460000000
04212156;332460000000
04212157;332460000000
04212158;332460000000
04212159;332460000000
04213063;332460000000
04213062;332460000000
04213121;332460000000
04214134;333064800000
04213292;333064800000
04213291;333064800000
04213294;333064800000
04213293;333064800000
04213295;333064800000
04213548;333064800000
04214433;333669600000
04214434;333669600000
04215322;333669600000
04216402;334274400000
04215532;334274400000
04215531;334274400000
04216650;334879200000
04216649;334879200000
04216647;334879200000
04216648;334879200000
04216646;334879200000
04217035;334879200000
04217654;334879200000
04217653;334879200000
04217509;334879200000
04217540;334879200000
04218601;335484000000
04218661;335484000000
04217681;335484000000
04217751;335484000000
04217753;335484000000
04217752;335484000000
04218281;335484000000
04218873;336088800000
04218872;336088800000
04218871;336088800000
04218876;336088800000
04218875;336088800000
04218874;336088800000
04219754;336088800000
04219756;336088800000
04219809;336088800000
04219825;336088800000
04219999;336693600000
04220996;336693600000
04222010;337298400000
04222069;337298400000
04221111;337298400000
04221112;337298400000
04221976;337298400000
04222228;337903200000
04222226;337903200000
04222227;337903200000
04223402;337903200000
04223213;337903200000
04223268;337903200000
04224531;338508000000
04224530;338508000000
04223523;338508000000
04223522;338508000000
04223521;338508000000
04223528;338508000000
04223527;338508000000
04223526;338508000000
04223525;338508000000
04223524;338508000000
04225776;339116400000
04225824;339116400000
04225847;339116400000
04225890;339116400000
04224789;339116400000
04224820;339116400000
04224948;339116400000
04226082;339721200000
04226081;339721200000
04226144;339721200000
04227135;339721200000
04228346;340326000000
04228389;340326000000
04228422;340326000000
04228470;340326000000
04228533;340326000000
04228534;340326000000
04228543;340326000000
04227777;340326000000
04228645;340930800000
04228644;340930800000
04228647;340930800000
04228646;340930800000
04228649;340930800000
04228648;340930800000
04229668;340930800000
04229813;340930800000
04229125;340930800000
04229936;341535600000
04231090;341535600000
04232382;342140400000
04232383;342140400000
04232384;342140400000
04232301;342140400000
04232464;342745200000
04232510;342745200000
04232511;342745200000
04232512;342745200000
04233681;342745200000
04233680;342745200000
04233679;342745200000
04234958;343350000000
04234947;343350000000
04234946;343350000000
04234948;343350000000
04234943;343350000000
04234945;343350000000
04234944;343350000000
04234811;343350000000
04234845;343350000000
04236241;343954800000
04236242;343954800000
04236240;343954800000
04236238;343954800000
04236239;343954800000
04236236;343954800000
04236237;343954800000
04235072;343954800000
04236375;344559600000
04237548;344559600000
04237542;344559600000
04237549;344559600000
04238793;345164400000
04238832;345164400000
04238846;345164400000
04238848;345164400000
04238847;345164400000
04239980;345769200000
04240021;345769200000
04240150;345769200000
04240154;345769200000
04240153;345769200000
04241339;346374000000
04241342;346374000000
04241434;346374000000
04241435;346374000000
04241433;346374000000
04241438;346374000000
04241439;346374000000
04241436;346374000000
04241437;346374000000
04241441;346374000000
04241442;346374000000
04241440;346374000000
04240249;346374000000
04242623;346978800000
04242611;346978800000
04242676;346978800000
04242681;346978800000
04242748;346978800000
04242747;346978800000
04242746;346978800000
04242745;346978800000
04244044;347583600000
04244043;347583600000
04244042;347583600000
04244022;347583600000
04244038;347583600000
04244039;347583600000
04244041;347583600000
04244040;347583600000
04243329;347583600000
04243303;347583600000
04245173;348188400000
04245334;348188400000
04245335;348188400000
04245336;348188400000
04245337;348188400000
04245338;348188400000
04245323;348188400000
04246498;348793200000
04246579;348793200000
04246602;348793200000
04246650;348793200000
04246651;348793200000
04247930;349398000000
04247932;349398000000
04247931;349398000000
04247933;349398000000
04247927;349398000000
04247926;349398000000
04247929;349398000000
04247928;349398000000
04249251;350002800000
04249070;350002800000
04250420;350607600000
04250571;350607600000
04250572;350607600000
04250573;350607600000
04250574;350607600000
04250575;350607600000
04250576;350607600000
04250523;350607600000
04251604;351212400000
04251739;351212400000
04251877;351212400000
04251878;351212400000
04253036;351817200000
04253171;351817200000
04253170;351817200000
04253169;351817200000
04253173;351817200000
04253172;351817200000
04253175;351817200000
04253174;351817200000
04253177;351817200000
04253176;351817200000
04253178;351817200000
04252862;351817200000
04252839;351817200000
04254159;352422000000
04254490;352422000000
04254491;352422000000
04254487;352422000000
04254488;352422000000
04254486;352422000000
04254489;352422000000
04254494;352422000000
04254492;352422000000
04254493;352422000000
04255723;353026800000
04255806;353026800000
04255801;353026800000
04255804;353026800000
04255805;353026800000
04255802;353026800000
04255803;353026800000
04255864;353631600000
04256117;353631600000
04257113;353631600000
04257112;353631600000
04257117;353631600000
04257116;353631600000
04257115;353631600000
04257114;353631600000
04257118;353631600000
04258275;354236400000
04258310;354236400000
04258354;354236400000
04258432;354236400000
04258431;354236400000
04257683;354236400000
04259551;354837600000
04259600;354837600000
04259735;354837600000
04259736;354837600000
04259737;354837600000
04259715;354837600000
04261050;355442400000
04261049;355442400000
04261047;355442400000
04261048;355442400000
04261046;355442400000
04260915;355442400000
04260987;355442400000
04262223;356047200000
04262349;356047200000
04262348;356047200000
04262347;356047200000
04262346;356047200000
04262345;356047200000
04262354;356047200000
04262353;356047200000
04262352;356047200000
04262351;356047200000
04262350;356047200000
04262062;356047200000
04263590;356652000000
04263667;356652000000
04263666;356652000000
04262842;356652000000
04264970;357256800000
04264966;357256800000
04264967;357256800000
04264968;357256800000
04264969;357256800000
04266156;357861600000
04266150;357861600000
04266178;357861600000
04266289;357861600000
04266288;357861600000
04266290;357861600000
04266291;357861600000
04267436;358466400000
04267472;358466400000
04267479;358466400000
04267467;358466400000
04267587;358466400000
04267586;358466400000
04267589;358466400000
04267588;358466400000
04266774;358466400000
04268913;359071200000
04268915;359071200000
04269025;359676000000
04270086;359676000000
04270066;359676000000
04270197;359676000000
04270198;359676000000
04270199;359676000000
04270193;359676000000
04270194;359676000000
04270195;359676000000
04270196;359676000000
04270192;359676000000
04270200;359676000000
04271495;360280800000
04271496;360280800000
04271497;360280800000
04271498;360280800000
04271492;360280800000
04271493;360280800000
04271494;360280800000
04271432;360280800000
04270846;360280800000
04270834;360280800000
04270574;360280800000
04272761;361490400000
04272839;361490400000
04272838;361490400000
04272837;361490400000
04272836;361490400000
04272826;361490400000
04272842;361490400000
04272841;361490400000
04272840;361490400000
04274153;361490400000
04274154;361490400000
04274151;361490400000
04274152;361490400000
04274150;361490400000
04274149;361490400000
04274146;361490400000
04274044;361490400000
04275462;362095200000
04275463;362095200000
04275356;362095200000
04275405;362095200000
04276483;362700000000
04276541;362700000000
04276634;362700000000
04276633;362700000000
04276632;362700000000
04276631;362700000000
04276630;362700000000
04276628;362700000000
04276627;362700000000
04276626;362700000000
04276625;362700000000
04276629;362700000000
04277693;363304800000
04277704;363304800000
04277779;363304800000
04277841;363304800000
04277840;363304800000
04278898;363909600000
04278325;363909600000
04278974;363909600000
04279030;363909600000
04279031;363909600000
04279028;363909600000
04279029;363909600000
04277980;363909600000
04279072;364514400000
04279169;364514400000
04280063;364514400000
04280175;364514400000
04280210;364514400000
04280213;364514400000
04280214;364514400000
04280211;364514400000
04280212;364514400000
04280207;364514400000
04280208;364514400000
04280209;364514400000
04280506;365119200000
04281389;365119200000
04281405;365119200000
04281406;365119200000
04281260;365119200000
04281901;365724000000
04282513;365724000000
04282597;365724000000
04282596;365724000000
04282595;365724000000
04282594;365724000000
04282593;365724000000
04282592;365724000000
04282591;365724000000
04283122;366328800000
04283769;366328800000
04283784;366328800000
04283783;366328800000
04283782;366328800000
04283772;366328800000
04285029;366933600000
04285028;366933600000
04285041;366933600000
04284954;366933600000
04285450;367538400000
04286246;367538400000
04287597;368143200000
04287585;368143200000
04287584;368143200000
04287586;368143200000
04287583;368143200000
04288064;368748000000
04288284;368748000000
04288792;368748000000
04290129;369352800000
04290130;369352800000
04290131;369352800000
04291266;369957600000
04291397;369957600000
04291399;369957600000
04291398;369957600000
04291369;369957600000
04291375;369957600000
04291401;369957600000
04291400;369957600000
04291402;369957600000
04292510;370566000000
04292682;370566000000
04292680;370566000000
04291628;370566000000
04292836;371170800000
04293782;371170800000
04293842;371170800000
04293845;371170800000
04293938;371170800000
04293939;371170800000
04293942;371170800000
04293940;371170800000
04293943;371170800000
04293915;371170800000
04295056;371775600000
04295215;371775600000
04293986;371775600000
04296489;372380400000
04296488;372380400000
04296490;372380400000
04297656;372985200000
04297610;372985200000
04297838;373590000000
04298143;373590000000
04298115;373590000000
04298973;373590000000
04298971;373590000000
04298972;373590000000
04300223;374194800000
04300224;374194800000
04300221;374194800000
04300222;374194800000
04300204;374194800000
04301405;374799600000
04301524;374799600000
04301360;374799600000
04302829;375404400000
04302828;375404400000
04302665;375404400000
04303850;376009200000
04303983;376009200000
04303995;376009200000
04303996;376009200000
04303997;376009200000
04303962;376009200000
04304989;376614000000
04305041;376614000000
04305401;377218800000
04305310;377218800000
04306294;377218800000
04306302;377218800000
04306170;377218800000
04307391;377823600000
04307449;377823600000
04307458;377823600000
04307459;377823600000
04307460;377823600000
04306343;377823600000
04307824;378428400000
04307727;378428400000
04308604;378428400000
04308607;378428400000
04308608;378428400000
04308605;378428400000
04308606;378428400000
04308609;378428400000
04308610;378428400000
04308611;378428400000
04309599;379033200000
04309665;379033200000
04309627;379033200000
04310795;379638000000
04310924;379638000000
04310909;379638000000
04310908;379638000000
04312059;380242800000
04312056;380242800000
04312055;380242800000
04312058;380242800000
04312057;380242800000
04312044;380242800000
04312000;380242800000
04311923;380242800000
04311934;380242800000
04311953;380242800000
04311438;380242800000
04312358;380847600000
04313064;380847600000
04313217;380847600000
04313186;380847600000
04314209;381452400000
04314161;381452400000
04314146;381452400000
04315328;382057200000
04315329;382057200000
04315327;382057200000
04315332;382057200000
04315224;382057200000
04316277;382662000000
04316276;382662000000
04316275;382662000000
04316274;382662000000
04316273;382662000000
04316272;382662000000
04316246;382662000000
04317188;383266800000
04317187;383266800000
04318181;383871600000
04317980;383871600000
04319350;384476400000
04319351;384476400000
04320387;385081200000
04320310;385081200000
04320480;385081200000
04320478;385081200000
04320479;385081200000
04320476;385081200000
04320477;385081200000
04320483;385081200000
04320484;385081200000
04320481;385081200000
04320482;385081200000
04320485;385081200000
04321541;385686000000
04321521;385686000000
04321520;385686000000
04321519;385686000000
04321699;385686000000
04321698;385686000000
04321697;385686000000
04322694;386287200000
04322639;386287200000
04322834;386287200000
04322833;386287200000
04322831;386287200000
04322830;386287200000
04321853;386287200000
04323767;386892000000
04323860;386892000000
04323834;386892000000
04323995;386892000000
04323996;386892000000
04324182;387496800000
04324992;387496800000
04324803;387496800000
04325081;387496800000
04325036;387496800000
04326281;388101600000
04326280;388101600000
04326279;388101600000
04326278;388101600000
04326277;388101600000
04326276;388101600000
04326777;388706400000
04327285;388706400000
04327429;388706400000
04328571;389311200000
04328572;389311200000
04328570;389311200000
04329601;389916000000
04329684;389916000000
04330840;390520800000
04330877;390520800000
04332020;391125600000
04332019;391125600000
04331154;391125600000
04333171;391730400000
04333172;391730400000
04334297;392335200000
04334298;392335200000
04334280;392335200000
04335454;392940000000
04335453;392940000000
04336471;393544800000
04336446;393544800000
04336609;393544800000
04336608;393544800000
04335596;393544800000
04336887;394149600000
04337463;394149600000
04337529;394149600000
04337530;394149600000
04338680;394754400000
04338681;394754400000
04338727;395359200000
04340835;395964000000
04340828;395964000000
04340948;395964000000
04340947;395964000000
04340946;395964000000
04341964;396568800000
04342092;396568800000
04342030;396568800000
04342105;396568800000
04343043;397173600000
04342930;397173600000
04344046;397778400000
04344000;397778400000
04344161;397778400000
04343977;397778400000
04345221;398383200000
04345286;398383200000
04345320;398383200000
04346350;398988000000
04346464;398988000000
04346463;398988000000
04346537;399592800000
04346521;399592800000
04347403;399592800000
04347594;399592800000
04348696;400197600000
04348753;400197600000
04348751;400197600000
04348752;400197600000
04349763;400802400000
04349748;400802400000
04349899;400802400000
04349890;400802400000
04349900;400802400000
04350675;401407200000
04350894;401407200000
04350918;401407200000
04350953;401407200000
04350961;401407200000
04351039;401407200000
04351043;401407200000
04351040;401407200000
04351042;401407200000
04351041;401407200000
04351215;402015600000
04352168;402015600000
04352169;402015600000
04352171;402015600000
04352170;402015600000
04352172;402015600000
04353124;402620400000
04354158;403225200000
04354120;403225200000
04354260;403225200000
04353178;403225200000
04354744;403830000000
04354412;403830000000
04355257;403830000000
04355365;403830000000
04355381;403830000000
04355380;403830000000
04356425;404434800000
04355470;404434800000
04357691;405039600000
04357692;405039600000
04357693;405039600000
04357695;405039600000
04358728;405644400000
04358836;405644400000
04358837;405644400000
04358838;405644400000
04358839;405644400000
04358840;405644400000
04359655;406249200000
04360128;406854000000
04360739;406854000000
04361409;407458800000
04361408;407458800000
04361410;407458800000
04361772;407458800000
04361790;407458800000
04362400;408063600000
04362401;408063600000
04362402;408063600000
04362395;408063600000
04362396;408063600000
04362397;408063600000
04362398;408063600000
04362391;408063600000
04362392;408063600000
04362393;408063600000
04362394;408063600000
04362399;408063600000
04362961;408063600000
04362981;408063600000
04363029;408063600000
04363553;408668400000
04363554;408668400000
04363555;408668400000
04364669;409273200000
04364668;409273200000
04364673;409273200000
04364672;409273200000
04364674;409273200000
04364671;409273200000
04364670;409273200000
04365243;409273200000
04365320;409273200000
04365898;409878000000
04365899;409878000000
04367387;410482800000
04367426;410482800000
04367527;410482800000
04367051;410482800000
04367050;410482800000
04367049;410482800000
04368369;411087600000
04367960;411087600000
04367958;411087600000
04367959;411087600000
04367956;411087600000
04367957;411087600000
04367955;411087600000
04368990;411692400000
04368987;411692400000
04368988;411692400000
04368989;411692400000
04369362;411692400000
04369385;411692400000
04369440;411692400000
04370063;412297200000
04370065;412297200000
04370064;412297200000
04370067;412297200000
04370066;412297200000
04370069;412297200000
04370068;412297200000
04370573;412297200000
04370574;412297200000
04370565;412297200000
04371268;412902000000
04371267;412902000000
04371269;412902000000
04371429;412902000000
04371794;412902000000
04371821;412902000000
04373201;413506800000
04372687;413506800000
04372688;413506800000
04372689;413506800000
04373270;414111600000
04373821;414111600000
04373822;414111600000
04374332;414111600000
04374623;414716400000
04374622;414716400000
04374624;414716400000
04375048;414716400000
04375049;414716400000
04375259;415321200000
04375391;415321200000
04376992;416530800000
04376993;416530800000
04376994;416530800000
04376995;416530800000
04376991;416530800000
04376996;416530800000
04376919;416530800000
04376874;416530800000
04377004;416530800000
04377781;417135600000
04377740;417135600000
04377345;417135600000
04378166;417736800000
04378167;417736800000
04378486;417736800000
04378957;418341600000
04379339;418341600000
04379639;418946400000
04379644;418946400000
04379643;418946400000
04379640;418946400000
04379642;418946400000
04379641;418946400000
04380185;419551200000
04381481;420156000000
04382686;421365600000
04382687;421365600000
04382688;421365600000
04382690;421365600000
04382691;421365600000
04382692;421365600000
04382693;421365600000
04382694;421365600000
04382695;421365600000
04382696;421365600000
04382697;421365600000
04383432;421970400000
04385291;422575200000
04384790;422575200000
04384408;422575200000
04385841;423180000000
04385842;423180000000
04386423;423180000000
04386254;423180000000
04387350;423784800000
04387312;423784800000
04387437;423784800000
04387420;423784800000
04386856;423784800000
04386857;423784800000
04387838;424389600000
04387999;424389600000
04388001;424389600000
04388002;424389600000
04388000;424389600000
04389704;424994400000
04389123;424994400000
04389122;424994400000
04389121;424994400000
04390289;425599200000
04390288;425599200000
04390287;425599200000
04391531;426204000000
04391534;426204000000
04391533;426204000000
04391530;426204000000
04392217;426204000000
04392216;426204000000
04392006;426204000000
04392750;426808800000
04392717;426808800000
04392749;426808800000
04392747;426808800000
04392748;426808800000
04394090;427413600000
04394539;427413600000
04395138;428018400000
04395137;428018400000
04395136;428018400000
04395135;428018400000
04395134;428018400000
04397031;428623200000
04396846;428623200000
04396904;428623200000
04396293;428623200000
04396294;428623200000
04396295;428623200000
04396296;428623200000
04396297;428623200000
04396298;428623200000
04397562;429228000000
04397563;429228000000
04397564;429228000000
04397565;429228000000
04397566;429228000000
04397567;429228000000
04397568;429228000000
04398085;429228000000
04398107;429228000000
04398832;429832800000
04398831;429832800000
04398834;429832800000
04398833;429832800000
04400090;430437600000
04400094;430437600000
04400093;430437600000
04400092;430437600000
04400091;430437600000
04400095;430437600000
04403344;431647200000
04403315;431647200000
04403014;431647200000
04402134;431647200000
04403870;432252000000
04403869;432252000000
04403832;432252000000
04404067;432252000000
04404641;432252000000
04404624;432252000000
04404510;432252000000
04405242;432856800000
04405241;432856800000
04405906;432856800000
04407019;433465200000
04406542;433465200000
04406549;433465200000
04407155;434070000000
04407590;434070000000
04407588;434070000000
04407589;434070000000
04407586;434070000000
04407587;434070000000
04407585;434070000000
04408297;434070000000
04408096;434070000000
04408901;434674800000
04408900;434674800000
04408899;434674800000
04408898;434674800000
04408897;434674800000
04408896;434674800000
04408895;434674800000
04408894;434674800000
04410817;435279600000
04409897;435279600000
04412215;435884400000
04412099;435884400000
04412749;436489200000
04412751;436489200000
04412750;436489200000
04413350;436489200000
04413178;436489200000
04412481;436489200000
04412546;436489200000
04413905;437094000000
04413915;437094000000
04415421;437698800000
04415274;437698800000
04415273;437698800000
04415272;437698800000
04415271;437698800000
04415277;437698800000
04415276;437698800000
04415797;437698800000
04415870;437698800000
04415845;437698800000
04414877;437698800000
04417263;438303600000
04417113;438303600000
04416550;438303600000
04417819;438908400000
04417820;438908400000
04417821;438908400000
04418307;438908400000
04418299;438908400000
04419019;439513200000
04419016;439513200000
04419018;439513200000
04419017;439513200000
04419770;439513200000
04419409;439513200000
04418614;439513200000
04419933;440118000000
04420264;440118000000
04420263;440118000000
04420750;440118000000
04420652;440118000000
04421415;440722800000
04421416;440722800000
04421417;440722800000
04421418;440722800000
04421419;440722800000
04421420;440722800000
04421421;440722800000
04421422;440722800000
04421423;440722800000
04422038;440722800000
04422018;440722800000
04422874;441327600000
04422775;441327600000
04422776;441327600000
04422777;441327600000
04423342;441327600000
04423929;441932400000
04423963;441932400000
04423965;441932400000
04423964;441932400000
04423966;441932400000
04424454;441932400000
04424457;441932400000
04424967;442537200000
04425653;442537200000
04425538;442537200000
04426157;443142000000
04426158;443142000000
04426159;443142000000
04426639;443142000000
04426736;443142000000
04427300;443746800000
04427301;443746800000
04427302;443746800000
04427303;443746800000
04427299;443746800000
04427130;443746800000
04427952;443746800000
04428040;443746800000
04429278;444351600000
04428683;444351600000
04428682;444351600000
04428681;444351600000
04428528;444351600000
04430009;444956400000
04430006;444956400000
04430005;444956400000
04430008;444956400000
04430007;444956400000
04430004;444956400000
04430578;444956400000
04432081;445561200000
04431030;445561200000
04431314;445561200000
04431312;445561200000
04431313;445561200000
04432476;446166000000
04432654;446166000000
04432655;446166000000
04432652;446166000000
04432653;446166000000
04433371;446166000000
04433295;446166000000
04433401;446166000000
04434399;446770800000
04433900;446770800000
04433919;446770800000
04433918;446770800000
04433921;446770800000
04433920;446770800000
04435842;447375600000
04435727;447375600000
04435795;447375600000
04435796;447375600000
04435640;447375600000
04435089;447375600000
04435088;447375600000
04435087;447375600000
04435086;447375600000
04435090;447375600000
04435046;447375600000
04436969;447980400000
04436435;447980400000
04437768;448585200000
04437769;448585200000
04437770;448585200000
04437381;448585200000
04439499;449186400000
04439688;449186400000
04439717;449186400000
04439046;449186400000
04438926;449186400000
04440502;449791200000
04440501;449791200000
04440505;449791200000
04440504;449791200000
04440503;449791200000
04441196;449791200000
04441825;450396000000
04441826;450396000000
04442752;451000800000
04443114;451000800000
04443113;451000800000
04443116;451000800000
04443115;451000800000
04443112;451000800000
04443062;451000800000
04443851;451000800000
04444515;451605600000
04444514;451605600000
04444511;451605600000
04444513;451605600000
04444512;451605600000
04445181;451605600000
04445113;451605600000
04446413;452210400000
04445786;452210400000
04445784;452210400000
04445785;452210400000
04445783;452210400000
04446750;452815200000
04447159;452815200000
04447162;452815200000
04447163;452815200000
04447160;452815200000
04447810;452815200000
04447753;452815200000
04449086;453420000000
04449232;453420000000
04448542;453420000000
04448541;453420000000
04448544;453420000000
04448543;453420000000
04450210;454024800000
04450378;454024800000
04450377;454024800000
04449829;454024800000
04449833;454024800000
04449832;454024800000
04449831;454024800000
04449830;454024800000
04450743;454629600000
04450843;454629600000
04451161;454629600000
04451160;454629600000
04451158;454629600000
04451159;454629600000
04451157;454629600000
04451117;454629600000
04451896;454629600000
04451754;454629600000
04451719;454629600000
04452537;455234400000
04452119;455234400000
04453834;455839200000
04453833;455839200000
04455199;456444000000
04455093;456444000000
04455094;456444000000
04456866;457048800000
04456386;457048800000
04456387;457048800000
04456388;457048800000
04456383;457048800000
04456384;457048800000
04456385;457048800000
04457631;457653600000
04459034;458258400000
04459033;458258400000
04459036;458258400000
04459032;458258400000
04459031;458258400000
04459038;458258400000
04459037;458258400000
04459039;458258400000
04459524;458258400000
04460928;458863200000
04460859;458863200000
04460282;458863200000
04460281;458863200000
04460280;458863200000
04461580;459468000000
04461581;459468000000
04461582;459468000000
04461583;459468000000
04462697;460072800000
04462696;460072800000
04462297;460072800000
04463425;460072800000
04464599;460677600000
04464058;460677600000
04464059;460677600000
04464061;460677600000
04464063;460677600000
04464062;460677600000
04464216;460677600000
04463617;460677600000
04466074;461282400000
04465379;461282400000
04465378;461282400000
04465380;461282400000
04465381;461282400000
04466285;461887200000
04466745;461887200000
04466743;461887200000
04466744;461887200000
04466742;461887200000
04467256;461887200000
04467255;461887200000
04468133;462492000000
04468132;462492000000
04468131;462492000000
04468134;462492000000
04468746;462492000000
04468602;462492000000
04469447;463096800000
04469448;463096800000
04469449;463096800000
04470024;463096800000
04471284;463701600000
04470708;463701600000
04470706;463701600000
04470707;463701600000
04472067;464306400000
04472068;464306400000
04472065;464306400000
04472066;464306400000
04472069;464306400000
04472053;464306400000
04472789;464306400000
04473766;464911200000
04473306;464911200000
04473305;464911200000
04473304;464911200000
04473303;464911200000
04473302;464911200000
04473301;464911200000
04475180;465519600000
04475153;465519600000
04475067;465519600000
04474482;465519600000
04474481;465519600000
04474480;465519600000
04476445;466124400000
04476090;466124400000
04475822;466124400000
04476765;466729200000
04477193;466729200000
04477195;466729200000
04477194;466729200000
04477196;466729200000
04477759;466729200000
04477797;466729200000
04478355;467334000000
04478330;467334000000
04478521;467334000000
04478523;467334000000
04478522;467334000000
04478525;467334000000
04478524;467334000000
04479725;467938800000
04479723;467938800000
04479724;467938800000
04479722;467938800000
04480192;467938800000
04480198;467938800000
04480218;467938800000
04481674;468543600000
04480384;468543600000
04481852;469148400000
04482260;469148400000
04482259;469148400000
04482256;469148400000
04482255;469148400000
04482257;469148400000
04483626;469753200000
04483628;469753200000
04483627;469753200000
04484220;469753200000
04484123;469753200000
04485463;470358000000
04486077;470962800000
04486847;470962800000
04488272;471567600000
04487125;471567600000
04487512;471567600000
04487511;471567600000
04487513;471567600000
04488345;472172400000
04488820;472172400000
04488818;472172400000
04488819;472172400000
04489731;472777200000
04490052;472777200000
04490050;472777200000
04490051;472777200000
04490711;472777200000
04491424;473382000000
04491425;473382000000
04491423;473382000000
04493043;473986800000
04493103;473986800000
04492479;473986800000
04492910;473986800000
04492905;473986800000
04493562;474591600000
04493561;474591600000
04493560;474591600000
04493559;474591600000
04494211;474591600000
04494012;474591600000
04494085;474591600000
04495596;475196400000
04495254;475196400000
04494880;475196400000
04494879;475196400000
04496246;475801200000
04496247;475801200000
04496248;475801200000
04498040;476406000000
04497312;476406000000
04497582;476406000000
04497584;476406000000
04497583;476406000000
04498787;477010800000
04499589;477010800000
04500795;477615600000
04500211;477615600000
04500213;477615600000
04501502;478220400000
04503548;478825200000
04502789;478825200000
04502788;478825200000
04502790;478825200000
04502791;478825200000
04504153;479430000000
04504155;479430000000
04504062;479430000000
04504716;479430000000
04505594;480034800000
04505595;480034800000
04505598;480034800000
04505596;480034800000
04505597;480034800000
04507599;480639600000
04507526;480639600000
04506992;480639600000
04506993;480639600000
04508459;481240800000
04508458;481240800000
04508457;481240800000
04508456;481240800000
04509864;481845600000
04509865;481845600000
04509866;481845600000
04509867;481845600000
04509531;481845600000
04510485;481845600000
04511261;482450400000
04511260;482450400000
04511259;482450400000
04511665;482450400000
04511999;482450400000
04513216;483055200000
04513282;483055200000
04512667;483055200000
04512085;483055200000
04514835;483660000000
04514676;483660000000
04516120;484264800000
04516064;484264800000
04517217;484869600000
04516861;484869600000
04516863;484869600000
04516862;484869600000
04518093;485474400000
04518906;485474400000
04518884;485474400000
04518266;485474400000
04518267;485474400000
04520572;486684000000
04521869;486684000000
04523289;487288800000
04523288;487288800000
04523204;487288800000
04522453;487288800000
04522509;487288800000
04522508;487288800000
04522507;487288800000
04522506;487288800000
04523856;487893600000
04523858;487893600000
04523857;487893600000
04524252;487893600000
04524290;487893600000
04525079;488498400000
04525077;488498400000
04525078;488498400000
04525075;488498400000
04525076;488498400000
04525074;488498400000
04527156;489103200000
04527126;489103200000
04526479;489103200000
04526478;489103200000
04526477;489103200000
04526476;489103200000
04526475;489103200000
04526473;489103200000
04527907;489708000000
04527906;489708000000
04527905;489708000000
04529322;490312800000
04529323;490312800000
04530091;490312800000
04530607;490917600000
04531841;491522400000
04533605;492127200000
04533257;492127200000
04533256;492127200000
04534660;492732000000
04534661;492732000000
04536094;493336800000
04536093;493336800000
04536095;493336800000
04537515;493941600000
04537514;493941600000
04536922;493941600000
04538235;493941600000
04538923;494546400000
04538924;494546400000
04540242;495151200000
04540291;495151200000
04540292;495151200000
04542480;495756000000
04542329;495756000000
04541726;495756000000
04541725;495756000000
04541727;495756000000
04543657;496360800000
04544884;496969200000
04544282;496969200000
04544283;496969200000
04544284;496969200000
04545647;497574000000
04545649;497574000000
04545686;497574000000
04545687;497574000000
04545688;497574000000
04546278;497574000000
04546487;497574000000
04548511;498783600000
04548512;498783600000
04548513;498783600000
04548514;498783600000
04548510;498783600000
04550279;499388400000
04550676;499993200000
04551029;499993200000
04551028;499993200000
04551027;499993200000
04551620;499993200000
04551665;499993200000
04552464;500598000000
04553850;501202800000
04553851;501202800000
04553836;501202800000
04555185;501807600000
04555184;501807600000
04557606;503017200000
04557981;503017200000
04558192;503017200000
04558268;503017200000
04558956;503622000000
04558957;503622000000
04558955;503622000000
04561077;504226800000
04561042;504226800000
04561783;504831600000
04563748;505436400000
04563604;505436400000
04564827;506041200000
04564308;506041200000
04564918;506041200000
04564954;506041200000
04565955;506646000000
04565454;506646000000
04566803;507250800000
04566802;507250800000
04568867;507855600000
04568197;507855600000
04569598;508460400000
04569599;508460400000
04570216;508460400000
04571199;509065200000
04571698;509065200000
04571516;509065200000
04573187;509670000000
04573127;509670000000
04573134;509670000000
04574011;510274800000
04573804;510274800000
04575651;510879600000
04575833;510879600000
04575832;510879600000
04576484;511484400000
04578769;512089200000
04577561;512089200000
04579460;512690400000
04580907;513295200000
04582434;513900000000
04582322;513900000000
04584651;514504800000
04583864;514504800000
04583865;514504800000
04583866;514504800000
04583443;514504800000
04586827;515714400000
04588305;516319200000
04588901;516319200000
04589917;516924000000
04589886;516924000000
04589780;516924000000
04589779;516924000000
04590412;516924000000
04591418;517528800000
04592660;518133600000
04593414;518133600000
04594007;518738400000
04594008;518738400000
04596962;519948000000
04598375;520552800000
04598337;520552800000
04597673;520552800000
04597674;520552800000
04598575;521157600000
04599005;521157600000
04600948;521762400000
04600959;521762400000
04600315;521762400000
04600316;521762400000
04601585;522367200000
04602165;522367200000
04602551;522972000000
04603978;523576800000
04604536;523576800000
04604621;523576800000
04605312;524181600000
04605311;524181600000
04607257;524786400000
04606098;524786400000
04608655;525391200000
04610549;526600800000
04610550;526600800000
04611926;527205600000
04611925;527205600000
04611923;527205600000
04611927;527205600000
04611871;527205600000
04613236;527810400000
04613950;527810400000
04613951;527810400000
04612841;527810400000
04615625;529023600000
04615624;529023600000
04615617;529023600000
04616167;529023600000
04618265;530233200000
04618264;530233200000
04618837;530233200000
04618798;530233200000
04620797;531442800000
04620798;531442800000
04620788;531442800000
04623261;532652400000
04623262;532652400000
04623260;532652400000
04623259;532652400000
04624581;533257200000
04624580;533257200000
04624579;533257200000
04624529;533257200000
04626760;533862000000
04626109;533862000000
04626105;533862000000
04626106;533862000000
04626107;533862000000
04626108;533862000000
04626909;533862000000
04626836;533862000000
04627737;534466800000
04627738;534466800000
04627739;534466800000
04627736;534466800000
04628418;534466800000
04627268;534466800000
04629924;535071600000
04629332;535071600000
04629331;535071600000
04629329;535071600000
04630904;535676400000
04630937;535676400000
04630936;535676400000
04630935;535676400000
04630934;535676400000
04630933;535676400000
04631601;535676400000
04633421;536281200000
04633156;536281200000
04632569;536281200000
04632570;536281200000
04632571;536281200000
04635121;536886000000
04635266;536886000000
04635286;536886000000
04634288;536886000000
04634287;536886000000
04634289;536886000000
04634906;536886000000
04634953;536886000000
04634985;536886000000
04634635;536886000000
04636037;537490800000
04636047;537490800000
04636087;537490800000
04637734;538095600000
04637732;538095600000
04637733;538095600000
04638247;538095600000
04639426;538700400000
04639144;538700400000
04640869;539305200000
04640625;539305200000
04640624;539305200000
04641205;539305200000
04641125;539305200000
04641975;539910000000
04643585;540514800000
04644571;540514800000
04644246;540514800000
04644352;540514800000
04645980;541119600000
04645354;541119600000
04645353;541119600000
04645357;541119600000
04645356;541119600000
04645355;541119600000
04645102;541119600000
04647216;541724400000
04647217;541724400000
04647218;541724400000
04648722;542329200000
04648721;542329200000
04649794;542934000000
04650344;542934000000
04651147;542934000000
04652787;543538800000
04652139;543538800000
04652140;543538800000
04652141;543538800000
04652142;543538800000
04653931;544140000000
04653930;544140000000
04653933;544140000000
04653932;544140000000
04654493;544140000000
04654237;544140000000
04655606;544744800000
04656574;544744800000
04656145;544744800000
04657407;545349600000
04657404;545349600000
04657405;545349600000
04657403;545349600000
04657408;545349600000
04656748;545349600000
04658218;545349600000
04659233;545954400000
04659232;545954400000
04659231;545954400000
04659897;545954400000
04660991;546559200000
04660992;546559200000
04661694;546559200000
04663624;547164000000
04664531;547768800000
04664533;547768800000
04664532;547768800000
04665330;547768800000
04665335;547768800000
04667140;548373600000
04665735;548373600000
04666310;548373600000
04666311;548373600000
04666312;548373600000
04666313;548373600000
04667681;548978400000
04668100;548978400000
04668101;548978400000
04668878;548978400000
04669891;549583200000
04670864;549583200000
04672642;550188000000
04672232;550188000000
04671668;550188000000
04671669;550188000000
04671670;550188000000
04671672;550188000000
04671673;550188000000
04671435;550188000000
04673857;550792800000
04673893;550792800000
04674889;551397600000
04674891;551397600000
04674890;551397600000
04674892;551397600000
04676661;552002400000
04676662;552002400000
04676659;552002400000
04676660;552002400000
04677541;552002400000
04677580;552002400000
04677689;552002400000
04678345;552607200000
04678344;552607200000
04679945;553212000000
04679944;553212000000
04679943;553212000000
04680494;553212000000
04680514;553212000000
04682020;553816800000
04682310;553816800000
04682299;553816800000
04681459;553816800000
04681465;553816800000
04681463;553816800000
04681464;553816800000
04681461;553816800000
04681462;553816800000
04681460;553816800000
04681436;553816800000
04683428;554421600000
04684181;555026400000
04684261;555026400000
04684260;555026400000
04684264;555026400000
04684263;555026400000
04684262;555026400000
04684900;555026400000
04685599;555631200000
04687487;556236000000
04687341;556236000000
04687340;556236000000
04688948;556840800000
04688947;556840800000
04689575;556840800000
04690568;557445600000
04690567;557445600000
04690566;557445600000
04692032;558050400000
04692033;558050400000
04692031;558050400000
04694410;558655200000
04693613;558655200000
04693612;558655200000
04694694;559260000000
04695168;559260000000
04695739;559260000000
04695710;559260000000
04695781;559260000000
04696577;559868400000
04698783;560473200000
04697932;560473200000
04697931;560473200000
04697930;560473200000
04699518;561078000000
04699850;561078000000
04700091;561078000000
04701862;561682800000
04701056;561682800000
04702612;562287600000
04702613;562287600000
04702616;562287600000
04702614;562287600000
04702615;562287600000
04702769;562287600000
04703208;562287600000
04704710;562892400000
04704037;562892400000
04704036;562892400000
04706238;563497200000
04706288;563497200000
04706121;563497200000
04705970;563497200000
04705408;563497200000
04705406;563497200000
04705407;563497200000
04707794;564102000000
04707142;564102000000
04707141;564102000000
04707144;564102000000
04707143;564102000000
04707145;564102000000
04708491;564706800000
04708490;564706800000
04708492;564706800000
04711586;565916400000
04711583;565916400000
04711584;565916400000
04711585;565916400000
04712001;565916400000
04712072;565916400000
04712061;565916400000
04713808;566521200000
04712924;566521200000
04712923;566521200000
04712926;566521200000
04712925;566521200000
04713565;566521200000
04714977;567126000000
04714352;567126000000
04715010;567126000000
04715725;567730800000
04716631;568335600000
04717260;568335600000
04717261;568335600000
04718454;568940400000
04718599;568940400000
04718773;568940400000
04719609;568940400000
04719608;568940400000
04719368;568940400000
04720823;569545200000
04720821;569545200000
04720820;569545200000
04722076;570150000000
04723233;570754800000
04723232;570754800000
04722876;570754800000
04725996;571964400000
04725998;571964400000
04725749;571964400000
04726000;571964400000
04726001;571964400000
04726002;571964400000
04726003;571964400000
04725061;571964400000
04726687;572569200000
04727524;572569200000
04727523;572569200000
04727526;572569200000
04727525;572569200000
04730286;573778800000
04730287;573778800000
04730288;573778800000
04730284;573778800000
04731766;574383600000
04731767;574383600000
04731729;574383600000
04733384;574988400000
04733383;574988400000
04733593;575589600000
04734587;575589600000
04734895;575589600000
04736351;576194400000
04737941;576799200000
04737944;576799200000
04737943;576799200000
04737942;576799200000
04736681;576799200000
04737252;576799200000
04739279;577404000000
04738268;577404000000
04741001;578008800000
04740933;578008800000
04740934;578008800000
04740931;578008800000
04740932;578008800000
04740935;578008800000
04740936;578008800000
04742577;578613600000
04742503;578613600000
04742502;578613600000
04742501;578613600000
04742500;578613600000
04743971;579218400000
04744066;579218400000
04744067;579218400000
04744068;579218400000
04744042;579218400000
04745035;579823200000
04745590;579823200000
04747087;580428000000
04747086;580428000000
04747088;580428000000
04747514;581032800000
04748644;581032800000
04748603;581032800000
04748601;581032800000
04748602;581032800000
04749874;581637600000
04751691;582242400000
04751668;582242400000
04751521;582242400000
04752919;582847200000
04753537;583452000000
04754210;583452000000
04754444;583452000000
04754423;583452000000
04757484;584661600000
04757483;584661600000
04757486;584661600000
04757485;584661600000
04758280;585266400000
04759003;585266400000
04759004;585266400000
04759002;585266400000
04759253;585871200000
04760564;585871200000
04760351;585871200000
04760443;585871200000
04761138;586476000000
04761771;586476000000
04763193;587080800000
04763313;587080800000
04763312;587080800000
04763311;587080800000
04763310;587080800000
04763309;587080800000
04763308;587080800000
04761835;587080800000
04764910;587685600000
04764694;587685600000
04766578;588290400000
04766579;588290400000
04766294;588290400000
04766611;588895200000
04768177;588895200000
04768178;588895200000
04769798;589500000000
04769799;589500000000
04769796;589500000000
04769797;589500000000
04769765;589500000000
04769836;589500000000
04769556;589500000000
04771410;590104800000
04771409;590104800000
04771202;590104800000
04771274;590104800000
04772840;590709600000
04772843;590709600000
04773051;590709600000
04773050;590709600000
04774697;591318000000
04775801;591922800000
04775964;591922800000
04775963;591922800000
04775244;591922800000
04777628;592527600000
04777384;592527600000
04779247;593132400000
04779248;593132400000
04779249;593132400000
04780085;593737200000
04780839;593737200000
04780864;593737200000
04780583;593737200000
04780934;594342000000
04782472;594342000000
04782420;594342000000
04783800;594946800000
04783755;594946800000
04783772;594946800000
04783773;594946800000
04785434;595551600000
04785433;595551600000
04785436;595551600000
04785435;595551600000
04785432;595551600000
04786982;596156400000
04786902;596156400000
04787072;596156400000
04785982;596156400000
04785969;596156400000
04785542;596156400000
04788096;596761200000
04788669;596761200000
04788670;596761200000
04789761;597366000000
04791017;597970800000
04791621;597970800000
04792789;598575600000
04794576;599180400000
04794577;599180400000
04794578;599180400000
04793153;599180400000
04796107;599785200000
04796240;599785200000
04796239;599785200000
04795930;599785200000
04796503;600390000000
04797283;600390000000
04797864;600390000000
04797679;600390000000
04797747;600390000000
04797748;600390000000
04799003;600994800000
04799203;600994800000
04799204;600994800000
04800545;601599600000
04800543;601599600000
04800544;601599600000
04800334;601599600000
04802241;602204400000
04802194;602204400000
04801875;602204400000
04803544;602809200000
04803672;602809200000
04803673;602809200000
04802550;602809200000
04804118;603414000000
04804275;603414000000
04805161;603414000000
04807165;604018800000
04807154;604018800000
04808568;604623600000
04809250;604623600000
04809192;604623600000
04807639;604623600000
04811312;605228400000
04812744;605833200000
04813030;605833200000
04814901;606438000000
04815054;606438000000
04815053;606438000000
04815051;606438000000
04817063;607039200000
04817064;607039200000
04817065;607039200000
04818570;607644000000
04818830;607644000000
04819191;607644000000
04819217;607644000000
04819860;608248800000
04821248;608248800000
04821247;608248800000
04821249;608248800000
04822694;608853600000
04823328;608853600000
04823329;608853600000
04825332;609458400000
04825364;609458400000
04825426;609458400000
04825427;609458400000
04829495;610668000000
04831607;611272800000
04831606;611272800000
04831562;611272800000
04833661;611877600000
04832453;611877600000
04834475;612482400000
04835716;612482400000
04836415;613087200000
04835875;613087200000
04837755;613087200000
04837719;613087200000
04839874;613692000000
04841386;614296800000
04841500;614296800000
04841497;614296800000
04841496;614296800000
04841132;614296800000
04840337;614296800000
04843384;614901600000
04845745;615506400000
04845689;615506400000
04845690;615506400000
04845693;615506400000
04845692;615506400000
04845694;615506400000
04845481;615506400000
04845853;616111200000
04846467;616111200000
04847776;616111200000
04847818;616111200000
04847819;616111200000
04847820;616111200000
04847696;616111200000
04847616;616111200000
04849644;616716000000
04849299;616716000000
04849949;616716000000
04849948;616716000000
04849951;616716000000
04851738;617320800000
04852072;617320800000
04853854;617925600000
04853910;617925600000
04853908;617925600000
04853909;617925600000
04853558;617925600000
04853682;617925600000
04855615;618530400000
04855973;618530400000
04855972;618530400000
04855969;618530400000
04855968;618530400000
04855971;618530400000
04855970;618530400000
04857758;619135200000
04857759;619135200000
04858210;619135200000
04858211;619135200000
04858207;619135200000
04858208;619135200000
04858209;619135200000
04856687;619135200000
04860270;619740000000
04860268;619740000000
04860267;619740000000
04860001;619740000000
04862434;620344800000
04862435;620344800000
04862431;620344800000
04862432;620344800000
04862521;620949600000
04864549;620949600000
04864604;620949600000
04864658;621554400000
04866684;621554400000
04866685;621554400000
04866606;621554400000
04866564;621554400000
04867551;622159200000
04868800;622159200000
04868496;622159200000
04868402;622159200000
04870603;622767600000
04870629;622767600000
04872150;623372400000
04873477;623977200000
04873465;623977200000
04873584;623977200000
04873677;623977200000
04875201;624582000000
04875200;624582000000
04876676;625186800000
04876677;625186800000
04879699;626396400000
04879700;626396400000
04879702;626396400000
04879701;626396400000
04881213;627001200000
04882717;627606000000
04882685;627606000000
04884254;628210800000
04884253;628210800000
04884256;628210800000
04884258;628210800000
04884257;628210800000
04884252;628210800000
04885730;628815600000
04885731;628815600000
04885729;628815600000
04887250;629420400000
04887251;629420400000
04887249;629420400000
04886988;629420400000
04888749;630025200000
04888748;630025200000
04890269;630630000000
04890258;630630000000
04891776;631234800000
04891538;631234800000
04893292;631839600000
04893291;631839600000
04894813;632444400000
04896260;633049200000
04896306;633049200000
04896307;633049200000
04896308;633049200000
04897860;633654000000
04897835;633654000000
04897825;633654000000
04897826;633654000000
04899370;634258800000
04899324;634258800000
04901295;634863600000
04901296;634863600000
04901294;634863600000
04902963;635468400000
04903336;635468400000
04903254;635468400000
04903253;635468400000
04903250;635468400000
04903251;635468400000
04903130;635468400000
04905212;636073200000
04905213;636073200000
04905187;636073200000
04904191;636073200000
04907210;636678000000
04906982;636678000000
04908707;637282800000
04908784;637282800000
04908739;637282800000
04908808;637282800000
04908807;637282800000
04910706;637887600000
04910720;637887600000
04910721;637887600000
04910652;637887600000
04912687;638488800000
04912688;638488800000
04912689;638488800000
04912692;638488800000
04912690;638488800000
04912586;638488800000
04912832;639093600000
04914444;639093600000
04914819;639698400000
04916677;639698400000
04916679;639698400000
04916676;639698400000
04916798;640303200000
04918674;640303200000
04918630;640303200000
04919030;640908000000
04918759;640908000000
04920365;640908000000
04920238;640908000000
04920526;640908000000
04920525;640908000000
04920524;640908000000
04922407;641512800000
04922474;641512800000
04922475;641512800000
04921636;641512800000
04922619;642117600000
04924453;642117600000
04924452;642117600000
04924592;642722400000
04926400;642722400000
04926401;642722400000
04928270;643327200000
04928700;643932000000
04929090;643932000000
04930100;643932000000
04932011;644536800000
04932010;644536800000
04933920;645141600000
04935910;645746400000
04939707;646956000000
04939708;646956000000
04939709;646956000000
04939913;647560800000
04941137;647560800000
04942516;648165600000
04942559;648165600000
04943955;648770400000
04944036;648770400000
04942755;648770400000
04945521;649375200000
04945522;649375200000
04945523;649375200000
04945644;649980000000
04947382;649980000000
04947137;649980000000
04949320;650584800000
04953149;651794400000
04953148;651794400000
04954951;652399200000
04956827;653004000000
04956828;653004000000
04956829;653004000000
04956830;653004000000
04958362;653608800000
04958334;653608800000
04958279;653608800000
04959819;654213600000
04964072;656031600000
04964092;656031600000
04964093;656031600000
04965779;656636400000
04967402;657241200000
04969133;657846000000
04970669;658450800000
04970709;658450800000
04970708;658450800000
04972393;659055600000
04974218;659660400000
04974242;659660400000
04973388;659660400000
04975893;660265200000
04974483;660265200000
04977548;660870000000
04977455;660870000000
04976548;660870000000
04979157;661474800000
04982388;662684400000
04984274;663289200000
04985877;663894000000
04989104;665103600000
04991154;665708400000
04991025;665708400000
05274545;757033200000
05388082;792111600000
05722887;888879600000
05734102;891295200000
05818851;907624800000
05826715;909442800000
05831134;910047600000
05835388;910652400000
05861818;916700400000
05892455;923349600000
05999921;944521200000
06048078;955404000000
06113726;968104800000
06246737;992296800000
06301793;1003183200000
06316909;1005606000000
06328624;1008025200000
06391137;1021932000000
06453512;1032818400000
06603236;1060034400000
06612041;1062453600000
06708136;1079391600000
06742048;1085436000000
07127632;1161640800000
07274520;1190671200000
07399102;1216072800000
07494471;1235430000000
07648416;1263855600000
07789869;1283810400000
