03858480;158281200000
03859884;158886000000
03859887;158886000000
03859886;158886000000
03860770;158886000000
03860876;158886000000
03861265;159490800000
03861264;159490800000
03861266;159490800000
03861263;159490800000
03863540;160700400000
03865005;161305200000
03865003;161305200000
03865001;161305200000
03866507;161910000000
03866505;161910000000
03866508;161910000000
03867866;162514800000
03867862;162514800000
03867863;162514800000
03868880;163119600000
03868881;163119600000
03868882;163119600000
03869955;163724400000
03869952;163724400000
03870970;163724400000
03871262;164329200000
03871261;164329200000
03871263;164329200000
03871247;164329200000
03872764;164934000000
03872765;164934000000
03875842;166143600000
03876936;166143600000
03876834;166143600000
03877337;166748400000
03877338;166748400000
03878472;166748400000
03878749;167353200000
03878748;167353200000
03878752;167353200000
03878753;167353200000
03878750;167353200000
03878751;167353200000
03878754;167353200000
03880040;167958000000
03880039;167958000000
03881236;168562800000
03881390;168562800000
03881388;168562800000
03881387;168562800000
03881389;168562800000
03882754;169167600000
03882751;169167600000
03884110;169772400000
03884109;169772400000
03884108;169772400000
03884114;169772400000
03884113;169772400000
03884112;169772400000
03884111;169772400000
03885151;169772400000
03885110;169772400000
03885489;170377200000
03886834;170982000000
03886835;170982000000
03886836;170982000000
03886838;170982000000
03888153;171586800000
03888154;171586800000
03888333;171586800000
03889568;172191600000
03890602;172191600000
03891946;172796400000
03890874;172796400000
03890873;172796400000
03890871;172796400000
03893363;174006000000
03893364;174006000000
03894463;174610800000
03894464;174610800000
03894468;174610800000
03894445;174610800000
03895553;175215600000
03895556;175215600000
03896697;175820400000
03896695;175820400000
03896696;175820400000
03896694;175820400000
03897708;176425200000
03897709;176425200000
03898905;177030000000
03899951;177634800000
03901293;178239600000
03901384;178239600000
03901120;178239600000
03901118;178239600000
03901119;178239600000
03902015;178239600000
03902394;178844400000
03902395;178844400000
03902392;178844400000
03902393;178844400000
03902398;178844400000
03902396;178844400000
03902397;178844400000
03903777;179449200000
03903778;179449200000
03903776;179449200000
03903781;179449200000
03903782;179449200000
03903779;179449200000
03905447;180054000000
03905268;180054000000
03906830;180658800000
03908502;181263600000
03908504;181263600000
03908503;181263600000
03908506;181263600000
03910149;181868400000
03910150;181868400000
03910152;181868400000
03911776;182473200000
03911777;182473200000
03911778;182473200000
03911779;182473200000
03911784;182473200000
03911780;182473200000
03913441;183078000000
03913442;183078000000
03913443;183078000000
03915047;183682800000
03915049;183682800000
03915048;183682800000
03915051;183682800000
03916253;183682800000
03916322;183682800000
03916750;184287600000
03916751;184287600000
03916752;184287600000
03917283;184287600000
03918343;184892400000
03918342;184892400000
03918341;184892400000
03919648;184892400000
03920905;185497200000
03919912;185497200000
03919911;185497200000
03919910;185497200000
03921491;186102000000
03921492;186102000000
03922943;186706800000
03922944;186706800000
03922945;186706800000
03924505;187311600000
03926087;187916400000
03926088;187916400000
03927593;188521200000
03927594;188521200000
03927595;188521200000
03927596;188521200000
03929053;189126000000
03929052;189126000000
03929051;189126000000
03930431;189730800000
03930430;189730800000
03930429;189730800000
03930289;189730800000
03931753;190335600000
03933072;190940400000
03933073;190940400000
03933078;190940400000
03933077;190940400000
03933079;190940400000
03935783;192150000000
03935784;192150000000
03935781;192150000000
03935782;192150000000
03937115;192754800000
03937118;192754800000
03937116;192754800000
03937117;192754800000
03938419;193359600000
03939751;193964400000
03939750;193964400000
03940635;193964400000
03941023;194569200000
03941024;194569200000
03941025;194569200000
03941026;194569200000
03943456;195174000000
03943816;195778800000
03943814;195778800000
03943813;195778800000
03943812;195778800000
03943811;195778800000
03945290;196383600000
03945291;196383600000
03948137;197589600000
03948139;197589600000
03948138;197589600000
03948140;197589600000
03949640;198194400000
03949639;198194400000
03949638;198194400000
03951031;198799200000
03951032;198799200000
03951030;198799200000
03951028;198799200000
03951029;198799200000
03952623;199404000000
03952625;199404000000
03954039;200008800000
03954038;200008800000
03955313;200613600000
03955465;200613600000
03955460;200613600000
03955461;200613600000
03955459;200613600000
03956962;201218400000
03956960;201218400000
03956961;201218400000
03956959;201218400000
03956958;201218400000
03958485;201823200000
03958484;201823200000
03958483;201823200000
03958786;201823200000
03960044;202428000000
03960046;202428000000
03960043;202428000000
03962542;203032800000
03962947;203637600000
03962945;203637600000
03962946;203637600000
03962944;203637600000
03964362;204242400000
03964363;204242400000
03965789;204847200000
03965790;204847200000
03965791;204847200000
03967521;205452000000
03967520;205452000000
03967523;205452000000
03967522;205452000000
03968717;206056800000
03968716;206056800000
03968719;206056800000
03968718;206056800000
03971016;206661600000
03969968;206661600000
03969969;206661600000
03969971;206661600000
03969970;206661600000
03971287;207266400000
03971288;207266400000
03971282;207266400000
03971283;207266400000
03971284;207266400000
03972258;207871200000
03972259;207871200000
03973223;207871200000
03973255;207871200000
03973464;208476000000
03973461;208476000000
03973460;208476000000
03973463;208476000000
03973462;208476000000
03974478;208476000000
03974461;208476000000
03974732;209080800000
03974731;209080800000
03974733;209080800000
03974729;209080800000
03977290;210290400000
03977293;210290400000
03977291;210290400000
03978421;210290400000
03978755;210895200000
03978754;210895200000
03979996;211500000000
03979990;211500000000
03979991;211500000000
03979992;211500000000
03979993;211500000000
03979989;211500000000
03981220;212104800000
03981218;212104800000
03981219;212104800000
03981217;212104800000
03982460;212713200000
03982463;212713200000
03983778;213318000000
03983777;213318000000
03986422;214527600000
03986423;214527600000
03986424;214527600000
03986425;214527600000
03986426;214527600000
03986427;214527600000
03987700;215132400000
03988957;215737200000
03988956;215737200000
03988958;215737200000
03990220;216342000000
03990339;216342000000
03990342;216342000000
03990341;216342000000
03991645;216946800000
03991646;216946800000
03992969;217551600000
03992972;217551600000
03992971;217551600000
03992973;217551600000
03992970;217551600000
03992975;217551600000
03994197;218156400000
03994198;218156400000
03994195;218156400000
03995235;218156400000
03995523;218761200000
03997863;219366000000
03999149;219970800000
03998123;219970800000
03999456;220575600000
03999457;220575600000
03999458;220575600000
04001816;221180400000
04000674;221180400000
04000675;221180400000
04000676;221180400000
04000677;221180400000
04000678;221180400000
04002095;221785200000
04002096;221785200000
04003003;221785200000
04003285;222390000000
04003284;222390000000
04004482;222994800000
04005267;222994800000
04006658;224204400000
04008641;225414000000
04009633;226018800000
04010667;226623600000
04010668;226623600000
04011784;227228400000
04012702;227228400000
04012983;227833200000
04012982;227833200000
04012981;227833200000
04012980;227833200000
04012979;227833200000
04015092;228438000000
04014238;228438000000
04014240;228438000000
04014242;228438000000
04014241;228438000000
04014167;228438000000
04016495;229039200000
04015501;229039200000
04015502;229039200000
04016714;229644000000
04016793;229644000000
04016794;229644000000
04016791;229644000000
04016792;229644000000
04017685;229644000000
04018448;230248800000
04018130;230248800000
04018125;230248800000
04018124;230248800000
04018127;230248800000
04018126;230248800000
04018129;230248800000
04018128;230248800000
04018121;230248800000
04018123;230248800000
04018122;230248800000
04019417;230853600000
04019418;230853600000
04019419;230853600000
04021613;231458400000
04020732;231458400000
04020730;231458400000
04020731;231458400000
04020729;231458400000
04020728;231458400000
04023113;232063200000
04022098;232063200000
04022097;232063200000
04023460;232668000000
04023462;232668000000
04023461;232668000000
04023457;232668000000
04023459;232668000000
04023455;232668000000
04023454;232668000000
04025940;233272800000
04024787;233272800000
04024788;233272800000
04024786;233272800000
04026185;233877600000
04026181;233877600000
04026180;233877600000
04026178;233877600000
04026179;233877600000
04027571;234482400000
04027569;234482400000
04028979;235087200000
04028978;235087200000
04028977;235087200000
04028985;235087200000
04028984;235087200000
04028983;235087200000
04028982;235087200000
04028981;235087200000
04030400;235692000000
04030397;235692000000
04030398;235692000000
04030396;235692000000
04031796;236296800000
04031795;236296800000
04031798;236296800000
04031799;236296800000
04031786;236296800000
04032720;236296800000
04033219;236901600000
04033221;236901600000
04033220;236901600000
04035673;237506400000
04035582;237506400000
04034456;237506400000
04036096;238111200000
04036462;238111200000
04037518;238716000000
04037510;238716000000
04037508;238716000000
04037507;238716000000
04037509;238716000000
04037503;238716000000
04037506;238716000000
04037505;238716000000
04037815;238716000000
04038898;239320800000
04038899;239320800000
04038896;239320800000
04038897;239320800000
04038895;239320800000
04040321;239925600000
04040322;239925600000
04040323;239925600000
04041831;240530400000
04041832;240530400000
04041825;240530400000
04041826;240530400000
04041827;240530400000
04041783;240530400000
04043240;241135200000
04043242;241135200000
04043241;241135200000
04043243;241135200000
04044239;241135200000
04045264;241740000000
04044644;241740000000
04044642;241740000000
04044643;241740000000
04046049;242344800000
04046048;242344800000
04046047;242344800000
04047684;242949600000
04047460;242949600000
04047459;242949600000
04047461;242949600000
04048895;243554400000
04048896;243554400000
04048893;243554400000
04048894;243554400000
04050342;244162800000
04050343;244162800000
04050341;244162800000
04051761;244767600000
04052924;245372400000
04052923;245372400000
04053839;245372400000
04054078;245977200000
04054868;245977200000
04054869;245977200000
04054808;245977200000
04055103;246582000000
04055038;246582000000
04056033;247186800000
04056032;247186800000
04056996;247791600000
04056995;247791600000
04056998;247791600000
04056997;247791600000
04058042;248396400000
04058045;248396400000
04058046;248396400000
04058043;248396400000
04058044;248396400000
04059039;249001200000
04059040;249001200000
04060018;249606000000
04060019;249606000000
04061071;250210800000
04061069;250210800000
04061068;250210800000
04061067;250210800000
04061987;250210800000
04062263;250815600000
04062265;250815600000
04062264;250815600000
04063484;251420400000
04063674;251420400000
04064781;252025200000
04064782;252025200000
04064780;252025200000
04064778;252025200000
04064779;252025200000
04064777;252025200000
04065993;252630000000
04065994;252630000000
04067255;253234800000
04067254;253234800000
04067253;253234800000
04068552;253839600000
04068553;253839600000
04069734;254444400000
04069735;254444400000
04069732;254444400000
04070942;255049200000
04070943;255049200000
04071364;255049200000
04072079;255654000000
04072078;255654000000
04074233;256258800000
04073209;256258800000
04073211;256258800000
04073133;256258800000
04074605;256863600000
04074606;256863600000
04075624;256863600000
04075922;257468400000
04075921;257468400000
04077298;258073200000
04077297;258073200000
04077294;258073200000
04077293;258073200000
04077296;258073200000
04077295;258073200000
04079334;258678000000
04078465;258678000000
04078466;258678000000
04078464;258678000000
04078469;258678000000
04078467;258678000000
04078468;258678000000
04079653;259282800000
04079654;259282800000
04079651;259282800000
04079652;259282800000
04079650;259282800000
04079657;259282800000
04080862;259887600000
04080863;259887600000
04080865;259887600000
04080866;259887600000
04080867;259887600000
04080861;259887600000
04082027;260488800000
04083036;260488800000
04083284;261093600000
04083282;261093600000
04083287;261093600000
04083285;261093600000
04083286;261093600000
04084778;261698400000
04084471;261698400000
04084475;261698400000
04084476;261698400000
04084473;261698400000
04084474;261698400000
04084477;261698400000
04085374;261698400000
04085648;262303200000
04085647;262303200000
04085646;262303200000
04085645;262303200000
04085644;262303200000
04085643;262303200000
04086838;262908000000
04088995;263512800000
04088050;263512800000
04088051;263512800000
04088052;263512800000
04089412;264117600000
04089245;264117600000
04089246;264117600000
04090427;264722400000
04090426;264722400000
04091707;265327200000
04091706;265327200000
04091705;265327200000
04091704;265327200000
04091703;265327200000
04091702;265327200000
04092895;265932000000
04092894;265932000000
04092893;265932000000
04095502;267141600000
04095501;267141600000
04095504;267141600000
04095503;267141600000
04095505;267141600000
04096780;267746400000
04096778;267746400000
04096779;267746400000
04098162;268351200000
04098163;268351200000
04098164;268351200000
04099442;268956000000
04099443;268956000000
04099440;268956000000
04099441;268956000000
04099439;268956000000
04099438;268956000000
04100831;269560800000
04100832;269560800000
04101885;269560800000
04102235;270165600000
04102234;270165600000
04102237;270165600000
04102236;270165600000
04102233;270165600000
04102067;270165600000
04103242;270165600000
04103581;270770400000
04103582;270770400000
04103583;270770400000
04104948;271375200000
04104949;271375200000
04104946;271375200000
04104947;271375200000
04104945;271375200000
04106387;271980000000
04106386;271980000000
04106385;271980000000
04106384;271980000000
04106383;271980000000
04106388;271980000000
04108041;272584800000
04108040;272584800000
04108038;272584800000
04108039;272584800000
04108035;272584800000
04108036;272584800000
04108037;272584800000
04109208;272584800000
04109888;273189600000
04110017;273189600000
04110750;273189600000
04111091;273794400000
04111090;273794400000
04111095;273794400000
04111094;273794400000
04111093;273794400000
04111092;273794400000
04112805;274399200000
04112804;274399200000
04112803;274399200000
04112802;274399200000
04112809;274399200000
04112808;274399200000
04112807;274399200000
04112806;274399200000
04114500;275004000000
04114501;275004000000
04114502;275004000000
04114503;275004000000
04114504;275004000000
04114499;275004000000
04114495;275004000000
04114496;275004000000
04114497;275004000000
04114498;275004000000
04116108;275608800000
04116107;275608800000
04116102;275608800000
04116103;275608800000
04117757;276217200000
04117758;276217200000
04117759;276217200000
04119009;276822000000
04119008;276822000000
04119007;276822000000
04119006;276822000000
04119005;276822000000
04120226;277426800000
04120225;277426800000
04120227;277426800000
04120229;277426800000
04121348;278031600000
04121492;278031600000
04121491;278031600000
04121494;278031600000
04121493;278031600000
04121490;278031600000
04121489;278031600000
04121488;278031600000
04122364;278031600000
04122751;278636400000
04122750;278636400000
04122744;278636400000
04122745;278636400000
04122742;278636400000
04122743;278636400000
04122748;278636400000
04122749;278636400000
04122746;278636400000
04122747;278636400000
04123960;279241200000
04126073;280450800000
04126072;280450800000
04126071;280450800000
04126070;280450800000
04126075;280450800000
04126074;280450800000
04127053;281055600000
04127050;281055600000
04127051;281055600000
04127052;281055600000
04127047;281055600000
04127048;281055600000
04127049;281055600000
04127756;281055600000
04128032;281660400000
04128033;281660400000
04128034;281660400000
04128035;281660400000
04128036;281660400000
04129056;282265200000
04129055;282265200000
04129058;282265200000
04129057;282265200000
04130045;282870000000
04130043;282870000000
04131049;283474800000
04132139;284079600000
04132140;284079600000
04132141;284079600000
04132142;284079600000
04132143;284079600000
04132144;284079600000
04133242;284684400000
04133244;284684400000
04134320;285289200000
04134321;285289200000
04134324;285289200000
04134323;285289200000
04134325;285289200000
04135146;285289200000
04135422;285894000000
04135424;285894000000
04135423;285894000000
04135426;285894000000
04135425;285894000000
04135428;285894000000
04135427;285894000000
04135429;285894000000
04135431;285894000000
04135430;285894000000
04136595;286498800000
04137809;287103600000
04137810;287103600000
04137814;287103600000
04137815;287103600000
04137812;287103600000
04137813;287103600000
04138915;287708400000
04138918;287708400000
04138919;287708400000
04138916;287708400000
04138917;287708400000
04138920;287708400000
04140039;288313200000
04140415;288313200000
04141269;288918000000
04141268;288918000000
04141270;288918000000
04141272;288918000000
04141271;288918000000
04143327;289522800000
04142438;289522800000
04142436;289522800000
04142437;289522800000
04142434;289522800000
04142435;289522800000
04142432;289522800000
04142433;289522800000
04143576;290127600000
04143575;290127600000
04144581;290127600000
04144794;290732400000
04144793;290732400000
04144792;290732400000
04144791;290732400000
04144790;290732400000
04144789;290732400000
04144788;290732400000
04144787;290732400000
04145948;291337200000
04145947;291337200000
04145946;291337200000
04145945;291337200000
04145944;291337200000
04145943;291337200000
04145951;291337200000
04145950;291337200000
04148017;291938400000
04147083;291938400000
04147084;291938400000
04147085;291938400000
04147086;291938400000
04147087;291938400000
04148423;292543200000
04148240;292543200000
04148241;292543200000
04148242;292543200000
04148239;292543200000
04149443;293148000000
04149442;293148000000
04149444;293148000000
04149441;293148000000
04149440;293148000000
04150372;293148000000
04151368;293752800000
04150602;293752800000
04150601;293752800000
04150600;293752800000
04150599;293752800000
04151678;294357600000
04151774;294357600000
04151778;294357600000
04151777;294357600000
04151776;294357600000
04152967;294962400000
04152964;294962400000
04152965;294962400000
04152966;294962400000
04154137;295567200000
04154136;295567200000
04154133;295567200000
04154132;295567200000
04154135;295567200000
04154134;295567200000
04154131;295567200000
04155284;296172000000
04156380;296776800000
04156379;296776800000
04157050;297381600000
04157051;297381600000
04157049;297381600000
04157511;297381600000
04158979;299196000000
04158978;299196000000
04158981;299196000000
04158980;299196000000
04159092;299196000000
04159491;299196000000
04159665;299800800000
04159664;299800800000
04159663;299800800000
04160400;300405600000
04160402;300405600000
04160401;300405600000
04160404;300405600000
04160399;300405600000
04161131;301010400000
04161130;301010400000
04161128;301010400000
04161129;301010400000
04161901;301615200000
04161902;301615200000
04162372;301615200000
04162644;302220000000
04163408;302824800000
04163407;302824800000
04164163;303429600000
04164885;304034400000
04164884;304034400000
04164806;304034400000
04165670;304639200000
04165671;304639200000
04166405;305244000000
04167133;305848800000
04168064;306453600000
04168649;307058400000
04168646;307058400000
04168645;307058400000
04168648;307058400000
04168647;307058400000
04169401;307666800000
04169402;307666800000
04170162;308271600000
04170161;308271600000
04170160;308271600000
04170768;308271600000
04171475;308876400000
04170917;308876400000
04170916;308876400000
04171658;309481200000
04171659;309481200000
04171660;309481200000
04171661;309481200000
04172482;310086000000
04172404;310086000000
04172405;310086000000
04172403;310086000000
04172359;310086000000
04173166;310690800000
04173167;310690800000
04173163;310690800000
04173164;310690800000
04173165;310690800000
04173916;311295600000
04173915;311295600000
04173917;311295600000
04174649;311900400000
04174652;311900400000
04174651;311900400000
04174650;311900400000
04175466;312505200000
04175465;312505200000
04175467;312505200000
04175462;312505200000
04175461;312505200000
04175464;312505200000
04175463;312505200000
04176329;312505200000
04176580;313110000000
04176578;313110000000
04176579;313110000000
04176576;313110000000
04176577;313110000000
04176574;313110000000
04176575;313110000000
04176573;313110000000
04177847;313714800000
04177709;313714800000
04177706;313714800000
04177707;313714800000
04178830;314319600000
04178829;314319600000
04178828;314319600000
04178823;314319600000
04178822;314319600000
04178821;314319600000
04178827;314319600000
04178826;314319600000
04178825;314319600000
04178824;314319600000
04179970;314924400000
04179974;314924400000
04179973;314924400000
04179972;314924400000
04179971;314924400000
04179969;314924400000
04179968;314924400000
04180707;314924400000
04181059;315529200000
04181058;315529200000
04182214;316134000000
04182212;316134000000
04182213;316134000000
04182210;316134000000
04182211;316134000000
04182209;316134000000
04182505;316134000000
04183279;316738800000
04183277;316738800000
04183275;316738800000
04183276;316738800000
04184047;316738800000
04184404;317343600000
04184403;317343600000
04184402;317343600000
04184401;317343600000
04184400;317343600000
04184407;317343600000
04184406;317343600000
04184405;317343600000
04184399;317343600000
04184398;317343600000
04185808;317948400000
04185529;317948400000
04185535;317948400000
04185534;317948400000
04185533;317948400000
04185532;317948400000
04185531;317948400000
04185530;317948400000
04186635;318553200000
04186636;318553200000
04186637;318553200000
04186638;318553200000
04186639;318553200000
04186641;318553200000
04186642;318553200000
04186643;318553200000
04186644;318553200000
04186640;318553200000
04187947;319158000000
04187756;319158000000
04188853;319762800000
04188852;319762800000
04188851;319762800000
04188850;319762800000
04188848;319762800000
04188849;319762800000
04189969;320367600000
04189974;320367600000
04189971;320367600000
04189970;320367600000
04189973;320367600000
04189972;320367600000
04190152;320367600000
04190826;320367600000
04191175;320972400000
04191081;320972400000
04191082;320972400000
04191083;320972400000
04191084;320972400000
04191085;320972400000
04191086;320972400000
04191932;320972400000
04192211;321577200000
04192212;321577200000
04192213;321577200000
04192214;321577200000
04192210;321577200000
04193038;321577200000
04193008;321577200000
04193332;322182000000
04193648;322182000000
04194427;322786800000
04194428;322786800000
04194425;322786800000
04195546;323391600000
04195544;323391600000
04195545;323391600000
04196650;323992800000
04196651;323992800000
04196652;323992800000
04197780;324597600000
04197779;324597600000
04197777;324597600000
04197778;324597600000
04198606;324597600000
04198894;325202400000
04198893;325202400000
04198892;325202400000
04198891;325202400000
04198890;325202400000
04198880;325202400000
04198889;325202400000
04200021;325807200000
04200023;325807200000
04200022;325807200000
04200025;325807200000
04200024;325807200000
04200026;325807200000
04201108;326412000000
04201109;326412000000
04201106;326412000000
04201105;326412000000
04202239;327016800000
04202234;327016800000
04202237;327016800000
04202238;327016800000
04202235;327016800000
04202236;327016800000
04202240;327016800000
04202241;327016800000
04204200;327621600000
04203339;327621600000
04203338;327621600000
04203337;327621600000
04203341;327621600000
04203340;327621600000
04203343;327621600000
04203342;327621600000
04204452;328226400000
04204453;328226400000
04205354;328226400000
04205574;328831200000
04205579;328831200000
04205575;328831200000
04205576;328831200000
04205577;328831200000
04205578;328831200000
04205582;328831200000
04205583;328831200000
04205584;328831200000
04205580;328831200000
04205581;328831200000
04206674;329436000000
04206679;329436000000
04206675;329436000000
04206676;329436000000
04206677;329436000000
04206678;329436000000
04206680;329436000000
04206681;329436000000
04207793;330040800000
04207792;330040800000
04207791;330040800000
04208939;330645600000
04208938;330645600000
04208940;330645600000
04208942;330645600000
04208941;330645600000
04210056;331250400000
04210055;331250400000
04210054;331250400000
04210053;331250400000
04211031;331855200000
04211138;331855200000
04211139;331855200000
04211141;331855200000
04211142;331855200000
04211143;331855200000
04211144;331855200000
04211893;331855200000
04212219;332460000000
04212220;332460000000
04212221;332460000000
04212222;332460000000
04212223;332460000000
04213121;332460000000
04213371;333064800000
04213370;333064800000
04213366;333064800000
04213368;333064800000
04213367;333064800000
04213369;333064800000
04214501;333669600000
04214500;333669600000
04214503;333669600000
04214502;333669600000
04215339;333669600000
04215617;334274400000
04215618;334274400000
04215615;334274400000
04215619;334274400000
04215614;334274400000
04215778;334274400000
04216691;334879200000
04216694;334879200000
04216695;334879200000
04216692;334879200000
04216693;334879200000
04216696;334879200000
04217807;335484000000
04217806;335484000000
04217805;335484000000
04217804;335484000000
04217808;335484000000
04217803;335484000000
04217802;335484000000
04217801;335484000000
04218950;336088800000
04218949;336088800000
04218948;336088800000
04218952;336088800000
04218951;336088800000
04218845;336088800000
04220067;336693600000
04220069;336693600000
04220068;336693600000
04221075;337298400000
04221151;337298400000
04222301;337903200000
04222302;337903200000
04222303;337903200000
04223584;338508000000
04223583;338508000000
04223582;338508000000
04223785;338508000000
04225041;339116400000
04224722;339116400000
04224857;339116400000
04224856;339116400000
04226156;339721200000
04226157;339721200000
04226158;339721200000
04226159;339721200000
04226160;339721200000
04226161;339721200000
04226162;339721200000
04226163;339721200000
04226154;339721200000
04226155;339721200000
04227049;339721200000
04228403;340326000000
04227433;340326000000
04227432;340326000000
04227435;340326000000
04227434;340326000000
04227437;340326000000
04227436;340326000000
04228717;340930800000
04228716;340930800000
04228719;340930800000
04228718;340930800000
04228713;340930800000
04228712;340930800000
04228715;340930800000
04228714;340930800000
04228720;340930800000
04228721;340930800000
04229731;340930800000
04230013;341535600000
04230012;341535600000
04230015;341535600000
04230014;341535600000
04231404;342140400000
04231276;342140400000
04231277;342140400000
04231278;342140400000
04232581;342745200000
04232582;342745200000
04233874;343350000000
04233876;343350000000
04233875;343350000000
04233877;343350000000
04235145;343954800000
04235146;343954800000
04235143;343954800000
04235144;343954800000
04235141;343954800000
04235142;343954800000
04236436;344559600000
04236437;344559600000
04236434;344559600000
04236435;344559600000
04236433;344559600000
04237767;345164400000
04237766;345164400000
04237765;345164400000
04237764;345164400000
04237944;345164400000
04238986;345769200000
04238985;345769200000
04238984;345769200000
04240320;346374000000
04240321;346374000000
04240316;346374000000
04240317;346374000000
04240318;346374000000
04240319;346374000000
04241636;346978800000
04241637;346978800000
04242935;347583600000
04242938;347583600000
04242937;347583600000
04242936;347583600000
04244258;348188400000
04244257;348188400000
04244259;348188400000
04244261;348188400000
04244260;348188400000
04244265;348188400000
04244264;348188400000
04244263;348188400000
04244268;348188400000
04244267;348188400000
04244266;348188400000
04245336;348188400000
04245750;348793200000
04245539;348793200000
04245542;348793200000
04245543;348793200000
04245544;348793200000
04245540;348793200000
04245541;348793200000
04246826;349398000000
04246822;349398000000
04246823;349398000000
04246825;349398000000
04247029;349398000000
04247283;349398000000
04248128;350002800000
04248127;350002800000
04248129;350002800000
04248124;350002800000
04248123;350002800000
04248126;350002800000
04248125;350002800000
04248130;350002800000
04248119;350002800000
04248118;350002800000
04248120;350002800000
04248122;350002800000
04248121;350002800000
04249449;350607600000
04249448;350607600000
04249450;350607600000
04251016;351212400000
04250787;351212400000
04250788;351212400000
04250789;351212400000
04250790;351212400000
04250791;351212400000
04250995;351212400000
04252046;351817200000
04252045;351817200000
04252048;351817200000
04252047;351817200000
04252863;351817200000
04253371;352422000000
04253370;352422000000
04253373;352422000000
04253372;352422000000
04253374;352422000000
04253366;352422000000
04253368;352422000000
04253367;352422000000
04253369;352422000000
04254681;353026800000
04254682;353026800000
04254685;353026800000
04254683;353026800000
04254684;353026800000
04254901;353026800000
04256002;353631600000
04256005;353631600000
04256006;353631600000
04256003;353631600000
04256004;353631600000
04256007;353631600000
04256008;353631600000
04257304;354236400000
04257303;354236400000
04257305;354236400000
04258602;354837600000
04258605;354837600000
04258604;354837600000
04258603;354837600000
04259888;355442400000
04261242;356047200000
04261240;356047200000
04263520;356652000000
04262576;356652000000
04262575;356652000000
04262574;356652000000
04262573;356652000000
04263829;357256800000
04263828;357256800000
04265157;357861600000
04265158;357861600000
04267586;358466400000
04267761;359071200000
04267763;359071200000
04267762;359071200000
04269102;359676000000
04269103;359676000000
04269104;359676000000
04269105;359676000000
04270432;360280800000
04270433;360280800000
04270430;360280800000
04270431;360280800000
04271741;360885600000
04271742;360885600000
04271743;360885600000
04271744;360885600000
04271745;360885600000
04271746;360885600000
04271999;361490400000
04273021;361490400000
04273020;361490400000
04273023;361490400000
04273022;361490400000
04273018;361490400000
04273017;361490400000
04273019;361490400000
04272649;361490400000
04274181;362095200000
04274320;362095200000
04274321;362095200000
04275635;362700000000
04275636;362700000000
04275634;362700000000
04277090;363304800000
04277697;363304800000
04276804;363304800000
04276803;363304800000
04276802;363304800000
04276801;363304800000
04276805;363304800000
04278222;363909600000
04278004;363909600000
04278003;363909600000
04278002;363909600000
04278001;363909600000
04278000;363909600000
04279187;364514400000
04279188;364514400000
04279189;364514400000
04279185;364514400000
04279186;364514400000
04279367;364514400000
04280018;364514400000
04280389;365119200000
04280387;365119200000
04280388;365119200000
04281573;365724000000
04281574;365724000000
04281577;365724000000
04281578;365724000000
04281576;365724000000
04282792;366328800000
04282791;366328800000
04282789;366328800000
04282788;366328800000
04282787;366328800000
04282786;366328800000
04282785;366328800000
04283983;366933600000
04283982;366933600000
04283985;366933600000
04283984;366933600000
04285261;367538400000
04285262;367538400000
04287568;368143200000
04286495;368143200000
04286491;368143200000
04286494;368143200000
04286493;368143200000
04287806;368748000000
04287805;368748000000
04287802;368748000000
04287804;368748000000
04289056;369352800000
04290331;369957600000
04290333;369957600000
04290334;369957600000
04290336;369957600000
04291603;370566000000
04291605;370566000000
04291604;370566000000
04291607;370566000000
04291606;370566000000
04291822;370566000000
04292873;371170800000
04292875;371170800000
04292874;371170800000
04293734;371170800000
04294155;371775600000
04294153;371775600000
04294154;371775600000
04295404;372380400000
04295405;372380400000
04295402;372380400000
04295403;372380400000
04296384;372380400000
04296694;372985200000
04296666;372985200000
04296665;372985200000
04296664;372985200000
04296663;372985200000
04296668;372985200000
04296667;372985200000
04297935;373590000000
04297934;373590000000
04297933;373590000000
04297938;373590000000
04297937;373590000000
04297936;373590000000
04299041;374194800000
04299156;374194800000
04299153;374194800000
04299154;374194800000
04299155;374194800000
04300343;374799600000
04300438;374799600000
04300436;374799600000
04300437;374799600000
04300434;374799600000
04300435;374799600000
04300432;374799600000
04300433;374799600000
04300430;374799600000
04300431;374799600000
04302694;375404400000
04301705;375404400000
04301704;375404400000
04301703;375404400000
04302999;376009200000
04303000;376009200000
04304161;376614000000
04304162;376614000000
04304163;376614000000
04304164;376614000000
04304165;376614000000
04304166;376614000000
04304167;376614000000
04304168;376614000000
04304277;376614000000
04305319;377218800000
04305320;377218800000
04305321;377218800000
04305322;377218800000
04306480;377823600000
04306482;377823600000
04306481;377823600000
04306484;377823600000
04306483;377823600000
04307645;378428400000
04307644;378428400000
04307647;378428400000
04307646;378428400000
04307648;378428400000
04308422;378428400000
04308428;378428400000
04308779;379033200000
04308782;379033200000
04308783;379033200000
04308780;379033200000
04308781;379033200000
04308784;379033200000
04309932;379638000000
04310111;379638000000
04312044;380242800000
04311077;380242800000
04311076;380242800000
04311078;380242800000
04312258;380847600000
04312257;380847600000
04312259;380847600000
04313362;381452400000
04313360;381452400000
04313361;381452400000
04314495;382057200000
04314496;382057200000
04314493;382057200000
04314494;382057200000
04314497;382057200000
04314498;382057200000
04315452;382662000000
04315453;382662000000
04315451;382662000000
04316402;383266800000
04316401;383266800000
04317404;383871600000
04317403;383871600000
04317402;383871600000
04318326;384476400000
04319510;385081200000
04319511;385081200000
04319508;385081200000
04319509;385081200000
04319513;385081200000
04319514;385081200000
04319515;385081200000
04320689;385686000000
04320687;385686000000
04320688;385686000000
04320681;385686000000
04320682;385686000000
04320685;385686000000
04320686;385686000000
04320683;385686000000
04320684;385686000000
04321853;386287200000
04321852;386287200000
04321851;386287200000
04321850;386287200000
04321874;386287200000
04322997;386892000000
04322996;386892000000
04322995;386892000000
04324164;387496800000
04324165;387496800000
04324166;387496800000
04326260;388101600000
04326276;388101600000
04325281;388101600000
04325280;388101600000
04325279;388101600000
04326442;388706400000
04326441;388706400000
04326444;388706400000
04326691;388706400000
04327419;388706400000
04327622;389311200000
04327623;389311200000
04328055;389311200000
04328733;389916000000
04328734;389916000000
04328731;389916000000
04328732;389916000000
04329905;390520800000
04329903;390520800000
04329904;390520800000
04329902;390520800000
04331312;391125600000
04331057;391125600000
04331059;391125600000
04331058;391125600000
04331060;391125600000
04331062;391125600000
04332182;391730400000
04332181;391730400000
04332184;391730400000
04332183;391730400000
04332496;391730400000
04333159;391730400000
04333375;392335200000
04333376;392335200000
04333374;392335200000
04333379;392335200000
04333377;392335200000
04333378;392335200000
04334453;392940000000
04334454;392940000000
04334452;392940000000
04334457;392940000000
04334458;392940000000
04334455;392940000000
04334456;392940000000
04334612;392940000000
04335642;393544800000
04335641;393544800000
04335640;393544800000
04335639;393544800000
04336738;394149600000
04336737;394149600000
04336736;394149600000
04336735;394149600000
04336734;394149600000
04338674;394754400000
04338581;394754400000
04337681;394754400000
04337682;394754400000
04337683;394754400000
04337684;394754400000
04338772;395359200000
04338848;395359200000
04338849;395359200000
04338844;395359200000
04338845;395359200000
04338846;395359200000
04338847;395359200000
04338843;395359200000
04338850;395359200000
04339978;395964000000
04339979;395964000000
04339981;395964000000
04339980;395964000000
04339982;395964000000
04341146;396568800000
04341145;396568800000
04341144;396568800000
04341143;396568800000
04341142;396568800000
04341141;396568800000
04341140;396568800000
04342250;397173600000
04342246;397173600000
04342244;397173600000
04342249;397173600000
04342248;397173600000
04342247;397173600000
04343220;397778400000
04343216;397778400000
04343217;397778400000
04343218;397778400000
04343219;397778400000
04344349;398383200000
04344343;398383200000
04344344;398383200000
04344345;398383200000
04344346;398383200000
04344347;398383200000
04345503;398988000000
04345500;398988000000
04345501;398988000000
04345732;398988000000
04346637;399592800000
04346639;399592800000
04346638;399592800000
04347403;399592800000
04347774;400197600000
04347775;400197600000
04347773;400197600000
04347776;400197600000
04348935;400802400000
04348930;400802400000
04348933;400802400000
04348934;400802400000
04348931;400802400000
04348932;400802400000
04348928;400802400000
04348929;400802400000
04350069;401407200000
04350068;401407200000
04350070;401407200000
04350072;401407200000
04350071;401407200000
04350073;401407200000
04350845;401407200000
04351217;402015600000
04351216;402015600000
04351219;402015600000
04351213;402015600000
04351212;402015600000
04351214;402015600000
04351220;402015600000
04351222;402015600000
04351221;402015600000
04352182;402015600000
04352311;402620400000
04352310;402620400000
04352313;402620400000
04352312;402620400000
04352480;402620400000
04352428;402620400000
04353862;403225200000
04353552;403225200000
04353278;403225200000
04353279;403225200000
04353281;403225200000
04353280;403225200000
04354412;403830000000
04354417;403830000000
04354418;403830000000
04354415;403830000000
04354416;403830000000
04354413;403830000000
04354414;403830000000
04355559;404434800000
04355560;404434800000
04355777;404434800000
04356755;405039600000
04356754;405039600000
04356753;405039600000
04356752;405039600000
04356751;405039600000
04356757;405039600000
04356756;405039600000
04357849;405644400000
04357850;405644400000
04357851;405644400000
04357852;405644400000
04357853;405644400000
04357854;405644400000
04358980;406249200000
04358981;406249200000
04358982;406249200000
04359924;406854000000
04359923;406854000000
04361067;407458800000
04361066;407458800000
04361065;407458800000
04361069;407458800000
04361068;407458800000
04361458;407458800000
04362081;408063600000
04362079;408063600000
04362934;408063600000
04363255;408668400000
04363256;408668400000
04363561;408668400000
04364295;409273200000
04364296;409273200000
04364297;409273200000
04364990;409273200000
04366396;409878000000
04366470;409878000000
04365533;409878000000
04365532;409878000000
04365535;409878000000
04365534;409878000000
04365537;409878000000
04365536;409878000000
04366739;410482800000
04366740;410482800000
04367670;411087600000
04367671;411087600000
04367777;411087600000
04367830;411087600000
04368658;411692400000
04368659;411692400000
04369336;411692400000
04369687;412297200000
04371278;412902000000
04371746;412902000000
04370911;412902000000
04370912;412902000000
04372187;413506800000
04372186;413506800000
04372189;413506800000
04372190;413506800000
04373416;414111600000
04373417;414111600000
04373415;414111600000
04373418;414111600000
04373419;414111600000
04373980;414111600000
04374482;414716400000
04375058;414716400000
04375176;415321200000
04375179;415321200000
04375178;415321200000
04375177;415321200000
04375180;415321200000
04375777;415926000000
04375776;415926000000
04376403;416530800000
04376402;416530800000
04377102;417135600000
04377101;417135600000
04377268;417135600000
04377960;417736800000
04377961;417736800000
04377962;417736800000
04377963;417736800000
04377964;417736800000
04378720;418341600000
04378721;418341600000
04378722;418341600000
04378723;418341600000
04378881;418341600000
04379420;418946400000
04379422;418946400000
04379421;418946400000
04380184;419551200000
04380705;419551200000
04380947;420156000000
04381691;420760800000
04381690;420760800000
04381689;420760800000
04383461;421970400000
04383462;421970400000
04383463;421970400000
04383464;421970400000
04383465;421970400000
04383466;421970400000
04383467;421970400000
04384506;422575200000
04384503;422575200000
04384505;422575200000
04384504;422575200000
04385542;423180000000
04385541;423180000000
04385544;423180000000
04385543;423180000000
04386340;423180000000
04386455;423784800000
04386546;423784800000
04386547;423784800000
04386548;423784800000
04386549;423784800000
04386550;423784800000
04387619;424389600000
04387617;424389600000
04387618;424389600000
04387620;424389600000
04387621;424389600000
04387622;424389600000
04387623;424389600000
04387839;424389600000
04388849;424994400000
04388852;424994400000
04388851;424994400000
04388850;424994400000
04389917;425599200000
04389916;425599200000
04389915;425599200000
04389914;425599200000
04391176;426204000000
04391177;426204000000
04392408;426808800000
04392409;426808800000
04392406;426808800000
04392405;426808800000
04393742;427413600000
04393743;427413600000
04393740;427413600000
04393741;427413600000
04394830;428018400000
04395933;428623200000
04395932;428623200000
04395931;428623200000
04395930;428623200000
04397209;429228000000
04397210;429228000000
04397211;429228000000
04397212;429228000000
04397213;429228000000
04399326;429832800000
04398443;429832800000
04398442;429832800000
04398444;429832800000
04399732;430437600000
04399731;430437600000
04400668;430437600000
04401007;431042400000
04401006;431042400000
04401005;431042400000
04403334;431647200000
04402441;431647200000
04402248;431647200000
04402249;431647200000
04402244;431647200000
04402245;431647200000
04402246;431647200000
04402247;431647200000
04402242;431647200000
04402243;431647200000
04403536;432252000000
04403537;432252000000
04405832;432856800000
04404883;432856800000
04404885;432856800000
04404884;432856800000
04406206;433465200000
04406207;433465200000
04406204;433465200000
04406205;433465200000
04406203;433465200000
04407182;434070000000
04407181;434070000000
04408517;434674800000
04408516;434674800000
04408515;434674800000
04408514;434674800000
04408513;434674800000
04408512;434674800000
04408511;434674800000
04409877;435279600000
04411184;435884400000
04411186;435884400000
04411185;435884400000
04411187;435884400000
04412472;436489200000
04412470;436489200000
04412471;436489200000
04413543;437094000000
04413544;437094000000
04413545;437094000000
04414879;437698800000
04414878;437698800000
04416177;438303600000
04416178;438303600000
04416179;438303600000
04416180;438303600000
04416181;438303600000
04417494;438908400000
04417496;438908400000
04418598;439513200000
04418599;439513200000
04418605;439513200000
04418602;439513200000
04418601;439513200000
04418604;439513200000
04418603;439513200000
04418600;439513200000
04419917;440118000000
04419916;440118000000
04419919;440118000000
04419918;440118000000
04419920;440118000000
04421422;440722800000
04421001;440722800000
04421002;440722800000
04421003;440722800000
04422361;441327600000
04422362;441327600000
04422363;441327600000
04422364;441327600000
04422365;441327600000
04423655;441932400000
04423654;441932400000
04423657;441932400000
04423656;441932400000
04423658;441932400000
04424731;442537200000
04424730;442537200000
04424732;442537200000
04425831;443142000000
04425832;443142000000
04427299;443746800000
04427113;443746800000
04426902;443746800000
04426905;443746800000
04426906;443746800000
04426903;443746800000
04426904;443746800000
04426907;443746800000
04428892;444351600000
04428268;444351600000
04428267;444351600000
04428272;444351600000
04428271;444351600000
04428270;444351600000
04428273;444351600000
04429604;444956400000
04429608;444956400000
04429607;444956400000
04429606;444956400000
04429605;444956400000
04429609;444956400000
04430920;445561200000
04430919;445561200000
04430918;445561200000
04430917;445561200000
04432267;446166000000
04432265;446166000000
04432266;446166000000
04433781;446770800000
04433605;446770800000
04433604;446770800000
04433603;446770800000
04433602;446770800000
04433601;446770800000
04434698;447375600000
04434697;447375600000
04434696;447375600000
04436015;447980400000
04437377;448585200000
04437378;448585200000
04437379;448585200000
04437380;448585200000
04438525;448585200000
04438502;448585200000
04438674;449186400000
04440058;449791200000
04440057;449791200000
04440056;449791200000
04441683;450396000000
04441398;450396000000
04442750;451000800000
04442751;451000800000
04442747;451000800000
04442748;451000800000
04442749;451000800000
04442745;451000800000
04442746;451000800000
04443114;451000800000
04444081;451605600000
04444082;451605600000
04445416;452210400000
04445414;452210400000
04445415;452210400000
04446769;452815200000
04446770;452815200000
04448105;453420000000
04448104;453420000000
04448103;453420000000
04449439;454024800000
04449438;454024800000
04449437;454024800000
04449440;454024800000
04450749;454629600000
04450748;454629600000
04450743;454629600000
04450742;454629600000
04450745;454629600000
04450744;454629600000
04450747;454629600000
04450746;454629600000
04450993;454629600000
04450939;454629600000
04452119;455234400000
04452120;455234400000
04452121;455234400000
04452122;455234400000
04453448;455839200000
04453447;455839200000
04453446;455839200000
04453441;455839200000
04453440;455839200000
04453445;455839200000
04453444;455839200000
04453443;455839200000
04453442;455839200000
04453439;455839200000
04454796;456444000000
04455911;457048800000
04455912;457048800000
04455913;457048800000
04457201;457653600000
04457202;457653600000
04457631;457653600000
04458572;458258400000
04458574;458258400000
04458573;458258400000
04459893;458863200000
04461200;459468000000
04461199;459468000000
04462294;460072800000
04462295;460072800000
04462296;460072800000
04464325;460677600000
04463650;460677600000
04463646;460677600000
04463648;460677600000
04463647;460677600000
04463649;460677600000
04464966;461282400000
04464965;461282400000
04464968;461282400000
04464967;461282400000
04464969;461282400000
04464970;461282400000
04466327;461887200000
04466328;461887200000
04466325;461887200000
04466326;461887200000
04466324;461887200000
04466596;461887200000
04467689;462492000000
04467688;462492000000
04467693;462492000000
04467692;462492000000
04467691;462492000000
04467690;462492000000
04468999;463096800000
04468998;463096800000
04468997;463096800000
04468996;463096800000
04469000;463096800000
04469001;463096800000
04469002;463096800000
04469003;463096800000
04469004;463096800000
04470333;463701600000
04470334;463701600000
04470332;463701600000
04471682;464306400000
04471681;464306400000
04472992;464911200000
04472991;464911200000
04472994;464911200000
04472993;464911200000
04475228;465519600000
04474099;465519600000
04474098;465519600000
04474290;465519600000
04474100;465519600000
04475430;466124400000
04475431;466124400000
04475432;466124400000
04475433;466124400000
04475434;466124400000
04475427;466124400000
04475428;466124400000
04475429;466124400000
04475714;466124400000
04476766;466729200000
04476767;466729200000
04476768;466729200000
04476769;466729200000
04476763;466729200000
04476764;466729200000
04476765;466729200000
04476770;466729200000
04478123;467334000000
04478125;467334000000
04478124;467334000000
04478525;467334000000
04479411;467938800000
04479412;467938800000
04479415;467938800000
04479416;467938800000
04479413;467938800000
04479414;467938800000
04480520;468543600000
04480519;468543600000
04481853;469148400000
04481854;469148400000
04481855;469148400000
04481851;469148400000
04481856;469148400000
04481857;469148400000
04483231;469753200000
04483230;469753200000
04483233;469753200000
04483232;469753200000
04483234;469753200000
04483229;469753200000
04484180;469753200000
04484506;470358000000
04484507;470358000000
04484508;470358000000
04485716;470962800000
04485717;470962800000
04488272;471567600000
04487101;471567600000
04487100;471567600000
04487099;471567600000
04487098;471567600000
04488469;472172400000
04488468;472172400000
04488472;472172400000
04488471;472172400000
04488470;472172400000
04489636;472777200000
04489637;472777200000
04491050;473382000000
04491051;473382000000
04491334;473382000000
04491049;473382000000
04492142;473986800000
04493238;474591600000
04493237;474591600000
04495640;475196400000
04495641;475196400000
04495846;475801200000
04495847;475801200000
04497234;476406000000
04497236;476406000000
04497235;476406000000
04497238;476406000000
04497237;476406000000
04498366;477010800000
04498363;477010800000
04498365;477010800000
04498364;477010800000
04500317;477615600000
04499810;477615600000
04499808;477615600000
04499809;477615600000
04499807;477615600000
04501220;478220400000
04501185;478220400000
04501186;478220400000
04501403;478220400000
04502361;478825200000
04502360;478825200000
04502362;478825200000
04503746;479430000000
04503745;479430000000
04503747;479430000000
04504967;479430000000
04505177;480034800000
04506579;480639600000
04506585;480639600000
04506584;480639600000
04506583;480639600000
04506582;480639600000
04506587;480639600000
04506586;480639600000
04506581;480639600000
04506580;480639600000
04508575;481240800000
04508004;481240800000
04508003;481240800000
04508002;481240800000
04508001;481240800000
04508000;481240800000
04509400;481845600000
04509399;481845600000
04510840;482450400000
04510839;482450400000
04510837;482450400000
04510838;482450400000
04510836;482450400000
04512232;483055200000
04512231;483055200000
04512230;483055200000
04512229;483055200000
04512234;483055200000
04512233;483055200000
04513652;483660000000
04513651;483660000000
04513650;483660000000
04515060;484264800000
04515061;484264800000
04515062;484264800000
04515056;484264800000
04515057;484264800000
04515058;484264800000
04515059;484264800000
04516113;484264800000
04516463;484869600000
04516462;484869600000
04516464;484869600000
04517876;485474400000
04517875;485474400000
04517874;485474400000
04519044;485474400000
04519289;486079200000
04519288;486079200000
04519286;486079200000
04520706;486684000000
04520707;486684000000
04520708;486684000000
04520709;486684000000
04520710;486684000000
04522006;487288800000
04522101;487288800000
04522100;487288800000
04522099;487288800000
04523506;487893600000
04524669;488498400000
04524667;488498400000
04524668;488498400000
04524665;488498400000
04524666;488498400000
04526478;489103200000
04526083;489103200000
04526082;489103200000
04526081;489103200000
04526080;489103200000
04526079;489103200000
04526078;489103200000
04527456;489708000000
04529865;490312800000
04528884;490312800000
04528885;490312800000
04528886;490312800000
04528887;490312800000
04528888;490312800000
04528889;490312800000
04530268;490917600000
04530267;490917600000
04531632;491522400000
04531442;491522400000
04531443;491522400000
04532850;492127200000
04532847;492127200000
04532849;492127200000
04532848;492127200000
04534260;492732000000
04534261;492732000000
04534259;492732000000
04534257;492732000000
04534258;492732000000
04535670;493336800000
04535671;493336800000
04535668;493336800000
04535669;493336800000
04535922;493336800000
04537110;493941600000
04537109;493941600000
04537108;493941600000
04539228;494546400000
04538500;494546400000
04538499;494546400000
04538497;494546400000
04538498;494546400000
04538495;494546400000
04539885;495151200000
04539886;495151200000
04539883;495151200000
04539884;495151200000
04539882;495151200000
04539887;495151200000
04539888;495151200000
04541320;495756000000
04541322;495756000000
04541321;495756000000
04542675;496360800000
04543871;496969200000
04543870;496969200000
04543869;496969200000
04545279;497574000000
04545277;497574000000
04545278;497574000000
04545282;497574000000
04545280;497574000000
04545281;497574000000
04545276;497574000000
04545836;497574000000
04546245;497574000000
04546688;498178800000
04546687;498178800000
04546690;498178800000
04548119;498783600000
04548319;498783600000
04549459;499388400000
04549460;499388400000
04549461;499388400000
04549462;499388400000
04550637;499993200000
04550638;499993200000
04551029;499993200000
04552051;500598000000
04553465;501202800000
04554854;501807600000
04554855;501807600000
04554856;501807600000
04554857;501807600000
04554858;501807600000
04555970;502412400000
04557174;503017200000
04557173;503017200000
04557176;503017200000
04557175;503017200000
04558623;503622000000
04558624;503622000000
04558625;503622000000
04559860;504226800000
04559859;504226800000
04561339;504831600000
04561338;504831600000
04561337;504831600000
04562764;505436400000
04562766;505436400000
04562763;505436400000
04563934;506041200000
04563932;506041200000
04563933;506041200000
04563931;506041200000
04566365;507250800000
04566364;507250800000
04566363;507250800000
04566362;507250800000
04567804;507855600000
04567805;507855600000
04567806;507855600000
04567807;507855600000
04567808;507855600000
04569268;508460400000
04570521;509065200000
04570522;509065200000
04570520;509065200000
04570523;509065200000
04570524;509065200000
04570527;509065200000
04570528;509065200000
04572257;509670000000
04572051;509670000000
04572049;509670000000
04572048;509670000000
04572050;509670000000
04573389;510274800000
04573390;510274800000
04573391;510274800000
04573919;510274800000
04574953;510879600000
04574678;510879600000
04576080;511484400000
04577540;512089200000
04577541;512089200000
04579032;512690400000
04579033;512690400000
04579229;512690400000
04580479;513295200000
04580478;513295200000
04580480;513295200000
04580481;513295200000
04581972;513900000000
04581975;513900000000
04581974;513900000000
04581976;513900000000
04582282;513900000000
04584700;514504800000
04584701;514504800000
04583442;514504800000
04583440;514504800000
04583441;514504800000
04584921;515109600000
04584922;515109600000
04584923;515109600000
04586417;515714400000
04586416;515714400000
04586419;515714400000
04586418;515714400000
04587877;516319200000
04587878;516319200000
04589321;516924000000
04589324;516924000000
04589323;516924000000
04590839;517528800000
04590838;517528800000
04592266;518133600000
04592262;518133600000
04592263;518133600000
04592264;518133600000
04592265;518133600000
04593592;518738400000
04593593;518738400000
04593594;518738400000
04593595;518738400000
04593596;518738400000
04596032;519343200000
04594931;519343200000
04594930;519343200000
04594932;519343200000
04596175;519948000000
04596176;519948000000
04597318;520552800000
04599931;521762400000
04599930;521762400000
04601229;522367200000
04601391;522367200000
04601361;522367200000
04603321;522972000000
04602549;522972000000
04602547;522972000000
04602548;522972000000
04602546;522972000000
04602544;522972000000
04604937;524181600000
04604936;524181600000
04604935;524181600000
04605144;524181600000
04606105;524786400000
04606255;524786400000
04606525;524786400000
04608483;525391200000
04607559;525391200000
04608903;525996000000
04608904;525996000000
04608905;525996000000
04608906;525996000000
04610190;526600800000
04611522;527205600000
04611523;527205600000
04611722;527205600000
04613985;527810400000
04612840;527810400000
04612838;527810400000
04612839;527810400000
04614452;528418800000
04614145;528418800000
04614144;528418800000
04616295;529023600000
04615252;529023600000
04615254;529023600000
04615253;529023600000
04616546;529628400000
04616549;529628400000
04616548;529628400000
04616550;529628400000
04616552;529628400000
04616551;529628400000
04618851;530233200000
04617851;530233200000
04619179;530838000000
04619178;530838000000
04619177;530838000000
04619176;530838000000
04619175;530838000000
04619174;530838000000
04620470;531442800000
04620469;531442800000
04621558;532047600000
04621557;532047600000
04622690;532047600000
04622880;532652400000
04622879;532652400000
04622877;532652400000
04622878;532652400000
04624172;533257200000
04624171;533257200000
04624170;533257200000
04625613;533862000000
04625617;533862000000
04625616;533862000000
04625615;533862000000
04625614;533862000000
04626125;533862000000
04627094;533862000000
04627090;533862000000
04627026;533862000000
04627323;534466800000
04627324;534466800000
04627325;534466800000
04628792;535071600000
04628791;535071600000
04628790;535071600000
04628789;535071600000
04628786;535071600000
04628785;535071600000
04628788;535071600000
04628787;535071600000
04631747;535676400000
04630763;535676400000
04630518;535676400000
04630517;535676400000
04630521;535676400000
04630520;535676400000
04633500;536281200000
04632597;536281200000
04632344;536281200000
04632001;536281200000
04632002;536281200000
04632003;536281200000
04632004;536281200000
04632005;536281200000
04632006;536281200000
04633748;536886000000
04633749;536886000000
04633750;536886000000
04633751;536886000000
04633752;536886000000
04633753;536886000000
04633754;536886000000
04634032;536886000000
04634090;536886000000
04635519;537490800000
04635518;537490800000
04635517;537490800000
04635516;537490800000
04635520;537490800000
04635522;537490800000
04635521;537490800000
04635524;537490800000
04635523;537490800000
04635525;537490800000
04637290;538095600000
04638709;538700400000
04638708;538700400000
04638707;538700400000
04638706;538700400000
04638710;538700400000
04638711;538700400000
04640173;539305200000
04640175;539305200000
04640174;539305200000
04640177;539305200000
04640176;539305200000
04641565;539910000000
04641563;539910000000
04642611;539910000000
04643066;540514800000
04643070;540514800000
04643069;540514800000
04643067;540514800000
04643068;540514800000
04644649;541119600000
04644839;541119600000
04644841;541119600000
04644840;541119600000
04646608;541724400000
04646609;541724400000
04646611;541724400000
04646613;541724400000
04646614;541724400000
04648302;542329200000
04648304;542329200000
04648303;542329200000
04649783;542934000000
04649785;542934000000
04649784;542934000000
04649787;542934000000
04649786;542934000000
04649791;542934000000
04649793;542934000000
04649790;542934000000
04649789;542934000000
04649788;542934000000
04651615;543538800000
04651616;543538800000
04651617;543538800000
04651611;543538800000
04651612;543538800000
04651613;543538800000
04651614;543538800000
04653378;544140000000
04653374;544140000000
04653375;544140000000
04653376;544140000000
04655117;544744800000
04655116;544744800000
04655113;544744800000
04655112;544744800000
04655115;544744800000
04655114;544744800000
04656428;544744800000
04657114;545349600000
04656911;545349600000
04656912;545349600000
04656917;545349600000
04656915;545349600000
04656916;545349600000
04656913;545349600000
04656914;545349600000
04658427;545349600000
04658697;545954400000
04658696;545954400000
04658695;545954400000
04658693;545954400000
04658692;545954400000
04658691;545954400000
04658690;545954400000
04660455;546559200000
04660791;546559200000
04662260;547164000000
04662261;547164000000
04662262;547164000000
04664012;547768800000
04664011;547768800000
04664010;547768800000
04667088;548373600000
04665790;548373600000
04665788;548373600000
04665789;548373600000
04666110;548373600000
04667560;548978400000
04667561;548978400000
04667562;548978400000
04667563;548978400000
04667557;548978400000
04667558;548978400000
04667559;548978400000
04667556;548978400000
04668843;548978400000
04669515;549583200000
04669691;549583200000
04669353;549583200000
04669350;549583200000
04669352;549583200000
04669351;549583200000
04669349;549583200000
04672671;550188000000
04671156;550188000000
04671157;550188000000
04671158;550188000000
04671159;550188000000
04670955;550188000000
04672875;550792800000
04672876;550792800000
04672877;550792800000
04672878;550792800000
04673515;550792800000
04674383;551397600000
04674382;551397600000
04674385;551397600000
04674384;551397600000
04674387;551397600000
04674386;551397600000
04674389;551397600000
04674388;551397600000
04674390;551397600000
04674630;551397600000
04677419;552002400000
04676135;552002400000
04676134;552002400000
04677889;552607200000
04677892;552607200000
04677891;552607200000
04677890;552607200000
04678715;552607200000
04679479;553212000000
04679478;553212000000
04679477;553212000000
04679481;553212000000
04679480;553212000000
04680479;553212000000
04682362;553816800000
04681012;553816800000
04681010;553816800000
04681011;553816800000
04681009;553816800000
04681007;553816800000
04681008;553816800000
04682527;554421600000
04682526;554421600000
04683589;554421600000
04685134;555026400000
04684091;555026400000
04683796;555026400000
04683795;555026400000
04683794;555026400000
04683793;555026400000
04685373;555631200000
04685370;555631200000
04685371;555631200000
04685372;555631200000
04686879;556236000000
04686880;556236000000
04686881;556236000000
04686882;556236000000
04686883;556236000000
04688090;556236000000
04688461;556840800000
04688460;556840800000
04688463;556840800000
04688462;556840800000
04688464;556840800000
04690026;557445600000
04690025;557445600000
04690028;557445600000
04690027;557445600000
04691611;558050400000
04691612;558050400000
04691613;558050400000
04691610;558050400000
04691608;558050400000
04691609;558050400000
04694497;558655200000
04693160;558655200000
04693159;558655200000
04693161;558655200000
04693163;558655200000
04694724;559260000000
04694726;559260000000
04696454;559868400000
04696220;559868400000
04696218;559868400000
04696219;559868400000
04696216;559868400000
04696217;559868400000
04696214;559868400000
04696215;559868400000
04697116;559868400000
04697494;560473200000
04697493;560473200000
04697492;560473200000
04697491;560473200000
04697490;560473200000
04699518;561078000000
04699037;561078000000
04699038;561078000000
04699039;561078000000
04700390;561078000000
04701956;561682800000
04701957;561682800000
04701872;561682800000
04700437;561682800000
04700603;561682800000
04700604;561682800000
04700602;561682800000
04700605;561682800000
04700606;561682800000
04701978;562287600000
04702142;562287600000
04702143;562287600000
04702140;562287600000
04702141;562287600000
04704682;562892400000
04703681;562892400000
04703680;562892400000
04704941;563497200000
04704940;563497200000
04704933;563497200000
04704932;563497200000
04704931;563497200000
04704938;563497200000
04704937;563497200000
04704936;563497200000
04704935;563497200000
04704939;563497200000
04706291;563497200000
04706536;564102000000
04706540;564102000000
04706537;564102000000
04706538;564102000000
04706539;564102000000
04708182;564706800000
04708046;564706800000
04708047;564706800000
04709613;565311600000
04709611;565311600000
04709612;565311600000
04711148;565916400000
04711149;565916400000
04711150;565916400000
04712463;566521200000
04712464;566521200000
04713622;566521200000
04713996;567126000000
04713998;567126000000
04713997;567126000000
04713999;567126000000
04714001;567126000000
04714000;567126000000
04714002;567126000000
04715259;567730800000
04715257;567730800000
04715671;567730800000
04716804;568335600000
04716805;568335600000
04718318;568940400000
04718964;568940400000
04719836;569545200000
04719833;569545200000
04719834;569545200000
04719835;569545200000
04722035;570150000000
04722259;570754800000
04722260;570754800000
04723469;571359600000
04723468;571359600000
04723467;571359600000
04723471;571359600000
04723470;571359600000
04724737;571964400000
04726275;572569200000
04726276;572569200000
04726277;572569200000
04727358;572569200000
04727581;572569200000
04728066;573174000000
04727744;573174000000
04727634;573174000000
04729275;573778800000
04729276;573778800000
04731141;574383600000
04731835;574383600000
04731847;574383600000
04731848;574383600000
04730532;574383600000
04730533;574383600000
04730530;574383600000
04730531;574383600000
04733193;574988400000
04732071;574988400000
04732070;574988400000
04733590;575589600000
04733592;575589600000
04733591;575589600000
04735124;576194400000
04735123;576194400000
04736333;576194400000
04736663;576799200000
04736662;576799200000
04739400;577404000000
04738180;577404000000
04738179;577404000000
04738178;577404000000
04739686;578008800000
04739689;578008800000
04741242;578613600000
04741239;578613600000
04741237;578613600000
04741238;578613600000
04741240;578613600000
04741241;578613600000
04742164;578613600000
04743039;579218400000
04742752;579218400000
04742751;579218400000
04742755;579218400000
04742754;579218400000
04742753;579218400000
04742749;579218400000
04742748;579218400000
04744279;579823200000
04744281;579823200000
04744282;579823200000
04744280;579823200000
04745837;580428000000
04745838;580428000000
04745839;580428000000
04745836;580428000000
04747569;581032800000
04747333;581032800000
04747332;581032800000
04748885;581637600000
04748886;581637600000
04748889;581637600000
04748887;581637600000
04748888;581637600000
04750397;582242400000
04750399;582242400000
04750402;582242400000
04750400;582242400000
04750401;582242400000
04752230;582847200000
04753147;583452000000
04753146;583452000000
04754711;584056800000
04754682;584056800000
04754683;584056800000
04754680;584056800000
04754681;584056800000
04754679;584056800000
04756223;584661600000
04756222;584661600000
04756225;584661600000
04756224;584661600000
04757739;585266400000
04757738;585266400000
04757737;585266400000
04757736;585266400000
04759252;585871200000
04759250;585871200000
04759251;585871200000
04760768;586476000000
04760767;586476000000
04763257;587080800000
04762046;587080800000
04762045;587080800000
04763865;587685600000
04763557;587685600000
04763556;587685600000
04763555;587685600000
04763554;587685600000
04763553;587685600000
04763558;587685600000
04765219;588290400000
04765218;588290400000
04766796;588895200000
04766795;588895200000
04766797;588895200000
04768414;589500000000
04768415;589500000000
04768412;589500000000
04768413;589500000000
04768416;589500000000
04768943;589500000000
04770080;590104800000
04770079;590104800000
04770918;590104800000
04770380;590104800000
04771671;590709600000
04773296;591318000000
04773295;591318000000
04773294;591318000000
04774868;591922800000
04774869;591922800000
04774867;591922800000
04776254;592527600000
04776253;592527600000
04776427;592527600000
04777856;593132400000
04777858;593132400000
04779465;593737200000
04779778;593737200000
04779510;593737200000
04779508;593737200000
04779509;593737200000
04779505;593737200000
04779506;593737200000
04779507;593737200000
04780701;593737200000
04781391;594342000000
04781097;594342000000
04782734;594946800000
04782733;594946800000
04782732;594946800000
04785706;596156400000
04785705;596156400000
04785708;596156400000
04785707;596156400000
04785702;596156400000
04785704;596156400000
04785703;596156400000
04787285;596761200000
04787286;596761200000
04789603;597366000000
04788896;597366000000
04788897;597366000000
04790227;597970800000
04790228;597970800000
04790229;597970800000
04790230;597970800000
04790232;597970800000
04791848;598575600000
04791847;598575600000
04791849;598575600000
04793234;599180400000
04793235;599180400000
04793233;599180400000
04793236;599180400000
04793046;599180400000
04794839;599785200000
04794837;599785200000
04794838;599785200000
04796891;600390000000
04796506;600390000000
04796505;600390000000
04796504;600390000000
04796503;600390000000
04796509;600390000000
04796508;600390000000
04796507;600390000000
04798120;600994800000
04798121;600994800000
04798122;600994800000
04798119;600994800000
04798005;600994800000
04799610;601599600000
04800635;602204400000
04800794;602204400000
04800795;602204400000
04801771;602204400000
04801478;602204400000
04801141;602204400000
04803731;602809200000
04802397;602809200000
04802613;602809200000
04803906;603414000000
04803907;603414000000
04803908;603414000000
04805509;604018800000
04805508;604018800000
04805510;604018800000
04805511;604018800000
04805514;604018800000
04805513;604018800000
04809336;604623600000
04807508;604623600000
04807509;604623600000
04807510;604623600000
04809582;605228400000
04809583;605228400000
04809580;605228400000
04809581;605228400000
04809579;605228400000
04809577;605228400000
04809578;605228400000
04811646;605833200000
04811645;605833200000
04811644;605833200000
04813330;606438000000
04813329;606438000000
04813327;606438000000
04813328;606438000000
04813326;606438000000
04815355;607039200000
04815354;607039200000
04815353;607039200000
04815352;607039200000
04817486;607644000000
04817487;607644000000
04817488;607644000000
04817489;607644000000
04817484;607644000000
04817485;607644000000
04817490;607644000000
04819537;608248800000
04819536;608248800000
04819538;608248800000
04821619;608853600000
04821618;608853600000
04822690;608853600000
04823669;609458400000
04823667;609458400000
04823668;609458400000
04823670;609458400000
04825742;610063200000
04828907;610668000000
04827547;610668000000
04827825;610668000000
04827824;610668000000
04829869;611272800000
04829871;611272800000
04829870;611272800000
04829874;611272800000
04829873;611272800000
04829872;611272800000
04831911;611877600000
04831912;611877600000
04832302;611877600000
04833027;611877600000
04833963;612482400000
04833964;612482400000
04833962;612482400000
04836075;613087200000
04836077;613087200000
04836076;613087200000
04837836;613087200000
04838140;613692000000
04838141;613692000000
04838139;613692000000
04839810;613692000000
04840104;614296800000
04840103;614296800000
04840102;614296800000
04840101;614296800000
04840100;614296800000
04840099;614296800000
04842692;614901600000
04841830;614901600000
04841829;614901600000
04841828;614901600000
04841827;614901600000
04843934;615506400000
04843935;615506400000
04843936;615506400000
04843937;615506400000
04843938;615506400000
04843939;615506400000
04843940;615506400000
04843941;615506400000
04843942;615506400000
04843943;615506400000
04843944;615506400000
04846340;616111200000
04846038;616111200000
04846039;616111200000
04846041;616111200000
04846040;616111200000
04848206;616716000000
04848207;616716000000
04851800;617320800000
04852449;617925600000
04852447;617925600000
04852448;617925600000
04852445;617925600000
04852446;617925600000
04852443;617925600000
04852444;617925600000
04852450;617925600000
04854209;618530400000
04854211;618530400000
04854210;618530400000
04854213;618530400000
04854212;618530400000
04858079;619135200000
04856401;619135200000
04856402;619135200000
04856403;619135200000
04856404;619135200000
04856405;619135200000
04856406;619135200000
04856407;619135200000
04858510;619740000000
04858508;619740000000
04858509;619740000000
04858801;619740000000
04860364;619740000000
04860625;620344800000
04860624;620344800000
04860629;620344800000
04860628;620344800000
04860627;620344800000
04860626;620344800000
04860630;620344800000
04862783;620949600000
04862784;620949600000
04864909;621554400000
04864908;621554400000
04864907;621554400000
04867032;622159200000
04867033;622159200000
04867031;622159200000
04867029;622159200000
04867027;622159200000
04867028;622159200000
04868869;622159200000
04869147;622767600000
04869146;622767600000
04869145;622767600000
04869144;622767600000
04870883;623372400000
04872386;623977200000
04872387;623977200000
04872385;623977200000
04872389;623977200000
04873910;624582000000
04873905;624582000000
04873906;624582000000
04873904;624582000000
04873909;624582000000
04873907;624582000000
04873908;624582000000
04875238;625186800000
04875401;625186800000
04875400;625186800000
04877070;625791600000
04876935;625791600000
04876936;625791600000
04876937;625791600000
04876938;625791600000
04878413;626396400000
04878412;626396400000
04878414;626396400000
04879939;627001200000
04879938;627001200000
04879937;627001200000
04881440;627606000000
04881441;627606000000
04881442;627606000000
04882963;628210800000
04882964;628210800000
04882967;628210800000
04882968;628210800000
04883067;628210800000
04884486;628815600000
04884488;628815600000
04885970;629420400000
04885972;629420400000
04885971;629420400000
04885969;629420400000
04887506;630025200000
04887504;630025200000
04887505;630025200000
04887503;630025200000
04889029;630630000000
04889028;630630000000
04889027;630630000000
04889026;630630000000
04890527;631234800000
04890529;631234800000
04890528;631234800000
04890530;631234800000
04890532;631234800000
04890531;631234800000
04890533;631234800000
04892025;631839600000
04892023;631839600000
04892024;631839600000
04893539;632444400000
04893538;632444400000
04893541;632444400000
04895060;633049200000
04896576;633654000000
04896577;633654000000
04896578;633654000000
04896579;633654000000
04898059;634258800000
04898062;634258800000
04898061;634258800000
04899632;634863600000
04899631;634863600000
04899634;634863600000
04899633;634863600000
04899636;634863600000
04899635;634863600000
04901900;635468400000
04901615;635468400000
04901616;635468400000
04901617;635468400000
04901618;635468400000
04901614;635468400000
04903570;636073200000
04903569;636073200000
04903566;636073200000
04905564;636678000000
04905563;636678000000
04905566;636678000000
04905565;636678000000
04905560;636678000000
04905562;636678000000
04905561;636678000000
04907484;637282800000
04907483;637282800000
04909126;637887600000
04909125;637887600000
04909124;637887600000
04909123;637887600000
04909122;637887600000
04909121;637887600000
04909120;637887600000
04909119;637887600000
04909118;637887600000
04909117;637887600000
04909116;637887600000
04911055;638488800000
04911052;638488800000
04911053;638488800000
04911056;638488800000
04911057;638488800000
04913023;639093600000
04913027;639093600000
04913026;639093600000
04913025;639093600000
04913614;639093600000
04914999;639698400000
04915004;639698400000
04915003;639698400000
04915002;639698400000
04915001;639698400000
04915008;639698400000
04915007;639698400000
04915006;639698400000
04915005;639698400000
04916350;639698400000
04915009;639698400000
04916996;640303200000
04916995;640303200000
04917341;640303200000
04919029;640908000000
04919024;640908000000
04919031;640908000000
04919033;640908000000
04919032;640908000000
04920849;641512800000
04920848;641512800000
04920847;641512800000
04920851;641512800000
04920850;641512800000
04922792;642117600000
04922793;642117600000
04922794;642117600000
04922795;642117600000
04922796;642117600000
04922797;642117600000
04924741;642722400000
04924742;642722400000
04924744;642722400000
04924747;642722400000
04924746;642722400000
04926734;643327200000
04926732;643327200000
04926737;643327200000
04926738;643327200000
04926735;643327200000
04926736;643327200000
04928566;643932000000
04928565;643932000000
04928564;643932000000
04928569;643932000000
04928563;643932000000
04929826;643932000000
04930388;644536800000
04930389;644536800000
04930695;644536800000
04932303;645141600000
04932304;645141600000
04932302;645141600000
04933807;645141600000
04934239;645746400000
04937874;646351200000
04939969;647560800000
04939973;647560800000
04939974;647560800000
04939971;647560800000
04939972;647560800000
04939975;647560800000
04939970;647560800000
04939943;647560800000
04941383;648165600000
04941384;648165600000
04941385;648165600000
04941386;648165600000
04941388;648165600000
04941389;648165600000
04942502;648165600000
04942799;648770400000
04943021;648770400000
04944208;649375200000
04944209;649375200000
04945804;649980000000
04945802;649980000000
04945803;649980000000
04947726;650584800000
04947725;650584800000
04947724;650584800000
04947723;650584800000
04949619;651189600000
04951543;651794400000
04951541;651794400000
04951546;651794400000
04951544;651794400000
04951545;651794400000
04953435;652399200000
04953434;652399200000
04953433;652399200000
04953439;652399200000
04953438;652399200000
04953437;652399200000
04955057;652399200000
04955276;653004000000
04955277;653004000000
04955278;653004000000
04955274;653004000000
04955275;653004000000
04957029;653608800000
04958549;654213600000
04958550;654213600000
04960031;654822000000
04960028;654822000000
04960805;654822000000
04961361;655426800000
04966052;657241200000
04966053;657241200000
04967635;657846000000
04969383;658450800000
04970935;659055600000
04970932;659055600000
04972754;659660400000
04972751;659660400000
04974485;660265200000
06083075;962661600000
06085309;962661600000
06250525;993506400000
06271448;997135200000
06424723;1027375200000
06500005;1041289200000
06522937;1045522800000
06616024;1063058400000
06648197;1069110000000
06651856;1069714800000
06805506;1098136800000
07030305;1145311200000
07197957;1175551200000
07285709;1193090400000
07361826;1208815200000
07410136;1218492000000
07435890;1223935200000
07501570;1236639600000
07674181;1268089200000
