03861073;159490800000
03872853;164934000000
03877168;166748400000
03879702;167353200000
03880389;167958000000
03890729;172796400000
03890692;172796400000
03894350;174610800000
03895455;175215600000
03897647;176425200000
03897922;176425200000
03898756;177030000000
03902266;178844400000
03902265;178844400000
03906654;180658800000
03909974;181868400000
03913259;183078000000
03922794;186706800000
03931865;190335600000
03934877;191545200000
03936969;192754800000
03940838;194569200000
03940873;194569200000
03949730;198194400000
03956847;201218400000
03956846;201218400000
03958330;201823200000
03965883;204847200000
03965609;204847200000
03973351;208476000000
03973350;208476000000
03973346;208476000000
03973348;208476000000
03973347;208476000000
03979853;211500000000
03983656;213318000000
03993923;217551600000
04001963;221785200000
04006851;224204400000
04006901;224204400000
04008538;225414000000
04012861;227833200000
04014129;228438000000
04015361;229039200000
04026055;233877600000
04028825;235087200000
04033063;236901600000
04034644;237506400000
04043020;241135200000
04044490;241740000000
04050662;244162800000
04050180;244162800000
04054005;245977200000
04058237;248396400000
04070023;254444400000
04074454;256863600000
04074455;256863600000
04076004;257468400000
04077150;258073200000
04084343;261698400000
04086720;262908000000
04092695;265327200000
04091559;265327200000
04093171;265932000000
04095364;267141600000
04095315;267141600000
04097017;267746400000
04098017;268351200000
04115943;275608800000
04120115;277426800000
04121368;278031600000
04123012;278636400000
04128170;281660400000
04133137;284684400000
04135645;285894000000
04138795;287708400000
04139962;288313200000
04141171;288918000000
04155187;296172000000
04156496;296776800000
04158927;299196000000
04159591;299800800000
04164826;304034400000
04166086;304639200000
04166618;305244000000
04166565;305244000000
04172274;309481200000
04174583;311900400000
04176490;313110000000
04177597;313714800000
04182069;316134000000
04183076;316134000000
04183164;316738800000
04201008;326412000000
04203245;327621600000
04203565;327621600000
04203600;327621600000
04207799;330040800000
04209931;331250400000
04214396;333669600000
04215507;334274400000
04215506;334274400000
04215504;334274400000
04216600;334879200000
04216604;334879200000
04219956;336693600000
04226043;339721200000
04231179;342140400000
04232469;342745200000
04234913;343350000000
04235409;343954800000
04241850;346978800000
04243164;347583600000
04247042;349398000000
04249743;350607600000
04257385;354236400000
04260070;355442400000
04261528;356047200000
04283051;366328800000
04283011;366328800000
04283875;366933600000
04289283;369352800000
04288940;369352800000
04301610;375404400000
04301733;375404400000
04302899;376009200000
04304620;376614000000
04304061;376614000000
04308976;379033200000
04311263;380242800000
04318241;384476400000
04324062;387496800000
04327850;389311200000
04328624;389916000000
04329802;390520800000
04331303;391125600000
04334378;392940000000
04335534;393544800000
04337591;394754400000
04340930;395964000000
04345399;398988000000
04353514;403225200000
04359833;406854000000
04361293;407458800000
04360986;407458800000
04366562;409878000000
04365808;409878000000
04367606;411087600000
04367843;411087600000
04368856;411692400000
04370696;412297200000
04369930;412297200000
04372072;413506800000
04376518;416530800000
04382548;421365600000
04383371;421970400000
04385465;423180000000
04386742;423784800000
04393616;427413600000
04394797;428018400000
04396196;428623200000
04397112;429228000000
04406042;433465200000
04408410;434674800000
04411089;435884400000
04413439;437094000000
04415129;437698800000
04414771;437698800000
04414751;437698800000
04417299;438303600000
04424932;442537200000
04425731;443142000000
04425678;443142000000
04428141;444351600000
04429468;444956400000
04430219;444956400000
04431122;445561200000
04436340;447980400000
04438584;449186400000
04439945;449791200000
04441275;450396000000
04442962;451000800000
04443963;451605600000
04447977;453420000000
04448367;453420000000
04449474;454024800000
04450644;454629600000
04450992;454629600000
04452006;455234400000
04453333;455839200000
04454858;456444000000
04460941;458863200000
04462598;460072800000
04463914;460677600000
04467548;462492000000
04468829;463096800000
04468883;463096800000
04468882;463096800000
04468879;463096800000
04468878;463096800000
04468875;463096800000
04468881;463096800000
04479171;467334000000
04479628;467938800000
04480802;468543600000
04484315;469753200000
04486807;470962800000
04485582;470962800000
04486974;471567600000
04490937;473382000000
04490938;473382000000
04492347;473986800000
04496115;475801200000
04498669;477010800000
04501087;478220400000
04501564;478220400000
04505482;480034800000
04505065;480034800000
04509282;481845600000
04510710;482450400000
04510711;482450400000
04516351;484869600000
04516352;484869600000
04522105;487288800000
04522398;487288800000
04523717;487893600000
04528769;490312800000
04532717;492127200000
04533140;492127200000
04535562;493336800000
04543721;496969200000
04544163;496969200000
04546863;498178800000
04549465;499388400000
04550525;499993200000
04551940;500598000000
04559736;504226800000
04559853;504226800000
04564158;506041200000
04563833;506041200000
04570529;509065200000
04571877;509670000000
04574701;510879600000
04574508;510879600000
04578888;512690400000
04579034;512690400000
04581839;513900000000
04581842;513900000000
04581845;513900000000
04586286;515714400000
04592161;518133600000
04592163;518133600000
04593869;518738400000
04601123;522367200000
04607451;525391200000
04607446;525391200000
04610103;526600800000
04615133;529023600000
04616835;529628400000
04617749;530233200000
04620386;531442800000
04622707;532652400000
04625448;533862000000
04625445;533862000000
04625706;533862000000
04631877;536281200000
04637157;538095600000
04640036;539305200000
04641456;539910000000
04643435;540514800000
04645253;541119600000
04648195;542329200000
04649661;542934000000
04650146;542934000000
04651464;543538800000
04651455;543538800000
04653216;544140000000
04653212;544140000000
04653217;544140000000
04655456;544744800000
04658386;545349600000
04658700;545954400000
04658536;545954400000
04658534;545954400000
04660318;546559200000
04660320;546559200000
04662100;547164000000
04662101;547164000000
04662102;547164000000
04663876;547768800000
04665644;548373600000
04665642;548373600000
04667433;548978400000
04671006;550188000000
04673143;550792800000
04674394;551397600000
04674468;551397600000
04676137;552002400000
04676019;552002400000
04677961;552607200000
04677781;552607200000
04677785;552607200000
04680886;553816800000
04682436;554421600000
04693029;558655200000
04694606;559260000000
04694981;559260000000
04696123;559868400000
04697377;560473200000
04700504;561682800000
04703576;562892400000
04706407;564102000000
04708051;564706800000
04708052;564706800000
04708851;564706800000
04707892;564706800000
04718191;568940400000
04718189;568940400000
04718617;568940400000
04719534;568940400000
04721174;570150000000
04728052;573174000000
04729150;573778800000
04735007;576194400000
04736669;576799200000
04738047;577404000000
04742635;579218400000
04744013;579218400000
04744514;579823200000
04747226;581032800000
04748965;581637600000
04751621;582242400000
04755914;584056800000
04761912;587080800000
04762290;587080800000
04763435;587685600000
04765628;588290400000
04765420;588290400000
04766687;588895200000
04766800;588895200000
04768139;588895200000
04769938;590104800000
04771562;590709600000
04773181;591318000000
04776126;592527600000
04778127;593132400000
04777757;593132400000
04777755;593132400000
04779534;593737200000
04781597;594342000000
04782735;594946800000
04785897;596156400000
04788789;597366000000
04788787;597366000000
04788785;597366000000
04790492;597970800000
04790100;597970800000
04791749;598575600000
04793090;599180400000
04793092;599180400000
04793087;599180400000
04793089;599180400000
04794692;599785200000
04796373;600390000000
04796378;600390000000
04802299;602809200000
04803971;603414000000
04807388;604623600000
04811916;605833200000
04813172;606438000000
04815172;607039200000
04815227;607039200000
04815229;607039200000
04817323;607644000000
04819305;608248800000
04821977;608853600000
04823501;609458400000
04823502;609458400000
04823498;609458400000
04825744;610063200000
04825577;610063200000
04828152;610668000000
04827660;610668000000
04827655;610668000000
04831771;611877600000
04831770;611877600000
04831765;611877600000
04834224;612482400000
04837969;613692000000
04843336;614901600000
04842277;614901600000
04841662;614901600000
04841659;614901600000
04845878;616111200000
04846141;616111200000
04848022;616716000000
04850131;617320800000
04850133;617320800000
04854066;618530400000
04854071;618530400000
04858370;619740000000
04860480;620344800000
04862630;620949600000
04870776;623372400000
04873780;624582000000
04879988;627001200000
04881699;627606000000
04884762;628815600000
04885867;629420400000
04885861;629420400000
04887375;630025200000
04888908;630630000000
04888901;630630000000
04890390;631234800000
04890407;631234800000
04890413;631234800000
04891900;631839600000
04893431;632444400000
04893428;632444400000
04894940;633049200000
04894947;633049200000
04899716;634863600000
04901465;635468400000
04905400;636678000000
04905930;636678000000
04907367;637282800000
04908976;637887600000
04912871;639093600000
04913389;639093600000
04916843;640303200000
04916846;640303200000
04916847;640303200000
04916854;640303200000
04919361;640908000000
04919316;640908000000
04918855;640908000000
04918853;640908000000
04921188;641512800000
04920683;641512800000
04920686;641512800000
04920685;641512800000
04920648;641512800000
04926742;643327200000
04928574;643932000000
04930248;644536800000
04930245;644536800000
04930247;644536800000
04932148;645141600000
04932151;645141600000
04932602;645141600000
04932616;645141600000
04934090;645746400000
04934628;645746400000
04936041;646351200000
04936042;646351200000
04937431;646351200000
04938764;646956000000
04941277;648165600000
04942691;648770400000
04942689;648770400000
04943012;648770400000
04944213;649375200000
04944111;649375200000
04945812;649980000000
04947823;650584800000
04947578;650584800000
04947574;650584800000
04947573;650584800000
04949966;651189600000
04949699;651189600000
04949498;651189600000
04952041;651794400000
04957057;653608800000
04959925;654822000000
04959923;654822000000
04961981;655426800000
04962619;656031600000
04962608;656031600000
04964236;656636400000
04965958;657241200000
04966111;657241200000
04968034;657846000000
04967642;657846000000
04970819;659055600000
04976184;660870000000
04979488;662079600000
04979456;662079600000
04982662;663289200000
04982503;663289200000
04982960;663289200000
04986550;664498800000
04993158;666918000000
04995188;667522800000
04998372;668732400000
04998350;668732400000
04999942;669337200000
05005554;671148000000
05007601;671752800000
05011044;672962400000
05014460;674172000000
05016385;674776800000
05016601;674776800000
05016604;674776800000
05018295;675381600000
05020265;675986400000
05020266;675986400000
05027541;678405600000
05033224;680220000000
05033446;680220000000
05038511;682034400000
05040300;682639200000
05040327;682639200000
05041951;682639200000
05042186;683244000000
05044113;683848800000
05048193;685058400000
05048218;685058400000
05048225;685058400000
05050333;685663200000
05050480;685663200000
05052145;686271600000
05054137;686876400000
05054737;686876400000
05058278;688086000000
05058305;688086000000
05060123;688086000000
05060411;688690800000
05070637;692319600000
05076251;694134000000
05081786;695948400000
05085433;697158000000
05086580;697762800000
05088158;698367600000
05088225;698367600000
05090149;698972400000
05092074;699577200000
05094026;700182000000
05094027;700182000000
05094025;700182000000
05094464;700182000000
05098713;701391600000
05105573;703807200000
05107612;704412000000
05107620;704412000000
05111587;705621600000
05113607;706226400000
05114156;706226400000
05116347;706831200000
05118108;707436000000
05120261;708040800000
05123199;709250400000
05129172;711064800000
05131317;711669600000
05131180;711669600000
05131182;711669600000
05131181;711669600000
05136744;713484000000
05145224;715903200000
05146868;716508000000
05146706;716508000000
05149010;717112800000
05149092;717112800000
05159775;720745200000
05161646;721350000000
05179235;726793200000
05182874;728607600000
05192104;731631600000
05212900;738280800000
05215900;738885600000
05276992;758242800000
05282332;760057200000
05287995;761871600000
05301899;766101600000
05316238;770335200000
05318492;770940000000
05320349;771544800000
05339555;777592800000
05344158;778802400000
05344649;778802400000
05353545;781830000000
05365666;785458800000
05367816;786063600000
05373644;787878000000
05373659;787878000000
05379545;789692400000
05381620;790297200000
05383695;790902000000
05396727;795135600000
05406734;798156000000
05415415;800575200000
05428916;804808800000
05433394;806018400000
05440814;808437600000
05443571;809042400000
05446989;810252000000
05450670;811461600000
05456039;813279600000
05458337;813884400000
05467908;816908400000
05477634;819932400000
05490332;824166000000
05490347;824166000000
05490344;824166000000
05499470;827190000000
05517786;832629600000
05522376;833839200000
05528834;835653600000
05538198;838072800000
05547190;840492000000
05548917;841096800000
05556003;842911200000
05561939;844725600000
05564217;845330400000
05592773;853196400000
05608986;858034800000
05611168;858639600000
05619978;861055200000
05657574;871941600000
05661921;873151200000
05675926;876780000000
05683050;878598000000
05689890;880412400000
05724762;889484400000
05724739;889484400000
05738257;892504800000
05803070;905205600000
05802759;905205600000
05829643;910047600000
05829701;910047600000
05832649;910652400000
05842601;912466800000
05842602;912466800000
05845858;913071600000
05875581;920329200000
05915639;930607200000
05921013;931816800000
05934004;934236000000
05941471;935445600000
05941013;935445600000
05954284;937864800000
05984219;942706800000
05988550;943311600000
05988548;943311600000
06000652;945126000000
06003263;945730800000
06016982;948754800000
06026607;951174000000
06032893;952383600000
06053445;956613600000
06067743;959637600000
06070822;960242400000
06073871;960847200000
06073384;960847200000
06082037;962661600000
06102314;966290400000
06108964;967500000000
06138935;972946800000
06138402;972946800000
06149087;974761200000
06164578;977785200000
06189823;982623600000
06206312;985644000000
06225334;988668000000
06224006;988668000000
06243982;992296800000
06267312;996530400000
06269727;997135200000
06288102;1000159200000
06298594;1002578400000
06327811;1008025200000
06346522;1013468400000
06347475;1014073200000
06364231;1017698400000
06364229;1017698400000
06376520;1019512800000
06378238;1020117600000
06383588;1020722400000
06391912;1021932000000
06409113;1024956000000
06431483;1029189600000
06489490;1038870000000
06500848;1041289200000
06568122;1053986400000
06572044;1054591200000
06585182;1057010400000
06593328;1058220000000
06595160;1058824800000
06608211;1061244000000
06629382;1065477600000
06629655;1065477600000
06638956;1067295600000
06658743;1070924400000
06681511;1075158000000
06691973;1076972400000
06701624;1078786800000
06745510;1086645600000
06758008;1089064800000
06773768;1092088800000
06829856;1102978800000
D0500546;1104793200000
D0500547;1104793200000
D0500832;1105398000000
D0500833;1105398000000
D0500830;1105398000000
D0500831;1105398000000
D0500834;1105398000000
D0500835;1105398000000
D0501039;1106002800000
D0501126;1106607600000
D0501526;1107212400000
D0501529;1107212400000
D0501528;1107212400000
D0501527;1107212400000
D0501531;1107212400000
D0501530;1107212400000
D0501908;1108422000000
D0501909;1108422000000
D0501910;1108422000000
D0502244;1109026800000
D0502249;1109026800000
D0502248;1109026800000
D0502247;1109026800000
D0502246;1109026800000
D0502245;1109026800000
D0502286;1109026800000
D0502527;1109631600000
D0502526;1109631600000
D0502525;1109631600000
D0502524;1109631600000
D0502529;1109631600000
D0502528;1109631600000
06860053;1109631600000
D0502756;1110236400000
D0502755;1110236400000
D0502754;1110236400000
D0502753;1110236400000
D0502981;1110841200000
D0502980;1110841200000
D0503207;1111446000000
D0503208;1111446000000
D0503209;1111446000000
D0503210;1111446000000
D0503451;1112047200000
D0503452;1112047200000
D0503453;1112047200000
D0503767;1112652000000
D0503768;1112652000000
D0503769;1112652000000
D0503961;1113256800000
D0503962;1113256800000
D0503963;1113256800000
D0503964;1113256800000
D0503960;1113256800000
D0503958;1113256800000
D0503959;1113256800000
D0504168;1113861600000
D0504489;1114466400000
D0504490;1114466400000
D0504491;1114466400000
D0504712;1115071200000
D0504933;1115676000000
D0504934;1115676000000
D0505177;1116280800000
D0505179;1116280800000
D0505178;1116280800000
D0505180;1116280800000
D0505181;1116280800000
D0505479;1116885600000
D0505476;1116885600000
D0505475;1116885600000
D0505478;1116885600000
D0505477;1116885600000
D0505480;1116885600000
D0505706;1117490400000
D0505708;1117490400000
D0505707;1117490400000
D0505709;1117490400000
D0505710;1117490400000
D0505989;1118095200000
D0505991;1118095200000
D0505990;1118095200000
D0506524;1119304800000
D0506521;1119304800000
D0506520;1119304800000
D0506523;1119304800000
D0506522;1119304800000
D0506802;1119909600000
D0506801;1119909600000
D0507034;1120514400000
D0507323;1121119200000
D0507324;1121119200000
D0507624;1121724000000
D0507622;1121724000000
D0507623;1121724000000
D0507620;1121724000000
D0507621;1121724000000
D0507619;1121724000000
D0507817;1122328800000
D0508278;1123538400000
D0508279;1123538400000
D0508277;1123538400000
D0508280;1123538400000
06925745;1123538400000
D0508548;1124143200000
D0508726;1124748000000
D0508727;1124748000000
D0509279;1125957600000
D0509278;1125957600000
D0509558;1126562400000
D0509556;1126562400000
D0509557;1126562400000
D0509879;1127167200000
D0509878;1127167200000
D0509881;1127167200000
D0509880;1127167200000
D0510009;1127772000000
D0510120;1127772000000
D0510121;1127772000000
D0510401;1128376800000
D0510402;1128376800000
D0510403;1128376800000
D0510756;1129586400000
D0510976;1130191200000
D0510973;1130191200000
D0510975;1130191200000
D0510974;1130191200000
D0511197;1130799600000
D0511368;1131404400000
D0511365;1131404400000
D0511364;1131404400000
D0511367;1131404400000
D0511366;1131404400000
D0511557;1132009200000
D0511804;1132614000000
D0512117;1133218800000
D0512118;1133218800000
D0512478;1133823600000
D0512760;1134428400000
D0512762;1134428400000
D0512761;1134428400000
D0513056;1135033200000
D0513057;1135033200000
D0513055;1135033200000
D0513298;1135638000000
D0513299;1135638000000
D0513302;1135638000000
D0513303;1135638000000
D0513300;1135638000000
D0513301;1135638000000
06981344;1136242800000
D0513634;1137452400000
D0513633;1137452400000
D0513780;1138057200000
D0513781;1138057200000
D0514190;1138662000000
D0514191;1138662000000
D0514189;1138662000000
D0514187;1138662000000
D0514188;1138662000000
06995185;1139266800000
D0514659;1139266800000
D0514657;1139266800000
D0514658;1139266800000
D0514655;1139266800000
D0514656;1139266800000
D0514654;1139266800000
D0514660;1139266800000
D0515172;1139871600000
D0515171;1139871600000
D0515170;1139871600000
D0515169;1139871600000
D0515168;1139871600000
D0515176;1139871600000
D0515175;1139871600000
D0515174;1139871600000
D0515173;1139871600000
D0515261;1139871600000
D0515653;1140476400000
D0515659;1140476400000
D0515658;1140476400000
D0515657;1140476400000
D0515656;1140476400000
D0515655;1140476400000
D0515654;1140476400000
D0515311;1140476400000
D0516162;1141081200000
D0516161;1141081200000
D0516160;1141081200000
D0516159;1141081200000
D0516158;1141081200000
D0516157;1141081200000
D0516156;1141081200000
D0516164;1141081200000
D0516163;1141081200000
D0516665;1141686000000
D0516664;1141686000000
D0516663;1141686000000
D0516662;1141686000000
D0516661;1141686000000
D0516660;1141686000000
D0517152;1142290800000
D0517160;1142290800000
D0517161;1142290800000
D0517153;1142290800000
D0517154;1142290800000
D0517155;1142290800000
D0517156;1142290800000
D0517157;1142290800000
D0517158;1142290800000
D0517159;1142290800000
D0517640;1142895600000
D0517641;1142895600000
D0517642;1142895600000
D0517637;1142895600000
D0517638;1142895600000
D0517639;1142895600000
D0518140;1143496800000
D0518141;1143496800000
D0518138;1143496800000
D0518139;1143496800000
D0518550;1144101600000
D0518551;1144101600000
D0518552;1144101600000
D0518553;1144101600000
D0518548;1144101600000
D0518549;1144101600000
D0518727;1144706400000
D0518867;1144706400000
D0518868;1144706400000
D0518869;1144706400000
07026341;1144706400000
D0519183;1145311200000
D0519185;1145311200000
D0519184;1145311200000
D0519596;1145916000000
D0519598;1145916000000
D0519597;1145916000000
D0519599;1145916000000
D0520099;1146520800000
D0520100;1146520800000
D0520592;1147125600000
D0520594;1147125600000
D0520593;1147125600000
D0521102;1147730400000
D0521101;1147730400000
D0521100;1147730400000
D0521105;1147730400000
D0521104;1147730400000
D0521103;1147730400000
D0521591;1148335200000
07047688;1148335200000
D0522084;1148940000000
D0522083;1148940000000
D0522087;1148940000000
D0522086;1148940000000
D0522085;1148940000000
D0522607;1149544800000
D0522608;1149544800000
D0522606;1149544800000
D0523108;1150149600000
D0523109;1150149600000
D0523514;1150754400000
D0523515;1150754400000
D0523516;1150754400000
D0523921;1151359200000
D0524901;1152568800000
D0524902;1152568800000
D0524903;1152568800000
D0525339;1153173600000
D0525338;1153173600000
D0525337;1153173600000
D0525336;1153173600000
D0525674;1153778400000
D0525675;1153778400000
D0526042;1154383200000
D0526041;1154383200000
D0526040;1154383200000
D0526381;1154988000000
D0526380;1154988000000
07087598;1154988000000
D0526695;1155592800000
D0526697;1155592800000
D0526696;1155592800000
D0526698;1155592800000
D0527068;1156197600000
D0527069;1156197600000
D0527067;1156197600000
D0527070;1156197600000
D0527437;1156802400000
D0527436;1156802400000
D0527787;1157407200000
D0527788;1157407200000
D0527753;1157407200000
D0528186;1158012000000
D0528184;1158012000000
D0528185;1158012000000
D0528183;1158012000000
D0528629;1158616800000
D0528627;1158616800000
D0528628;1158616800000
D0528625;1158616800000
D0528626;1158616800000
D0528751;1159221600000
D0528893;1159221600000
D0529120;1159221600000
D0529125;1159221600000
D0529124;1159221600000
D0529123;1159221600000
D0529122;1159221600000
D0529121;1159221600000
D0529528;1159826400000
D0529571;1159826400000
D0529572;1159826400000
07118059;1160431200000
07118058;1160431200000
D0529985;1160431200000
D0529984;1160431200000
D0529983;1160431200000
D0530386;1161036000000
D0530387;1161036000000
D0530777;1161640800000
D0530776;1161640800000
D0530778;1161640800000
D0530773;1161640800000
D0530775;1161640800000
D0530774;1161640800000
D0531255;1162249200000
D0531257;1162249200000
D0531256;1162249200000
D0531258;1162249200000
D0531693;1162854000000
D0532072;1163458800000
D0532075;1163458800000
D0532073;1163458800000
D0532074;1163458800000
D0532480;1164063600000
D0532479;1164063600000
D0532477;1164063600000
D0532478;1164063600000
D0532804;1164668400000
D0532859;1164668400000
D0532860;1164668400000
D0533250;1165273200000
D0533616;1165878000000
D0533617;1165878000000
D0533615;1165878000000
D0533618;1165878000000
D0533619;1165878000000
D0533620;1165878000000
D0533621;1165878000000
D0533915;1166482800000
D0534235;1167087600000
D0534236;1167087600000
D0534237;1167087600000
D0534616;1167692400000
D0534986;1168297200000
D0534985;1168297200000
D0534969;1168297200000
D0535351;1168902000000
D0535340;1168902000000
D0535471;1169506800000
D0535718;1169506800000
D0535719;1169506800000
D0536054;1170111600000
D0536053;1170111600000
D0536057;1170111600000
D0536056;1170111600000
D0536055;1170111600000
D0535814;1170111600000
D0536414;1170716400000
D0536413;1170716400000
D0536415;1170716400000
D0536762;1171321200000
D0536763;1171321200000
D0537144;1171926000000
D0537143;1171926000000
D0537499;1172530800000
D0537500;1172530800000
D0537771;1173135600000
D0537908;1173135600000
D0537909;1173135600000
D0537904;1173135600000
D0537905;1173135600000
D0537906;1173135600000
D0537907;1173135600000
D0537900;1173135600000
D0537901;1173135600000
D0537902;1173135600000
D0537903;1173135600000
D0537911;1173135600000
D0537910;1173135600000
D0538383;1173740400000
D0538384;1173740400000
D0538385;1173740400000
D0538386;1173740400000
D0538380;1173740400000
D0538381;1173740400000
D0538382;1173740400000
D0538376;1173740400000
D0538377;1173740400000
D0538378;1173740400000
D0538379;1173740400000
D0538375;1173740400000
D0538879;1174345200000
D0538880;1174345200000
D0538881;1174345200000
D0539378;1174946400000
D0539377;1174946400000
D0539379;1174946400000
D0539376;1174946400000
D0539866;1175551200000
D0539868;1175551200000
D0539867;1175551200000
D0540421;1176156000000
D0540420;1176156000000
D0540419;1176156000000
D0540418;1176156000000
D0540417;1176156000000
D0540416;1176156000000
D0540415;1176156000000
D0540414;1176156000000
D0540905;1176760800000
D0540904;1176760800000
D0540903;1176760800000
D0541369;1177365600000
D0541368;1177365600000
D0541367;1177365600000
07210261;1177970400000
D0541899;1177970400000
D0541898;1177970400000
D0541897;1177970400000
D0541900;1177970400000
D0542370;1178575200000
D0542371;1178575200000
D0542372;1178575200000
D0542373;1178575200000
D0542880;1179180000000
D0542881;1179180000000
D0542882;1179180000000
D0542883;1179180000000
D0542884;1179180000000
D0542877;1179180000000
D0542878;1179180000000
D0542879;1179180000000
07216456;1179180000000
D0543256;1179784800000
D0543257;1179784800000
D0543603;1180389600000
D0543604;1180389600000
D0543605;1180389600000
D0544064;1180994400000
D0544063;1180994400000
D0544066;1180994400000
D0544065;1180994400000
D0544068;1180994400000
D0544067;1180994400000
D0544144;1180994400000
D0544565;1181599200000
D0544564;1181599200000
D0544566;1181599200000
07230116;1181599200000
D0544943;1182204000000
D0544942;1182204000000
D0545940;1183413600000
D0545935;1183413600000
D0545937;1183413600000
D0545936;1183413600000
D0545939;1183413600000
D0545938;1183413600000
D0546411;1184018400000
D0546410;1184018400000
D0546409;1184018400000
D0546915;1184623200000
D0546916;1184623200000
D0546917;1184623200000
D0547413;1185228000000
D0547414;1185228000000
D0547411;1185228000000
D0547412;1185228000000
D0547415;1185228000000
D0547818;1185832800000
D0547819;1185832800000
D0548302;1186437600000
D0548303;1186437600000
D0548552;1187042400000
D0548811;1187042400000
D0548814;1187042400000
D0548812;1187042400000
D0548813;1187042400000
D0549301;1187647200000
D0549300;1187647200000
D0549799;1188252000000
D0549801;1188252000000
D0549800;1188252000000
D0550322;1188856800000
D0550324;1188856800000
D0550323;1188856800000
D0551312;1190066400000
D0551317;1190066400000
D0551314;1190066400000
D0551313;1190066400000
D0551316;1190066400000
D0551315;1190066400000
D0551533;1190671200000
D0551735;1190671200000
D0551734;1190671200000
D0552208;1191276000000
D0552209;1191276000000
D0552207;1191276000000
D0552707;1191880800000
D0552705;1191880800000
D0552706;1191880800000
D0553221;1192485600000
D0553220;1192485600000
D0553219;1192485600000
D0553706;1193090400000
07287351;1193698800000
D0554228;1193698800000
D0554733;1194303600000
D0554732;1194303600000
D0554731;1194303600000
D0554730;1194303600000
D0555224;1194908400000
D0555754;1195513200000
D0555753;1195513200000
D0555752;1195513200000
D0555751;1195513200000
D0555750;1195513200000
D0555749;1195513200000
D0556291;1196118000000
D0556292;1196118000000
D0556290;1196118000000
D0556289;1196118000000
D0556850;1196722800000
D0556851;1196722800000
D0556852;1196722800000
D0556853;1196722800000
D0557370;1197327600000
D0557371;1197327600000
D0557761;1197932400000
D0558294;1198537200000
D0558295;1198537200000
D0558296;1198537200000
D0558297;1198537200000
D0558298;1198537200000
D0558299;1198537200000
D0558447;1199142000000
D0558852;1199142000000
D0558851;1199142000000
D0559345;1199746800000
D0559347;1199746800000
D0559346;1199746800000
D0559941;1200351600000
D0559940;1200351600000
D0559938;1200351600000
D0559937;1200351600000
D0559939;1200351600000
D0560268;1200956400000
D0560267;1200956400000
D0560266;1200956400000
D0560750;1201561200000
D0560749;1201561200000
D0560748;1201561200000
D0560747;1201561200000
D0560746;1201561200000
D0560745;1201561200000
D0560744;1201561200000
D0561296;1202166000000
D0561295;1202166000000
D0561294;1202166000000
D0561293;1202166000000
D0561297;1202166000000
D0561292;1202166000000
D0561871;1202770800000
D0561870;1202770800000
D0561865;1202770800000
D0561864;1202770800000
D0561869;1202770800000
D0561868;1202770800000
D0561867;1202770800000
D0561866;1202770800000
D0562427;1203375600000
D0562428;1203375600000
D0562933;1203980400000
D0562934;1203980400000
D0562935;1203980400000
D0562931;1203980400000
D0562932;1203980400000
D0563501;1204585200000
D0563502;1204585200000
D0564062;1205190000000
D0564061;1205190000000
D0564617;1205794800000
D0564616;1205794800000
D0564316;1205794800000
D0565147;1206399600000
D0565144;1206399600000
D0565146;1206399600000
D0565145;1206399600000
D0565824;1207000800000
D0565689;1207000800000
D0565690;1207000800000
D0565691;1207000800000
D0566219;1207605600000
D0566225;1207605600000
D0566223;1207605600000
D0566224;1207605600000
D0566221;1207605600000
D0566222;1207605600000
D0566220;1207605600000
D0566786;1208210400000
D0566805;1208210400000
D0566806;1208210400000
D0566804;1208210400000
07360732;1208815200000
D0567325;1208815200000
D0567326;1208815200000
D0567324;1208815200000
D0567895;1209420000000
D0567896;1209420000000
D0567894;1209420000000
D0568437;1210024800000
D0568436;1210024800000
D0568435;1210024800000
D0568959;1210629600000
D0568958;1210629600000
D0568957;1210629600000
D0569475;1211234400000
D0569474;1211234400000
D0569473;1211234400000
D0569946;1211839200000
D0569945;1211839200000
D0570441;1212444000000
D0570443;1212444000000
D0570442;1212444000000
D0570444;1212444000000
D0570948;1213048800000
D0570949;1213048800000
D0571431;1213653600000
D0571430;1213653600000
D0571890;1214258400000
D0572095;1214863200000
D0572336;1214863200000
D0572334;1214863200000
D0572335;1214863200000
D0572794;1215468000000
D0572793;1215468000000
D0573300;1216072800000
D0573223;1216072800000
D0573224;1216072800000
D0573225;1216072800000
D0573528;1216677600000
D0573682;1216677600000
D0573685;1216677600000
D0573686;1216677600000
D0573683;1216677600000
D0573684;1216677600000
D0574056;1217282400000
D0574055;1217282400000
D0574054;1217282400000
D0574053;1217282400000
D0574058;1217282400000
D0574057;1217282400000
D0574461;1217887200000
D0574668;1218492000000
D0574920;1218492000000
D0574919;1218492000000
D0575371;1219096800000
D0575370;1219096800000
07413138;1219096800000
D0575842;1219701600000
D0575841;1219701600000
07416147;1219701600000
D0576246;1220306400000
D0576247;1220306400000
D0576248;1220306400000
D0576245;1220306400000
D0576701;1220911200000
D0577093;1221516000000
D0577094;1221516000000
D0577095;1221516000000
D0577409;1222120800000
D0577412;1222120800000
D0577413;1222120800000
D0577410;1222120800000
D0577411;1222120800000
D0578178;1223330400000
D0578177;1223330400000
07435829;1223935200000
D0578599;1223935200000
D0578598;1223935200000
D0578601;1223935200000
D0578600;1223935200000
D0579076;1224540000000
D0579073;1224540000000
D0579072;1224540000000
D0579075;1224540000000
D0579074;1224540000000
D0579471;1225148400000
D0579513;1225148400000
D0579512;1225148400000
D0579511;1225148400000
07441366;1225148400000
D0580008;1225753200000
D0580007;1225753200000
D0580509;1226358000000
D0580512;1226358000000
D0580511;1226358000000
D0580510;1226358000000
D0581006;1226962800000
D0581007;1226962800000
D0581008;1226962800000
D0581009;1226962800000
D0581479;1227567600000
D0581480;1227567600000
D0582001;1228172400000
D0581997;1228172400000
D0581998;1228172400000
D0581999;1228172400000
D0582506;1228777200000
D0582507;1228777200000
D0582508;1228777200000
D0582502;1228777200000
D0582503;1228777200000
D0582504;1228777200000
D0582505;1228777200000
D0583008;1229382000000
D0583009;1229382000000
D0583010;1229382000000
D0583011;1229382000000
D0583436;1229986800000
D0583896;1230591600000
D0583898;1230591600000
D0583897;1230591600000
D0583899;1230591600000
D0583900;1230591600000
D0583901;1230591600000
D0584043;1231196400000
D0584374;1231196400000
D0584373;1231196400000
D0584376;1231196400000
D0584375;1231196400000
D0584377;1231196400000
D0584505;1231801200000
D0584787;1231801200000
D0584786;1231801200000
D0584789;1231801200000
D0584788;1231801200000
D0584790;1231801200000
D0584792;1231801200000
D0584791;1231801200000
D0585105;1232406000000
07478500;1232406000000
D0585515;1233010800000
D0585517;1233010800000
D0585516;1233010800000
D0585519;1233010800000
D0585518;1233010800000
D0585520;1233010800000
D0585521;1233010800000
D0585955;1233615600000
D0585954;1233615600000
D0585957;1233615600000
D0585956;1233615600000
D0586425;1234220400000
D0586423;1234220400000
D0586424;1234220400000
D0586421;1234220400000
D0586422;1234220400000
D0586876;1234825200000
D0586874;1234825200000
D0586875;1234825200000
D0587338;1235430000000
D0587333;1235430000000
D0587336;1235430000000
D0587337;1235430000000
D0587334;1235430000000
D0587335;1235430000000
D0587778;1236034800000
D0587779;1236034800000
D0587781;1236034800000
D0587782;1236034800000
D0587780;1236034800000
D0588228;1236639600000
D0588227;1236639600000
D0588673;1237244400000
D0588672;1237244400000
D0589114;1237849200000
D0589113;1237849200000
D0589112;1237849200000
D0589579;1238450400000
D0589578;1238450400000
D0589588;1238450400000
D0589587;1238450400000
D0589586;1238450400000
D0589585;1238450400000
D0589589;1238450400000
D0589580;1238450400000
D0589584;1238450400000
D0589583;1238450400000
D0589582;1238450400000
D0589581;1238450400000
D0589544;1238450400000
D0590041;1239055200000
D0590040;1239055200000
D0590039;1239055200000
D0590474;1239660000000
D0590473;1239660000000
D0590908;1240264800000
D0590907;1240264800000
D0590909;1240264800000
D0590911;1240264800000
D0590910;1240264800000
D0591384;1240869600000
D0591385;1240869600000
D0591382;1240869600000
D0591383;1240869600000
D0591386;1240869600000
D0591822;1241474400000
D0592033;1242079200000
D0592271;1242079200000
D0592272;1242079200000
D0592727;1242684000000
D0593181;1243288800000
D0593180;1243288800000
D0593629;1243893600000
D0593637;1243893600000
D0593636;1243893600000
D0593635;1243893600000
D0593634;1243893600000
D0593633;1243893600000
D0593632;1243893600000
D0593631;1243893600000
D0593630;1243893600000
D0593639;1243893600000
D0593638;1243893600000
D0594083;1244498400000
D0594082;1244498400000
D0594081;1244498400000
D0594086;1244498400000
D0594085;1244498400000
D0594084;1244498400000
D0594318;1245103200000
D0594337;1245103200000
D0594495;1245103200000
D0594528;1245103200000
D0594527;1245103200000
D0594526;1245103200000
D0594529;1245103200000
D0594924;1245708000000
D0594926;1245708000000
D0594925;1245708000000
D0595387;1246312800000
D0595386;1246312800000
D0595385;1246312800000
D0595805;1246917600000
D0595806;1246917600000
D0595807;1246917600000
D0595808;1246917600000
D0595803;1246917600000
D0595804;1246917600000
D0596263;1247522400000
D0596264;1247522400000
D0596693;1248127200000
D0596694;1248127200000
D0596695;1248127200000
D0596696;1248127200000
D0597164;1248732000000
D0597165;1248732000000
D0597166;1248732000000
D0597167;1248732000000
D0597168;1248732000000
D0597625;1249336800000
D0597626;1249336800000
D0597627;1249336800000
D0598067;1249941600000
D0598066;1249941600000
D0598065;1249941600000
07576224;1250546400000
D0598517;1250546400000
D0598516;1250546400000
D0598518;1250546400000
D0598971;1251151200000
D0598972;1251151200000
D0599431;1251756000000
D0599430;1251756000000
D0599875;1252360800000
D0599874;1252360800000
D0599877;1252360800000
D0599876;1252360800000
D0600313;1252965600000
D0600312;1252965600000
D0600311;1252965600000
D0600310;1252965600000
D0600316;1252965600000
D0600315;1252965600000
D0600314;1252965600000
D0600309;1252965600000
D0600308;1252965600000
D0600307;1252965600000
D0600302;1252965600000
D0600306;1252965600000
D0600305;1252965600000
D0600304;1252965600000
D0600303;1252965600000
D0600774;1253570400000
D0600773;1253570400000
D0600772;1253570400000
D0600771;1253570400000
D0601221;1254175200000
D0601654;1254780000000
D0601655;1254780000000
D0602114;1255384800000
D0602115;1255384800000
D0602116;1255384800000
D0602110;1255384800000
D0602111;1255384800000
D0602112;1255384800000
D0602113;1255384800000
D0602109;1255384800000
D0602555;1255989600000
D0602556;1255989600000
D0602557;1255989600000
D0603013;1256598000000
D0603012;1256598000000
D0603014;1256598000000
D0603011;1256598000000
D0603478;1257202800000
D0603477;1257202800000
D0603927;1257807600000
D0603929;1257807600000
D0603928;1257807600000
D0603930;1257807600000
D0603931;1257807600000
D0604382;1258412400000
D0604381;1258412400000
D0604384;1258412400000
D0604383;1258412400000
07621072;1259017200000
D0604795;1259017200000
D0604794;1259017200000
D0604797;1259017200000
D0604796;1259017200000
D0604793;1259017200000
D0604792;1259017200000
D0605246;1259622000000
D0605247;1259622000000
D0604946;1259622000000
D0605726;1260226800000
D0605727;1260226800000
D0605724;1260226800000
D0605725;1260226800000
D0606160;1260831600000
D0606158;1260831600000
D0606159;1260831600000
D0606156;1260831600000
D0606157;1260831600000
D0606154;1260831600000
D0606155;1260831600000
D0605851;1260831600000
D0605917;1260831600000
D0606617;1261436400000
D0606618;1261436400000
D0606615;1261436400000
D0606616;1261436400000
D0606614;1261436400000
D0607081;1262041200000
D0607082;1262041200000
D0607080;1262041200000
D0607078;1262041200000
D0607079;1262041200000
07642359;1262646000000
D0607529;1262646000000
D0607533;1262646000000
D0607534;1262646000000
D0607531;1262646000000
D0607532;1262646000000
D0607530;1262646000000
D0607962;1263250800000
D0607963;1263250800000
D0607960;1263250800000
D0607961;1263250800000
D0607959;1263250800000
D0607957;1263250800000
D0607958;1263250800000
D0608059;1263250800000
D0608410;1263855600000
D0608409;1263855600000
D0608408;1263855600000
D0608854;1264460400000
D0608853;1264460400000
D0608852;1264460400000
D0609304;1265065200000
D0609303;1265065200000
D0609302;1265065200000
D0609346;1265065200000
D0609772;1265670000000
D0609771;1265670000000
D0609770;1265670000000
D0609769;1265670000000
D0609768;1265670000000
D0609767;1265670000000
D0610222;1266274800000
D0610221;1266274800000
D0610224;1266274800000
D0610223;1266274800000
D0610220;1266274800000
D0610219;1266274800000
D0610218;1266274800000
D0610646;1266879600000
D0610648;1266879600000
D0610647;1266879600000
D0611114;1267484400000
D0611115;1267484400000
D0611112;1267484400000
D0611113;1267484400000
D0611118;1267484400000
D0611119;1267484400000
D0611116;1267484400000
D0611117;1267484400000
D0611111;1267484400000
D0611565;1268089200000
D0611563;1268089200000
D0611564;1268089200000
D0611561;1268089200000
D0611562;1268089200000
D0611560;1268089200000
D0611558;1268089200000
D0611559;1268089200000
D0612006;1268694000000
D0611973;1268694000000
D0612445;1269298800000
D0612446;1269298800000
D0612444;1269298800000
D0612447;1269298800000
D0612757;1269900000000
D0612756;1269900000000
D0612895;1269900000000
D0612904;1269900000000
D0612902;1269900000000
D0612903;1269900000000
D0613362;1270504800000
D0613361;1270504800000
D0613366;1270504800000
D0613365;1270504800000
D0613364;1270504800000
D0613363;1270504800000
D0613322;1270504800000
D0613810;1271109600000
D0613814;1271109600000
D0613813;1271109600000
D0613812;1271109600000
D0613811;1271109600000
D0613815;1271109600000
D0613809;1271109600000
D0614256;1271714400000
D0614723;1272319200000
D0614722;1272319200000
D0614721;1272319200000
D0614720;1272319200000
D0614726;1272319200000
D0614725;1272319200000
D0614724;1272319200000
D0614716;1272319200000
D0614719;1272319200000
D0614718;1272319200000
D0614717;1272319200000
D0615145;1272924000000
D0615146;1272924000000
D0615147;1272924000000
D0615148;1272924000000
D0615141;1272924000000
D0615142;1272924000000
D0615143;1272924000000
D0615144;1272924000000
D0615608;1273528800000
D0615609;1273528800000
D0616058;1274133600000
D0616059;1274133600000
D0616056;1274133600000
D0616057;1274133600000
D0616060;1274133600000
07716864;1274133600000
D0616524;1274738400000
D0616520;1274738400000
D0616521;1274738400000
D0616522;1274738400000
D0616523;1274738400000
07726228;1275343200000
D0616957;1275343200000
D0616958;1275343200000
D0616955;1275343200000
D0616956;1275343200000
D0617147;1275948000000
D0617412;1275948000000
D0617411;1275948000000
D0617410;1275948000000
D0617504;1275948000000
D0617866;1276552800000
D0617863;1276552800000
D0617865;1276552800000
D0617864;1276552800000
D0618299;1277157600000
D0618758;1277762400000
D0618757;1277762400000
D0618759;1277762400000
D0618756;1277762400000
D0619189;1278367200000
D0619197;1278367200000
D0619196;1278367200000
D0619199;1278367200000
D0619198;1278367200000
D0619193;1278367200000
D0619192;1278367200000
D0619195;1278367200000
D0619194;1278367200000
D0619191;1278367200000
D0619190;1278367200000
D0619188;1278367200000
07752801;1278972000000
D0619482;1278972000000
D0619674;1278972000000
D0619673;1278972000000
D0619675;1278972000000
D0619672;1278972000000
D0619671;1278972000000
D0620074;1279576800000
D0620073;1279576800000
D0620072;1279576800000
D0620071;1279576800000
D0620070;1279576800000
D0620069;1279576800000
D0620068;1279576800000
D0620067;1279576800000
D0620547;1280181600000
D0620546;1280181600000
D0620545;1280181600000
D0620544;1280181600000
D0620998;1280786400000
D0620997;1280786400000
D0620996;1280786400000
D0621470;1281391200000
D0621466;1281391200000
D0621467;1281391200000
D0621468;1281391200000
D0621469;1281391200000
D0621899;1281996000000
D0621900;1281996000000
D0621901;1281996000000
D0622346;1282600800000
D0622802;1283205600000
D0622803;1283205600000
D0622804;1283205600000
D0622805;1283205600000
D0622806;1283205600000
D0622807;1283205600000
D0622808;1283205600000
D0623260;1283810400000
D0623262;1283810400000
D0623261;1283810400000
D0623263;1283810400000
D0623257;1283810400000
D0623256;1283810400000
D0623259;1283810400000
D0623258;1283810400000
D0623253;1283810400000
D0623252;1283810400000
D0623255;1283810400000
D0623254;1283810400000
D0623716;1284415200000
D0623718;1284415200000
D0623717;1284415200000
D0624148;1285020000000
D0624147;1285020000000
D0624149;1285020000000
D0624146;1285020000000
D0624145;1285020000000
D0624150;1285020000000
D0624625;1285624800000
D0624624;1285624800000
D0624627;1285624800000
D0624626;1285624800000
D0624609;1285624800000
D0624984;1286229600000
D0624983;1286229600000
D0624986;1286229600000
D0624985;1286229600000
D0625384;1286834400000
D0625385;1286834400000
D0625382;1286834400000
D0625383;1286834400000
D0625386;1286834400000
D0625380;1286834400000
D0625381;1286834400000
D0625379;1286834400000
D0625377;1286834400000
D0625378;1286834400000
D0625770;1287439200000
D0625766;1287439200000
D0625767;1287439200000
D0625765;1287439200000
D0625768;1287439200000
D0625769;1287439200000
D0626620;1288652400000
D0626619;1288652400000
D0626618;1288652400000
D0627033;1289257200000
D0627032;1289257200000
D0627031;1289257200000
D0627030;1289257200000
D0627029;1289257200000
D0627028;1289257200000
D0627417;1289862000000
D0627416;1289862000000
D0627415;1289862000000
D0627419;1289862000000
D0627418;1289862000000
D0627425;1289862000000
D0627420;1289862000000
D0627424;1289862000000
D0627423;1289862000000
D0627422;1289862000000
D0627421;1289862000000
D0627854;1290466800000
D0627853;1290466800000
D0627852;1290466800000
D0627851;1290466800000
D0627850;1290466800000
D0627849;1290466800000
D0628265;1291071600000
D0628264;1291071600000
D0628263;1291071600000
D0628262;1291071600000
D0628261;1291071600000
D0628260;1291071600000
D0628259;1291071600000
D0628324;1291071600000
D0628323;1291071600000
D0628671;1291676400000
D0628670;1291676400000
D0628669;1291676400000
D0629062;1292281200000
D0629064;1292281200000
D0629063;1292281200000
D0629485;1292886000000
D0629863;1293490800000
D0629862;1293490800000
