03858675;158281200000
03861545;159490800000
03861535;159490800000
03861768;159490800000
03861767;159490800000
03863890;160700400000
03863895;160700400000
03865232;161305200000
03865449;161305200000
03866780;161910000000
03866791;161910000000
03870333;163724400000
03870367;163724400000
03873119;164934000000
03874479;165538800000
03876268;166143600000
03875981;166143600000
03877744;166748400000
03881449;168562800000
03881689;168562800000
03884346;169772400000
03887208;170982000000
03887219;170982000000
03888501;171586800000
03889814;172191600000
03893699;174006000000
03894748;174610800000
03894303;174610800000
03896954;175820400000
03896949;175820400000
03900106;177634800000
03902213;178844400000
03904218;179449200000
03905054;180054000000
03907117;180658800000
03907056;180658800000
03909022;181263600000
03908844;181263600000
03908853;181263600000
03908562;181263600000
03910204;181868400000
03910264;181868400000
03913762;183078000000
03927898;188521200000
03927894;188521200000
03927624;188521200000
03931985;190335600000
03934789;191545200000
03937355;192754800000
03937343;192754800000
03937415;192754800000
03937485;192754800000
03938768;193359600000
03953047;199404000000
03955511;200613600000
03962660;203032800000
03964762;204242400000
03973754;208476000000
03976155;209685600000
03980276;211500000000
03987594;215132400000
03993207;217551600000
03998476;219970800000
04002147;221785200000
04003168;222390000000
04008671;225414000000
04008931;225414000000
04009891;226018800000
04012051;227228400000
04014560;228438000000
04016688;229644000000
04018421;230248800000
04029340;235087200000
04040644;239925600000
04043538;241135200000
04045002;241740000000
04044978;241740000000
04050708;244162800000
04055354;246582000000
04061391;250210800000
04066022;252630000000
04067265;253234800000
04077644;258073200000
04081047;259887600000
04088239;263512800000
04099735;268956000000
04099628;268956000000
04103857;270770400000
04103870;270770400000
04108514;272584800000
04109896;273189600000
04114854;275004000000
04119250;276822000000
04137939;287103600000
04144979;290732400000
04165810;304639200000
04169607;307666800000
04171598;309481200000
04174085;311295600000
04180113;314924400000
04198795;325202400000
04200197;325807200000
04203526;327621600000
04220347;336693600000
04240684;346374000000
04254850;353026800000
04274791;362095200000
04278244;363909600000
04302894;376009200000
04304519;376614000000
04315633;382662000000
04351539;402015600000
04358994;406249200000
04381870;420760800000
04386701;423784800000
04401313;431042400000
04408774;434674800000
04413834;437094000000
04420105;440118000000
04440410;449791200000
04458906;458258400000
04469341;463096800000
04473334;464911200000
04475854;466124400000
04488326;472172400000
04489847;472777200000
04498652;477010800000
04508233;481240800000
04516454;484869600000
04518057;485474400000
04530510;490917600000
04537338;493941600000
04545531;497574000000
04545591;497574000000
04546891;498178800000
04549748;499388400000
04550940;499993200000
04550930;499993200000
04553663;501202800000
04564212;506041200000
04564238;506041200000
04565388;506646000000
04565382;506646000000
04566708;507250800000
04567964;507855600000
04567835;507855600000
04567844;507855600000
04572425;509670000000
04572531;509670000000
04575279;510879600000
04575295;510879600000
04576388;511484400000
04580730;513295200000
04580800;513295200000
04583904;514504800000
04588165;516319200000
04589251;516924000000
04589508;516924000000
04589669;516924000000
04592284;518133600000
04593873;518738400000
04595107;519343200000
04597339;520552800000
04601479;522367200000
04605267;524181600000
04607856;525391200000
04607857;525391200000
04613104;527810400000
04615743;529023600000
04616756;529628400000
04616839;529628400000
04619464;530838000000
04619462;530838000000
04620683;531442800000
04620637;531442800000
04620608;531442800000
04620716;531442800000
04621859;532047600000
04621589;532047600000
04623111;532652400000
04627542;534466800000
04628553;535071600000
04629203;535071600000
04629202;535071600000
04629163;535071600000
04629390;535071600000
04629391;535071600000
04632626;536281200000
04632627;536281200000
04632258;536281200000
04632259;536281200000
04632411;536281200000
04632412;536281200000
04632461;536281200000
04635613;537490800000
04635833;537490800000
04635883;537490800000
04635904;537490800000
04635903;537490800000
04635902;537490800000
04635951;537490800000
04635950;537490800000
04636132;537490800000
04636133;537490800000
04638967;538700400000
04638968;538700400000
04641845;539910000000
04643280;540514800000
04645022;541119600000
04645181;541119600000
04645225;541119600000
04645264;541119600000
04645262;541119600000
04644595;541119600000
04644876;541119600000
04647055;541724400000
04648777;542329200000
04648778;542329200000
04649813;542934000000
04650393;542934000000
04650197;542934000000
04650199;542934000000
04650200;542934000000
04651366;543538800000
04652003;543538800000
04652062;543538800000
04653808;544140000000
04653710;544140000000
04653765;544140000000
04655466;544744800000
04655470;544744800000
04657004;545349600000
04656879;545349600000
04659045;545954400000
04659066;545954400000
04660447;546559200000
04660758;546559200000
04666179;548373600000
04667973;548978400000
04668002;548978400000
04669905;549583200000
04669945;549583200000
04669561;549583200000
04669690;549583200000
04669743;549583200000
04670227;549583200000
04671522;550188000000
04673084;550792800000
04676464;552002400000
04680819;553816800000
04681334;553816800000
04681331;553816800000
04681330;553816800000
04681340;553816800000
04681341;553816800000
04682782;554421600000
04682377;554421600000
04684145;555026400000
04684141;555026400000
04685854;555631200000
04685855;555631200000
04685859;555631200000
04685701;555631200000
04687249;556236000000
04690361;557445600000
04690360;557445600000
04690378;557445600000
04690376;557445600000
04690357;557445600000
04690417;557445600000
04690248;557445600000
04690299;557445600000
04691805;558050400000
04691837;558050400000
04693023;558655200000
04693660;558655200000
04695020;559260000000
04697836;560473200000
04697976;560473200000
04697771;560473200000
04700421;561682800000
04702199;562287600000
04702445;562287600000
04702458;562287600000
04702508;562287600000
04702366;562287600000
04704062;562892400000
04703523;562892400000
04705283;563497200000
04705284;563497200000
04705293;563497200000
04705246;563497200000
04705249;563497200000
04705446;563497200000
04706817;564102000000
04706940;564102000000
04706975;564102000000
04706983;564102000000
04708307;564706800000
04707877;564706800000
04709440;565311600000
04712803;566521200000
04715474;567730800000
04715573;567730800000
04716980;568335600000
04717165;568335600000
04717168;568335600000
04718399;568940400000
04719798;569545200000
04720008;569545200000
04720115;569545200000
04721316;570150000000
04721317;570150000000
04722538;570754800000
04722293;570754800000
04722106;570754800000
04723784;571359600000
04723740;571359600000
04723744;571359600000
04723743;571359600000
04723742;571359600000
04723741;571359600000
04723803;571359600000
04723867;571359600000
04723647;571359600000
04724681;571964400000
04726634;572569200000
04726730;572569200000
04726490;572569200000
04726485;572569200000
04726596;572569200000
04726597;572569200000
04728312;573174000000
04728070;573174000000
04728065;573174000000
04727991;573174000000
04727995;573174000000
04727994;573174000000
04727996;573174000000
04732295;574988400000
04732401;574988400000
04732102;574988400000
04733768;575589600000
04733794;575589600000
04733877;575589600000
04736870;576799200000
04736825;576799200000
04736961;576799200000
04736915;576799200000
04737066;576799200000
04737065;576799200000
04739900;578008800000
04739890;578008800000
04740132;578008800000
04740130;578008800000
04740010;578008800000
04740008;578008800000
04741494;578613600000
04741414;578613600000
04741576;578613600000
04741512;578613600000
04743038;579218400000
04743039;579218400000
04743040;579218400000
04742943;579218400000
04742653;579218400000
04749328;581637600000
04749324;581637600000
04749158;581637600000
04749101;581637600000
04749102;581637600000
04749209;581637600000
04750752;582242400000
04750588;582242400000
04750638;582242400000
04750639;582242400000
04750432;582242400000
04753367;583452000000
04755102;584056800000
04755254;584056800000
04754988;584056800000
04754985;584056800000
04754885;584056800000
04754840;584056800000
04756540;584661600000
04756539;584661600000
04757966;585266400000
04758010;585266400000
04758011;585266400000
04758007;585266400000
04758009;585266400000
04759560;585871200000
04759559;585871200000
04759518;585871200000
04759519;585871200000
04759682;585871200000
04759684;585871200000
04760993;586476000000
04760983;586476000000
04762333;587080800000
04762193;587080800000
04764081;587685600000
04764075;587685600000
04763919;587685600000
04763907;587685600000
04763799;587685600000
04765593;588290400000
04765594;588290400000
04765666;588290400000
04765643;588290400000
04765644;588290400000
04765646;588290400000
04765636;588290400000
04765494;588290400000
04765542;588290400000
04765503;588290400000
04767128;588895200000
04766704;588895200000
04768617;589500000000
04768742;589500000000
04768546;589500000000
04770290;590104800000
04770291;590104800000
04770287;590104800000
04770304;590104800000
04770394;590104800000
04770427;590104800000
04770428;590104800000
04771531;590709600000
04771855;590709600000
04771840;590709600000
04771917;590709600000
04773694;591318000000
04773695;591318000000
04774386;591318000000
04776748;592527600000
04776480;592527600000
04776478;592527600000
04776569;592527600000
04776548;592527600000
04776547;592527600000
04776603;592527600000
04777976;593132400000
04781513;594342000000
04781391;594342000000
04781392;594342000000
04781397;594342000000
04781396;594342000000
04782970;594946800000
04782780;594946800000
04782870;594946800000
04783031;594946800000
04784401;595551600000
04784405;595551600000
04786122;596156400000
04787600;596761200000
04787753;596761200000
04787584;596761200000
04787586;596761200000
04787327;596761200000
04789180;597366000000
04792152;598575600000
04792147;598575600000
04792036;598575600000
04793620;599180400000
04793623;599180400000
04793624;599180400000
04793622;599180400000
04794727;599785200000
04795304;599785200000
04801039;602204400000
04801035;602204400000
04801034;602204400000
04801152;602204400000
04802813;602809200000
04802811;602809200000
04802810;602809200000
04802681;602809200000
04802647;602809200000
04802653;602809200000
04802709;602809200000
04804162;603414000000
04804308;603414000000
04809846;605228400000
04810031;605228400000
04810018;605228400000
04810019;605228400000
04810016;605228400000
04811968;605833200000
04811999;605833200000
04811988;605833200000
04811833;605833200000
04815394;607039200000
04819827;608248800000
04821903;608853600000
04821893;608853600000
04822065;608853600000
04822066;608853600000
04822004;608853600000
04824167;609458400000
04824137;609458400000
04826186;610063200000
04826187;610063200000
04830386;611272800000
04830147;611272800000
04832290;611877600000
04832291;611877600000
04832292;611877600000
04832222;611877600000
04832362;611877600000
04832355;611877600000
04834262;612482400000
04838176;613692000000
04837874;613692000000
04840336;614296800000
04840335;614296800000
04842233;614901600000
04842251;614901600000
04842252;614901600000
04842076;614901600000
04844393;615506400000
04846485;616111200000
04846486;616111200000
04846493;616111200000
04846077;616111200000
04848733;616716000000
04848709;616716000000
04850568;617320800000
04850605;617320800000
04850604;617320800000
04852896;617925600000
04852895;617925600000
04854807;618530400000
04854804;618530400000
04854803;618530400000
04854497;618530400000
04854447;618530400000
04854443;618530400000
04854421;618530400000
04854601;618530400000
04856675;619135200000
04856640;619135200000
04856642;619135200000
04856810;619135200000
04856747;619135200000
04856740;619135200000
04858250;619740000000
04858280;619740000000
04858888;619740000000
04858940;619740000000
04861219;620344800000
04861218;620344800000
04861221;620344800000
04861224;620344800000
04861192;620344800000
04861052;620344800000
04861110;620344800000
04861057;620344800000
04860982;620344800000
04865346;621554400000
04867576;622159200000
04867328;622159200000
04867340;622159200000
04867339;622159200000
04867465;622159200000
04867401;622159200000
04867277;622159200000
04869540;622767600000
04869518;622767600000
04869517;622767600000
04869526;622767600000
04869447;622767600000
04871100;623372400000
04872801;623977200000
04874055;624582000000
04874141;624582000000
04878554;626396400000
04880248;627001200000
04882875;628210800000
04889300;630630000000
04890856;631234800000
04890652;631234800000
04892277;631839600000
04892223;631839600000
04892224;631839600000
04892221;631839600000
04892218;631839600000
04893824;632444400000
04893770;632444400000
04895267;633049200000
04895381;633049200000
04895334;633049200000
04896897;633654000000
04898294;634258800000
04899985;634863600000
04899987;634863600000
04899967;634863600000
04900217;634863600000
04900203;634863600000
04900056;634863600000
04900044;634863600000
04901980;635468400000
04901959;635468400000
04901844;635468400000
04901845;635468400000
04905945;636678000000
04905853;636678000000
04907936;637282800000
04907934;637282800000
04907935;637282800000
04907932;637282800000
04907933;637282800000
04907768;637282800000
04913402;639093600000
04913453;639093600000
04913460;639093600000
04913301;639093600000
04913309;639093600000
04913308;639093600000
04915577;639698400000
04915570;639698400000
04915408;639698400000
04915462;639698400000
04915329;639698400000
04915330;639698400000
04915248;639698400000
04915033;639698400000
04917401;640303200000
04924846;642722400000
04926748;643327200000
04927104;643327200000
04930598;644536800000
04930795;644536800000
04930649;644536800000
04930653;644536800000
04930697;644536800000
04930734;644536800000
04930735;644536800000
04936598;646351200000
04940201;647560800000
04946186;649980000000
04946187;649980000000
04946118;649980000000
04953888;652399200000
04953879;652399200000
04953878;652399200000
04953880;652399200000
04953743;652399200000
04953744;652399200000
04953815;652399200000
04953704;652399200000
04955625;653004000000
04955566;653004000000
04955505;653004000000
04955500;653004000000
04955501;653004000000
04955496;653004000000
04955497;653004000000
04955495;653004000000
04957306;653608800000
04957252;653608800000
04958846;654213600000
04958887;654213600000
04961593;655426800000
04961514;655426800000
04964617;656636400000
04968049;657846000000
04968048;657846000000
04968047;657846000000
04967672;657846000000
04972966;659660400000
04974799;660265200000
04974862;660265200000
04974871;660265200000
04976406;660870000000
04976447;660870000000
04976360;660870000000
04979867;662079600000
04979723;662079600000
04979446;662079600000
04981307;662684400000
04981274;662684400000
04981275;662684400000
04981208;662684400000
04981205;662684400000
04981207;662684400000
04984759;663894000000
04984704;663894000000
04984671;663894000000
04984675;663894000000
04988258;665103600000
04988252;665103600000
04988253;665103600000
04988009;665103600000
04987994;665103600000
04987993;665103600000
04987992;665103600000
04987976;665103600000
04987717;665103600000
04989889;665708400000
04989749;665708400000
04989731;665708400000
04989721;665708400000
04989724;665708400000
04991114;665708400000
04990049;665708400000
04993330;666918000000
04993088;666918000000
04993685;666918000000
04993538;666918000000
04993540;666918000000
04993544;666918000000
04993543;666918000000
04993542;666918000000
04995130;667522800000
04995129;667522800000
04996467;667522800000
04997157;668127600000
04997156;668127600000
04997151;668127600000
04997149;668127600000
04997102;668127600000
04996727;668127600000
04998643;668732400000
04998695;668732400000
04998694;668732400000
04998700;668732400000
04998743;668732400000
04998742;668732400000
05000334;669337200000
05002200;669942000000
05002215;669942000000
05002293;669942000000
05002292;669942000000
05002304;669942000000
05009364;672357600000
05009377;672357600000
05009378;672357600000
05009335;672357600000
05009344;672357600000
05013055;673567200000
05013103;673567200000
05012966;673567200000
05012994;673567200000
05015142;674172000000
05015143;674172000000
05014943;674172000000
05014944;674172000000
05014873;674172000000
05014872;674172000000
05016948;674776800000
05018691;675381600000
05020751;675986400000
05020811;675986400000
05020813;675986400000
05023089;676591200000
05023079;676591200000
05022553;676591200000
05026105;677800800000
05027965;678405600000
05028060;678405600000
05028022;678405600000
05028099;678405600000
05028196;678405600000
05029698;679010400000
05029734;679010400000
05029884;679010400000
05029883;679010400000
05031926;679615200000
05031948;679615200000
05033232;680220000000
05033760;680220000000
05033703;680220000000
05035344;680824800000
05035445;680824800000
05035437;680824800000
05035438;680824800000
05037118;681429600000
05036999;681429600000
05036998;681429600000
05040811;682639200000
05040809;682639200000
05040807;682639200000
05040808;682639200000
05042374;683244000000
05044588;683848800000
05044644;683848800000
05046635;684453600000
05046636;684453600000
05046613;684453600000
05046614;684453600000
05046748;684453600000
05046750;684453600000
05046860;684453600000
05048206;685058400000
05048849;685058400000
05048856;685058400000
05048857;685058400000
05052703;686271600000
05056553;687481200000
05056679;687481200000
05056804;687481200000
05058763;688086000000
05058764;688086000000
05058839;688086000000
05058911;688086000000
05058957;688086000000
05062540;689295600000
05062539;689295600000
05062653;689295600000
05062652;689295600000
05064012;689900400000
05065887;690505200000
05065886;690505200000
05072576;692924400000
05072718;692924400000
05072828;692924400000
05072955;692924400000
05072957;692924400000
05072956;692924400000
05072959;692924400000
05072850;692924400000
05072852;692924400000
05072849;692924400000
05072960;692924400000
05073035;692924400000
05074423;693529200000
05074407;693529200000
05074572;693529200000
05074576;693529200000
05074577;693529200000
05074570;693529200000
05074571;693529200000
05074500;693529200000
05074506;693529200000
05074744;693529200000
05074816;693529200000
05076458;694134000000
05076448;694134000000
05076429;694134000000
05076599;694134000000
05076651;694134000000
05076650;694134000000
05078060;694738800000
05078297;694738800000
05078295;694738800000
05080442;695343600000
05080387;695343600000
05082139;695948400000
05082132;695948400000
05083704;696553200000
05083731;696553200000
05085385;697158000000
05085342;697158000000
05085341;697158000000
05085338;697158000000
05088750;698367600000
05092105;699577200000
05092462;699577200000
05092487;699577200000
05096086;700786800000
05096083;700786800000
05096080;700786800000
05096265;700786800000
05096214;700786800000
05098250;701391600000
05097975;701391600000
05101997;702597600000
05104135;703202400000
05103997;703202400000
05103994;703202400000
05103985;703202400000
05108029;704412000000
05108120;704412000000
05108004;704412000000
05108000;704412000000
05111938;705621600000
05111951;705621600000
05111958;705621600000
05112069;705621600000
05112068;705621600000
05112070;705621600000
05113969;706226400000
05113972;706226400000
05113971;706226400000
05114118;706226400000
05114106;706226400000
05114166;706226400000
05114165;706226400000
05114183;706226400000
05114295;706226400000
05114294;706226400000
05114297;706226400000
05116069;706831200000
05116068;706831200000
05115935;706831200000
05115908;706831200000
05118130;707436000000
05118173;707436000000
05118144;707436000000
05118037;707436000000
05121970;708645600000
05123187;709250400000
05123666;709250400000
05123668;709250400000
05123552;709250400000
05125675;709855200000
05125674;709855200000
05125677;709855200000
05125526;709855200000
05125874;709855200000
05127524;710460000000
05127538;710460000000
05131531;711669600000
05131552;711669600000
05131669;711669600000
05131937;711669600000
05131801;711669600000
05131892;711669600000
05133584;712274400000
05133607;712274400000
05139219;714088800000
05139299;714088800000
05141124;714693600000
05141114;714693600000
05141387;714693600000
05141386;714693600000
05141206;714693600000
05141241;714693600000
05140716;714693600000
05140923;714693600000
05140922;714693600000
05140929;714693600000
05140973;714693600000
05147060;716508000000
05147056;716508000000
05149031;717112800000
05149028;717112800000
05149125;717112800000
05149116;717112800000
05149114;717112800000
05148940;717112800000
05148975;717112800000
05150866;717721200000
05150760;717721200000
05152655;718326000000
05152659;718326000000
05152567;718326000000
05152109;718326000000
05154436;718930800000
05154441;718930800000
05154330;718930800000
05154359;718930800000
05154564;718930800000
05153966;718930800000
05155975;719535600000
05156366;719535600000
05156375;719535600000
05156290;719535600000
05156296;719535600000
05156506;719535600000
05158198;720140400000
05158310;720140400000
05158315;720140400000
05160067;720745200000
05160063;720745200000
05160103;720745200000
05160154;720745200000
05160153;720745200000
05163378;721954800000
05163569;721954800000
05163579;721954800000
05163648;721954800000
05163645;721954800000
05165632;722559600000
05167389;723164400000
05167341;723164400000
05167342;723164400000
05167343;723164400000
05167423;723164400000
05170632;724374000000
05170904;724374000000
05170903;724374000000
05176392;726188400000
05176394;726188400000
05176362;726188400000
05176090;726188400000
05176098;726188400000
05180087;727398000000
05180076;727398000000
05180126;727398000000
05180125;727398000000
05180184;727398000000
05180178;727398000000
05180131;727398000000
05181297;728002800000
05181628;728002800000
05181731;728002800000
05183175;728607600000
05183120;728607600000
05183339;728607600000
05183226;728607600000
05183228;728607600000
05184836;729212400000
05184862;729212400000
05184861;729212400000
05184860;729212400000
05184710;729212400000
05184744;729212400000
05184914;729212400000
05184911;729212400000
05184699;729212400000
05186479;729817200000
05190253;731026800000
05190252;731026800000
05190305;731026800000
05190304;731026800000
05190183;731026800000
05190351;731026800000
05190435;731026800000
05190436;731026800000
05192092;731631600000
05192121;731631600000
05193842;732236400000
05195501;732841200000
05195726;732841200000
05195767;732841200000
05195769;732841200000
05195763;732841200000
05195649;732841200000
05195310;732841200000
05197395;733442400000
05197396;733442400000
05197754;733442400000
05199534;734047200000
05199533;734047200000
05199552;734047200000
05199758;734047200000
05199729;734047200000
05199728;734047200000
05199688;734047200000
05199686;734047200000
05199687;734047200000
05201429;734652000000
05201404;734652000000
05201405;734652000000
05201406;734652000000
05201407;734652000000
05201494;734652000000
05201397;734652000000
05201638;734652000000
05201540;734652000000
05203613;735256800000
05203618;735256800000
05203580;735256800000
05203579;735256800000
05203578;735256800000
05203815;735256800000
05205571;735861600000
05207441;736466400000
05207439;736466400000
05207344;736466400000
05211264;737676000000
05211259;737676000000
05211254;737676000000
05211124;737676000000
05211410;737676000000
05211376;737676000000
05211073;737676000000
05213294;738280800000
05213291;738280800000
05213360;738280800000
05215194;738885600000
05215319;738885600000
05215355;738885600000
05217238;739490400000
05217271;739490400000
05217135;739490400000
05219087;740095200000
05219085;740095200000
05221066;740700000000
05222536;741304800000
05222750;741304800000
05228706;743119200000
05228716;743119200000
05228651;743119200000
05230522;743724000000
05230525;743724000000
05230524;743724000000
05238128;746143200000
05238140;746143200000
05238139;746143200000
05238086;746143200000
05237962;746143200000
05240264;746748000000
05240127;746748000000
05240347;746748000000
05242220;747352800000
05242177;747352800000
05242189;747352800000
05242074;747352800000
05242071;747352800000
05251780;750380400000
05251783;750380400000
05251925;750380400000
05251944;750380400000
05251945;750380400000
05261824;753404400000
05263730;754009200000
05265894;754614000000
05273298;757033200000
05290058;762476400000
05290051;762476400000
05292140;763081200000
05294158;763686000000
05294136;763686000000
05294137;763686000000
05294138;763686000000
05295556;764290800000
05297809;764892000000
05303805;766706400000
05306029;767311200000
05306028;767311200000
05306027;767311200000
05306033;767311200000
05305843;767311200000
05305935;767311200000
05308011;767916000000
05312122;769125600000
05316248;770335200000
05324055;772754400000
05324054;772754400000
05326117;773359200000
05326116;773359200000
05328182;773964000000
05333885;775778400000
05338054;776988000000
05338049;776988000000
05339951;777592800000
05340135;777592800000
05340136;777592800000
05340133;777592800000
05344171;778802400000
05350030;780620400000
05351984;781225200000
05351983;781225200000
05351976;781225200000
05351979;781225200000
05354089;781830000000
05356197;782434800000
05362078;784249200000
05374095;787878000000
05381032;789692400000
05380021;789692400000
05380033;789692400000
05382032;790297200000
05387010;792111600000
05388854;792716400000
05388850;792716400000
05388609;792716400000
05390389;793321200000
05390834;793321200000
05390943;793321200000
05390942;793321200000
05390944;793321200000
05393080;793926000000
05401043;796341600000
05403023;796946400000
05403022;796946400000
05413361;799970400000
05415421;800575200000
05415420;800575200000
05417447;801180000000
05421147;802389600000
05421604;802389600000
05421605;802389600000
05427392;804204000000
05427394;804204000000
05427403;804204000000
05429404;804808800000
05429290;804808800000
05429286;804808800000
05433460;806018400000
05433462;806018400000
05433461;806018400000
05439241;807832800000
05445396;809647200000
05447354;810252000000
05452909;812070000000
05456342;813279600000
05458350;813884400000
05460394;814489200000
05462298;815094000000
05464234;815698800000
05464244;815698800000
05465438;816303600000
05465987;816303600000
05465988;816303600000
05465801;816303600000
05465869;816303600000
05468010;816908400000
05468006;816908400000
05468005;816908400000
05469985;817513200000
05469945;817513200000
05472220;818118000000
05474316;818722800000
05474312;818722800000
05474313;818722800000
05478097;819932400000
05478189;819932400000
05477668;819932400000
05480078;820537200000
05480187;820537200000
05480180;820537200000
05480191;820537200000
05480169;820537200000
05482304;821142000000
05482303;821142000000
05489106;823561200000
05490688;824166000000
05505471;829000800000
05505472;829000800000
05509671;830210400000
05509672;830210400000
05511806;830815200000
05551716;841701600000
05553877;842306400000
05556118;842911200000
05558359;843516000000
05560626;844120800000
05586778;851382000000
05595394;853801200000
05597104;854406000000
05626351;862869600000
05626352;862869600000
05626353;862869600000
05632496;864684000000
05634616;865288800000
05649718;869522400000
05653458;870732000000
05653457;870732000000
05669659;874965600000
05673512;876175200000
05725351;889484400000
05761887;897343200000
05768733;898552800000
05794291;903391200000
05868267;918514800000
05893572;923954400000
05894618;924559200000
05901395;926373600000
05957585;938469600000
05975345;941497200000
05988552;943311600000
06085503;963266400000
06125971;970524000000
06234432;990482400000
06334622;1009839600000
06405114;1023746400000
06409188;1024956000000
06471221;1035846000000
06478203;1037055600000
06513817;1044313200000
06550104;1050962400000
06616152;1063058400000
06726227;1083016800000
06758596;1089064800000
06783147;1093903200000
06786494;1094508000000
D0500575;1104793200000
D0500904;1105398000000
D0500903;1105398000000
D0501285;1106607600000
D0501284;1106607600000
06848695;1107212400000
D0501592;1107212400000
D0501591;1107212400000
D0501693;1107817200000
D0501788;1108422000000
D0501975;1108422000000
D0501974;1108422000000
D0501973;1108422000000
D0501972;1108422000000
D0502305;1109026800000
D0502304;1109026800000
D0502303;1109026800000
D0502585;1109631600000
D0502584;1109631600000
D0502583;1109631600000
D0502582;1109631600000
D0502794;1110236400000
D0502793;1110236400000
D0503021;1110841200000
D0503022;1110841200000
D0503023;1110841200000
D0503254;1111446000000
D0503502;1112047200000
D0503840;1112652000000
D0503841;1112652000000
D0503837;1112652000000
D0503838;1112652000000
D0503839;1112652000000
D0504000;1113256800000
D0504200;1113861600000
06886787;1115071200000
D0504988;1115676000000
D0504989;1115676000000
D0505238;1116280800000
D0505237;1116280800000
D0505239;1116280800000
D0505236;1116280800000
D0505031;1116280800000
D0505764;1117490400000
D0505763;1117490400000
D0505804;1118095200000
D0506300;1118700000000
D0506589;1119304800000
D0506588;1119304800000
D0506859;1119909600000
D0506858;1119909600000
D0507089;1120514400000
D0507090;1120514400000
D0507390;1121119200000
D0507688;1121724000000
D0507687;1121724000000
06921095;1122328800000
06923466;1122933600000
D0508300;1123538400000
06929269;1124143200000
D0508597;1124143200000
D0508598;1124143200000
D0508595;1124143200000
D0508596;1124143200000
D0508594;1124143200000
D0509037;1125352800000
D0509038;1125352800000
D0509036;1125352800000
D0509039;1125352800000
D0509040;1125352800000
D0509335;1125957600000
D0509338;1125957600000
D0509339;1125957600000
D0509336;1125957600000
D0509337;1125957600000
D0509340;1125957600000
D0509635;1126562400000
D0509634;1126562400000
D0509937;1127167200000
D0509939;1127167200000
D0509938;1127167200000
D0510019;1127772000000
D0510169;1127772000000
D0510166;1127772000000
D0510167;1127772000000
D0510168;1127772000000
D0510468;1128376800000
D0510469;1128376800000
D0510649;1128981600000
D0510648;1128981600000
D0510784;1129586400000
D0511034;1130191200000
D0511404;1131404400000
D0511416;1132009200000
D0511603;1132009200000
D0511602;1132009200000
D0511875;1132614000000
D0511874;1132614000000
D0513104;1135033200000
D0513103;1135033200000
D0513179;1135638000000
D0513353;1135638000000
D0513354;1135638000000
D0513352;1135638000000
D0513445;1136242800000
D0513549;1136847600000
D0513650;1137452400000
D0513820;1138057200000
D0513818;1138057200000
D0513819;1138057200000
D0514268;1138662000000
D0514269;1138662000000
D0514769;1139266800000
D0514767;1139266800000
D0514768;1139266800000
D0515266;1139871600000
D0515265;1139871600000
D0515264;1139871600000
D0515763;1140476400000
D0515769;1140476400000
D0515768;1140476400000
D0515767;1140476400000
D0515766;1140476400000
D0515765;1140476400000
D0515764;1140476400000
D0515770;1140476400000
D0516103;1141081200000
D0516269;1141081200000
D0516268;1141081200000
D0516267;1141081200000
D0516266;1141081200000
D0516265;1141081200000
D0516264;1141081200000
D0516767;1141686000000
D0516766;1141686000000
D0517265;1142290800000
D0517266;1142290800000
D0517267;1142290800000
D0517268;1142290800000
D0517766;1142895600000
D0517767;1142895600000
D0517768;1142895600000
D0517769;1142895600000
D0517761;1142895600000
D0517762;1142895600000
D0517763;1142895600000
D0517764;1142895600000
D0517765;1142895600000
D0518270;1143496800000
D0518266;1143496800000
D0518267;1143496800000
D0518268;1143496800000
D0518269;1143496800000
D0518616;1144101600000
D0518361;1144101600000
07021884;1144101600000
D0518938;1144706400000
D0519257;1145311200000
D0519258;1145311200000
D0519703;1145916000000
D0519702;1145916000000
D0519705;1145916000000
D0519704;1145916000000
D0519706;1145916000000
D0519701;1145916000000
D0519700;1145916000000
D0519827;1146520800000
D0519733;1146520800000
D0520208;1146520800000
D0520209;1146520800000
D0520703;1147125600000
D0520702;1147125600000
D0520707;1147125600000
D0520706;1147125600000
D0520705;1147125600000
D0520704;1147125600000
D0520709;1147125600000
D0520708;1147125600000
D0521205;1147730400000
D0521204;1147730400000
D0521203;1147730400000
D0521202;1147730400000
D0521209;1147730400000
D0521208;1147730400000
D0521207;1147730400000
D0521206;1147730400000
07043789;1147730400000
D0521710;1148335200000
D0521708;1148335200000
D0521707;1148335200000
D0521706;1148335200000
D0521709;1148335200000
D0522206;1148940000000
D0522205;1148940000000
D0522204;1148940000000
D0522203;1148940000000
D0522209;1148940000000
D0522208;1148940000000
D0522207;1148940000000
D0522210;1148940000000
D0522706;1149544800000
D0522707;1149544800000
D0522708;1149544800000
D0522709;1149544800000
D0522703;1149544800000
D0522704;1149544800000
D0522705;1149544800000
D0523170;1150149600000
D0523210;1150149600000
D0523204;1150149600000
D0523205;1150149600000
D0523206;1150149600000
D0523207;1150149600000
D0523200;1150149600000
D0523201;1150149600000
D0523202;1150149600000
D0523203;1150149600000
D0523208;1150149600000
D0523209;1150149600000
D0522789;1150149600000
D0523610;1150754400000
D0523602;1150754400000
D0523603;1150754400000
D0523608;1150754400000
D0523609;1150754400000
D0523604;1150754400000
D0523605;1150754400000
D0523606;1150754400000
D0523607;1150754400000
D0524007;1151359200000
D0524008;1151359200000
D0524009;1151359200000
D0524005;1151359200000
D0524006;1151359200000
D0524503;1151964000000
D0524504;1151964000000
D0524505;1151964000000
D0524506;1151964000000
D0524507;1151964000000
D0524508;1151964000000
D0524509;1151964000000
D0525008;1152568800000
D0525005;1152568800000
D0525007;1152568800000
D0525006;1152568800000
D0525407;1153173600000
D0525406;1153173600000
D0525409;1153173600000
D0525408;1153173600000
D0525757;1153778400000
D0525756;1153778400000
D0525759;1153778400000
D0525758;1153778400000
D0525760;1153778400000
D0526103;1154383200000
D0526109;1154383200000
D0526108;1154383200000
D0526105;1154383200000
D0526104;1154383200000
D0526107;1154383200000
D0526106;1154383200000
D0526110;1154383200000
D0526455;1154988000000
D0526457;1154988000000
D0526456;1154988000000
D0526459;1154988000000
D0526458;1154988000000
D0526460;1154988000000
D0526758;1155592800000
D0526757;1155592800000
D0526756;1155592800000
D0527158;1156197600000
D0527159;1156197600000
D0527156;1156197600000
D0527157;1156197600000
D0527155;1156197600000
D0527160;1156197600000
D0527508;1156802400000
D0527509;1156802400000
D0527859;1157407200000
D0527857;1157407200000
D0527858;1157407200000
D0527856;1157407200000
D0527860;1157407200000
D0528258;1158012000000
D0528259;1158012000000
D0528257;1158012000000
D0528728;1158616800000
D0528729;1158616800000
D0528726;1158616800000
D0528727;1158616800000
D0528724;1158616800000
D0528725;1158616800000
D0528731;1158616800000
D0528732;1158616800000
D0528730;1158616800000
D0528870;1159221600000
D0529252;1159221600000
D0529251;1159221600000
D0529250;1159221600000
D0529254;1159221600000
D0529253;1159221600000
D0529678;1159826400000
D0529677;1159826400000
D0529679;1159826400000
D0530054;1160431200000
D0530053;1160431200000
D0530055;1160431200000
D0530479;1161036000000
D0530476;1161036000000
D0530475;1161036000000
D0530478;1161036000000
D0530477;1161036000000
D0530876;1161640800000
D0530875;1161640800000
D0530878;1161640800000
D0530877;1161640800000
D0530879;1161640800000
D0530874;1161640800000
D0531309;1162249200000
D0531374;1162249200000
D0531373;1162249200000
D0531376;1162249200000
D0531375;1162249200000
D0531378;1162249200000
D0531377;1162249200000
D0531778;1162854000000
D0531777;1162854000000
D0531779;1162854000000
D0531776;1162854000000
D0532174;1163458800000
D0532175;1163458800000
D0532172;1163458800000
D0532173;1163458800000
D0532178;1163458800000
D0532179;1163458800000
D0532176;1163458800000
D0532177;1163458800000
D0532571;1164063600000
D0532574;1164063600000
D0532575;1164063600000
D0532572;1164063600000
D0532573;1164063600000
D0532576;1164063600000
D0532577;1164063600000
D0532949;1164668400000
D0532954;1164668400000
D0532955;1164668400000
D0532952;1164668400000
D0532953;1164668400000
D0532950;1164668400000
D0532951;1164668400000
D0533328;1165273200000
D0533329;1165273200000
D0533326;1165273200000
D0533327;1165273200000
D0533325;1165273200000
D0533704;1165878000000
D0533705;1165878000000
D0533702;1165878000000
D0533703;1165878000000
D0533701;1165878000000
D0533979;1166482800000
D0533978;1166482800000
D0534329;1167087600000
D0534327;1167087600000
D0534328;1167087600000
D0534330;1167087600000
D0534704;1167692400000
D0534703;1167692400000
D0534702;1167692400000
D0535080;1168297200000
D0535075;1168297200000
D0535079;1168297200000
D0535078;1168297200000
D0535077;1168297200000
D0535076;1168297200000
D0535449;1168902000000
D0535448;1168902000000
D0535447;1168902000000
D0535453;1168902000000
D0535452;1168902000000
D0535451;1168902000000
D0535450;1168902000000
D0535455;1168902000000
D0535454;1168902000000
D0535798;1169506800000
D0535797;1169506800000
D0535796;1169506800000
D0535795;1169506800000
D0535799;1169506800000
D0535805;1169506800000
D0535804;1169506800000
D0535803;1169506800000
D0535802;1169506800000
D0535801;1169506800000
D0535800;1169506800000
D0536149;1170111600000
D0536148;1170111600000
D0536153;1170111600000
D0536152;1170111600000
D0536151;1170111600000
D0536150;1170111600000
D0536154;1170111600000
D0536498;1170716400000
D0536497;1170716400000
D0536499;1170716400000
D0536502;1170716400000
D0536501;1170716400000
D0536500;1170716400000
D0536505;1170716400000
D0536504;1170716400000
D0536503;1170716400000
D0536854;1171321200000
D0536853;1171321200000
D0536852;1171321200000
D0536855;1171321200000
D0537222;1171926000000
D0537223;1171926000000
D0537224;1171926000000
D0537229;1171926000000
D0537225;1171926000000
D0537226;1171926000000
D0537227;1171926000000
D0537228;1171926000000
D0537603;1172530800000
D0537604;1172530800000
D0537605;1172530800000
D0537600;1172530800000
D0537601;1172530800000
D0537602;1172530800000
D0537596;1172530800000
D0537597;1172530800000
D0537598;1172530800000
D0537599;1172530800000
D0538002;1173135600000
D0538003;1173135600000
D0538004;1173135600000
D0538000;1173135600000
D0538001;1173135600000
D0537999;1173135600000
D0537998;1173135600000
D0538499;1173740400000
D0538500;1173740400000
D0538501;1173740400000
D0538502;1173740400000
D0538503;1173740400000
D0538504;1173740400000
D0538992;1174345200000
D0538993;1174345200000
D0538994;1174345200000
D0538995;1174345200000
D0538996;1174345200000
D0538997;1174345200000
D0538998;1174345200000
D0538999;1174345200000
D0539004;1174345200000
D0539003;1174345200000
D0539005;1174345200000
D0539000;1174345200000
D0539002;1174345200000
D0539001;1174345200000
D0539499;1174946400000
D0539498;1174946400000
D0539497;1174946400000
D0539501;1174946400000
D0539500;1174946400000
D0539503;1174946400000
D0539502;1174946400000
D0539504;1174946400000
D0539998;1175551200000
D0539999;1175551200000
D0540003;1175551200000
D0540002;1175551200000
D0540001;1175551200000
D0540000;1175551200000
D0540504;1176156000000
D0540503;1176156000000
D0540502;1176156000000
D0540501;1176156000000
D0540500;1176156000000
D0541001;1176760800000
D0541000;1176760800000
D0540541;1176760800000
D0540999;1176760800000
D0540998;1176760800000
D0540997;1176760800000
D0540996;1176760800000
D0540995;1176760800000
D0541504;1177365600000
D0541503;1177365600000
D0542000;1177970400000
D0542001;1177970400000
D0542002;1177970400000
D0542003;1177970400000
D0542004;1177970400000
D0542005;1177970400000
D0541999;1177970400000
D0542495;1178575200000
D0542496;1178575200000
D0542497;1178575200000
D0542498;1178575200000
D0542499;1178575200000
D0542500;1178575200000
D0542501;1178575200000
D0542502;1178575200000
D0542503;1178575200000
D0542504;1178575200000
D0542505;1178575200000
D0543000;1179180000000
D0543001;1179180000000
D0543002;1179180000000
D0543003;1179180000000
D0543004;1179180000000
D0542885;1179180000000
D0542993;1179180000000
D0542994;1179180000000
D0542995;1179180000000
D0542996;1179180000000
D0542997;1179180000000
D0542998;1179180000000
D0542999;1179180000000
D0542980;1179180000000
D0543330;1179784800000
D0543331;1179784800000
D0543332;1179784800000
D0543333;1179784800000
D0543334;1179784800000
D0543326;1179784800000
D0543327;1179784800000
D0543328;1179784800000
D0543329;1179784800000
D0543673;1180389600000
D0543674;1180389600000
D0543675;1180389600000
D0543723;1180994400000
D0544170;1180994400000
D0544172;1180994400000
D0544171;1180994400000
D0544174;1180994400000
D0544173;1180994400000
D0544175;1180994400000
D0544167;1180994400000
D0544166;1180994400000
D0544169;1180994400000
D0544168;1180994400000
D0544671;1181599200000
D0544673;1181599200000
D0544672;1181599200000
D0544675;1181599200000
D0544674;1181599200000
D0545023;1182204000000
D0545025;1182204000000
D0545024;1182204000000
D0545374;1182808800000
D0545522;1182808800000
D0545521;1182808800000
D0545524;1182808800000
D0545523;1182808800000
D0546015;1183413600000
D0546014;1183413600000
D0546017;1183413600000
D0546016;1183413600000
D0546019;1183413600000
D0546018;1183413600000
D0546020;1183413600000
D0546022;1183413600000
D0546021;1183413600000
D0546023;1183413600000
D0546521;1184018400000
D0546520;1184018400000
D0546523;1184018400000
D0546522;1184018400000
D0546524;1184018400000
D0547020;1184623200000
D0547021;1184623200000
D0547024;1184623200000
D0547022;1184623200000
D0547023;1184623200000
D0547019;1184623200000
D0547520;1185228000000
D0547523;1185228000000
D0547524;1185228000000
D0547521;1185228000000
D0547522;1185228000000
D0547525;1185228000000
D0547516;1185228000000
D0547517;1185228000000
D0547515;1185228000000
D0547518;1185228000000
D0547519;1185228000000
D0547920;1185832800000
D0547923;1185832800000
D0547921;1185832800000
D0547922;1185832800000
D0547917;1185832800000
D0547918;1185832800000
D0547919;1185832800000
D0547805;1185832800000
D0548421;1186437600000
D0548422;1186437600000
D0548420;1186437600000
D0548425;1186437600000
D0548423;1186437600000
D0548424;1186437600000
D0548419;1186437600000
D0548917;1187042400000
D0548918;1187042400000
D0548915;1187042400000
D0548916;1187042400000
D0548919;1187042400000
D0548920;1187042400000
D0548921;1187042400000
D0548924;1187042400000
D0548922;1187042400000
D0548923;1187042400000
D0549409;1187647200000
D0549423;1187647200000
D0549422;1187647200000
D0549421;1187647200000
D0549420;1187647200000
D0549419;1187647200000
D0549418;1187647200000
D0549922;1188252000000
D0549921;1188252000000
D0549920;1188252000000
D0549919;1188252000000
D0549918;1188252000000
D0549917;1188252000000
D0549916;1188252000000
D0550421;1188856800000
D0550420;1188856800000
D0550423;1188856800000
D0550422;1188856800000
D0550425;1188856800000
D0550424;1188856800000
D0550419;1188856800000
D0550919;1189461600000
D0550918;1189461600000
D0550917;1189461600000
D0550925;1189461600000
D0550922;1189461600000
D0550921;1189461600000
D0550924;1189461600000
D0550923;1189461600000
D0550920;1189461600000
D0551420;1190066400000
D0551422;1190066400000
D0551421;1190066400000
D0551424;1190066400000
D0551423;1190066400000
D0551417;1190066400000
D0551416;1190066400000
D0551419;1190066400000
D0551418;1190066400000
D0551415;1190066400000
D0551414;1190066400000
D0551824;1190671200000
D0551823;1190671200000
D0551822;1190671200000
D0551821;1190671200000
D0551895;1191276000000
D0552323;1191276000000
D0552324;1191276000000
D0552321;1191276000000
D0552322;1191276000000
D0552320;1191276000000
D0552325;1191276000000
D0552319;1191276000000
D0552824;1191880800000
D0552825;1191880800000
D0552822;1191880800000
D0552823;1191880800000
D0552821;1191880800000
D0552351;1191880800000
D0553324;1192485600000
D0553325;1192485600000
D0553322;1192485600000
D0553323;1192485600000
D0553320;1192485600000
D0553321;1192485600000
D0553825;1193090400000
D0553823;1193090400000
D0553824;1193090400000
D0553821;1193090400000
D0553822;1193090400000
D0554319;1193698800000
D0554324;1193698800000
D0554323;1193698800000
D0554322;1193698800000
D0554321;1193698800000
D0554320;1193698800000
D0554821;1194303600000
D0554825;1194303600000
D0554824;1194303600000
D0554823;1194303600000
D0554822;1194303600000
D0555325;1194908400000
D0555324;1194908400000
D0555323;1194908400000
D0555322;1194908400000
D0555321;1194908400000
D0555320;1194908400000
D0555319;1194908400000
D0555318;1194908400000
D0555317;1194908400000
D0555874;1195513200000
D0555873;1195513200000
D0555872;1195513200000
D0555871;1195513200000
D0555870;1195513200000
D0555866;1195513200000
D0555865;1195513200000
D0555864;1195513200000
D0555863;1195513200000
D0555862;1195513200000
D0555861;1195513200000
D0555869;1195513200000
D0555868;1195513200000
D0555867;1195513200000
D0556417;1196118000000
D0556418;1196118000000
D0556419;1196118000000
D0556411;1196118000000
D0556412;1196118000000
D0556413;1196118000000
D0556414;1196118000000
D0556415;1196118000000
D0556416;1196118000000
D0556420;1196118000000
D0556421;1196118000000
D0556422;1196118000000
D0556423;1196118000000
D0556424;1196118000000
D0556425;1196118000000
D0556970;1196722800000
D0556971;1196722800000
D0556972;1196722800000
D0557473;1197327600000
D0557474;1197327600000
D0557475;1197327600000
D0557176;1197327600000
D0557869;1197932400000
D0557868;1197932400000
D0557870;1197932400000
D0557871;1197932400000
D0557872;1197932400000
D0557873;1197932400000
D0557874;1197932400000
07309070;1197932400000
D0558421;1198537200000
D0558422;1198537200000
D0558423;1198537200000
D0558424;1198537200000
D0558950;1199142000000
D0558948;1199142000000
D0558947;1199142000000
D0558949;1199142000000
D0559493;1199746800000
D0559495;1199746800000
D0559494;1199746800000
D0559497;1199746800000
D0559496;1199746800000
D0559499;1199746800000
D0559498;1199746800000
07318569;1200351600000
D0560050;1200351600000
D0560049;1200351600000
D0560324;1200956400000
D0560874;1201561200000
D0560873;1201561200000
D0560872;1201561200000
D0560871;1201561200000
D0560870;1201561200000
D0561424;1202166000000
D0561423;1202166000000
D0561422;1202166000000
D0561421;1202166000000
D0561420;1202166000000
D0561969;1202770800000
D0561968;1202770800000
D0561967;1202770800000
D0561966;1202770800000
D0561965;1202770800000
D0561974;1202770800000
D0561973;1202770800000
D0561972;1202770800000
D0561971;1202770800000
D0561970;1202770800000
D0562522;1203375600000
D0562523;1203375600000
D0562524;1203375600000
D0562525;1203375600000
D0562520;1203375600000
D0562521;1203375600000
D0563071;1203980400000
D0563072;1203980400000
D0563073;1203980400000
D0563074;1203980400000
D0562642;1203980400000
D0563622;1204585200000
D0563623;1204585200000
D0563624;1204585200000
D0563620;1204585200000
D0563621;1204585200000
07338113;1204585200000
D0564175;1205190000000
D0564172;1205190000000
D0564171;1205190000000
D0564174;1205190000000
D0564173;1205190000000
D0564170;1205190000000
D0564169;1205190000000
D0564168;1205190000000
D0564723;1205794800000
D0564722;1205794800000
D0564725;1205794800000
D0564724;1205794800000
D0565271;1206399600000
D0565270;1206399600000
D0565269;1206399600000
D0565268;1206399600000
D0565823;1207000800000
D0565825;1207000800000
D0565824;1207000800000
D0566375;1207605600000
D0566373;1207605600000
D0566374;1207605600000
D0566371;1207605600000
D0566372;1207605600000
D0566370;1207605600000
D0566368;1207605600000
D0566369;1207605600000
D0566366;1207605600000
D0566367;1207605600000
D0566364;1207605600000
D0566365;1207605600000
D0566363;1207605600000
D0566132;1207605600000
D0566924;1208210400000
D0566925;1208210400000
D0566922;1208210400000
D0566923;1208210400000
D0566920;1208210400000
D0566921;1208210400000
D0567473;1208815200000
D0567474;1208815200000
D0567471;1208815200000
D0567472;1208815200000
D0567470;1208815200000
D0567468;1208815200000
D0567469;1208815200000
D0567466;1208815200000
D0567467;1208815200000
D0567464;1208815200000
D0567465;1208815200000
D0568025;1209420000000
D0568024;1209420000000
D0568023;1209420000000
D0568022;1209420000000
07367570;1210024800000
D0568575;1210024800000
D0568574;1210024800000
D0568573;1210024800000
D0568572;1210024800000
D0568571;1210024800000
D0568570;1210024800000
D0568569;1210024800000
D0568568;1210024800000
D0569071;1210629600000
D0569070;1210629600000
D0569069;1210629600000
D0569569;1211234400000
D0569574;1211234400000
D0569573;1211234400000
D0569572;1211234400000
D0569571;1211234400000
D0569570;1211234400000
D0570065;1211839200000
D0570064;1211839200000
D0570067;1211839200000
D0570066;1211839200000
D0570069;1211839200000
D0570068;1211839200000
D0570072;1211839200000
D0570071;1211839200000
D0570070;1211839200000
D0570571;1212444000000
D0570573;1212444000000
D0570572;1212444000000
D0570575;1212444000000
D0570574;1212444000000
D0571073;1213048800000
D0571072;1213048800000
D0571074;1213048800000
D0571071;1213048800000
D0571070;1213048800000
D0571519;1213653600000
D0571518;1213653600000
D0571522;1213653600000
D0571520;1213653600000
D0571521;1213653600000
D0571970;1214258400000
D0571973;1214258400000
D0571974;1214258400000
D0571971;1214258400000
D0571972;1214258400000
D0572424;1214863200000
D0572423;1214863200000
D0572875;1215468000000
D0573322;1216072800000
D0573323;1216072800000
D0573324;1216072800000
D0573325;1216072800000
D0573766;1216677600000
D0573767;1216677600000
D0573768;1216677600000
D0573769;1216677600000
D0573770;1216677600000
D0573773;1216677600000
D0573774;1216677600000
D0573771;1216677600000
D0573772;1216677600000
D0573775;1216677600000
D0574122;1217282400000
D0574121;1217282400000
D0574120;1217282400000
D0574123;1217282400000
D0574119;1217282400000
D0574118;1217282400000
D0574222;1217887200000
D0574499;1217887200000
D0574569;1217887200000
D0574573;1217887200000
D0574572;1217887200000
D0574571;1217887200000
D0574570;1217887200000
D0574574;1217887200000
D0575024;1218492000000
D0575023;1218492000000
D0575022;1218492000000
D0575021;1218492000000
D0575025;1218492000000
D0575020;1218492000000
D0575473;1219096800000
D0575472;1219096800000
D0575471;1219096800000
D0575470;1219096800000
D0575919;1219701600000
D0575923;1219701600000
D0575922;1219701600000
D0575921;1219701600000
D0575920;1219701600000
D0575924;1219701600000
D0576084;1220306400000
D0576374;1220306400000
D0576375;1220306400000
D0576371;1220306400000
D0576372;1220306400000
D0576373;1220306400000
D0576774;1220911200000
D0576775;1220911200000
D0577173;1221516000000
D0577174;1221516000000
D0577175;1221516000000
D0577170;1221516000000
D0577171;1221516000000
D0577172;1221516000000
D0576920;1221516000000
D0577475;1222120800000
D0577874;1222725600000
D0577875;1222725600000
D0578267;1223330400000
D0578266;1223330400000
D0578269;1223330400000
D0578268;1223330400000
D0578265;1223330400000
D0578274;1223330400000
D0578273;1223330400000
D0578270;1223330400000
D0578272;1223330400000
D0578271;1223330400000
D0578722;1223935200000
D0578721;1223935200000
D0578724;1223935200000
D0578723;1223935200000
D0579169;1224540000000
D0579168;1224540000000
D0579167;1224540000000
D0579166;1224540000000
D0579170;1224540000000
D0579171;1224540000000
D0578935;1224540000000
D0579617;1225148400000
D0579619;1225148400000
D0579618;1225148400000
D0579624;1225148400000
D0579623;1225148400000
D0579620;1225148400000
D0579622;1225148400000
D0579621;1225148400000
D0580124;1225753200000
D0580123;1225753200000
D0580122;1225753200000
D0580121;1225753200000
D0580120;1225753200000
D0580613;1226358000000
D0580619;1226358000000
D0580618;1226358000000
D0580617;1226358000000
D0580616;1226358000000
D0580615;1226358000000
D0580614;1226358000000
D0580621;1226358000000
D0580620;1226358000000
D0581123;1226962800000
D0581124;1226962800000
D0581125;1226962800000
D0581122;1226962800000
D0581418;1227567600000
D0581622;1227567600000
D0581623;1227567600000
D0581624;1227567600000
D0582124;1228172400000
D0582121;1228172400000
D0582122;1228172400000
D0582123;1228172400000
D0582621;1228777200000
D0582622;1228777200000
D0582623;1228777200000
D0582624;1228777200000
D0582625;1228777200000
D0583120;1229382000000
D0583121;1229382000000
D0583122;1229382000000
D0583123;1229382000000
D0583124;1229382000000
D0583522;1229986800000
D0583524;1229986800000
D0583523;1229986800000
D0584019;1230591600000
D0584024;1230591600000
D0584023;1230591600000
D0584025;1230591600000
D0584468;1231196400000
D0584467;1231196400000
D0584469;1231196400000
D0584471;1231196400000
D0584470;1231196400000
D0584473;1231196400000
D0584472;1231196400000
D0584474;1231196400000
D0584413;1231196400000
D0584874;1231801200000
D0584873;1231801200000
D0584872;1231801200000
D0584821;1231801200000
D0585175;1232406000000
D0585174;1232406000000
D0585171;1232406000000
D0585173;1232406000000
D0585172;1232406000000
D0585335;1233010800000
D0585619;1233010800000
D0585618;1233010800000
D0585623;1233010800000
D0585622;1233010800000
D0585624;1233010800000
D0585621;1233010800000
D0585620;1233010800000
D0586067;1233615600000
D0586068;1233615600000
D0586065;1233615600000
D0586066;1233615600000
D0586069;1233615600000
D0586063;1233615600000
D0586064;1233615600000
D0586062;1233615600000
D0586070;1233615600000
D0586071;1233615600000
D0586074;1233615600000
D0586075;1233615600000
D0586072;1233615600000
D0586073;1233615600000
D0586264;1234220400000
D0586524;1234220400000
D0586522;1234220400000
D0586523;1234220400000
D0586520;1234220400000
D0586521;1234220400000
D0586973;1234825200000
D0586974;1234825200000
D0586971;1234825200000
D0586972;1234825200000
D0587420;1235430000000
D0587421;1235430000000
D0587424;1235430000000
D0587425;1235430000000
D0587422;1235430000000
D0587423;1235430000000
D0587875;1236034800000
D0587874;1236034800000
D0588323;1236639600000
D0588322;1236639600000
D0588321;1236639600000
D0588320;1236639600000
D0588325;1236639600000
D0588324;1236639600000
D0588774;1237244400000
D0588773;1237244400000
D0588772;1237244400000
D0588775;1237244400000
D0589224;1237849200000
D0589669;1238450400000
D0589674;1238450400000
D0589673;1238450400000
D0589672;1238450400000
D0589671;1238450400000
D0589670;1238450400000
D0589852;1239055200000
D0590119;1239055200000
D0590120;1239055200000
D0590122;1239055200000
D0590121;1239055200000
D0590124;1239055200000
D0590123;1239055200000
D0590571;1239660000000
D0590570;1239660000000
D0590573;1239660000000
D0590572;1239660000000
D0590566;1239660000000
D0590565;1239660000000
D0590568;1239660000000
D0590567;1239660000000
D0590564;1239660000000
D0590569;1239660000000
D0591021;1240264800000
D0591022;1240264800000
D0591023;1240264800000
D0591024;1240264800000
D0591472;1240869600000
D0591473;1240869600000
D0591470;1240869600000
D0591471;1240869600000
D0591474;1240869600000
D0591475;1240869600000
D0591924;1241474400000
D0591923;1241474400000
D0592374;1242079200000
D0592375;1242079200000
D0592372;1242079200000
D0592373;1242079200000
D0592822;1242684000000
D0592823;1242684000000
D0592820;1242684000000
D0592821;1242684000000
D0592824;1242684000000
D0593274;1243288800000
D0593273;1243288800000
D0593272;1243288800000
D0593271;1243288800000
D0593724;1243893600000
D0593723;1243893600000
D0593722;1243893600000
D0593721;1243893600000
D0594171;1244498400000
D0594170;1244498400000
D0594175;1244498400000
D0594174;1244498400000
D0594173;1244498400000
D0594172;1244498400000
D0594168;1244498400000
D0594167;1244498400000
D0594169;1244498400000
D0593796;1244498400000
D0594619;1245103200000
D0594624;1245103200000
D0594623;1245103200000
D0594622;1245103200000
D0594621;1245103200000
D0594620;1245103200000
D0595024;1245708000000
D0595023;1245708000000
D0595469;1246312800000
D0595468;1246312800000
D0595467;1246312800000
D0595474;1246312800000
D0595473;1246312800000
D0595472;1246312800000
D0595471;1246312800000
D0595470;1246312800000
D0595920;1246917600000
D0595921;1246917600000
D0595922;1246917600000
D0595923;1246917600000
D0595915;1246917600000
D0595916;1246917600000
D0595917;1246917600000
D0595918;1246917600000
D0595919;1246917600000
D0596372;1247522400000
D0596370;1247522400000
D0596371;1247522400000
D0596363;1247522400000
D0596364;1247522400000
D0596365;1247522400000
D0596366;1247522400000
D0596367;1247522400000
D0596368;1247522400000
D0596369;1247522400000
D0596820;1248127200000
D0596821;1248127200000
D0596822;1248127200000
D0596823;1248127200000
D0596824;1248127200000
D0596825;1248127200000
D0596819;1248127200000
D0596408;1248127200000
D0597105;1248732000000
D0597274;1248732000000
D0597273;1248732000000
D0597720;1249336800000
D0597721;1249336800000
D0597722;1249336800000
D0597723;1249336800000
D0597724;1249336800000
D0597725;1249336800000
D0598023;1249941600000
D0598174;1249941600000
D0598621;1250546400000
D0598623;1250546400000
D0598622;1250546400000
D0598624;1250546400000
D0599075;1251151200000
D0599074;1251151200000
D0599523;1251756000000
D0599522;1251756000000
D0599524;1251756000000
D0599970;1252360800000
D0599972;1252360800000
D0599971;1252360800000
D0599974;1252360800000
D0599973;1252360800000
D0599975;1252360800000
D0600423;1252965600000
D0600422;1252965600000
D0600425;1252965600000
D0600424;1252965600000
D0600741;1253570400000
D0600874;1253570400000
D0600873;1253570400000
D0600872;1253570400000
D0600875;1253570400000
D0601174;1254175200000
D0601322;1254175200000
D0601323;1254175200000
D0601324;1254175200000
D0601325;1254175200000
D0601321;1254175200000
D0601466;1254780000000
D0601773;1254780000000
D0601774;1254780000000
D0601770;1254780000000
D0601771;1254780000000
D0601772;1254780000000
D0602224;1255384800000
D0602221;1255384800000
D0602222;1255384800000
D0602223;1255384800000
D0602675;1255989600000
D0602671;1255989600000
D0602672;1255989600000
D0602673;1255989600000
D0602674;1255989600000
D0602670;1255989600000
D0602668;1255989600000
D0602669;1255989600000
D0602667;1255989600000
D0603123;1256598000000
D0603122;1256598000000
D0603121;1256598000000
D0603120;1256598000000
D0603119;1256598000000
D0603118;1256598000000
D0603574;1257202800000
D0603573;1257202800000
D0603575;1257202800000
D0603572;1257202800000
D0604019;1257807600000
D0604025;1257807600000
D0604024;1257807600000
D0604021;1257807600000
D0604020;1257807600000
D0604023;1257807600000
D0604022;1257807600000
D0604475;1258412400000
D0604472;1258412400000
D0604474;1258412400000
D0604473;1258412400000
D0604924;1259017200000
D0604923;1259017200000
D0604922;1259017200000
D0604921;1259017200000
D0604510;1259017200000
D0605372;1259622000000
D0605374;1259622000000
D0605373;1259622000000
D0605375;1259622000000
D0605825;1260226800000
D0605823;1260226800000
D0605824;1260226800000
D0605822;1260226800000
D0606273;1260831600000
D0606274;1260831600000
D0606271;1260831600000
D0606272;1260831600000
07635133;1261436400000
D0606725;1261436400000
D0606723;1261436400000
D0606724;1261436400000
D0606721;1261436400000
D0606722;1261436400000
D0606565;1261436400000
D0607173;1262041200000
D0607174;1262041200000
D0607171;1262041200000
D0607172;1262041200000
D0607625;1262646000000
D0608075;1263250800000
D0608074;1263250800000
D0608073;1263250800000
D0608072;1263250800000
D0608071;1263250800000
D0608070;1263250800000
D0608069;1263250800000
D0608519;1263855600000
D0608518;1263855600000
D0608517;1263855600000
D0608516;1263855600000
D0608523;1263855600000
D0608522;1263855600000
D0608521;1263855600000
D0608520;1263855600000
D0608973;1264460400000
D0608972;1264460400000
D0608971;1264460400000
D0608970;1264460400000
D0608969;1264460400000
D0608968;1264460400000
D0608967;1264460400000
D0608966;1264460400000
D0608964;1264460400000
D0609425;1265065200000
D0609424;1265065200000
D0609423;1265065200000
D0609422;1265065200000
D0609873;1265670000000
D0609872;1265670000000
D0609774;1265670000000
D0610323;1266274800000
D0610322;1266274800000
D0610325;1266274800000
D0610324;1266274800000
D0610491;1266879600000
D0610772;1266879600000
D0610771;1266879600000
D0610773;1266879600000
D0610770;1266879600000
D0610767;1266879600000
D0610766;1266879600000
D0610769;1266879600000
D0610768;1266879600000
D0611220;1267484400000
D0611217;1267484400000
D0611218;1267484400000
D0611216;1267484400000
D0611219;1267484400000
D0611393;1268089200000
D0611394;1268089200000
D0611673;1268089200000
D0611671;1268089200000
D0611672;1268089200000
D0611670;1268089200000
D0612124;1268694000000
D0612122;1268694000000
D0612123;1268694000000
D0612121;1268694000000
D0612570;1269298800000
D0612566;1269298800000
D0612567;1269298800000
D0612564;1269298800000
D0612565;1269298800000
D0612568;1269298800000
D0612569;1269298800000
D0612562;1269298800000
D0612563;1269298800000
D0612560;1269298800000
D0612561;1269298800000
D0613018;1269900000000
D0613019;1269900000000
D0613021;1269900000000
D0613020;1269900000000
D0613025;1269900000000
D0613024;1269900000000
D0613023;1269900000000
D0613022;1269900000000
D0613474;1270504800000
D0613924;1271109600000
D0613923;1271109600000
D0613925;1271109600000
D0613504;1271109600000
D0615273;1272924000000
D0615268;1272924000000
D0615269;1272924000000
D0615270;1272924000000
D0615271;1272924000000
D0615272;1272924000000
D0615725;1273528800000
D0615721;1273528800000
D0615722;1273528800000
D0615723;1273528800000
D0615724;1273528800000
D0616169;1274133600000
D0616171;1274133600000
D0616172;1274133600000
D0616173;1274133600000
D0616170;1274133600000
07717662;1274133600000
D0616551;1274738400000
D0616623;1274738400000
D0616620;1274738400000
D0616622;1274738400000
D0617073;1275343200000
D0617074;1275343200000
D0617070;1275343200000
D0617071;1275343200000
D0617072;1275343200000
D0617176;1275948000000
D0617522;1275948000000
D0617521;1275948000000
D0617520;1275948000000
D0617519;1275948000000
D0617515;1275948000000
D0617972;1276552800000
D0617971;1276552800000
D0617970;1276552800000
D0617969;1276552800000
D0617968;1276552800000
D0618423;1277157600000
D0618420;1277157600000
D0618422;1277157600000
D0618421;1277157600000
D0618417;1277157600000
D0618416;1277157600000
D0618419;1277157600000
D0618418;1277157600000
D0618415;1277157600000
D0619325;1278367200000
D0619322;1278367200000
D0619321;1278367200000
D0619324;1278367200000
D0619323;1278367200000
D0619320;1278367200000
D0620221;1279576800000
D0620220;1279576800000
D0620219;1279576800000
D0620218;1279576800000
D0620670;1280181600000
D0620673;1280181600000
D0620672;1280181600000
D0620671;1280181600000
D0620669;1280181600000
D0620668;1280181600000
D0620667;1280181600000
D0620666;1280181600000
D0620665;1280181600000
D0620664;1280181600000
D0621122;1280786400000
D0621120;1280786400000
D0621121;1280786400000
D0621119;1280786400000
D0621117;1280786400000
D0621118;1280786400000
D0621568;1281391200000
D0621569;1281391200000
D0622020;1281996000000
D0622021;1281996000000
D0622328;1282600800000
D0622470;1282600800000
D0622471;1282600800000
D0622472;1282600800000
D0622923;1283205600000
D0622924;1283205600000
D0622567;1283205600000
D0623374;1283810400000
D0623820;1284415200000
D0623822;1284415200000
D0623821;1284415200000
D0623817;1284415200000
D0623819;1284415200000
D0623818;1284415200000
D0624270;1285020000000
D0624269;1285020000000
D0624268;1285020000000
D0624267;1285020000000
D0624272;1285020000000
D0624271;1285020000000
D0624273;1285020000000
RE041712;1285020000000
D0624722;1285624800000
D0624724;1285624800000
D0624723;1285624800000
D0624725;1285624800000
D0625074;1286229600000
D0625072;1286229600000
D0625073;1286229600000
D0625070;1286229600000
D0625071;1286229600000
D0625065;1286229600000
D0625066;1286229600000
D0625069;1286229600000
D0625067;1286229600000
D0625068;1286229600000
D0625483;1286834400000
D0625484;1286834400000
D0625894;1287439200000
D0625895;1287439200000
D0625893;1287439200000
RE041854;1288044000000
D0626305;1288044000000
D0626303;1288044000000
D0626304;1288044000000
D0626355;1288652400000
D0626712;1288652400000
D0626713;1288652400000
D0626714;1288652400000
D0627123;1289257200000
D0627122;1289257200000
D0627124;1289257200000
D0627535;1289862000000
D0627534;1289862000000
D0627533;1289862000000
D0627945;1290466800000
D0627944;1290466800000
D0628267;1291071600000
D0628266;1291071600000
D0628269;1291071600000
D0628268;1291071600000
D0628355;1291071600000
D0628354;1291071600000
D0628353;1291071600000
D0628674;1291676400000
D0628673;1291676400000
D0628762;1291676400000
D0628761;1291676400000
D0628760;1291676400000
D0628759;1291676400000
D0628758;1291676400000
D0629172;1292281200000
D0629174;1292281200000
D0629173;1292281200000
D0629580;1292886000000
D0629581;1292886000000
D0629582;1292886000000
D0629583;1292886000000
D0629579;1292886000000
D0629995;1293490800000
D0629992;1293490800000
D0629993;1293490800000
D0629994;1293490800000
