id;ts;originality
05512877;-2040163761000;1.0
04090011;-173581200000;1.0
03889601;-149562000000;1.0
04131053;-136947600000;1.0
05456156;-135651600000;1.0
04051763;-128826000000;1.0
05149910;-120531600000;1.0
04194431;-110250000000;1.0
04179979;-83552400000;1.0
03859892;-25318800000;1.0
04104062;-12186000000;1.0
03884839;40604400000;1.0
03962976;51145200000;1.0
03977294;53046000000;1.0
03866242;88988400000;1.0
04025369;96505200000;1.0
03895162;98665200000;1.0
03871282;104367600000;1.0
03866235;105836400000;1.0
03867239;108601200000;1.0
03858531;112230000000;1.0
03901124;112402800000;1.0
03979054;112575600000;1.0
03921541;112834800000;1.0
03871284;112834800000;1.0
03871283;112921200000;1.0
03871281;114994800000;1.0
03895150;117068400000;1.0
03930452;117241200000;1.0
03924546;117327600000;1.0
03872804;117673200000;1.0
03880345;119487600000;1.0
03968482;122252400000;1.0
03874855;122684400000;1.0
03983672;122684400000;1.0
04100860;123116400000;1.0
03882324;124930800000;1.0
03898729;128905200000;1.0
03871197;129250800000;1.0
03888557;131238000000;1.0
03970010;132966000000;1.0
03908942;136076400000;1.0
03899983;136767600000;1.0
03901167;139705200000;1.0
03897901;140050800000;1.0
03924038;140223600000;1.0
03915103;141260400000;1.0
03957173;141433200000;1.0
06688241;141519600000;1.0
04079161;142815600000;1.0
03916804;143074800000;1.0
04112818;143420400000;1.0
03918371;144025200000;1.0
03947837;145062000000;1.0
03964577;145494000000;1.0
03942598;146098800000;1.0
03927792;146962800000;1.0
04067267;151542000000;1.0
04111097;152233200000;1.0
04030427;152319600000;1.0
04092934;154738800000;1.0
03994243;154911600000;1.0
03965827;155170800000;1.0
03963145;155516400000;1.0
03990069;155862000000;1.0
03990063;155862000000;1.0
03913087;158194800000;1.0
03942435;158194800000;1.0
03956997;158454000000;1.0
03991688;159058800000;1.0
03993006;160009200000;1.0
04005662;164588400000;1.0
03999493;166057200000;1.0
03974961;167007600000;1.0
03945329;169686000000;1.0
04030426;170031600000;1.0
04060039;171068400000;1.0
04022137;172105200000;1.0
04040365;175993200000;1.0
03995566;178930800000;1.0
04029370;180918000000;1.0
04059059;180918000000;1.0
04063519;183164400000;1.0
04028476;183164400000;1.0
04043279;186793200000;1.0
05811712;188002800000;1.0
04085687;190249200000;1.0
04048926;190249200000;1.0
04061249;191458800000;1.0
04024986;192150000000;1.0
04049864;192927600000;1.0
04018361;193359600000;1.0
04074637;197848800000;1.0
04061093;198108000000;1.0
04027601;198712800000;1.0
04028772;199317600000;1.0
04084519;199404000000;1.0
04060040;199663200000;1.0
04063520;199663200000;1.0
04083314;200181600000;1.0
04075798;200527200000;1.0
04051790;201391200000;1.0
04068780;202600800000;1.0
04038523;202687200000;1.0
04099593;203551200000;1.0
04069773;203810400000;1.0
04062303;204415200000;1.0
04035792;204501600000;1.0
04034685;209167200000;1.0
04084520;210549600000;1.0
04030258;213922800000;1.0
04073554;214441200000;1.0
04088082;222044400000;1.0
04122783;223081200000;1.0
04179723;223858800000;1.0
04080908;224118000000;1.0
04118691;224982000000;1.0
04084149;226537200000;1.0
04118692;228438000000;1.0
04082047;228952800000;1.0
04084518;228952800000;1.0
04144682;229903200000;1.0
04070074;230767200000;1.0
04117785;230940000000;1.0
04154429;231026400000;1.0
04119269;231026400000;1.0
04153970;231976800000;1.0
04104974;232840800000;1.0
04098199;233359200000;1.0
04162592;233964000000;1.0
04123978;234396000000;1.0
04323000;234655200000;1.0
04164179;236556000000;1.0
04154430;237765600000;1.0
04167087;238975200000;1.0
04133074;239407200000;1.0
04099808;239839200000;1.0
04121523;241308000000;1.0
04178859;241740000000;1.0
04202279;242863200000;1.0
04129123;244422000000;1.0
04149474;244854000000;1.0
04158337;244854000000;1.0
04158338;245026800000;1.0
04132446;245631600000;1.0
04174711;245890800000;1.0
04130238;245890800000;1.0
04113332;246063600000;1.0
04145978;246668400000;1.0
04161125;247705200000;1.0
04148265;248396400000;1.0
04108087;249692400000;1.0
04194453;250383600000;1.0
04164907;251679600000;1.0
04187758;252630000000;1.0
04170947;253148400000;1.0
04165553;255135600000;1.0
04228425;255567600000;1.0
04237799;255654000000;1.0
04169970;256172400000;1.0
04193353;256172400000;1.0
04234875;257986800000;1.0
04155608;258332400000;1.0
04176440;259801200000;1.0
04232798;259974000000;1.0
04251009;260402400000;1.0
04273478;260661600000;1.0
04180183;261007200000;1.0
04170848;261007200000;1.0
04186648;262821600000;1.0
04158999;263426400000;1.0
04211039;264204000000;1.0
04172424;265845600000;1.0
04249469;267055200000;1.0
04157071;270856800000;1.0
04190003;272239200000;1.0
04228746;272671200000;1.0
04176610;274399200000;1.0
04250671;275263200000;1.0
04190004;275263200000;1.0
04186977;277513200000;1.0
04348966;277599600000;1.0
04198454;278290800000;1.0
04232309;279414000000;1.0
04245546;281142000000;1.0
04292882;281574000000;1.0
04442781;281660400000;1.0
04195579;282178800000;1.0
04258632;283474800000;1.0
04228788;284598000000;1.0
04235491;284770800000;1.0
04227735;285462000000;1.0
04227757;285980400000;1.0
04224861;286585200000;1.0
04285530;286671600000;1.0
04318354;287017200000;1.0
04289207;287017200000;1.0
04232613;287103600000;1.0
04226194;287622000000;1.0
04232474;287967600000;1.0
04266372;288399600000;1.0
04217833;289695600000;1.0
04278033;289782000000;1.0
04283097;290646000000;1.0
04249684;290905200000;1.0
04260137;291250800000;1.0
04284014;291596400000;1.0
04272137;291938400000;1.0
04236463;295480800000;1.0
04294380;296085600000;1.0
04262607;296085600000;1.0
04245566;299455200000;1.0
04244303;301096800000;1.0
04263365;302392800000;1.0
04245567;304207200000;1.0
04233913;304207200000;1.0
04281320;305848800000;1.0
04325309;306367200000;1.0
04244302;306453600000;1.0
04295297;306972000000;1.0
04389947;306972000000;1.0
04326468;306972000000;1.0
04248342;306972000000;1.0
04294040;307580400000;1.0
04347796;307926000000;1.0
04280414;310345200000;1.0
04244304;310690800000;1.0
04308804;310863600000;1.0
04245684;313023600000;1.0
04275667;313196400000;1.0
04296617;313628400000;1.0
04381716;313714800000;1.0
04286526;313801200000;1.0
04301631;314233200000;1.0
04604607;315097200000;1.0
04308803;316306800000;1.0
04299176;316652400000;1.0
04303286;317862000000;1.0
04299175;319158000000;1.0
04303021;319158000000;1.0
04316286;321231600000;1.0
04368660;321577200000;1.0
04355562;321663600000;1.0
04266488;322873200000;1.0
04364300;323305200000;1.0
04312277;323478000000;1.0
04366997;326066400000;1.0
04333282;326325600000;1.0
04304188;326930400000;1.0
04369717;328226400000;1.0
04341165;328399200000;1.0
04343574;329004000000;1.0
04701125;329436000000;1.0
04561362;330127200000;1.0
04363279;330300000000;1.0
04370935;332373600000;1.0
04442780;332978400000;1.0
04395861;334274400000;1.0
04351247;335397600000;1.0
04664041;336002400000;1.0
04341166;336002400000;1.0
04375869;337212000000;1.0
04391204;337298400000;1.0
04348967;338680800000;1.0
04377977;339030000000;1.0
04327651;339030000000;1.0
04357882;339721200000;1.0
04438704;343004400000;1.0
04423687;343350000000;1.0
04373450;343868400000;1.0
04388874;344041200000;1.0
04404916;346287600000;1.0
04370934;348102000000;1.0
04408546;348102000000;1.0
04362112;349052400000;1.0
04393789;349311600000;1.0
04523527;349484400000;1.0
04393788;349657200000;1.0
04419939;351212400000;1.0
04391203;351990000000;1.0
04372225;352681200000;1.0
04380201;353026800000;1.0
04422386;354150000000;1.0
04385469;357170400000;1.0
04412495;358034400000;1.0
04446797;358380000000;1.0
04408545;358984800000;1.0
04393790;360972000000;1.0
04425853;362354400000;1.0
04523528;363823200000;1.0
04380316;363909600000;1.0
04389948;364168800000;1.0
04438606;365378400000;1.0
04387534;366242400000;1.0
04399755;366501600000;1.0
04367684;366501600000;1.0
04417527;366847200000;1.0
04401037;368143200000;1.0
04418628;368143200000;1.0
04478350;369007200000;1.0
04463685;370216800000;1.0
04429639;371084400000;1.0
04382255;371775600000;1.0
04513670;372380400000;1.0
04428307;373244400000;1.0
04405057;373590000000;1.0
04481888;375318000000;1.0
04407204;375490800000;1.0
04800823;379638000000;1.0
04461222;380329200000;1.0
04389194;380415600000;1.0
04423826;381020400000;1.0
04470356;382057200000;1.0
04454824;382662000000;1.0
04475308;383785200000;1.0
04398470;384735600000;1.0
04446798;385945200000;1.0
04466357;386200800000;1.0
04475465;388620000000;1.0
04479112;390607200000;1.0
04524904;392248800000;1.0
04586441;392335200000;1.0
04426935;393631200000;1.0
04457240;393804000000;1.0
04489663;396741600000;1.0
04455801;396741600000;1.0
04452390;396828000000;1.0
04510200;399506400000;1.0
04481887;399592800000;1.0
04432285;400716000000;1.0
04489662;401061600000;1.0
04538527;401493600000;1.0
04435243;401666400000;1.0
04532870;401929200000;1.0
04493454;401929200000;1.0
04462317;402102000000;1.0
04461221;402188400000;1.0
04559880;402188400000;1.0
04483255;402188400000;1.0
04483273;405558000000;1.0
04546863;408150000000;1.0
04492430;410569200000;1.0
04470357;411606000000;1.0
04534192;411778800000;1.0
04501203;414284400000;1.0
04573416;414889200000;1.0
04500013;415839600000;1.0
04529640;418600800000;1.0
04566237;418600800000;1.0
04528916;419464800000;1.0
04530189;420069600000;1.0
04540106;420933600000;1.0
04510381;420933600000;1.0
04520736;421020000000;1.0
04512263;421020000000;1.0
04493268;421365600000;1.0
04474116;421970400000;1.0
04593627;422661600000;1.0
04480177;422748000000;1.0
04552075;423352800000;1.0
04517901;424476000000;1.0
04573396;424648800000;1.0
04467920;425167200000;1.0
04509350;425512800000;1.0
04497261;425512800000;1.0
04508260;425772000000;1.0
04625468;426204000000;1.0
04646067;426722400000;1.0
04550667;427932000000;1.0
04543872;429141600000;1.0
04529118;429487200000;1.0
04529119;429487200000;1.0
04559881;430092000000;1.0
04567100;430351200000;1.0
04505208;430524000000;1.0
04470518;432770400000;1.0
04686804;434156400000;1.0
04607579;435279600000;1.0
04557073;436143600000;1.0
04534131;436402800000;1.0
04615280;436575600000;1.0
04557352;437007600000;1.0
04665794;437266800000;1.0
04557201;437612400000;1.0
04505972;437612400000;1.0
04597340;437871600000;1.0
04548330;438217200000;1.0
04558650;439081200000;1.0
04509676;440722800000;1.0
04600250;440982000000;1.0
04555991;442105200000;1.0
04631872;442191600000;1.0
04548353;443055600000;1.0
04562706;444870000000;1.0
04641507;444870000000;1.0
04579214;445474800000;1.0
04557072;447375600000;1.0
04598647;448239600000;1.0
04671189;449100000000;1.0
04884679;449964000000;1.0
04704970;450309600000;1.0
04608318;451000800000;1.0
04577562;451087200000;1.0
04628827;452124000000;1.0
04573332;452988000000;1.0
04576495;452988000000;1.0
04621845;453333600000;1.0
04726206;453420000000;1.0
04622456;453506400000;1.0
04608932;454284000000;1.0
04606281;454629600000;1.0
04640200;455752800000;1.0
04545286;456012000000;1.0
04542848;456098400000;1.0
04625658;456098400000;1.0
04603643;456962400000;1.0
04541545;457135200000;1.0
04688493;457221600000;1.0
04577563;458344800000;1.0
04630411;459036000000;1.0
04530183;460159200000;1.0
04757742;462060000000;1.0
04569294;462405600000;1.0
04674416;463269600000;1.0
04773338;465692400000;1.0
04643106;466383600000;1.0
04557416;466642800000;1.0
04651544;466729200000;1.0
04589709;466815600000;1.0
04632041;466988400000;1.0
04612864;467593200000;1.0
04736603;468198000000;1.0
04741275;470271600000;1.0
04597330;470444400000;1.0
04714030;470876400000;1.0
04626616;471654000000;1.0
04824624;472086000000;1.0
04621559;473468400000;1.0
04574454;474505200000;1.0
04704943;475455600000;1.0
04646659;476319600000;1.0
04642952;476924400000;1.0
04643107;476924400000;1.0
04645876;476924400000;1.0
04594290;477702000000;1.0
04570548;477702000000;1.0
04649833;478393200000;1.0
04652862;478825200000;1.0
04632511;479343600000;1.0
04755011;480294000000;1.0
04655391;480553200000;1.0
04669394;480639600000;1.0
04655368;480726000000;1.0
04637326;480898800000;1.0
04659008;482104800000;1.0
04686912;482364000000;1.0
04696239;482623200000;1.0
04616776;482968800000;1.0
04726474;483660000000;1.0
04646616;484178400000;1.0
04638746;485042400000;1.0
04766420;487548000000;1.0
04662288;488152800000;1.0
04648327;489016800000;1.0
04645613;490226400000;1.0
04748914;490917600000;1.0
04628826;491176800000;1.0
04656954;492127200000;1.0
04637325;492213600000;1.0
04625659;493250400000;1.0
04615281;493855200000;1.0
04648550;494028000000;1.0
04709659;496882800000;1.0
04660334;497055600000;1.0
04674394;498265200000;1.0
04660706;498697200000;1.0
04669393;499906800000;1.0
04628192;500770800000;1.0
04666035;501894000000;1.0
04655145;502326000000;1.0
04695171;502498800000;1.0
04679415;503017200000;1.0
04610806;503190000000;1.0
04712489;503276400000;1.0
04665839;503276400000;1.0
04662289;503794800000;1.0
04615158;504486000000;1.0
04681044;504486000000;1.0
04692744;505004400000;1.0
04721227;505090800000;1.0
04712393;506214000000;1.0
04696240;506214000000;1.0
04722435;506300400000;1.0
04685402;506732400000;1.0
04714029;506818800000;1.0
04669239;508546800000;1.0
04662287;509065200000;1.0
04716810;509583600000;1.0
04683691;509583600000;1.0
04718356;509670000000;1.0
04712490;509842800000;1.0
04715297;509842800000;1.0
04649832;512002800000;1.0
04686911;512949600000;1.0
04677798;513813600000;1.0
04731507;514418400000;1.0
04735289;516232800000;1.0
04696426;517788000000;1.0
04720987;518047200000;1.0
05014629;518997600000;1.0
04683734;519516000000;1.0
04754715;519861600000;1.0
04727789;519948000000;1.0
04683741;521676000000;1.0
04731819;522280800000;1.0
04683732;522280800000;1.0
04690073;522453600000;1.0
04729614;525996000000;1.0
04751885;526860000000;1.0
04772079;528069600000;1.0
04741276;528332400000;1.0
04729327;528591600000;1.0
04732803;529023600000;1.0
04800822;529196400000;1.0
04729326;529887600000;1.0
04694668;530492400000;1.0
04684035;532220400000;1.0
04720154;532738800000;1.0
04688492;533170800000;1.0
04729444;533516400000;1.0
04735155;533516400000;1.0
04724774;533775600000;1.0
04704880;534380400000;1.0
04785743;535244400000;1.0
04748790;535590000000;1.0
04765254;536281200000;1.0
04822657;537058800000;1.0
04741277;538095600000;1.0
04748915;538182000000;1.0
04718259;539218800000;1.0
04859541;539305200000;1.0
04804877;539823600000;1.0
04776138;539823600000;1.0
04818974;539910000000;1.0
04836084;540774000000;1.0
04953683;541119600000;1.0
04741244;541378800000;1.0
04799435;541810800000;1.0
04772877;543106800000;1.0
04722285;543711600000;1.0
04747354;544053600000;1.0
04824495;545004000000;1.0
04873810;547768800000;1.0
04856437;549583200000;1.0
04796542;550879200000;1.0
04879957;550879200000;1.0
04813334;551311200000;1.0
04706577;551397600000;1.0
04806168;552002400000;1.0
04731964;552002400000;1.0
04826264;552088800000;1.0
04843947;552607200000;1.0
04781101;553730400000;1.0
04838052;553989600000;1.0
04842923;554335200000;1.0
04819866;554508000000;1.0
04838480;555285600000;1.0
04782735;555717600000;1.0
04821538;557704800000;1.0
04768021;558914400000;1.0
04821652;559173600000;1.0
04895008;559173600000;1.0
04744310;560041200000;1.0
04890766;560559600000;1.0
04854570;560559600000;1.0
04854247;561596400000;1.0
04841752;562287600000;1.0
04831939;562806000000;1.0
04819570;563497200000;1.0
04754629;563497200000;1.0
04881448;564706800000;1.0
04870909;564793200000;1.0
04893397;564793200000;1.0
04807315;564966000000;1.0
04961368;565570800000;1.0
04799436;565570800000;1.0
04848211;565916400000;1.0
04901622;565916400000;1.0
04867077;565916400000;1.0
04895063;565916400000;1.0
04876941;567903600000;1.0
04836079;568854000000;1.0
04856436;570063600000;1.0
04815998;570150000000;1.0
04841692;570409200000;1.0
04850287;572828400000;1.0
04852503;572828400000;1.0
04857119;573174000000;1.0
04919037;573174000000;1.0
04903573;573433200000;1.0
04813475;573692400000;1.0
04853676;575074800000;1.0
04875948;576453600000;1.0
04989493;578872800000;1.0
04852502;579477600000;1.0
04854248;580600800000;1.0
04843761;581810400000;1.0
04893569;582242400000;1.0
04879165;582760800000;1.0
04896613;584748000000;1.0
04884514;585957600000;1.0
04926761;589759200000;1.0
04867076;590104800000;1.0
04848246;590882400000;1.0
04942831;590968800000;1.0
04922837;591922800000;1.0
04890466;592009200000;1.0
04878314;592009200000;1.0
04898104;593132400000;1.0
04949651;593996400000;1.0
04955166;595551600000;1.0
05031548;596156400000;1.0
04928468;597279600000;1.0
04917022;598143600000;1.0
04911087;598489200000;1.0
04951577;600476400000;1.0
05200256;601513200000;1.0
05206451;602722800000;1.0
05115613;602722800000;1.0
04958976;603673200000;1.0
05016546;603673200000;1.0
04947764;605919600000;1.0
04911061;606524400000;1.0
04896473;608162400000;1.0
04972763;608853600000;1.0
04975012;609026400000;1.0
04947765;609458400000;1.0
04981086;611186400000;1.0
04938154;611359200000;1.0
04962710;611445600000;1.0
05071032;612741600000;1.0
04901651;613000800000;1.0
05044252;613260000000;1.0
04901053;613864800000;1.0
04972175;613864800000;1.0
04909052;613951200000;1.0
04947766;613951200000;1.0
05083515;614210400000;1.0
04992310;614815200000;1.0
04919058;615160800000;1.0
04918900;615160800000;1.0
04942954;615592800000;1.0
05056017;617839200000;1.0
04972784;621468000000;1.0
04972176;621813600000;1.0
05004286;622072800000;1.0
04981067;622072800000;1.0
05361678;622332000000;1.0
04969597;622332000000;1.0
05111394;622418400000;1.0
04926762;623977200000;1.0
04953374;623977200000;1.0
05007244;624063600000;1.0
05012455;624063600000;1.0
05014593;624668400000;1.0
04987836;626050800000;1.0
04989520;626482800000;1.0
04997176;626482800000;1.0
05188040;628210800000;1.0
05009088;628729200000;1.0
04998424;628988400000;1.0
04957034;629679600000;1.0
05012075;630630000000;1.0
05007326;632444400000;1.0
05052730;633308400000;1.0
05050507;635468400000;1.0
04983053;635468400000;1.0
05025707;637801200000;1.0
05049704;639784800000;1.0
05036779;640821600000;1.0
05072554;641167200000;1.0
05035187;641512800000;1.0
05059949;642290400000;1.0
05020450;643327200000;1.0
05066079;643932000000;1.0
05048244;644709600000;1.0
05105968;646264800000;1.0
05056342;646264800000;1.0
05072211;646956000000;1.0
05056155;648943200000;1.0
05050363;650498400000;1.0
05007183;653608800000;1.0
05133123;653695200000;1.0
05272954;654472800000;1.0
05060582;655945200000;1.0
05097454;657327600000;1.0
05142997;657327600000;1.0
05094483;657414000000;1.0
05134943;658537200000;1.0
05105714;658623600000;1.0
05088776;658710000000;1.0
05196252;658969200000;1.0
05221807;660265200000;1.0
05069358;662857200000;1.0
05067755;663202800000;1.0
05058966;663548400000;1.0
05129501;663807600000;1.0
05049854;664671600000;1.0
05152231;665190000000;1.0
05060583;665622000000;1.0
05299862;665708400000;1.0
05187316;665881200000;1.0
05210985;666572400000;1.0
05165768;667436400000;1.0
05156030;667522800000;1.0
05131797;669510000000;1.0
05209395;674949600000;1.0
05406896;675554400000;1.0
05070764;676159200000;1.0
05191166;676504800000;1.0
05129330;677368800000;1.0
05161396;678319200000;1.0
05360129;678492000000;1.0
05131314;678924000000;1.0
05172643;679183200000;1.0
05194039;679788000000;1.0
05156272;680306400000;1.0
05222445;680738400000;1.0
05346066;681084000000;1.0
05164718;682120800000;1.0
05124208;682120800000;1.0
05114772;682207200000;1.0
05208085;682552800000;1.0
05199361;682552800000;1.0
05179901;683416800000;1.0
05137212;684108000000;1.0
05201906;684367200000;1.0
05109779;684626400000;1.0
05111755;685144800000;1.0
05235920;686962800000;1.0
05291003;687135600000;1.0
05170907;689986800000;1.0
05249831;691628400000;1.0
05195448;691628400000;1.0
05284101;692578800000;1.0
05231935;694134000000;1.0
05245846;694306800000;1.0
05249534;694911600000;1.0
05241703;695257200000;1.0
05196828;695343600000;1.0
05396041;697417200000;1.0
05205224;698022000000;1.0
05193467;698626800000;1.0
05305695;698626800000;1.0
05229204;699231600000;1.0
05182541;699231600000;1.0
05328170;700182000000;1.0
05325084;702684000000;1.0
05230230;704930400000;1.0
05384992;705103200000;1.0
05317888;706831200000;1.0
05257584;707522400000;1.0
05388433;708213600000;1.0
05216965;708559200000;1.0
05257583;708732000000;1.0
05289785;708818400000;1.0
05224430;708818400000;1.0
05285734;711237600000;1.0
05301618;712965600000;1.0
05311166;714088800000;1.0
05293807;714607200000;1.0
05282612;714866400000;1.0
05280755;715557600000;1.0
05257581;715557600000;1.0
05209168;716680800000;1.0
05299511;717721200000;1.0
05329865;720399600000;1.0
05386788;721522800000;1.0
05389919;722127600000;1.0
05377602;722127600000;1.0
05364679;722214000000;1.0
05329864;722214000000;1.0
05400722;722646000000;1.0
05333532;723250800000;1.0
05293806;723423600000;1.0
05257582;724028400000;1.0
05318147;724633200000;1.0
05375505;730594800000;1.0
05293990;730681200000;1.0
05469796;731026800000;1.0
05350338;732150000000;1.0
05342034;735861600000;1.0
05379704;736380000000;1.0
05435255;737330400000;1.0
05568124;737848800000;1.0
05308058;738280800000;1.0
05615624;739663200000;1.0
05295447;740181600000;1.0
05471905;741564000000;1.0
05370034;741564000000;1.0
05435256;741909600000;1.0
05435641;741996000000;1.0
05421238;743637600000;1.0
05390580;743896800000;1.0
05488914;746229600000;1.0
05390729;746316000000;1.0
05454332;748044000000;1.0
05440999;748044000000;1.0
05372076;748648800000;1.0
05375737;749257200000;1.0
05619932;749343600000;1.0
05483905;749775600000;1.0
05471906;750639600000;1.0
05448938;750898800000;1.0
05370035;750985200000;1.0
05410896;751244400000;1.0
05408783;752886000000;1.0
05341752;753058800000;1.0
05595129;753490800000;1.0
05528998;753577200000;1.0
05412962;754786800000;1.0
05402703;755910000000;1.0
05490468;756342000000;1.0
05392686;756946800000;1.0
05488913;756946800000;1.0
05503088;756946800000;1.0
05377514;759106800000;1.0
05427036;759538800000;1.0
05385225;760834800000;1.0
05552766;761439600000;1.0
05513580;762390000000;1.0
05526615;764805600000;1.0
05511494;764805600000;1.0
05452641;765669600000;1.0
05464200;766360800000;1.0
05504325;767484000000;1.0
05544595;768088800000;1.0
05554816;768780000000;1.0
05465090;769989600000;1.0
05677668;771199200000;1.0
05615625;774568800000;1.0
05463929;774655200000;1.0
05460020;774741600000;1.0
05531500;776037600000;1.0
05600923;776296800000;1.0
05628258;780271200000;1.0
05448223;780706800000;1.0
05413026;780879600000;1.0
05590609;780879600000;1.0
05438908;780879600000;1.0
05747159;784767600000;1.0
05615622;785718000000;1.0
05499568;787186800000;1.0
05655461;787446000000;1.0
05598792;789606000000;1.0
05586934;790556400000;1.0
05822936;790556400000;1.0
05636579;791161200000;1.0
05596934;791593200000;1.0
05588317;792284400000;1.0
05485143;793321200000;1.0
05558027;793494000000;1.0
05692446;793839600000;1.0
05539379;794185200000;1.0
05622121;794703600000;1.0
05655462;794703600000;1.0
05537938;795826800000;1.0
05617799;796341600000;1.0
05563364;796600800000;1.0
05794466;801439200000;1.0
05611288;802130400000;1.0
05598142;802735200000;1.0
05542211;802908000000;1.0
05595081;803599200000;1.0
05637824;803772000000;1.0
05619821;804117600000;1.0
05594193;804376800000;1.0
05774058;806191200000;1.0
05740744;806709600000;1.0
05611178;807487200000;1.0
05769006;808610400000;1.0
05502294;808610400000;1.0
05896762;808696800000;1.0
05655338;808783200000;1.0
05836510;810252000000;1.0
05619872;810252000000;1.0
05738020;810856800000;1.0
05660021;811288800000;1.0
05725081;813798000000;1.0
05553552;816217200000;1.0
05590608;816735600000;1.0
05654518;818204400000;1.0
05603194;818290800000;1.0
05607102;818636400000;1.0
05615623;819327600000;1.0
05722332;820105200000;1.0
05769257;820796400000;1.0
05730009;821919600000;1.0
05671984;822265200000;1.0
05651595;824166000000;1.0
05784973;826585200000;1.0
05857418;826758000000;1.0
05792974;827103600000;1.0
05730015;827190000000;1.0
05813174;827967600000;1.0
05645396;830383200000;1.0
05732878;833925600000;1.0
05694867;834184800000;1.0
05598793;834962400000;1.0
05664997;835135200000;1.0
05979339;835567200000;1.0
05947038;835567200000;1.0
05850966;837468000000;1.0
05767435;837727200000;1.0
05816174;838245600000;1.0
05787819;838677600000;1.0
05685239;840492000000;1.0
05763813;841010400000;1.0
05701828;842652000000;1.0
05732510;843688800000;1.0
06079216;843775200000;1.0
05718398;844120800000;1.0
05758819;844639200000;1.0
05769011;844898400000;1.0
05775235;845589600000;1.0
05778805;846194400000;1.0
05709159;847407600000;1.0
05758522;847753200000;1.0
05844480;848444400000;1.0
05850796;848617200000;1.0
05921191;848876400000;1.0
05764133;849481200000;1.0
05870910;849481200000;1.0
05787820;850086000000;1.0
05732638;850690800000;1.0
05740635;850950000000;1.0
05746140;852159600000;1.0
05796335;852850800000;1.0
05799589;853282800000;1.0
05890439;853801200000;1.0
05775149;853801200000;1.0
05679918;854924400000;1.0
06386662;854924400000;1.0
05992094;855615600000;1.0
05796330;856220400000;1.0
05778708;856393200000;1.0
05878529;856911600000;1.0
05860268;857430000000;1.0
06363867;857689200000;1.0
05711231;857689200000;1.0
06348866;857948400000;1.0
05794547;858553200000;1.0
05905446;859158000000;1.0
05768921;861314400000;1.0
05841056;861573600000;1.0
05806439;861746400000;1.0
05857417;862264800000;1.0
05857730;862783200000;1.0
06029482;863128800000;1.0
05934115;864684000000;1.0
05860371;864943200000;1.0
06012048;864943200000;1.0
05853235;864943200000;1.0
05897625;864943200000;1.0
05850052;866671200000;1.0
05802991;866757600000;1.0
05836256;867794400000;1.0
05808228;868485600000;1.0
05990789;869695200000;1.0
05897054;870904800000;1.0
06006681;872719200000;1.0
05890440;873151200000;1.0
05946954;873237600000;1.0
05970889;873324000000;1.0
05936544;875570400000;1.0
06006558;876780000000;1.0
05915802;878598000000;1.0
06053018;878857200000;1.0
05983578;879894000000;1.0
06000348;879980400000;1.0
05901589;881794800000;1.0
05970888;883436400000;1.0
06262843;883522800000;1.0
06047998;886460400000;1.0
05884989;886633200000;1.0
06044777;886978800000;1.0
05881915;887842800000;1.0
05934776;888188400000;1.0
06109523;889398000000;1.0
06014594;889570800000;1.0
05918554;889657200000;1.0
05939658;890866800000;1.0
05942973;891208800000;1.0
06019237;891813600000;1.0
05984171;891900000000;1.0
05987941;893800800000;1.0
05881978;894319200000;1.0
06000347;894837600000;1.0
05953866;897256800000;1.0
05931104;898466400000;1.0
05971515;898466400000;1.0
05952920;899071200000;1.0
06552850;899157600000;1.0
06164219;900367200000;1.0
06215397;900626400000;1.0
06024027;902440800000;1.0
06129029;903650400000;1.0
06082272;904687200000;1.0
06119411;905205600000;1.0
06065408;905205600000;1.0
06386121;906328800000;1.0
06237793;906674400000;1.0
06042001;908229600000;1.0
06113268;909007200000;1.0
06025779;911343600000;1.0
05970890;912466800000;1.0
07428873;914281200000;1.0
06259366;915750000000;1.0
06415557;917305200000;1.0
06319479;919897200000;1.0
06178897;919897200000;1.0
06289261;920847600000;1.0
06089168;921538800000;1.0
06044776;921711600000;1.0
06082157;921711600000;1.0
06151841;922057200000;1.0
06298607;922744800000;1.0
06295767;922917600000;1.0
06240858;925423200000;1.0
06523374;925855200000;1.0
06076303;926632800000;1.0
06164181;927756000000;1.0
06131524;929656800000;1.0
06135034;930780000000;1.0
06161738;931730400000;1.0
06279359;931816800000;1.0
06085671;932335200000;1.0
06378769;933890400000;1.0
06302325;933890400000;1.0
06293207;933890400000;1.0
06418863;934754400000;1.0
06158833;937000800000;1.0
06363760;937346400000;1.0
06385919;938642400000;1.0
06092272;938728800000;1.0
06328775;939679200000;1.0
06568336;939679200000;1.0
06266930;939938400000;1.0
06219959;941670000000;1.0
06298603;942188400000;1.0
06308644;942793200000;1.0
06374757;944089200000;1.0
06474248;944780400000;1.0
06280826;945212400000;1.0
06510804;945903600000;1.0
06330816;946508400000;1.0
06543371;946940400000;1.0
07063374;949878000000;1.0
06655302;951174000000;1.0
06292101;951692400000;1.0
06257154;951692400000;1.0
06401427;953161200000;1.0
06273007;953161200000;1.0
06393776;953852400000;1.0
06537654;955490400000;1.0
06296079;956008800000;1.0
06412890;956786400000;1.0
06334278;956872800000;1.0
06892653;957909600000;1.0
06701854;958082400000;1.0
06371846;958514400000;1.0
06546882;959292000000;1.0
06453828;961106400000;1.0
06422158;961538400000;1.0
06895873;963266400000;1.0
06438906;963871200000;1.0
06425311;965167200000;1.0
06474213;965772000000;1.0
06490893;965944800000;1.0
06457277;967154400000;1.0
06366203;968191200000;1.0
06361883;969919200000;1.0
06658903;970005600000;1.0
06734783;970696800000;1.0
06412231;974415600000;1.0
06564726;974847600000;1.0
06467603;975452400000;1.0
06394007;975625200000;1.0
06971207;976230000000;1.0
06247415;977180400000;1.0
06474247;977353200000;1.0
06435363;979254000000;1.0
06691601;980290800000;1.0
06515587;980722800000;1.0
06472984;980809200000;1.0
06419132;981414000000;1.0
06536348;981500400000;1.0
06959949;981673200000;1.0
06540601;981673200000;1.0
06598546;981932400000;1.0
06749053;982796400000;1.0
06668736;986767200000;1.0
06591765;987112800000;1.0
06601497;988063200000;1.0
06581424;988668000000;1.0
06553922;990568800000;1.0
06497186;991864800000;1.0
06539674;992296800000;1.0
06712011;994284000000;1.0
06752092;995234400000;1.0
06732664;997135200000;1.0
06386122;997653600000;1.0
06789363;997999200000;1.0
07059599;998949600000;1.0
06546881;999036000000;1.0
06401994;999208800000;1.0
06513444;1000159200000;1.0
06644073;1000677600000;1.0
06708811;1004047200000;1.0
06679087;1004310000000;1.0
07182027;1004914800000;1.0
06789860;1004914800000;1.0
06541124;1005606000000;1.0
06736473;1005865200000;1.0
06651876;1006210800000;1.0
06862970;1006210800000;1.0
06588655;1006210800000;1.0
06484650;1007593200000;1.0
06474599;1008025200000;1.0
06705136;1008284400000;1.0
07103266;1009407600000;1.0
06588348;1010098800000;1.0
06786519;1010358000000;1.0
06604390;1011826800000;1.0
06871601;1011913200000;1.0
06725786;1012950000000;1.0
06571677;1013122800000;1.0
06595606;1014937200000;1.0
06826996;1015801200000;1.0
06865993;1018216800000;1.0
07091834;1018562400000;1.0
06637353;1021327200000;1.0
07028621;1022018400000;1.0
07236085;1024351200000;1.0
07134243;1024956000000;1.0
06749076;1025042400000;1.0
07121215;1025647200000;1.0
06827967;1025820000000;1.0
06799524;1026079200000;1.0
07694872;1026684000000;1.0
06748879;1028757600000;1.0
06724304;1030485600000;1.0
07051559;1031004000000;1.0
06907811;1031954400000;1.0
06739551;1032818400000;1.0
06989732;1034114400000;1.0
06995103;1034632800000;1.0
06824134;1034632800000;1.0
07281477;1034805600000;1.0
06845640;1036537200000;1.0
06729167;1038524400000;1.0
06854921;1039129200000;1.0
07044331;1039734000000;1.0
06901779;1043881200000;1.0
07628112;1044399600000;1.0
06843184;1045782000000;1.0
06971322;1047596400000;1.0
07246562;1054159200000;1.0
06907830;1054245600000;1.0
06725603;1055109600000;1.0
07526640;1056924000000;1.0
06817481;1056924000000;1.0
07100520;1057615200000;1.0
06865977;1057788000000;1.0
06871602;1058306400000;1.0
06921990;1058738400000;1.0
06976619;1061848800000;1.0
06843081;1062540000000;1.0
06883441;1063144800000;1.0
07116224;1065564000000;1.0
07404363;1065564000000;1.0
06848372;1067209200000;1.0
06978724;1067554800000;1.0
07007585;1067814000000;1.0
07174692;1067986800000;1.0
06923127;1069801200000;1.0
07067031;1070406000000;1.0
07415800;1070924400000;1.0
07165767;1071442800000;1.0
07566484;1071615600000;1.0
07043946;1072220400000;1.0
06883440;1072825200000;1.0
06931977;1075244400000;1.0
07069836;1075762800000;1.0
07458305;1076022000000;1.0
07222712;1078700400000;1.0
06962285;1078873200000;1.0
07023339;1081807200000;1.0
07100406;1081893600000;1.0
06920835;1084399200000;1.0
07527663;1084917600000;1.0
07172111;1085608800000;1.0
07520205;1088632800000;1.0
07415806;1089237600000;1.0
07516832;1091656800000;1.0
07003991;1091743200000;1.0
07000550;1093471200000;1.0
07188569;1094162400000;1.0
07444946;1095112800000;1.0
07263272;1095804000000;1.0
07201312;1096408800000;1.0
07740931;1096840800000;1.0
07124675;1097704800000;1.0
07117700;1097791200000;1.0
07721389;1097791200000;1.0
07114760;1098741600000;1.0
07140608;1098914400000;1.0
07465500;1098914400000;1.0
07156297;1099954800000;1.0
07156298;1099954800000;1.0
07159767;1099954800000;1.0
07228360;1101250800000;1.0
07178370;1101682800000;1.0
07207279;1102028400000;1.0
07175067;1102287600000;1.0
07385507;1103238000000;1.0
07229071;1103497200000;1.0
07096801;1103756400000;1.0
07119682;1104361200000;1.0
07185802;1104706800000;1.0
07219609;1104793200000;1.0
07331270;1107471600000;1.0
07395766;1107558000000;1.0
07475805;1107903600000;1.0
07216576;1109286000000;1.0
07633390;1109804400000;1.0
07188570;1110236400000;1.0
07186176;1110322800000;1.0
07703241;1112652000000;1.0
07183903;1113343200000;1.0
07738672;1115330400000;1.0
07661228;1115330400000;1.0
07357304;1116280800000;1.0
07850164;1118008800000;1.0
07384355;1120600800000;1.0
07509903;1122415200000;1.0
07377424;1122588000000;1.0
07193503;1122588000000;1.0
07545639;1123106400000;1.0
07480816;1123106400000;1.0
07246471;1124143200000;1.0
07707950;1127253600000;1.0
07387076;1128290400000;1.0
07533801;1128376800000;1.0
07766148;1128895200000;1.0
07681484;1130886000000;1.0
07581483;1130886000000;1.0
07798048;1130886000000;1.0
07857198;1132873200000;1.0
07540490;1134342000000;1.0
07389910;1135292400000;1.0
07540483;1136242800000;1.0
07316345;1139180400000;1.0
07578103;1140735600000;1.0
07389615;1143068400000;1.0
07388485;1144101600000;1.0
07712407;1145224800000;1.0
07665405;1147212000000;1.0
07641102;1148940000000;1.0
07434427;1149199200000;1.0
07299667;1149199200000;1.0
07559218;1149717600000;1.0
07779766;1151013600000;1.0
07600620;1152828000000;1.0
07442949;1153692000000;1.0
07592907;1154556000000;1.0
07516709;1155074400000;1.0
07409915;1157493600000;1.0
07551873;1157925600000;1.0
07669443;1158271200000;1.0
07707951;1158703200000;1.0
07523693;1159308000000;1.0
07721660;1159308000000;1.0
07673481;1159394400000;1.0
07305858;1161727200000;1.0
07520207;1162249200000;1.0
07350470;1162854000000;1.0
07426841;1163718000000;1.0
07762175;1164841200000;1.0
07665397;1164927600000;1.0
07500422;1166396400000;1.0
07335903;1169593200000;1.0
07685921;1170111600000;1.0
07409790;1171321200000;1.0
07656292;1171580400000;1.0
07661375;1172185200000;1.0
07516631;1172530800000;1.0
07401482;1173826800000;1.0
07690159;1173999600000;1.0
07793828;1176674400000;1.0
07628113;1176847200000;1.0
07451977;1176933600000;1.0
07501573;1184536800000;1.0
07641106;1184796000000;1.0
07653979;1184882400000;1.0
07712408;1186696800000;1.0
07383980;1188943200000;1.0
07602605;1192140000000;1.0
07778527;1193698800000;1.0
07540175;1193785200000;1.0
07753256;1195513200000;1.0
07574967;1198105200000;1.0
07681422;1200006000000;1.0
07464570;1203980400000;1.0
07806037;1208383200000;1.0
07500595;1209074400000;1.0
07810717;1211752800000;1.0
07826220;1212357600000;1.0
07793600;1216764000000;1.0
07669704;1219442400000;1.0
07819048;1227135600000;1.0
07843689;1241560800000;1.0
07850065;1254175200000;1.0
07850076;1255471200000;1.0
07836555;1256857200000;1.0
