id;ts;originality
03947301;-662346000000;1.0
04112849;-659149200000;1.0
04140562;-554691600000;1.0
04099376;-457923600000;1.0
03956039;-440816400000;1.0
03884735;-424573200000;1.0
05679921;-358131600000;1.0
03960621;-333162000000;1.0
03967989;-320720400000;1.0
03878003;-295923600000;1.0
04482405;-295750800000;1.0
04001191;-290480400000;1.0
03970588;-284778000000;1.0
04001058;-278125200000;1.0
04012244;-276310800000;1.0
03932242;-273027600000;1.0
03956890;-262486800000;1.0
03947523;-260326800000;1.0
03965676;-260326800000;1.0
03971681;-250477200000;1.0
04187129;-240973200000;1.0
03894894;-238813200000;1.0
03995559;-237690000000;1.0
03951706;-236653200000;1.0
03870578;-234838800000;1.0
03993632;-232765200000;1.0
04001057;-229482000000;1.0
04122671;-226717200000;1.0
03968139;-226371600000;1.0
03894068;-219718800000;1.0
04016199;-213066000000;1.0
03968158;-212202000000;1.0
04001059;-208573200000;1.0
04023994;-199242000000;1.0
03880683;-193626000000;1.0
04026739;-192243600000;1.0
03886173;-189565200000;1.0
03933543;-188182800000;1.0
03861138;-187146000000;1.0
03902935;-186973200000;1.0
03907619;-186886800000;1.0
03883375;-186541200000;1.0
04376665;-184554000000;1.0
04226792;-183862800000;1.0
04011114;-180838800000;1.0
03968150;-180493200000;1.0
03921394;-179715600000;1.0
03925124;-179715600000;1.0
03944448;-179715600000;1.0
03968160;-179283600000;1.0
04124538;-176605200000;1.0
03876754;-175568400000;1.0
04041217;-174358800000;1.0
04088517;-168656400000;1.0
03890175;-168051600000;1.0
04070212;-161139600000;1.0
04186040;-160362000000;1.0
04100102;-149562000000;1.0
04053567;-148266000000;1.0
04042619;-147229200000;1.0
03865658;-145069200000;1.0
03865657;-145069200000;1.0
03862864;-143427600000;1.0
03865659;-143427600000;1.0
03876477;-135565200000;1.0
04206006;-135392400000;1.0
04002514;-134269200000;1.0
04002515;-132368400000;1.0
04286498;-127184400000;1.0
03989560;-126061200000;1.0
04090895;-125197200000;1.0
04165247;-122864400000;1.0
04118414;-118803600000;1.0
04128583;-118717200000;1.0
04011115;-112150800000;1.0
03957550;-104202000000;1.0
04221617;-102733200000;1.0
03909324;-98240400000;1.0
03929530;-98240400000;1.0
03883378;-98067600000;1.0
03954822;-89082000000;1.0
03954530;-89082000000;1.0
04092336;-86576400000;1.0
03884736;-86490000000;1.0
03897283;-82774800000;1.0
03876676;-81738000000;1.0
03868282;-81133200000;1.0
04307665;-80442000000;1.0
04047988;-79232400000;1.0
04029529;-78109200000;1.0
03875189;-78109200000;1.0
03914209;-78109200000;1.0
04047990;-76381200000;1.0
04053337;-74394000000;1.0
03948698;-73270800000;1.0
03867214;-72234000000;1.0
04219374;-69210000000;1.0
03958417;-67309200000;1.0
03883645;-65235600000;1.0
03943209;-62298000000;1.0
03904674;-58150800000;1.0
03873385;-57114000000;1.0
04097315;-56250000000;1.0
03867215;-55818000000;1.0
04172866;-55558800000;1.0
03864178;-55558800000;1.0
04108696;-55299600000;1.0
04318270;-54435600000;1.0
04298552;-52880400000;1.0
04098625;-52102800000;1.0
03907907;-51411600000;1.0
03898254;-51066000000;1.0
03982975;-49770000000;1.0
03985592;-49165200000;1.0
03869544;-48042000000;1.0
03861970;-47955600000;1.0
06227118;-46227600000;1.0
03981899;-45363600000;1.0
04080411;-43030800000;1.0
03939018;-40438800000;1.0
04062709;-40006800000;1.0
03917809;-39574800000;1.0
03898111;-34650000000;1.0
03883377;-34563600000;1.0
03890173;-34390800000;1.0
03890172;-34390800000;1.0
04241661;-33958800000;1.0
04337103;-33958800000;1.0
03984265;-33958800000;1.0
04000023;-33526800000;1.0
03860463;-33354000000;1.0
04161104;-32922000000;1.0
03919011;-30762000000;1.0
03865035;-30243600000;1.0
03878791;-30157200000;1.0
03962297;-25923600000;1.0
03991565;-25491600000;1.0
03955509;-24714000000;1.0
05223057;-24109200000;1.0
03984264;-23763600000;1.0
04406228;-21949200000;1.0
03953261;-17024400000;1.0
03878002;-16506000000;1.0
04298411;-14778000000;1.0
04111729;-12877200000;1.0
03867354;-12013200000;1.0
03873579;-11581200000;1.0
04190471;-11494800000;1.0
04038115;-7434000000;1.0
03926697;-6742800000;1.0
03954533;-5533200000;1.0
03953262;-3632400000;1.0
03881969;-3200400000;1.0
03977923;-2509200000;1.0
04115166;946800000;1.0
03860462;3366000000;1.0
03925122;3625200000;1.0
03960088;4834800000;1.0
04011265;6649200000;1.0
03986909;7081200000;1.0
03954527;7081200000;1.0
03914140;7599600000;1.0
03914206;7599600000;1.0
03874957;8290800000;1.0
04163681;8982000000;1.0
04050968;10191600000;1.0
04116131;11401200000;1.0
04141768;11833200000;1.0
03941626;15030000000;1.0
03951704;15634800000;1.0
03932241;16066800000;1.0
03953258;16066800000;1.0
04202668;16844400000;1.0
03914141;17622000000;1.0
03909322;18486000000;1.0
03872192;18831600000;1.0
04034675;19954800000;1.0
03953259;20991600000;1.0
03914142;20991600000;1.0
04243444;21855600000;1.0
04123303;22460400000;1.0
03898112;22892400000;1.0
03932353;23324400000;1.0
03882208;23497200000;1.0
03989776;24102000000;1.0
03931374;24274800000;1.0
03870577;24274800000;1.0
04324819;25225200000;1.0
03872158;26694000000;1.0
03872159;26694000000;1.0
03954528;26694000000;1.0
03919012;28249200000;1.0
03928546;29718000000;1.0
03959043;32655600000;1.0
03873617;33865200000;1.0
04101352;34815600000;1.0
04082584;35074800000;1.0
03883641;36025200000;1.0
03954526;36025200000;1.0
04026912;36802800000;1.0
03917496;37580400000;1.0
04055516;38617200000;1.0
03994757;42159600000;1.0
03867213;43369200000;1.0
03951703;45788400000;1.0
03873386;46911600000;1.0
04332632;47602800000;1.0
03976522;49330800000;1.0
03873626;49590000000;1.0
03862866;49935600000;1.0
04039360;53218800000;1.0
04023935;53737200000;1.0
03904715;57279600000;1.0
03996080;61686000000;1.0
04698106;61686000000;1.0
03957551;61772400000;1.0
03919013;62204400000;1.0
03994946;63241200000;1.0
04315830;64623600000;1.0
03993514;65314800000;1.0
04001287;67215600000;1.0
03878004;69289200000;1.0
03888707;69894000000;1.0
03878233;70498800000;1.0
04019934;70758000000;1.0
04042430;71708400000;1.0
03883374;73090800000;1.0
04185557;73263600000;1.0
03927103;73782000000;1.0
04193952;73782000000;1.0
03922311;74300400000;1.0
03864177;75682800000;1.0
03895098;76114800000;1.0
03891816;76546800000;1.0
03933542;77497200000;1.0
03882784;78966000000;1.0
03914139;85100400000;1.0
03873676;85618800000;1.0
03920494;86223600000;1.0
04133706;86914800000;1.0
04132740;86914800000;1.0
03922279;87001200000;1.0
03923804;87001200000;1.0
03923830;87001200000;1.0
03883644;88642800000;1.0
03898798;88902000000;1.0
04187781;90457200000;1.0
03862865;91839600000;1.0
03890168;91839600000;1.0
03878121;92530800000;1.0
03871875;93222000000;1.0
04202714;93654000000;1.0
03943820;93740400000;1.0
03892610;95295600000;1.0
04239073;96073200000;1.0
04025369;96505200000;1.0
03860677;97714800000;1.0
04013743;98319600000;1.0
03882037;99183600000;1.0
04157928;99788400000;1.0
03865660;100738800000;1.0
03897733;101343600000;1.0
04018635;102034800000;1.0
04124418;104022000000;1.0
03860678;104454000000;1.0
04120709;104540400000;1.0
03899375;104713200000;1.0
04166045;105145200000;1.0
03884734;105231600000;1.0
03883376;105577200000;1.0
03886007;105750000000;1.0
03890171;106182000000;1.0
03905846;106959600000;1.0
03932240;107996400000;1.0
03924405;108255600000;1.0
03963541;108774000000;1.0
03860477;108774000000;1.0
03909323;108860400000;1.0
03950196;108860400000;1.0
03954531;108860400000;1.0
03881968;109551600000;1.0
03986908;109810800000;1.0
04069365;109897200000;1.0
04040880;110070000000;1.0
03883373;110415600000;1.0
03886010;110674800000;1.0
03947300;111020400000;1.0
03948697;111193200000;1.0
03881420;111366000000;1.0
03989683;111884400000;1.0
03883542;112402800000;1.0
03869320;112575600000;1.0
04019933;112575600000;1.0
03979486;112575600000;1.0
03915768;113007600000;1.0
03936330;113612400000;1.0
03931040;113698800000;1.0
03950009;113785200000;1.0
04016018;114044400000;1.0
03863176;114044400000;1.0
03919015;114044400000;1.0
03895578;114130800000;1.0
04094710;114303600000;1.0
03902933;114303600000;1.0
03880595;114822000000;1.0
03953256;114822000000;1.0
03902934;114822000000;1.0
03904452;114994800000;1.0
03977922;115945200000;1.0
03953257;116204400000;1.0
03897285;116463600000;1.0
03901747;116463600000;1.0
03971729;116809200000;1.0
03897284;117154800000;1.0
03878396;117846000000;1.0
03923564;117932400000;1.0
03919014;118018800000;1.0
03956980;118364400000;1.0
03972856;118450800000;1.0
03937770;118450800000;1.0
03912561;118969200000;1.0
03964256;119055600000;1.0
03943208;119228400000;1.0
03962347;119574000000;1.0
03964255;119660400000;1.0
03910805;119660400000;1.0
03963542;119746800000;1.0
03886006;119746800000;1.0
03858392;120351600000;1.0
03945202;121302000000;1.0
03940297;121302000000;1.0
03895980;121474800000;1.0
03926696;121474800000;1.0
03873727;121561200000;1.0
03879504;121906800000;1.0
04478656;122079600000;1.0
03928964;122511600000;1.0
03959042;122684400000;1.0
03890174;123202800000;1.0
03881970;123289200000;1.0
03904451;123289200000;1.0
04239561;123375600000;1.0
03972967;123375600000;1.0
03925125;123980400000;1.0
03901152;123980400000;1.0
03879322;123980400000;1.0
04126497;124585200000;1.0
03886009;124585200000;1.0
03898076;124671600000;1.0
03954667;124671600000;1.0
03882324;124930800000;1.0
03882323;124930800000;1.0
03876478;125017200000;1.0
03903219;125017200000;1.0
03895979;125103600000;1.0
03972820;125190000000;1.0
03954532;125794800000;1.0
03980580;126313200000;1.0
04082583;127350000000;1.0
03983816;127522800000;1.0
03873517;127609200000;1.0
04119468;127695600000;1.0
03896865;127954800000;1.0
03965081;127954800000;1.0
03886008;127954800000;1.0
04011289;128041200000;1.0
03940258;128127600000;1.0
04152271;128559600000;1.0
03912560;128818800000;1.0
03974004;129164400000;1.0
03888177;130114800000;1.0
03920575;130633200000;1.0
03926698;130633200000;1.0
03998597;130978800000;1.0
04263070;131670000000;1.0
03930911;131670000000;1.0
03938440;132447600000;1.0
04168273;132447600000;1.0
03956038;132447600000;1.0
03930910;132793200000;1.0
03957548;132879600000;1.0
03968126;133138800000;1.0
04023352;133484400000;1.0
03943017;133484400000;1.0
03899374;133743600000;1.0
03989792;134002800000;1.0
03977924;134002800000;1.0
04192837;134175600000;1.0
03928514;134175600000;1.0
04025370;134262000000;1.0
04299636;134348400000;1.0
03986910;134953200000;1.0
03909497;134953200000;1.0
03946085;135385200000;1.0
05205983;137631600000;1.0
04776993;137718000000;1.0
04167428;137977200000;1.0
03902891;138236400000;1.0
04011117;138495600000;1.0
04000025;138927600000;1.0
04267132;138927600000;1.0
03957549;140396400000;1.0
03865656;140569200000;1.0
03919016;141001200000;1.0
03962349;141433200000;1.0
03937727;142210800000;1.0
03953192;142642800000;1.0
03914143;142729200000;1.0
03956040;143161200000;1.0
03891482;143334000000;1.0
04263071;143420400000;1.0
03998676;144284400000;1.0
03897237;144630000000;1.0
04013490;145494000000;1.0
04171232;145494000000;1.0
04078495;145753200000;1.0
03912562;146703600000;1.0
03962382;146790000000;1.0
03998749;147654000000;1.0
03960946;147999600000;1.0
03942445;148690800000;1.0
03972673;149122800000;1.0
03948245;149295600000;1.0
04424398;149295600000;1.0
03966853;149295600000;1.0
05042386;149468400000;1.0
03960087;150073200000;1.0
03925123;150678000000;1.0
03917767;151110000000;1.0
04000022;151196400000;1.0
03980510;152233200000;1.0
05192379;152924400000;1.0
03948699;153097200000;1.0
03948700;153097200000;1.0
03963545;153097200000;1.0
03965951;153097200000;1.0
04115167;153356400000;1.0
03976521;154134000000;1.0
03972291;154306800000;1.0
03985595;154911600000;1.0
03996079;155257200000;1.0
03940298;155516400000;1.0
04011116;155516400000;1.0
03923565;155775600000;1.0
04004415;155948400000;1.0
03976466;156466800000;1.0
03986906;156985200000;1.0
03980710;156985200000;1.0
03969167;157590000000;1.0
03977921;158194800000;1.0
04032375;159404400000;1.0
03995673;160873200000;1.0
03930844;160873200000;1.0
04053433;161996400000;1.0
04018637;162082800000;1.0
03960993;162687600000;1.0
03961106;163033200000;1.0
03967990;163033200000;1.0
03968723;163033200000;1.0
03993838;163033200000;1.0
03960083;163292400000;1.0
03986907;163378800000;1.0
04013596;163378800000;1.0
03962001;163638000000;1.0
03969067;163810800000;1.0
04115999;163897200000;1.0
04015355;163983600000;1.0
04214929;163983600000;1.0
03959044;164242800000;1.0
04013061;165020400000;1.0
04014655;165106800000;1.0
04022705;165106800000;1.0
03983818;165452400000;1.0
04283237;165711600000;1.0
04005876;166316400000;1.0
03941812;166316400000;1.0
04001060;166402800000;1.0
04033264;166834800000;1.0
04080177;166921200000;1.0
04080178;166921200000;1.0
04080179;166921200000;1.0
03980741;167266800000;1.0
04008108;167353200000;1.0
03996078;167526000000;1.0
03983149;167958000000;1.0
05074937;168735600000;1.0
04038112;169081200000;1.0
03951705;169254000000;1.0
04013491;169254000000;1.0
03991680;169340400000;1.0
04033799;169426800000;1.0
04064180;169426800000;1.0
03969166;169858800000;1.0
03953260;170031600000;1.0
04361450;170895600000;1.0
03959041;171068400000;1.0
04157648;171759600000;1.0
03985594;172105200000;1.0
04034676;172105200000;1.0
03966516;172278000000;1.0
03954529;172364400000;1.0
04060435;172882800000;1.0
04033502;172969200000;1.0
04001135;173401200000;1.0
04001136;173401200000;1.0
04008109;173401200000;1.0
04021362;173401200000;1.0
03993524;173401200000;1.0
04234363;173487600000;1.0
04078955;173574000000;1.0
04008110;173919600000;1.0
04014721;174265200000;1.0
04042431;174783600000;1.0
04045260;175129200000;1.0
04128443;175388400000;1.0
03985593;175734000000;1.0
04012384;175734000000;1.0
03969979;175820400000;1.0
04003771;176598000000;1.0
03980509;176598000000;1.0
04000021;177894000000;1.0
03963544;179017200000;1.0
03963543;179017200000;1.0
04142927;179017200000;1.0
04196026;179017200000;1.0
03981756;179449200000;1.0
04177227;179535600000;1.0
04023995;179622000000;1.0
04009060;179708400000;1.0
04078953;180140400000;1.0
03982930;180831600000;1.0
04053566;181263600000;1.0
04012246;182473200000;1.0
04000024;182732400000;1.0
04115168;182991600000;1.0
04014719;183250800000;1.0
04014720;183682800000;1.0
04021275;183769200000;1.0
04072546;184374000000;1.0
04130061;184374000000;1.0
04025591;184806000000;1.0
04031150;185151600000;1.0
04076563;185583600000;1.0
04050970;185756400000;1.0
03994756;186188400000;1.0
04056416;186620400000;1.0
04047987;187484400000;1.0
04207080;187484400000;1.0
04065332;187484400000;1.0
04048219;187570800000;1.0
04062897;187570800000;1.0
04120710;187916400000;1.0
04039361;187916400000;1.0
03979236;188002800000;1.0
04051207;189039600000;1.0
04065529;189644400000;1.0
04018676;190508400000;1.0
04040879;192063600000;1.0
04029530;192927600000;1.0
04059644;192927600000;1.0
04276100;193014000000;1.0
04077820;194569200000;1.0
04012245;195087600000;1.0
04063508;195174000000;1.0
04001291;195346800000;1.0
04024818;195778800000;1.0
04061512;196297200000;1.0
04006206;196642800000;1.0
04944816;196642800000;1.0
04057442;196898400000;1.0
04160062;196898400000;1.0
04033798;196898400000;1.0
04021514;196898400000;1.0
04028153;196898400000;1.0
04028152;196898400000;1.0
04011818;197157600000;1.0
04017342;197503200000;1.0
04106478;197848800000;1.0
04019932;198280800000;1.0
04026738;198712800000;1.0
04057441;198799200000;1.0
04018636;198799200000;1.0
04084992;198972000000;1.0
04032376;198972000000;1.0
04089715;198972000000;1.0
05092944;200268000000;1.0
04047989;201218400000;1.0
04102953;201823200000;1.0
04083726;202082400000;1.0
04073977;202428000000;1.0
04060434;203032800000;1.0
04135956;203205600000;1.0
04002681;203205600000;1.0
04426540;203205600000;1.0
04139404;203637600000;1.0
04078954;204501600000;1.0
04070213;204933600000;1.0
04113811;205452000000;1.0
04050347;205711200000;1.0
04038116;205970400000;1.0
04096004;206575200000;1.0
04032377;206575200000;1.0
04088518;206575200000;1.0
04156700;206748000000;1.0
04138282;206834400000;1.0
04045261;207784800000;1.0
04061511;207784800000;1.0
04063975;207784800000;1.0
04039640;208044000000;1.0
04043850;208130400000;1.0
04055449;208562400000;1.0
04062708;208735200000;1.0
04038374;208994400000;1.0
04092187;209167200000;1.0
04023996;209340000000;1.0
04038114;209340000000;1.0
04038113;209340000000;1.0
04028154;210376800000;1.0
04086286;210549600000;1.0
04405392;210549600000;1.0
04432819;210549600000;1.0
04098193;210981600000;1.0
04052943;211672800000;1.0
04055450;211759200000;1.0
04120920;212018400000;1.0
04084995;212018400000;1.0
04032374;212191200000;1.0
04084993;212364000000;1.0
04031172;212713200000;1.0
04050969;212799600000;1.0
04124368;212972400000;1.0
04107275;213922800000;1.0
04108965;214182000000;1.0
04113775;214182000000;1.0
04152406;214614000000;1.0
04085123;214700400000;1.0
04057509;215132400000;1.0
04100000;215132400000;1.0
04075246;215391600000;1.0
04071467;215650800000;1.0
04080902;215910000000;1.0
04076562;215996400000;1.0
04110135;216514800000;1.0
04357856;216601200000;1.0
04098626;216860400000;1.0
04086110;217465200000;1.0
04066833;217465200000;1.0
04214928;218070000000;1.0
04072702;218674800000;1.0
04186664;218847600000;1.0
04042432;219279600000;1.0
04058420;219279600000;1.0
04098627;219452400000;1.0
04309229;219625200000;1.0
04055881;220057200000;1.0
04068589;220748400000;1.0
04084994;220748400000;1.0
04102240;221094000000;1.0
05387295;221266800000;1.0
04114591;221698800000;1.0
04142928;221958000000;1.0
04093478;222303600000;1.0
04094713;222649200000;1.0
04130585;222908400000;1.0
04106960;223167600000;1.0
04111728;224463600000;1.0
04081299;224722800000;1.0
04084078;224809200000;1.0
04110136;224982000000;1.0
04341712;224982000000;1.0
06042663;226018800000;1.0
04141769;226278000000;1.0
04104093;226278000000;1.0
04091729;226537200000;1.0
04373976;226710000000;1.0
04132574;227142000000;1.0
04097316;227228400000;1.0
04138225;227314800000;1.0
04417930;227314800000;1.0
04090894;227746800000;1.0
04061658;227919600000;1.0
06736912;228006000000;1.0
04094028;228092400000;1.0
04124657;228092400000;1.0
04097317;228092400000;1.0
04181545;231026400000;1.0
04105480;231372000000;1.0
04094712;232063200000;1.0
04089716;232063200000;1.0
04098872;232581600000;1.0
04092188;232581600000;1.0
04092186;233964000000;1.0
04080227;234396000000;1.0
04130082;234396000000;1.0
04131499;234568800000;1.0
04096003;234741600000;1.0
04096005;235000800000;1.0
04115165;235864800000;1.0
04180424;237420000000;1.0
04115522;237420000000;1.0
04113841;237592800000;1.0
04213393;237765600000;1.0
04131064;237765600000;1.0
04104092;238024800000;1.0
04094714;238111200000;1.0
04129465;238284000000;1.0
04152360;238802400000;1.0
04136770;238888800000;1.0
04092189;239234400000;1.0
04092190;240012000000;1.0
04141910;240444000000;1.0
04092383;240444000000;1.0
04139403;240789600000;1.0
04098835;241826400000;1.0
04094711;241912800000;1.0
04304185;242344800000;1.0
04157270;242863200000;1.0
04111727;243468000000;1.0
04152988;243468000000;1.0
04533415;243813600000;1.0
04161142;244076400000;1.0
04177217;244249200000;1.0
04193827;244335600000;1.0
04124663;245026800000;1.0
04116734;245026800000;1.0
04152891;245372400000;1.0
04090893;245372400000;1.0
04184031;245372400000;1.0
04145969;245458800000;1.0
04132742;245890800000;1.0
04110409;245890800000;1.0
05067996;245890800000;1.0
04151233;246063600000;1.0
04137849;246582000000;1.0
04134780;247100400000;1.0
04149917;247359600000;1.0
04149916;247359600000;1.0
04110134;247359600000;1.0
04138281;247446000000;1.0
04172881;247705200000;1.0
04133707;248310000000;1.0
04151022;248310000000;1.0
04108697;249001200000;1.0
04164513;249001200000;1.0
04150182;249260400000;1.0
04128441;249778800000;1.0
04141766;249865200000;1.0
04122124;250124400000;1.0
04128996;250124400000;1.0
04145361;250383600000;1.0
04170178;250729200000;1.0
04202713;250902000000;1.0
04659402;250902000000;1.0
04158583;251074800000;1.0
04127068;251420400000;1.0
04190413;252284400000;1.0
04144107;253234800000;1.0
04137255;254012400000;1.0
04131498;254530800000;1.0
04148674;254962800000;1.0
04214438;255308400000;1.0
06026749;255308400000;1.0
04195548;255826800000;1.0
04120708;256172400000;1.0
04128442;256863600000;1.0
04169132;256863600000;1.0
04193261;256863600000;1.0
04166843;257382000000;1.0
04154606;257468400000;1.0
04172743;257641200000;1.0
04141767;257727600000;1.0
04157927;257986800000;1.0
04154605;258159600000;1.0
04427468;259282800000;1.0
04169863;259369200000;1.0
04169864;259369200000;1.0
04168363;260402400000;1.0
04960564;260661600000;1.0
04154633;261352800000;1.0
04193388;261784800000;1.0
04758387;261957600000;1.0
04177070;262476000000;1.0
04208226;262821600000;1.0
04215084;262994400000;1.0
04207124;263080800000;1.0
04244758;264031200000;1.0
04238253;264031200000;1.0
04201853;264290400000;1.0
04165773;264290400000;1.0
04130449;264636000000;1.0
04234364;265327200000;1.0
04209351;265845600000;1.0
04203786;266104800000;1.0
04140561;266536800000;1.0
04274894;266709600000;1.0
04202712;266796000000;1.0
04231891;266796000000;1.0
04175990;267055200000;1.0
04206705;267055200000;1.0
04172088;267314400000;1.0
04168191;267919200000;1.0
04216041;268869600000;1.0
04179327;269128800000;1.0
04201606;269215200000;1.0
04180425;269820000000;1.0
04172884;270079200000;1.0
04198307;270079200000;1.0
04201605;270684000000;1.0
05230841;270856800000;1.0
04209823;270856800000;1.0
04207125;271288800000;1.0
04247494;271375200000;1.0
04201731;271893600000;1.0
04190611;271893600000;1.0
04190610;271893600000;1.0
04203930;271893600000;1.0
04196129;271893600000;1.0
04221736;271893600000;1.0
04222330;272066400000;1.0
04204895;272152800000;1.0
04184901;272498400000;1.0
04276353;272671200000;1.0
04156761;272757600000;1.0
04181546;272844000000;1.0
04242529;274658400000;1.0
04246051;274658400000;1.0
04197104;275176800000;1.0
04306993;275781600000;1.0
04229182;275868000000;1.0
04198209;275868000000;1.0
04163682;276390000000;1.0
04183775;276822000000;1.0
04210474;277340400000;1.0
04237787;277945200000;1.0
04233095;279759600000;1.0
04263444;280105200000;1.0
04216039;280364400000;1.0
04250294;280537200000;1.0
04207126;280710000000;1.0
04214927;280969200000;1.0
04163774;280969200000;1.0
04279672;281142000000;1.0
04253889;281142000000;1.0
04218272;281574000000;1.0
04232608;281574000000;1.0
04198253;282178800000;1.0
04163773;282783600000;1.0
04203787;282783600000;1.0
04231822;282783600000;1.0
04289551;284079600000;1.0
04268450;284598000000;1.0
04372210;284770800000;1.0
04244295;284770800000;1.0
04263850;284770800000;1.0
04233094;285202800000;1.0
04221616;285202800000;1.0
04216040;285548400000;1.0
04225735;286412400000;1.0
04229612;286412400000;1.0
04256038;287103600000;1.0
04229196;287103600000;1.0
04952341;287362800000;1.0
04221618;287362800000;1.0
04246052;287622000000;1.0
04251726;288831600000;1.0
04304614;289177200000;1.0
04336085;289177200000;1.0
05468311;289436400000;1.0
04255358;289522800000;1.0
04248644;291250800000;1.0
04274893;291250800000;1.0
04406815;291510000000;1.0
04238255;291510000000;1.0
04349612;291596400000;1.0
04280409;292456800000;1.0
04532851;292802400000;1.0
04230509;292802400000;1.0
04273147;293061600000;1.0
04225736;293148000000;1.0
04655858;293148000000;1.0
04213809;293234400000;1.0
04298412;294616800000;1.0
04260437;294616800000;1.0
04288262;294876000000;1.0
04238254;294876000000;1.0
05139587;295135200000;1.0
05143566;295135200000;1.0
04243442;295480800000;1.0
04256521;295653600000;1.0
04270435;295653600000;1.0
04231821;296085600000;1.0
04244701;296258400000;1.0
04265406;296949600000;1.0
04243443;297295200000;1.0
04211874;297468000000;1.0
04294633;297554400000;1.0
04251301;298677600000;1.0
04225368;299196000000;1.0
04336408;299196000000;1.0
04263068;299368800000;1.0
04336145;300578400000;1.0
04235649;300578400000;1.0
04266991;300664800000;1.0
04269637;301183200000;1.0
04226777;301269600000;1.0
04278480;302738400000;1.0
04293351;302738400000;1.0
04287010;302738400000;1.0
04284442;303429600000;1.0
04390452;303948000000;1.0
04293352;304207200000;1.0
04326901;305330400000;1.0
04426238;306108000000;1.0
04304906;306540000000;1.0
04318760;306626400000;1.0
04285743;307317600000;1.0
04338146;308790000000;1.0
04300962;309049200000;1.0
04273049;309394800000;1.0
04305766;309999600000;1.0
04302259;310172400000;1.0
04302258;310345200000;1.0
04263069;310604400000;1.0
04303413;310604400000;1.0
04322258;310950000000;1.0
04308081;312418800000;1.0
04348242;312505200000;1.0
04326900;312505200000;1.0
04315784;312505200000;1.0
04353758;312678000000;1.0
04284617;312764400000;1.0
04318344;313023600000;1.0
05256220;313023600000;1.0
04347087;313196400000;1.0
04365558;313369200000;1.0
04317691;313628400000;1.0
04278823;313887600000;1.0
04303731;313887600000;1.0
04325759;314233200000;1.0
04310364;315702000000;1.0
04297152;316306800000;1.0
04297303;316652400000;1.0
04363273;316652400000;1.0
04284592;316738800000;1.0
05059260;316998000000;1.0
04337102;318466800000;1.0
04309303;318639600000;1.0
04416710;319330800000;1.0
04367103;319849200000;1.0
04415728;320281200000;1.0
04321220;321231600000;1.0
04429634;321663600000;1.0
05047097;321750000000;1.0
04261750;322873200000;1.0
04339288;323305200000;1.0
04350542;323305200000;1.0
04315787;323305200000;1.0
04412492;323391600000;1.0
04315785;324079200000;1.0
04381270;324856800000;1.0
04324599;325720800000;1.0
04300961;325720800000;1.0
04329131;325720800000;1.0
04354884;325720800000;1.0
04402268;325893600000;1.0
04302208;325980000000;1.0
04320027;326066400000;1.0
04328117;327621600000;1.0
04330346;327708000000;1.0
04655859;327708000000;1.0
04329393;327708000000;1.0
04388254;328399200000;1.0
04309230;328485600000;1.0
04401837;328744800000;1.0
04420350;328744800000;1.0
04377678;328917600000;1.0
04331080;329349600000;1.0
04292098;330040800000;1.0
04332631;330213600000;1.0
04369125;330300000000;1.0
04315786;330645600000;1.0
04343663;331164000000;1.0
04366010;332460000000;1.0
04935544;332632800000;1.0
04375522;332978400000;1.0
04377426;333237600000;1.0
04944815;333237600000;1.0
04435481;333583200000;1.0
04425170;333669600000;1.0
05085717;333669600000;1.0
04430132;333669600000;1.0
04286109;333842400000;1.0
04376001;334360800000;1.0
04385948;334447200000;1.0
04381958;334447200000;1.0
04329330;334533600000;1.0
04277636;334792800000;1.0
04291171;335570400000;1.0
04320238;335656800000;1.0
04356768;335656800000;1.0
04402776;335743200000;1.0
04432818;335743200000;1.0
06675716;336002400000;1.0
04355577;336002400000;1.0
04367104;336088800000;1.0
04341651;336088800000;1.0
04359399;336175200000;1.0
04336084;336348000000;1.0
04362584;336780000000;1.0
04341573;336952800000;1.0
04386978;337471200000;1.0
04364782;337557600000;1.0
04386979;337903200000;1.0
04362868;338162400000;1.0
04342590;338162400000;1.0
04388126;338421600000;1.0
04349396;338421600000;1.0
04369689;338594400000;1.0
04352397;339375600000;1.0
04376666;339634800000;1.0
04394329;339807600000;1.0
04340755;339980400000;1.0
04358327;340326000000;1.0
04329522;340326000000;1.0
04337218;340412400000;1.0
04428785;340844400000;1.0
04383873;341449200000;1.0
04371408;341449200000;1.0
04384903;341622000000;1.0
04334060;341708400000;1.0
04355194;342313200000;1.0
04357184;343954800000;1.0
04334939;343954800000;1.0
04346222;344732400000;1.0
04756778;344732400000;1.0
04363679;345855600000;1.0
04363678;345855600000;1.0
04352700;346028400000;1.0
04374112;346287600000;1.0
04370181;347065200000;1.0
04369079;347065200000;1.0
04410470;347670000000;1.0
04332744;348188400000;1.0
04380482;348447600000;1.0
04331490;348966000000;1.0
04376083;349311600000;1.0
04360394;349916400000;1.0
04452145;351212400000;1.0
04389264;351212400000;1.0
04323518;351212400000;1.0
04406210;351212400000;1.0
04383874;352076400000;1.0
04386977;352335600000;1.0
04405534;352594800000;1.0
04374686;353113200000;1.0
04407119;353199600000;1.0
04379007;353545200000;1.0
04640724;353890800000;1.0
04356044;354150000000;1.0
05783732;354751200000;1.0
04372213;354751200000;1.0
05196599;354751200000;1.0
05631406;354751200000;1.0
04343664;355356000000;1.0
05039812;355960800000;1.0
04434017;356133600000;1.0
04376002;356652000000;1.0
04362583;356652000000;1.0
04333737;357429600000;1.0
04393199;358466400000;1.0
04407200;358552800000;1.0
04359353;358984800000;1.0
04419154;358984800000;1.0
04394197;359071200000;1.0
04357185;359157600000;1.0
04371409;360194400000;1.0
04352699;360194400000;1.0
05013856;360453600000;1.0
04394528;360799200000;1.0
04361526;361144800000;1.0
04946522;361404000000;1.0
04367351;362786400000;1.0
04708913;363391200000;1.0
04427465;363477600000;1.0
04389265;364082400000;1.0
04406718;364082400000;1.0
04381206;364428000000;1.0
04455252;364600800000;1.0
04533416;365983200000;1.0
04394198;366847200000;1.0
04474715;366933600000;1.0
04408534;367711200000;1.0
04399226;368056800000;1.0
04404051;368229600000;1.0
04394199;368748000000;1.0
04424085;368834400000;1.0
04391660;368920800000;1.0
04393014;369439200000;1.0
04430251;370566000000;1.0
04412875;371084400000;1.0
04389263;371430000000;1.0
04402705;371775600000;1.0
04411718;372898800000;1.0
04455179;372898800000;1.0
04484961;372898800000;1.0
04430131;373849200000;1.0
04392895;374108400000;1.0
04444606;374454000000;1.0
04412874;374972400000;1.0
04402774;375058800000;1.0
04381207;375058800000;1.0
05320692;375490800000;1.0
04452653;376095600000;1.0
04405762;376527600000;1.0
04398976;377910000000;1.0
04388458;377996400000;1.0
04441428;379551600000;1.0
04462848;380761200000;1.0
04374241;381106800000;1.0
04435233;381106800000;1.0
04481048;381538800000;1.0
04417900;382834800000;1.0
04419285;382921200000;1.0
04397700;383353200000;1.0
04379903;383785200000;1.0
05092945;383785200000;1.0
04411837;383958000000;1.0
06039819;384044400000;1.0
04923535;385167600000;1.0
04416712;385686000000;1.0
04410377;385858800000;1.0
04432817;385858800000;1.0
04719856;386200800000;1.0
04719857;386200800000;1.0
04439254;386805600000;1.0
04401809;386805600000;1.0
04453989;386805600000;1.0
04440687;387064800000;1.0
04419286;388188000000;1.0
04390380;388188000000;1.0
04398978;388620000000;1.0
04414044;388706400000;1.0
04427467;388879200000;1.0
05053088;389397600000;1.0
04428786;389829600000;1.0
04453860;389829600000;1.0
04426539;389916000000;1.0
04419153;390088800000;1.0
04391659;390434400000;1.0
04483978;390520800000;1.0
04420931;391989600000;1.0
04414384;392853600000;1.0
04527389;393458400000;1.0
04428913;393717600000;1.0
04402775;393717600000;1.0
04421727;393804000000;1.0
04457791;393804000000;1.0
04410376;394063200000;1.0
04424087;394063200000;1.0
04430241;394322400000;1.0
04424086;394754400000;1.0
04427466;395272800000;1.0
04421578;395877600000;1.0
04438700;395877600000;1.0
04560779;395964000000;1.0
04432902;395964000000;1.0
04472311;396136800000;1.0
04447278;396482400000;1.0
05061329;397173600000;1.0
04456494;397173600000;1.0
04398977;397346400000;1.0
04701557;397864800000;1.0
04640035;398469600000;1.0
04486317;400197600000;1.0
04445948;400197600000;1.0
04441943;400716000000;1.0
04487938;401407200000;1.0
04525226;401580000000;1.0
04404050;402102000000;1.0
05000803;402188400000;1.0
04560425;404089200000;1.0
05061330;404953200000;1.0
04497676;404953200000;1.0
04461213;405126000000;1.0
04428292;405298800000;1.0
04432816;405644400000;1.0
04496471;406162800000;1.0
04409044;406422000000;1.0
04460411;407545200000;1.0
04519855;407631600000;1.0
04401490;407977200000;1.0
04456492;407977200000;1.0
04435232;408322800000;1.0
04420440;408754800000;1.0
04416711;408927600000;1.0
04468263;409186800000;1.0
04453021;409791600000;1.0
04441942;410396400000;1.0
04420349;411001200000;1.0
04446920;411260400000;1.0
04410378;411951600000;1.0
04411717;412988400000;1.0
04431468;413593200000;1.0
04722814;414025200000;1.0
04705899;414370800000;1.0
04499309;414370800000;1.0
04449000;414370800000;1.0
04478151;415234800000;1.0
04477297;415234800000;1.0
04798637;415494000000;1.0
04428784;415839600000;1.0
04485237;415926000000;1.0
04445947;416790000000;1.0
04450110;417308400000;1.0
04469647;417308400000;1.0
04472215;417308400000;1.0
04557771;417650400000;1.0
04522756;417650400000;1.0
04452739;417909600000;1.0
04655860;417996000000;1.0
04536236;418428000000;1.0
04456493;418860000000;1.0
04432815;418946400000;1.0
04432814;419032800000;1.0
04698965;419810400000;1.0
04493741;420069600000;1.0
04419155;420415200000;1.0
04552736;420674400000;1.0
04482406;420760800000;1.0
04464989;421624800000;1.0
04711680;422488800000;1.0
04482410;422488800000;1.0
04482411;422488800000;1.0
04482407;422488800000;1.0
04482409;422488800000;1.0
04482408;422488800000;1.0
04568813;422575200000;1.0
04793955;422575200000;1.0
04448619;422661600000;1.0
06165293;422748000000;1.0
06036894;422834400000;1.0
04461660;423871200000;1.0
04503229;425253600000;1.0
04486251;425253600000;1.0
04455178;426722400000;1.0
04474628;426722400000;1.0
04490194;427586400000;1.0
04481371;428018400000;1.0
04724018;428104800000;1.0
04697521;428104800000;1.0
04455150;430005600000;1.0
04689097;430351200000;1.0
04469623;430524000000;1.0
04941931;430696800000;1.0
04496405;431820000000;1.0
04472214;431820000000;1.0
04619722;432165600000;1.0
04488916;432856800000;1.0
04476060;433378800000;1.0
04601344;433638000000;1.0
04681643;433983600000;1.0
04552706;434156400000;1.0
04491489;434242800000;1.0
04490195;434674800000;1.0
04447407;434674800000;1.0
04707199;435193200000;1.0
04693181;435193200000;1.0
04475965;435798000000;1.0
04474629;435798000000;1.0
04473418;435970800000;1.0
04522190;436662000000;1.0
04525313;436662000000;1.0
05043031;437612400000;1.0
04484960;437698800000;1.0
04529801;438822000000;1.0
04508580;438822000000;1.0
04482404;439513200000;1.0
04564404;439772400000;1.0
04500369;440204400000;1.0
04536235;440722800000;1.0
04637847;440809200000;1.0
04500370;441327600000;1.0
04509998;441327600000;1.0
04537645;441327600000;1.0
04609415;443314800000;1.0
04536237;443401200000;1.0
04534810;444265200000;1.0
04507161;444524400000;1.0
04517035;444610800000;1.0
04600450;445042800000;1.0
04600452;445042800000;1.0
04600451;445042800000;1.0
04803019;445215600000;1.0
04548660;445561200000;1.0
04514318;445647600000;1.0
04568481;445734000000;1.0
04470855;446684400000;1.0
04566920;447030000000;1.0
04525225;447289200000;1.0
04522665;447548400000;1.0
04503004;447894000000;1.0
04507516;448066800000;1.0
04482403;448585200000;1.0
04658578;448671600000;1.0
04526633;448844400000;1.0
04519774;449359200000;1.0
04952255;449704800000;1.0
05410079;449704800000;1.0
04531989;449791200000;1.0
04728375;449877600000;1.0
04490196;449964000000;1.0
04548659;449964000000;1.0
04566919;449964000000;1.0
04543220;450914400000;1.0
04839420;450914400000;1.0
04510958;450914400000;1.0
04514341;451173600000;1.0
04554031;451864800000;1.0
04595430;452728800000;1.0
04547233;452901600000;1.0
04614146;453333600000;1.0
04539430;453592800000;1.0
04552598;453592800000;1.0
04997499;454024800000;1.0
05155281;454888800000;1.0
04634479;455493600000;1.0
04564405;455925600000;1.0
04547235;456012000000;1.0
04653380;456098400000;1.0
04540419;456357600000;1.0
04581082;456357600000;1.0
04670068;457135200000;1.0
04567296;457308000000;1.0
05186770;457308000000;1.0
04515912;457826400000;1.0
04547234;457826400000;1.0
04528049;458172000000;1.0
04545829;458517600000;1.0
04815386;458863200000;1.0
04511414;459122400000;1.0
04511412;459122400000;1.0
04531013;460332000000;1.0
04523967;460591200000;1.0
04521261;460764000000;1.0
04570540;460850400000;1.0
04552597;461541600000;1.0
04543136;461800800000;1.0
04554032;462492000000;1.0
04534809;462492000000;1.0
04590019;463183200000;1.0
04555280;463615200000;1.0
04812179;463615200000;1.0
04547232;464824800000;1.0
04631096;465433200000;1.0
04543137;465519600000;1.0
04555279;466729200000;1.0
04600536;466988400000;1.0
04521260;467593200000;1.0
04978482;467852400000;1.0
04555276;467852400000;1.0
04653690;468457200000;1.0
04530728;468630000000;1.0
04608102;469234800000;1.0
04615752;470012400000;1.0
04663065;471481200000;1.0
04602970;471481200000;1.0
05534090;472345200000;1.0
04820362;472950000000;1.0
04615751;473295600000;1.0
04660474;474505200000;1.0
04664674;475455600000;1.0
05867981;475714800000;1.0
04555277;475801200000;1.0
04555278;475801200000;1.0
04601767;475801200000;1.0
04604151;475887600000;1.0
04604248;475974000000;1.0
04770728;476665200000;1.0
04566921;476665200000;1.0
04623409;478825200000;1.0
04585496;479343600000;1.0
04585495;479343600000;1.0
05053086;479689200000;1.0
04568399;480294000000;1.0
04594118;482364000000;1.0
04579695;484956000000;1.0
04638735;485128800000;1.0
06310253;485560800000;1.0
05574125;485647200000;1.0
05574126;485647200000;1.0
04640947;486079200000;1.0
04642147;486597600000;1.0
04597810;488066400000;1.0
04843121;488412000000;1.0
04620046;488412000000;1.0
04726919;488584800000;1.0
04650617;488584800000;1.0
04647628;488757600000;1.0
04601862;489016800000;1.0
04591399;489103200000;1.0
04597811;489189600000;1.0
04659387;491522400000;1.0
04761250;492386400000;1.0
04683085;493250400000;1.0
04668495;494200800000;1.0
04637849;494546400000;1.0
04981535;494632800000;1.0
04705655;495669600000;1.0
04632714;495928800000;1.0
04634480;496274400000;1.0
04673528;496882800000;1.0
04605453;496969200000;1.0
05049213;497746800000;1.0
04619721;498178800000;1.0
04597924;498697200000;1.0
04600453;498697200000;1.0
04711679;498783600000;1.0
04664728;501375600000;1.0
04718955;502498800000;1.0
04632715;503017200000;1.0
04846113;504486000000;1.0
04654093;506041200000;1.0
04782130;508546800000;1.0
06197135;509065200000;1.0
04799979;509151600000;1.0
05753853;509238000000;1.0
04878431;509324400000;1.0
04657607;509756400000;1.0
04675059;509842800000;1.0
04637848;511138800000;1.0
04659403;512089200000;1.0
04718954;512175600000;1.0
04664730;513208800000;1.0
04664729;513813600000;1.0
04763576;514418400000;1.0
04710227;515023200000;1.0
04711678;515109600000;1.0
04988397;515196000000;1.0
04756250;515887200000;1.0
04693765;517096800000;1.0
04685375;517615200000;1.0
04728376;517788000000;1.0
04674409;518047200000;1.0
04698108;518133600000;1.0
04678524;519429600000;1.0
04706567;519602400000;1.0
04668313;520207200000;1.0
04794682;521416800000;1.0
04661179;522540000000;1.0
04689185;522626400000;1.0
04736683;523576800000;1.0
04676849;524095200000;1.0
04797168;524095200000;1.0
04696641;524095200000;1.0
04713232;524268000000;1.0
04710248;524959200000;1.0
04714051;525650400000;1.0
04692259;525650400000;1.0
04764316;525996000000;1.0
04889571;525996000000;1.0
04732627;526600800000;1.0
04713127;526860000000;1.0
04747891;527119200000;1.0
04693764;527378400000;1.0
04699741;528069600000;1.0
04714572;528069600000;1.0
04767577;528505200000;1.0
04714503;528591600000;1.0
04780156;528937200000;1.0
04701228;529023600000;1.0
05047098;530838000000;1.0
04764586;530924400000;1.0
04707540;530924400000;1.0
04821511;531097200000;1.0
04705582;531356400000;1.0
04775432;531615600000;1.0
04840687;532306800000;1.0
04722280;532738800000;1.0
04729317;534380400000;1.0
04737207;534639600000;1.0
04693763;535762800000;1.0
04696705;535762800000;1.0
04698107;535762800000;1.0
04751289;536194800000;1.0
04708753;536194800000;1.0
04698105;536194800000;1.0
04836961;536540400000;1.0
04755398;538182000000;1.0
04733610;538959600000;1.0
04708754;539218800000;1.0
04701227;539478000000;1.0
05398612;540514800000;1.0
04818309;541638000000;1.0
04732626;541724400000;1.0
04689096;542242800000;1.0
04826637;542329200000;1.0
04722757;542329200000;1.0
05844165;543711600000;1.0
04734141;543798000000;1.0
04724017;543798000000;1.0
04756777;544399200000;1.0
04824495;545004000000;1.0
05129326;545349600000;1.0
04783379;545608800000;1.0
04745208;546472800000;1.0
04881994;546732000000;1.0
04854981;546732000000;1.0
05000885;547336800000;1.0
05747603;548373600000;1.0
04747892;548632800000;1.0
04746380;548978400000;1.0
04822433;549842400000;1.0
04758288;550101600000;1.0
04873928;550706400000;1.0
04758287;550706400000;1.0
04758289;550965600000;1.0
05090322;551311200000;1.0
04743512;552002400000;1.0
04832766;552088800000;1.0
04790891;552607200000;1.0
04756776;552607200000;1.0
04718953;552866400000;1.0
04764229;553730400000;1.0
04759179;553730400000;1.0
04900851;555112800000;1.0
04795593;555112800000;1.0
04764230;556927200000;1.0
04880483;558309600000;1.0
04764231;558741600000;1.0
04756779;559173600000;1.0
04774888;559260000000;1.0
04836870;560041200000;1.0
05552000;560041200000;1.0
04915755;560127600000;1.0
05220107;561596400000;1.0
04768439;561942000000;1.0
04830687;564620400000;1.0
04808689;564620400000;1.0
04775431;564620400000;1.0
04790890;565484400000;1.0
04767476;565484400000;1.0
04820361;565484400000;1.0
04784706;565484400000;1.0
04855436;566175600000;1.0
04925600;566434800000;1.0
04844756;567212400000;1.0
04863534;567212400000;1.0
04828633;567212400000;1.0
05310433;567298800000;1.0
05597978;567558000000;1.0
04844845;567644400000;1.0
04808251;567644400000;1.0
05385619;568335600000;1.0
04878968;568940400000;1.0
04882994;570322800000;1.0
04799980;570322800000;1.0
04798636;570841200000;1.0
04902539;570927600000;1.0
04923536;572050800000;1.0
04925503;572050800000;1.0
04836255;572223600000;1.0
04834818;572223600000;1.0
04961380;572828400000;1.0
04915754;573778800000;1.0
04861397;573865200000;1.0
04956029;574038000000;1.0
04841865;575074800000;1.0
04806613;575589600000;1.0
04842658;575762400000;1.0
04875948;576453600000;1.0
04842659;577663200000;1.0
04853051;578786400000;1.0
04806180;579391200000;1.0
04875949;579909600000;1.0
04804424;581292000000;1.0
04920079;581724000000;1.0
04875950;581810400000;1.0
04895609;581896800000;1.0
04963296;582415200000;1.0
04849540;583106400000;1.0
04899202;584316000000;1.0
05240523;584575200000;1.0
04870884;584920800000;1.0
04841856;585352800000;1.0
04920743;585784800000;1.0
04976794;586735200000;1.0
05520757;588463200000;1.0
05482581;588463200000;1.0
04867813;588549600000;1.0
04872929;588808800000;1.0
04812180;589759200000;1.0
04907368;590277600000;1.0
04973658;590364000000;1.0
04853050;590968800000;1.0
04915756;591231600000;1.0
04853052;591231600000;1.0
05693794;591577200000;1.0
04834817;591577200000;1.0
04865667;591577200000;1.0
04948440;591836400000;1.0
04867920;592786800000;1.0
05600088;593910000000;1.0
05388518;595119600000;1.0
04916206;595465200000;1.0
04957569;595638000000;1.0
04915753;596070000000;1.0
04942800;596761200000;1.0
04936933;597020400000;1.0
04909549;597020400000;1.0
04958027;597366000000;1.0
04940497;598057200000;1.0
04911770;598143600000;1.0
07129348;598662000000;1.0
04886560;599266800000;1.0
04874441;599266800000;1.0
05741997;599439600000;1.0
04877466;599439600000;1.0
05039752;600044400000;1.0
04919737;600044400000;1.0
05035756;600390000000;1.0
04854982;602204400000;1.0
04875951;602377200000;1.0
04903604;603586800000;1.0
04995925;604105200000;1.0
04999062;604191600000;1.0
04931110;604882800000;1.0
04881464;605142000000;1.0
05243057;605228400000;1.0
04937340;605228400000;1.0
04963204;605314800000;1.0
05099042;605833200000;1.0
05783769;606092400000;1.0
05171385;606438000000;1.0
05078813;606524400000;1.0
04889570;606610800000;1.0
04929291;607212000000;1.0
04948897;607903200000;1.0
05002797;608162400000;1.0
05066039;608767200000;1.0
05011614;609026400000;1.0
04968365;609544800000;1.0
05156779;609631200000;1.0
04983235;609717600000;1.0
05015309;610236000000;1.0
04994125;610581600000;1.0
04925505;611272800000;1.0
05034072;611532000000;1.0
04959108;612136800000;1.0
05552093;613000800000;1.0
04938812;613605600000;1.0
04997496;613692000000;1.0
05067995;613864800000;1.0
04931229;613864800000;1.0
05859384;614296800000;1.0
04881993;615074400000;1.0
04933028;615160800000;1.0
04956028;615247200000;1.0
04908079;615679200000;1.0
04938814;615765600000;1.0
04950341;615765600000;1.0
04908080;616284000000;1.0
04919178;616370400000;1.0
04933029;617407200000;1.0
04971640;618184800000;1.0
04952254;618444000000;1.0
04919179;618789600000;1.0
05188682;619048800000;1.0
04964929;619308000000;1.0
05348596;619999200000;1.0
04892597;620431200000;1.0
04950342;620949600000;1.0
05061409;621727200000;1.0
05325783;622332000000;1.0
04913753;622681200000;1.0
04946521;623372400000;1.0
05014623;623372400000;1.0
04925909;623977200000;1.0
05007973;624150000000;1.0
04909868;624495600000;1.0
04938813;625100400000;1.0
05404813;625100400000;1.0
04936932;625964400000;1.0
04931111;626310000000;1.0
04986940;626310000000;1.0
05348597;626396400000;1.0
05028385;626482800000;1.0
04948438;626914800000;1.0
04985093;627087600000;1.0
04978400;627260400000;1.0
04929290;627260400000;1.0
04931112;627519600000;1.0
04936931;628297200000;1.0
05056435;628297200000;1.0
04968364;628815600000;1.0
04942817;628988400000;1.0
04997498;629334000000;1.0
04925504;629593200000;1.0
04981536;630025200000;1.0
05254186;630111600000;1.0
05017251;630630000000;1.0
05038295;630802800000;1.0
04948439;631839600000;1.0
04963201;631926000000;1.0
05009728;632098800000;1.0
04980000;632530800000;1.0
05051142;632530800000;1.0
05031539;632703600000;1.0
05417895;633049200000;1.0
06833037;633222000000;1.0
05083615;633308400000;1.0
04997495;633740400000;1.0
05028283;634258800000;1.0
05030763;634863600000;1.0
04992118;636332400000;1.0
05053087;636332400000;1.0
04949641;636591600000;1.0
05149384;636591600000;1.0
04981534;636764400000;1.0
05698718;636764400000;1.0
04985094;636764400000;1.0
05750920;637542000000;1.0
04960475;637887600000;1.0
05080735;638146800000;1.0
04992119;638488800000;1.0
04963203;638661600000;1.0
04963202;639180000000;1.0
04997497;639266400000;1.0
05026442;639784800000;1.0
05028284;640908000000;1.0
05041177;642031200000;1.0
04994124;642722400000;1.0
05071496;642808800000;1.0
05059261;643327200000;1.0
05084218;643500000000;1.0
04994212;643500000000;1.0
05074938;643586400000;1.0
04994123;643932000000;1.0
04983234;643932000000;1.0
05076868;644191200000;1.0
04976795;644450400000;1.0
04979999;644536800000;1.0
04999063;644709600000;1.0
05238512;645055200000;1.0
04976793;645141600000;1.0
05071495;645314400000;1.0
05034071;645314400000;1.0
05120375;645314400000;1.0
05254324;645660000000;1.0
04986858;645660000000;1.0
05035843;645832800000;1.0
05089069;646005600000;1.0
05034070;646524000000;1.0
05035363;647215200000;1.0
05020731;647215200000;1.0
05024708;647647200000;1.0
05088412;648079200000;1.0
04997494;648079200000;1.0
05060973;648684000000;1.0
05798480;649548000000;1.0
05591936;649548000000;1.0
05801325;649548000000;1.0
05019220;649893600000;1.0
05071499;649980000000;1.0
05000802;650152800000;1.0
05026443;651708000000;1.0
05212343;651708000000;1.0
05074939;652485600000;1.0
05045132;652572000000;1.0
05064483;654386400000;1.0
05030301;654472800000;1.0
05015311;654908400000;1.0
05015310;654994800000;1.0
05019192;655081200000;1.0
05043030;655081200000;1.0
05034073;655426800000;1.0
05009729;656550000000;1.0
05084118;656636400000;1.0
05035757;656809200000;1.0
05734124;657759600000;1.0
05160387;658710000000;1.0
05076867;658969200000;1.0
06350330;659142000000;1.0
05054399;659314800000;1.0
05124051;659833200000;1.0
05056405;659919600000;1.0
05244475;660265200000;1.0
05069132;661474800000;1.0
05180452;662252400000;1.0
05714711;662598000000;1.0
05266242;663202800000;1.0
05120479;663894000000;1.0
05198188;663980400000;1.0
05122298;664066800000;1.0
05223184;665794800000;1.0
05554818;666486000000;1.0
05145535;667436400000;1.0
05183520;668127600000;1.0
05098683;668214000000;1.0
05147476;668732400000;1.0
05101729;668991600000;1.0
05098488;669337200000;1.0
05071497;669337200000;1.0
05049214;669337200000;1.0
05151138;669942000000;1.0
05051143;669942000000;1.0
05049212;670028400000;1.0
05133877;670201200000;1.0
05123981;670456800000;1.0
05130381;670802400000;1.0
05139588;671666400000;1.0
05104466;671752800000;1.0
05084117;672530400000;1.0
05194103;672962400000;1.0
05451277;673740000000;1.0
05112417;674690400000;1.0
05099763;676764000000;1.0
05105031;677109600000;1.0
05074940;677196000000;1.0
05236526;677800800000;1.0
06228190;678060000000;1.0
06932878;678664800000;1.0
05216199;678924000000;1.0
05114506;678924000000;1.0
05139589;679701600000;1.0
05129972;679701600000;1.0
05949016;680738400000;1.0
05189247;680911200000;1.0
05154782;682207200000;1.0
05273785;682207200000;1.0
05178696;682898400000;1.0
05143567;682898400000;1.0
05256792;683157600000;1.0
05218166;685317600000;1.0
05266132;686876400000;1.0
05197758;686962800000;1.0
05125684;687481200000;1.0
05124493;687481200000;1.0
05120887;687481200000;1.0
05164521;688086000000;1.0
05305598;688086000000;1.0
05167736;689209200000;1.0
05160386;689209200000;1.0
05349892;689382000000;1.0
05253584;689382000000;1.0
05174837;689382000000;1.0
05226986;689900400000;1.0
05189249;690073200000;1.0
05339624;691023600000;1.0
05271779;691196400000;1.0
05187320;691974000000;1.0
05271778;693788400000;1.0
05210153;694652400000;1.0
05567252;694911600000;1.0
05223056;695948400000;1.0
05261327;696639600000;1.0
05140908;696812400000;1.0
05331106;697158000000;1.0
05372070;697676400000;1.0
05347930;698886000000;1.0
05625165;698886000000;1.0
05279492;698972400000;1.0
05198046;700182000000;1.0
05159153;700700400000;1.0
05314550;701650800000;1.0
05211777;702165600000;1.0
06225503;702252000000;1.0
05281286;702770400000;1.0
05237928;703720800000;1.0
05240524;704584800000;1.0
05286701;704584800000;1.0
05202508;704930400000;1.0
05180853;704930400000;1.0
05578789;704930400000;1.0
05274105;704930400000;1.0
05292959;704930400000;1.0
05540794;705535200000;1.0
05389263;706312800000;1.0
05273313;706312800000;1.0
05403035;707349600000;1.0
05269224;707436000000;1.0
05360162;707608800000;1.0
05194659;708559200000;1.0
05183938;708559200000;1.0
05320174;708645600000;1.0
05837931;709164000000;1.0
05189228;709768800000;1.0
05487798;710028000000;1.0
05194219;710460000000;1.0
05232526;710719200000;1.0
05387296;712965600000;1.0
05268046;713743200000;1.0
05433899;714002400000;1.0
05500062;714261600000;1.0
05322576;714607200000;1.0
05345873;714607200000;1.0
05243913;715384800000;1.0
05259899;715989600000;1.0
05561260;716162400000;1.0
05316600;716767200000;1.0
05368662;717721200000;1.0
05585594;717894000000;1.0
05449423;718930800000;1.0
05714714;719103600000;1.0
05520756;719190000000;1.0
05358587;719190000000;1.0
05208419;719449200000;1.0
05542688;720140400000;1.0
05334270;722646000000;1.0
06147209;723769200000;1.0
06051087;724460400000;1.0
05430229;725670000000;1.0
05372664;726879600000;1.0
05433932;726879600000;1.0
05366571;727052400000;1.0
05464248;728002800000;1.0
05292387;728175600000;1.0
05320043;728262000000;1.0
05596165;728262000000;1.0
05324075;728607600000;1.0
05529649;728694000000;1.0
05338712;728780400000;1.0
05486247;728780400000;1.0
05454890;729126000000;1.0
05431756;730594800000;1.0
05284995;731545200000;1.0
05476557;731631600000;1.0
05385098;732150000000;1.0
05445690;733356000000;1.0
05500060;733356000000;1.0
05291831;733442400000;1.0
05397405;733615200000;1.0
05352829;733701600000;1.0
05470406;734133600000;1.0
05382050;734220000000;1.0
05437229;734220000000;1.0
05466537;734565600000;1.0
05336343;734911200000;1.0
05498303;735343200000;1.0
05942720;736034400000;1.0
05465664;736380000000;1.0
05395559;736552800000;1.0
05354520;736552800000;1.0
05549769;737157600000;1.0
05335577;737244000000;1.0
05366572;737848800000;1.0
05470407;738280800000;1.0
05505877;738367200000;1.0
05472532;740008800000;1.0
05346564;740181600000;1.0
05413048;740268000000;1.0
05386775;740700000000;1.0
05425886;740786400000;1.0
05434335;740786400000;1.0
05460669;741218400000;1.0
05463169;741218400000;1.0
05320691;742082400000;1.0
05456775;742168800000;1.0
05522320;742428000000;1.0
05441720;742514400000;1.0
05495807;742600800000;1.0
05353707;743032800000;1.0
05325782;743119200000;1.0
05388519;743637600000;1.0
05682014;744242400000;1.0
05346512;744501600000;1.0
05458912;744847200000;1.0
05439537;744933600000;1.0
05547527;745452000000;1.0
05364526;745538400000;1.0
05454889;745711200000;1.0
05389308;745797600000;1.0
05405971;746229600000;1.0
05372069;747525600000;1.0
05505799;748389600000;1.0
05527405;748562400000;1.0
05449424;748562400000;1.0
05547525;749257200000;1.0
05411615;749689200000;1.0
05606146;750034800000;1.0
05435249;751071600000;1.0
05470408;751244400000;1.0
05447104;751590000000;1.0
05382265;751590000000;1.0
05540846;752454000000;1.0
05587552;752799600000;1.0
05464699;753318000000;1.0
05566543;753490800000;1.0
05552462;753922800000;1.0
05387297;754268400000;1.0
05439251;754527600000;1.0
05417160;754700400000;1.0
05565650;754873200000;1.0
05501823;754873200000;1.0
05490888;755132400000;1.0
05407500;755132400000;1.0
05529647;755478000000;1.0
05531843;755737200000;1.0
05467714;755996400000;1.0
05474625;755996400000;1.0
05490887;756514800000;1.0
05529648;756601200000;1.0
05429691;757724400000;1.0
05472534;757810800000;1.0
05460670;757810800000;1.0
05472647;757897200000;1.0
05531845;758156400000;1.0
05401340;758156400000;1.0
05516377;758156400000;1.0
05544687;758502000000;1.0
05623168;758502000000;1.0
05407608;758847600000;1.0
05583315;758934000000;1.0
05401341;758934000000;1.0
05505800;759106800000;1.0
05552257;759106800000;1.0
05536340;759538800000;1.0
05579634;759798000000;1.0
05466313;760316400000;1.0
05525166;760316400000;1.0
05380380;760748400000;1.0
05531844;761180400000;1.0
05392713;761180400000;1.0
05472529;761180400000;1.0
05431757;761439600000;1.0
05509981;761526000000;1.0
05460667;762562800000;1.0
05467715;763081200000;1.0
05495819;763167600000;1.0
05507893;763945200000;1.0
05538567;763945200000;1.0
05434336;764204400000;1.0
05500061;764204400000;1.0
05506366;764550000000;1.0
05413812;765151200000;1.0
05565651;765410400000;1.0
05482579;766274400000;1.0
05507892;766706400000;1.0
05547526;766879200000;1.0
05516971;768088800000;1.0
05520826;769039200000;1.0
05507890;769125600000;1.0
05542997;769298400000;1.0
05567910;769816800000;1.0
05423384;769816800000;1.0
05536897;769903200000;1.0
05486248;770335200000;1.0
05557061;770853600000;1.0
05461012;770853600000;1.0
05509480;771458400000;1.0
05569875;771717600000;1.0
05397399;772236000000;1.0
05468312;772754400000;1.0
05612507;772840800000;1.0
05431104;773877600000;1.0
05460668;773877600000;1.0
05454891;774223200000;1.0
05529600;774828000000;1.0
05433802;775692000000;1.0
05552001;775951200000;1.0
05409556;776296800000;1.0
05414198;776642400000;1.0
05501132;778284000000;1.0
05516970;778370400000;1.0
05466315;778802400000;1.0
05610359;779493600000;1.0
05486246;779580000000;1.0
05542704;780012000000;1.0
05472533;780184800000;1.0
05466314;780271200000;1.0
05536339;780620400000;1.0
05518054;781225200000;1.0
05672843;781311600000;1.0
05567912;781830000000;1.0
05540793;781916400000;1.0
05473059;782002800000;1.0
05454363;782089200000;1.0
05648634;782607600000;1.0
05574203;783212400000;1.0
05492577;784162800000;1.0
05587553;784162800000;1.0
05458707;784162800000;1.0
05525171;784162800000;1.0
05665935;784594800000;1.0
05670741;784594800000;1.0
05449835;784767600000;1.0
05531473;784854000000;1.0
05468313;786063600000;1.0
05756006;786754800000;1.0
05600089;786754800000;1.0
05501751;786841200000;1.0
05705771;787186800000;1.0
05557062;787273200000;1.0
05567911;787446000000;1.0
05472536;787791600000;1.0
05530175;788050800000;1.0
05756928;788569200000;1.0
05458706;788655600000;1.0
05639988;789346800000;1.0
05501750;789692400000;1.0
05542999;790297200000;1.0
05542998;790297200000;1.0
05673935;790470000000;1.0
05565710;790815600000;1.0
05608185;791506800000;1.0
05472531;791593200000;1.0
05608184;791766000000;1.0
05523517;792284400000;1.0
05912430;792370800000;1.0
06123789;792370800000;1.0
05578275;792889200000;1.0
05619011;793062000000;1.0
05462306;793407600000;1.0
05472530;793580400000;1.0
05460671;795222000000;1.0
05554820;795654000000;1.0
05563367;795913200000;1.0
05507889;795999600000;1.0
05571988;797119200000;1.0
05472535;797119200000;1.0
05489349;797119200000;1.0
05523516;797205600000;1.0
05480500;797551200000;1.0
05516378;797551200000;1.0
05514230;797810400000;1.0
05473987;798156000000;1.0
05623121;799192800000;1.0
05597977;799538400000;1.0
05538568;799538400000;1.0
05500059;799970400000;1.0
05547528;801439200000;1.0
05525170;801439200000;1.0
05538530;801439200000;1.0
05557015;801784800000;1.0
05531941;802389600000;1.0
05728964;802476000000;1.0
05527498;802476000000;1.0
05773748;803080800000;1.0
05741999;804117600000;1.0
05578785;805500000000;1.0
05652408;806364000000;1.0
05725699;806709600000;1.0
05726382;806882400000;1.0
05596232;806968800000;1.0
05589660;807400800000;1.0
05507891;808092000000;1.0
05675119;808178400000;1.0
06416600;808610400000;1.0
05635666;808783200000;1.0
05545272;808956000000;1.0
05682013;809215200000;1.0
05538569;809301600000;1.0
05602360;810424800000;1.0
05585048;811634400000;1.0
05783773;811634400000;1.0
05589662;811634400000;1.0
05650590;811983600000;1.0
05684268;812329200000;1.0
05734123;812674800000;1.0
05596168;812847600000;1.0
05589661;812847600000;1.0
05610367;812934000000;1.0
05837930;812934000000;1.0
05670740;812934000000;1.0
05883330;813452400000;1.0
05700970;813538800000;1.0
05633476;813538800000;1.0
05872554;813798000000;1.0
05668345;814057200000;1.0
05656794;814921200000;1.0
05721313;815266800000;1.0
05817972;816217200000;1.0
05663524;817340400000;1.0
05677510;817340400000;1.0
05654520;817340400000;1.0
05639987;817599600000;1.0
05739325;818290800000;1.0
05670735;819586800000;1.0
05780767;820018800000;1.0
05728464;820537200000;1.0
05690868;822006000000;1.0
05592812;822006000000;1.0
05574240;822870000000;1.0
05567905;822956400000;1.0
05783768;823734000000;1.0
05623120;824252400000;1.0
05756929;824252400000;1.0
05627339;824252400000;1.0
05670739;824943600000;1.0
05661261;825030000000;1.0
05652409;825030000000;1.0
05844164;825030000000;1.0
05811726;825462000000;1.0
05629494;825548400000;1.0
05646367;825634800000;1.0
05641938;825807600000;1.0
05868424;826066800000;1.0
05682004;826153200000;1.0
05741998;826585200000;1.0
05639984;826758000000;1.0
05684269;826844400000;1.0
05608183;826844400000;1.0
05635668;826844400000;1.0
05756930;827362800000;1.0
05574248;827967600000;1.0
05727368;827967600000;1.0
05681904;828309600000;1.0
05972137;828568800000;1.0
05834539;829000800000;1.0
05659150;829692000000;1.0
05608182;830124000000;1.0
05834685;830901600000;1.0
05656793;831074400000;1.0
05743557;831420000000;1.0
05959242;832024800000;1.0
05668240;832802400000;1.0
05668241;832802400000;1.0
05925846;833234400000;1.0
05665276;833839200000;1.0
05747730;834098400000;1.0
05850053;834098400000;1.0
05693252;834962400000;1.0
05613562;835567200000;1.0
05731540;836172000000;1.0
05672219;837036000000;1.0
05866842;837640800000;1.0
05720794;838677600000;1.0
05735118;840146400000;1.0
05741465;840492000000;1.0
05670098;840492000000;1.0
06120058;840751200000;1.0
05780769;841010400000;1.0
06136224;841183200000;1.0
05780768;841356000000;1.0
05834680;841874400000;1.0
05854442;841960800000;1.0
05703323;842911200000;1.0
05695216;843861600000;1.0
05997666;844034400000;1.0
05789697;844639200000;1.0
05763814;844812000000;1.0
06120627;845589600000;1.0
05647924;845762400000;1.0
05696407;845848800000;1.0
05847311;845935200000;1.0
05834679;846630000000;1.0
05750922;846630000000;1.0
05763821;846630000000;1.0
05831207;846630000000;1.0
05717158;847148400000;1.0
06481746;847321200000;1.0
05716557;847321200000;1.0
05798481;847321200000;1.0
05872329;847407600000;1.0
05811725;848271600000;1.0
06364975;848962800000;1.0
05847315;849222000000;1.0
05771679;849740400000;1.0
05616882;850086000000;1.0
05831208;850431600000;1.0
05821451;850950000000;1.0
05939661;852505200000;1.0
05847314;853282800000;1.0
05723812;854060400000;1.0
05739460;854578800000;1.0
06077371;855529200000;1.0
05780765;856220400000;1.0
05717159;856306800000;1.0
06071364;856306800000;1.0
05712511;857343600000;1.0
05872328;857430000000;1.0
05962808;857516400000;1.0
05728969;857689200000;1.0
06048419;858034800000;1.0
05924047;859503600000;1.0
06527886;859759200000;1.0
05763736;860623200000;1.0
05841065;861055200000;1.0
05808234;861314400000;1.0
05861571;861314400000;1.0
05801326;861314400000;1.0
05831339;861746400000;1.0
05831209;861832800000;1.0
06562161;862264800000;1.0
05747665;862524000000;1.0
05920030;862524000000;1.0
06306232;862783200000;1.0
05972136;863128800000;1.0
05849984;863560800000;1.0
06472525;863733600000;1.0
05747729;864684000000;1.0
05917146;864856800000;1.0
05827996;864856800000;1.0
06334395;864943200000;1.0
05773754;865288800000;1.0
05750057;865461600000;1.0
05892067;865807200000;1.0
07441503;865807200000;1.0
05936195;865893600000;1.0
05900578;866757600000;1.0
06103029;867016800000;1.0
05804760;867016800000;1.0
05750921;868226400000;1.0
05880399;868831200000;1.0
05989514;869436000000;1.0
06039820;869695200000;1.0
05907119;869695200000;1.0
05792982;870732000000;1.0
05920031;870732000000;1.0
06007647;870732000000;1.0
06027588;871596000000;1.0
06214138;871855200000;1.0
05996501;872632800000;1.0
06666935;873756000000;1.0
05811724;873756000000;1.0
05882036;873842400000;1.0
05932835;874015200000;1.0
05970703;874879200000;1.0
05700974;875138400000;1.0
06013794;875484000000;1.0
06136114;875570400000;1.0
06019861;876175200000;1.0
06013144;876780000000;1.0
06073962;877298400000;1.0
05976283;878079600000;1.0
06368431;879289200000;1.0
06228191;880326000000;1.0
05898126;880326000000;1.0
05910638;880671600000;1.0
05958299;880930800000;1.0
06093269;882399600000;1.0
06059906;882486000000;1.0
05932837;882745200000;1.0
06053108;884646000000;1.0
06101947;885423600000;1.0
06749702;885423600000;1.0
06033500;885855600000;1.0
06143103;885855600000;1.0
06024889;886028400000;1.0
06073438;887065200000;1.0
06022428;887065200000;1.0
06478904;887151600000;1.0
06969435;887756400000;1.0
05936194;887756400000;1.0
06117254;887929200000;1.0
06143104;887929200000;1.0
06007648;888188400000;1.0
05886293;888361200000;1.0
05970877;888793200000;1.0
06165307;889052400000;1.0
06165294;890002800000;1.0
05997667;890348400000;1.0
06036794;891295200000;1.0
06438191;891295200000;1.0
06228193;891295200000;1.0
06129023;892159200000;1.0
05993578;892591200000;1.0
05998691;892677600000;1.0
06013143;893023200000;1.0
06113714;893800800000;1.0
06015898;893973600000;1.0
06149745;894924000000;1.0
05889161;895010400000;1.0
06190474;895096800000;1.0
06645325;896652000000;1.0
06835255;896652000000;1.0
06177028;896652000000;1.0
06231702;896997600000;1.0
06051086;897256800000;1.0
05942722;899157600000;1.0
05942721;899157600000;1.0
05936196;899157600000;1.0
06136115;899244000000;1.0
06045726;899330400000;1.0
06009810;899848800000;1.0
06113715;899935200000;1.0
06227116;900021600000;1.0
06235132;900280800000;1.0
06241833;900540000000;1.0
06224099;900972000000;1.0
06170399;900972000000;1.0
06042664;900972000000;1.0
06296724;900972000000;1.0
05985060;901317600000;1.0
06123359;901317600000;1.0
05997668;901490400000;1.0
06004410;901576800000;1.0
06045637;901576800000;1.0
06132538;901749600000;1.0
06096147;901749600000;1.0
06328830;902440800000;1.0
06156230;902440800000;1.0
06136113;902440800000;1.0
06209457;902959200000;1.0
06001197;904082400000;1.0
06066772;904255200000;1.0
05993577;904860000000;1.0
06062143;905205600000;1.0
06066213;906069600000;1.0
06210505;906501600000;1.0
05989367;906588000000;1.0
06165297;906674400000;1.0
06030473;906674400000;1.0
06179937;907192800000;1.0
06086692;907279200000;1.0
06024810;907624800000;1.0
06214137;907624800000;1.0
06217799;907624800000;1.0
06132536;907711200000;1.0
06045638;907884000000;1.0
06065774;908402400000;1.0
06120626;909093600000;1.0
06176517;909093600000;1.0
06334917;909093600000;1.0
06305286;909356400000;1.0
06217682;909356400000;1.0
06230628;909615600000;1.0
06066214;909702000000;1.0
06505562;910047600000;1.0
06361629;910825200000;1.0
05948944;911343600000;1.0
06126763;912466800000;1.0
06139054;912466800000;1.0
06024811;912639600000;1.0
06368432;913676400000;1.0
06113712;914281200000;1.0
06048985;914281200000;1.0
06156136;914281200000;1.0
06017404;914367600000;1.0
06103030;914799600000;1.0
06004411;914799600000;1.0
06200398;914972400000;1.0
06153749;916009200000;1.0
06221187;916873200000;1.0
06165296;917910000000;1.0
06086693;917910000000;1.0
06077372;917910000000;1.0
06080248;918601200000;1.0
06074502;919119600000;1.0
06231701;919206000000;1.0
06254705;919983600000;1.0
06024812;921625200000;1.0
06272992;922230000000;1.0
06261393;922230000000;1.0
06221186;922402800000;1.0
06336981;922744800000;1.0
06523477;922744800000;1.0
06316125;922917600000;1.0
06132537;923436000000;1.0
06320092;923608800000;1.0
06468369;923868000000;1.0
06277221;923954400000;1.0
06302978;924040800000;1.0
06588797;924127200000;1.0
06264772;924559200000;1.0
06214139;924559200000;1.0
06228192;924559200000;1.0
06132480;924732000000;1.0
06322648;924818400000;1.0
06160113;925250400000;1.0
06063219;925941600000;1.0
06143102;925941600000;1.0
06312625;926632800000;1.0
06176950;926892000000;1.0
06916388;927064800000;1.0
06210504;927237600000;1.0
06206988;927669600000;1.0
06121506;928965600000;1.0
06238501;929484000000;1.0
06177033;929916000000;1.0
06416599;930520800000;1.0
06110308;930520800000;1.0
06251200;930607200000;1.0
06388163;930607200000;1.0
06391082;930866400000;1.0
06250072;930866400000;1.0
06224696;931989600000;1.0
06238499;932076000000;1.0
06218577;932076000000;1.0
06684624;932508000000;1.0
06113713;932594400000;1.0
06117255;932594400000;1.0
06300498;932680800000;1.0
06143101;932680800000;1.0
06238500;932940000000;1.0
06984273;933199200000;1.0
06309484;933285600000;1.0
06383319;933717600000;1.0
06149746;933890400000;1.0
06149193;933890400000;1.0
06436210;934149600000;1.0
06230624;934495200000;1.0
06361630;934840800000;1.0
06276276;935013600000;1.0
06425965;935100000000;1.0
06296678;935704800000;1.0
06174391;935964000000;1.0
06168677;936223200000;1.0
06183574;936223200000;1.0
06083331;936741600000;1.0
06126764;936828000000;1.0
06214140;937951200000;1.0
06454887;938037600000;1.0
06315930;938124000000;1.0
06414040;938642400000;1.0
06255512;939247200000;1.0
06258188;939679200000;1.0
06340175;939765600000;1.0
06123790;939852000000;1.0
06516840;939938400000;1.0
06982014;940370400000;1.0
06136111;940370400000;1.0
06136112;940888800000;1.0
06156137;941756400000;1.0
06241281;941756400000;1.0
07101955;942102000000;1.0
06997997;942102000000;1.0
06334961;942102000000;1.0
06274064;942361200000;1.0
06293201;942879600000;1.0
06110306;942879600000;1.0
06298789;943311600000;1.0
06454886;943311600000;1.0
06165295;943311600000;1.0
06328831;943311600000;1.0
06430920;943311600000;1.0
06302979;943311600000;1.0
06331220;943311600000;1.0
06517647;943311600000;1.0
06503350;943311600000;1.0
06277296;943916400000;1.0
06224697;944175600000;1.0
06110307;944780400000;1.0
06651565;945644400000;1.0
06328906;945644400000;1.0
06435552;945644400000;1.0
06761781;946335600000;1.0
06265573;946854000000;1.0
06428724;946854000000;1.0
06190475;947113200000;1.0
06270836;947804400000;1.0
06312538;948150000000;1.0
06485588;948322800000;1.0
06780209;948668400000;1.0
06315847;948927600000;1.0
06514361;949446000000;1.0
06395112;949618800000;1.0
06340401;949878000000;1.0
06391130;950569200000;1.0
06217788;950569200000;1.0
06880326;950742000000;1.0
06414143;950742000000;1.0
06419771;951174000000;1.0
06896752;951260400000;1.0
06383318;951346800000;1.0
06237940;951778800000;1.0
06287400;951865200000;1.0
06200357;951865200000;1.0
06325876;951951600000;1.0
06841016;951951600000;1.0
06479614;951951600000;1.0
06211392;952470000000;1.0
06537399;952902000000;1.0
06231816;952988400000;1.0
06395859;953679600000;1.0
06368434;953852400000;1.0
06475312;955058400000;1.0
06592691;955058400000;1.0
06468370;956095200000;1.0
06802533;956095200000;1.0
06969433;956700000000;1.0
06779464;956700000000;1.0
06623574;956700000000;1.0
06458227;956872800000;1.0
06358339;956872800000;1.0
06533878;957823200000;1.0
06476286;958082400000;1.0
06972059;958773600000;1.0
06319341;959205600000;1.0
06431597;959292000000;1.0
06230491;960328800000;1.0
06313334;960328800000;1.0
06512113;960415200000;1.0
06386296;961365600000;1.0
06673173;962143200000;1.0
06620266;962316000000;1.0
06740180;963180000000;1.0
06312537;963439200000;1.0
06651564;963784800000;1.0
06299654;963871200000;1.0
06436211;963871200000;1.0
06508894;965340000000;1.0
06627014;965599200000;1.0
06232479;966290400000;1.0
07575648;966290400000;1.0
06607618;967413600000;1.0
06513834;967500000000;1.0
06527297;967586400000;1.0
06322649;967672800000;1.0
06605167;967759200000;1.0
06508177;968623200000;1.0
06997996;968709600000;1.0
06513602;968796000000;1.0
06425966;968882400000;1.0
06368552;968968800000;1.0
06218554;968968800000;1.0
07094296;969228000000;1.0
06299711;969314400000;1.0
06660112;969314400000;1.0
06620269;969919200000;1.0
06607567;970610400000;1.0
06478903;970783200000;1.0
06487974;971128800000;1.0
06509473;971647200000;1.0
06362311;971733600000;1.0
06402864;972597600000;1.0
06485586;972597600000;1.0
06485587;972597600000;1.0
06723190;972597600000;1.0
06409854;972597600000;1.0
06544363;972860400000;1.0
06887323;973551600000;1.0
06602365;974415600000;1.0
06550808;974415600000;1.0
06388087;974761200000;1.0
06539870;974847600000;1.0
06554927;975020400000;1.0
06783616;975366000000;1.0
06554928;975538800000;1.0
06905561;976057200000;1.0
06398888;976143600000;1.0
06432231;976748400000;1.0
06679959;977094000000;1.0
06620267;977180400000;1.0
06497774;977266800000;1.0
07030237;977353200000;1.0
06648998;977353200000;1.0
06410682;978476400000;1.0
06860208;978562800000;1.0
06610157;979254000000;1.0
06902637;980204400000;1.0
06641622;980204400000;1.0
06951589;980204400000;1.0
06547900;980290800000;1.0
06527885;980463600000;1.0
06417290;980722800000;1.0
06572833;981414000000;1.0
06591752;981932400000;1.0
06416601;982191600000;1.0
06610156;982191600000;1.0
06576072;983228400000;1.0
06398889;983314800000;1.0
06589375;983487600000;1.0
06605233;983487600000;1.0
06592778;983487600000;1.0
06632378;983487600000;1.0
06860951;983487600000;1.0
06692655;984092400000;1.0
06592692;984524400000;1.0
06620268;984524400000;1.0
06547899;984610800000;1.0
06572717;984697200000;1.0
06755990;984956400000;1.0
06790299;985557600000;1.0
06635131;985557600000;1.0
06524706;985644000000;1.0
07662248;985644000000;1.0
06617064;985816800000;1.0
06562160;986853600000;1.0
06543327;987026400000;1.0
06599379;987026400000;1.0
06818082;987458400000;1.0
06453816;987458400000;1.0
06679960;988149600000;1.0
06839815;989186400000;1.0
06673172;989186400000;1.0
06547993;989359200000;1.0
06852182;989359200000;1.0
06361631;990482400000;1.0
06982015;990741600000;1.0
06613168;991087200000;1.0
06607617;991346400000;1.0
06599380;991778400000;1.0
06552051;991864800000;1.0
07473330;992383200000;1.0
06444062;992642400000;1.0
06666934;992988000000;1.0
06562159;993506400000;1.0
07067024;993592800000;1.0
06964714;993592800000;1.0
06521064;994024800000;1.0
06913660;994284000000;1.0
06395899;995839200000;1.0
06558487;995925600000;1.0
07393423;997221600000;1.0
06673174;997740000000;1.0
06652683;997999200000;1.0
06942743;997999200000;1.0
07261748;998344800000;1.0
06811626;1000418400000;1.0
06942744;1002146400000;1.0
06758922;1002232800000;1.0
06958100;1002232800000;1.0
06669753;1002578400000;1.0
06521063;1002837600000;1.0
07806999;1003096800000;1.0
06986818;1003183200000;1.0
06652682;1003269600000;1.0
06736913;1003356000000;1.0
06881284;1003442400000;1.0
06552201;1004396400000;1.0
06929707;1004569200000;1.0
06682616;1004569200000;1.0
06939420;1004569200000;1.0
06949236;1005001200000;1.0
06764562;1005606000000;1.0
06557650;1005606000000;1.0
06589374;1006729200000;1.0
06712918;1007074800000;1.0
06824626;1007593200000;1.0
06726788;1008198000000;1.0
06689285;1008284400000;1.0
06562087;1008889200000;1.0
06846373;1009321200000;1.0
06875295;1009407600000;1.0
06610158;1010444400000;1.0
06992185;1010530800000;1.0
07022196;1010617200000;1.0
06647851;1010703600000;1.0
06527887;1011308400000;1.0
06730181;1011654000000;1.0
07445948;1011740400000;1.0
06800154;1011740400000;1.0
06562497;1011913200000;1.0
06630040;1012431600000;1.0
06627013;1012863600000;1.0
06887324;1012863600000;1.0
06558488;1014159600000;1.0
06663731;1015887600000;1.0
07051658;1015974000000;1.0
06787119;1015974000000;1.0
06645326;1017010800000;1.0
07507308;1017270000000;1.0
06783613;1017871200000;1.0
06695938;1018562400000;1.0
06723191;1019512800000;1.0
06702909;1020031200000;1.0
06808572;1021413600000;1.0
06651563;1021845600000;1.0
06602366;1024005600000;1.0
06632305;1024005600000;1.0
07083690;1025042400000;1.0
06712917;1025215200000;1.0
06893517;1026165600000;1.0
06673924;1026252000000;1.0
06849247;1026252000000;1.0
06881283;1028066400000;1.0
06657059;1028584800000;1.0
06854395;1028671200000;1.0
06916389;1029189600000;1.0
06849140;1029708000000;1.0
06641683;1031695200000;1.0
06877435;1031781600000;1.0
06918340;1031781600000;1.0
06709537;1031868000000;1.0
06653506;1032127200000;1.0
06808573;1032732000000;1.0
06855219;1033509600000;1.0
07704340;1033509600000;1.0
06893516;1033596000000;1.0
06848366;1034805600000;1.0
07335270;1035237600000;1.0
06849103;1035410400000;1.0
06875294;1037055600000;1.0
06946042;1037142000000;1.0
06666476;1037314800000;1.0
07695007;1037919600000;1.0
06843869;1039129200000;1.0
06719861;1040166000000;1.0
06989064;1040252400000;1.0
06969434;1040598000000;1.0
06706849;1042153200000;1.0
06635130;1042153200000;1.0
06916390;1042498800000;1.0
06936120;1042671600000;1.0
06887325;1043190000000;1.0
06955731;1043708400000;1.0
07344610;1043708400000;1.0
06777309;1043708400000;1.0
06783615;1043794800000;1.0
06872265;1043881200000;1.0
06689237;1043967600000;1.0
06682615;1044226800000;1.0
06682614;1044226800000;1.0
06984274;1044486000000;1.0
07793592;1044486000000;1.0
06984275;1045004400000;1.0
06666936;1045090800000;1.0
07056401;1045177200000;1.0
07052562;1046386800000;1.0
06782827;1046732400000;1.0
06748868;1046732400000;1.0
07370565;1046905200000;1.0
07011722;1047250800000;1.0
07033449;1047250800000;1.0
06962634;1047423600000;1.0
06964715;1047510000000;1.0
06982013;1047855600000;1.0
07108758;1047855600000;1.0
06962633;1047942000000;1.0
06689236;1048114800000;1.0
06846372;1049061600000;1.0
06887326;1049407200000;1.0
06958101;1050012000000;1.0
06786986;1050271200000;1.0
06986819;1051135200000;1.0
06664409;1052172000000;1.0
06949152;1052344800000;1.0
06896751;1053036000000;1.0
06899827;1053036000000;1.0
06919453;1053295200000;1.0
06846926;1053295200000;1.0
06805760;1053554400000;1.0
06777586;1053640800000;1.0
06960268;1053640800000;1.0
06979022;1053640800000;1.0
06878221;1055714400000;1.0
07745635;1055714400000;1.0
06949153;1056319200000;1.0
06941868;1056578400000;1.0
06960267;1056578400000;1.0
07025840;1058220000000;1.0
07041286;1058911200000;1.0
06818081;1058911200000;1.0
07459043;1059602400000;1.0
07338540;1060034400000;1.0
07288648;1060120800000;1.0
07338711;1060639200000;1.0
07101449;1061503200000;1.0
07114946;1062021600000;1.0
06976430;1062453600000;1.0
06905562;1062626400000;1.0
06964716;1063231200000;1.0
06884307;1064527200000;1.0
06792867;1065045600000;1.0
06918976;1065477600000;1.0
07771549;1065477600000;1.0
06841015;1065650400000;1.0
06843868;1066860000000;1.0
06893518;1067382000000;1.0
07618506;1067468400000;1.0
06872266;1067468400000;1.0
07077044;1067814000000;1.0
07128005;1068159600000;1.0
06783614;1068764400000;1.0
06863751;1068764400000;1.0
07857922;1069369200000;1.0
07503987;1069369200000;1.0
07785430;1069974000000;1.0
07597046;1070406000000;1.0
07754036;1070406000000;1.0
07240618;1072738800000;1.0
06997998;1073516400000;1.0
07494705;1074121200000;1.0
07521585;1075071600000;1.0
06955732;1076454000000;1.0
06913661;1076972400000;1.0
07220328;1077231600000;1.0
07678210;1078700400000;1.0
07081175;1079478000000;1.0
07763133;1080255600000;1.0
07279572;1083103200000;1.0
07407598;1083276000000;1.0
07604705;1084744800000;1.0
06940743;1086732000000;1.0
07147733;1090792800000;1.0
07815759;1091656800000;1.0
07585381;1091743200000;1.0
07638006;1093212000000;1.0
07707819;1095804000000;1.0
07365034;1097100000000;1.0
07807000;1098655200000;1.0
07347906;1098655200000;1.0
07645351;1099263600000;1.0
07632364;1100041200000;1.0
07524355;1100214000000;1.0
07192055;1100214000000;1.0
07491279;1102546800000;1.0
07422618;1106002800000;1.0
07578895;1111618800000;1.0
07789983;1113343200000;1.0
07670446;1113861600000;1.0
07556702;1115762400000;1.0
07632365;1118008800000;1.0
07568432;1122242400000;1.0
07857920;1124661600000;1.0
07404867;1124920800000;1.0
07811397;1125352800000;1.0
07150855;1125439200000;1.0
07399841;1126735200000;1.0
07651126;1128636000000;1.0
07771550;1128636000000;1.0
07544260;1129759200000;1.0
07686901;1130799600000;1.0
07192497;1134687600000;1.0
07767045;1135033200000;1.0
07455741;1136415600000;1.0
07727347;1137538800000;1.0
07857921;1141254000000;1.0
07743807;1141340400000;1.0
07694628;1142895600000;1.0
07470337;1142895600000;1.0
07789980;1144706400000;1.0
07744710;1149199200000;1.0
07758709;1150840800000;1.0
07784403;1152050400000;1.0
07722782;1152655200000;1.0
07776169;1154296800000;1.0
07678209;1154469600000;1.0
07641748;1158876000000;1.0
07469640;1159394400000;1.0
07806954;1162249200000;1.0
07648602;1166137200000;1.0
07789984;1166396400000;1.0
07833365;1169766000000;1.0
07789982;1170370800000;1.0
07749344;1172530800000;1.0
07847102;1178488800000;1.0
07842144;1180648800000;1.0
07824511;1183413600000;1.0
07651577;1184709600000;1.0
07682411;1185487200000;1.0
07789981;1188165600000;1.0
07537002;1190671200000;1.0
07833366;1193785200000;1.0
07749345;1219269600000;1.0
07690308;1223848800000;1.0
07837813;1243461600000;1.0
07854811;1247263200000;1.0
