id;ts;originality
04082193;17535600000;1.0
03884359;20473200000;1.0
03860282;32050800000;1.0
03871528;42764400000;1.0
04040524;45097200000;1.0
04099630;49330800000;1.0
03887081;57884400000;1.0
03863393;69289200000;1.0
03963127;73609200000;1.0
03907142;74300400000;1.0
03870160;78015600000;1.0
04039084;78361200000;1.0
03870159;81039600000;1.0
03876088;81126000000;1.0
03912319;85014000000;1.0
03870162;87692400000;1.0
03874517;88902000000;1.0
03888357;90630000000;1.0
03866759;90716400000;1.0
03883859;94431600000;1.0
03872458;94777200000;1.0
03892316;95554800000;1.0
03874514;95900400000;1.0
03896938;97369200000;1.0
03863772;97455600000;1.0
03900119;97887600000;1.0
03985036;98578800000;1.0
03900114;98578800000;1.0
03877581;99010800000;1.0
03870161;99702000000;1.0
03868023;100825200000;1.0
03997062;100911600000;1.0
03872977;101343600000;1.0
03899083;101602800000;1.0
03871527;102726000000;1.0
03894503;102898800000;1.0
03861534;103158000000;1.0
03863770;103330800000;1.0
03885676;104108400000;1.0
03909817;104367600000;1.0
03876099;104367600000;1.0
03861243;104972400000;1.0
03874515;106354800000;1.0
03866760;108860400000;1.0
03899212;110070000000;1.0
03887080;110156400000;1.0
03863782;110415600000;1.0
03863773;111020400000;1.0
03869814;111106800000;1.0
03901395;111193200000;1.0
03893572;111625200000;1.0
03902212;111711600000;1.0
03893093;112402800000;1.0
03866200;112402800000;1.0
03881608;113439600000;1.0
03909863;114390000000;1.0
03888463;114649200000;1.0
03874513;114649200000;1.0
03865265;114649200000;1.0
03913942;114994800000;1.0
03878944;115513200000;1.0
03966060;116031600000;1.0
03888368;116118000000;1.0
03877391;116204400000;1.0
03910432;116463600000;1.0
03874516;116809200000;1.0
03889818;117414000000;1.0
03880293;117932400000;1.0
03952836;117932400000;1.0
03863406;118969200000;1.0
03972420;120351600000;1.0
03894635;120438000000;1.0
03891103;121042800000;1.0
03889819;122166000000;1.0
03868022;122857200000;1.0
03917088;122857200000;1.0
03863771;123980400000;1.0
03923163;124326000000;1.0
03917074;125103600000;1.0
03870163;125794800000;1.0
03885677;126486000000;1.0
03910431;126486000000;1.0
03858728;127090800000;1.0
03877583;127695600000;1.0
03858928;128041200000;1.0
03993287;128646000000;1.0
03921817;129337200000;1.0
03858736;129337200000;1.0
03923407;129337200000;1.0
03888356;129423600000;1.0
03945503;129942000000;1.0
03865251;130719600000;1.0
03912088;131238000000;1.0
03911844;131238000000;1.0
03945504;132188400000;1.0
03907133;132274800000;1.0
03948397;132361200000;1.0
03990583;132447600000;1.0
03863774;132793200000;1.0
03938669;133398000000;1.0
03921818;133657200000;1.0
03936622;134262000000;1.0
03944472;135212400000;1.0
03924753;135817200000;1.0
03891095;135817200000;1.0
03907120;135990000000;1.0
03929239;136076400000;1.0
03921815;136767600000;1.0
03870158;136767600000;1.0
03891094;137199600000;1.0
03954187;137804400000;1.0
03909961;138322800000;1.0
03893571;138927600000;1.0
03911982;138927600000;1.0
03918037;138927600000;1.0
03990584;139446000000;1.0
03902735;139446000000;1.0
04108318;139791600000;1.0
03995746;140050800000;1.0
03921816;140137200000;1.0
03977530;140310000000;1.0
03923276;140742000000;1.0
03961713;141606000000;1.0
03899089;141606000000;1.0
03904156;142729200000;1.0
03978990;142815600000;1.0
03957161;143074800000;1.0
03924752;143161200000;1.0
03900113;143247600000;1.0
03945502;143334000000;1.0
03921819;144025200000;1.0
03929231;144457200000;1.0
03955844;144889200000;1.0
03952466;145148400000;1.0
03946971;145234800000;1.0
03916279;145839600000;1.0
03934729;146271600000;1.0
03938670;146271600000;1.0
03939988;146271600000;1.0
03944081;146271600000;1.0
03947144;146703600000;1.0
03932855;147654000000;1.0
03984084;147913200000;1.0
03923170;149122800000;1.0
03967394;149122800000;1.0
03930583;149122800000;1.0
03985248;149295600000;1.0
03946881;149727600000;1.0
03917094;149727600000;1.0
03960285;150073200000;1.0
03945612;150332400000;1.0
03940110;150332400000;1.0
03982732;150505200000;1.0
03971478;150591600000;1.0
03912093;150678000000;1.0
03954196;151023600000;1.0
03957164;151110000000;1.0
04030088;151542000000;1.0
04038765;151714800000;1.0
03977548;151801200000;1.0
03961712;152406000000;1.0
03933250;152492400000;1.0
03989149;152751600000;1.0
03977546;153010800000;1.0
03949881;153356400000;1.0
03923172;153356400000;1.0
03918592;153356400000;1.0
03964614;153615600000;1.0
03945508;153702000000;1.0
03952467;153702000000;1.0
03955695;153961200000;1.0
03931698;154134000000;1.0
03967736;154220400000;1.0
04036508;154566000000;1.0
04003475;154738800000;1.0
03922789;155948400000;1.0
03987563;156121200000;1.0
03985234;156380400000;1.0
03987906;156639600000;1.0
03945333;156726000000;1.0
03968884;156726000000;1.0
03944082;156726000000;1.0
03976265;156985200000;1.0
03961685;156985200000;1.0
03958106;157071600000;1.0
03941259;157244400000;1.0
03969714;158194800000;1.0
03949882;158281200000;1.0
03977148;158540400000;1.0
03929204;159577200000;1.0
03990539;159663600000;1.0
03941252;159663600000;1.0
03987905;160009200000;1.0
03948398;160009200000;1.0
04008814;160354800000;1.0
04003802;160614000000;1.0
03987594;160873200000;1.0
03955684;160873200000;1.0
03978989;160959600000;1.0
03954193;160959600000;1.0
04057792;161305200000;1.0
03926316;161564400000;1.0
03952879;161564400000;1.0
04005779;161910000000;1.0
03967744;161910000000;1.0
03993986;162687600000;1.0
03975044;162774000000;1.0
03977531;163033200000;1.0
03971008;163119600000;1.0
03999665;163206000000;1.0
03992836;163206000000;1.0
04015726;164242800000;1.0
03973679;164329200000;1.0
03983946;164415600000;1.0
03987915;164588400000;1.0
04021019;164847600000;1.0
04067460;165020400000;1.0
04020952;165106800000;1.0
04029213;165625200000;1.0
04068773;165711600000;1.0
04003487;165711600000;1.0
03993198;165711600000;1.0
04032020;166057200000;1.0
03985406;166662000000;1.0
04004695;166834800000;1.0
03973683;166921200000;1.0
04027772;166921200000;1.0
03999672;168044400000;1.0
04003474;168476400000;1.0
03976202;168649200000;1.0
04023869;169340400000;1.0
04002242;169858800000;1.0
04016688;170377200000;1.0
03973680;170377200000;1.0
04194867;170463600000;1.0
04010852;170636400000;1.0
03990714;170895600000;1.0
04003479;171068400000;1.0
04027448;172105200000;1.0
04023695;172450800000;1.0
03997061;172882800000;1.0
04003168;173055600000;1.0
04005852;173055600000;1.0
04002321;173919600000;1.0
04033468;173919600000;1.0
04025055;173919600000;1.0
03972571;174092400000;1.0
03998029;174265200000;1.0
03982634;174697200000;1.0
04071147;174783600000;1.0
04024957;175474800000;1.0
03993202;175561200000;1.0
03989277;175734000000;1.0
04002377;175993200000;1.0
03971934;176338800000;1.0
04109799;176511600000;1.0
04019642;176943600000;1.0
04041875;177202800000;1.0
03997071;177202800000;1.0
04052602;177202800000;1.0
04011699;178326000000;1.0
04018349;178844400000;1.0
04068762;179622000000;1.0
03996678;179622000000;1.0
04047618;180226800000;1.0
03998336;180226800000;1.0
04018458;180572400000;1.0
04054210;181177200000;1.0
04053061;181436400000;1.0
04027441;181436400000;1.0
04031976;181868400000;1.0
04037742;181868400000;1.0
04058295;182127600000;1.0
04046346;182127600000;1.0
04034875;182127600000;1.0
04042135;182473200000;1.0
04004696;182732400000;1.0
03976322;183164400000;1.0
04013174;183164400000;1.0
04050586;183250800000;1.0
04082191;183337200000;1.0
04091935;183337200000;1.0
04026428;183682800000;1.0
04038794;183682800000;1.0
04027823;183769200000;1.0
04007847;183855600000;1.0
04063649;184374000000;1.0
04069922;184460400000;1.0
04050585;184546800000;1.0
04003472;184806000000;1.0
04005780;184806000000;1.0
04003482;185583600000;1.0
04009081;185756400000;1.0
03982642;185756400000;1.0
04015730;186015600000;1.0
04004156;186188400000;1.0
04019446;186188400000;1.0
04058229;186793200000;1.0
04027800;186793200000;1.0
03994401;186966000000;1.0
04039206;187398000000;1.0
04036372;187830000000;1.0
04074891;188089200000;1.0
03991891;188434800000;1.0
03998342;188434800000;1.0
04003480;188521200000;1.0
04039094;188521200000;1.0
04043469;189039600000;1.0
04042941;189039600000;1.0
04067447;189039600000;1.0
04061230;189903600000;1.0
04042116;189990000000;1.0
04002243;190508400000;1.0
04058178;190854000000;1.0
04034881;190854000000;1.0
04078667;191199600000;1.0
04078668;191199600000;1.0
04016992;191458800000;1.0
04069921;191804400000;1.0
04085849;192754800000;1.0
04053060;193014000000;1.0
04083319;193359600000;1.0
04032016;193878000000;1.0
04053059;193878000000;1.0
04136786;193964400000;1.0
04067446;193964400000;1.0
04037894;194137200000;1.0
04046265;194569200000;1.0
04074818;194828400000;1.0
04063651;195087600000;1.0
04109681;196297200000;1.0
04074817;196297200000;1.0
04004778;196898400000;1.0
04064997;196898400000;1.0
04011955;196898400000;1.0
04113111;197071200000;1.0
04100973;197503200000;1.0
04055316;197676000000;1.0
04084706;198108000000;1.0
04030353;198108000000;1.0
04053063;198712800000;1.0
04085853;199317600000;1.0
04057942;199922400000;1.0
04045923;200181600000;1.0
04144974;200786400000;1.0
04047311;201391200000;1.0
04053999;201391200000;1.0
04027801;201477600000;1.0
04053058;201996000000;1.0
04042213;202687200000;1.0
04201305;203205600000;1.0
04039085;203205600000;1.0
04044952;204760800000;1.0
04068827;204847200000;1.0
04093091;204933600000;1.0
04043253;205106400000;1.0
04036243;205452000000;1.0
04197953;205624800000;1.0
04039086;206143200000;1.0
04206833;206229600000;1.0
04125889;207180000000;1.0
04042115;207352800000;1.0
04070800;207784800000;1.0
04069637;208389600000;1.0
04113112;208735200000;1.0
04050587;208994400000;1.0
04099631;209167200000;1.0
04099628;209340000000;1.0
04044902;209599200000;1.0
04039093;210204000000;1.0
04078665;210463200000;1.0
04078666;210463200000;1.0
04121955;210895200000;1.0
04124133;210895200000;1.0
04049132;211068000000;1.0
04076128;211068000000;1.0
04045866;211413600000;1.0
04095752;211586400000;1.0
04094422;212018400000;1.0
04047617;212626800000;1.0
04049238;212626800000;1.0
04106638;213231600000;1.0
04082197;213922800000;1.0
04150635;214009200000;1.0
04140227;214441200000;1.0
04081081;215132400000;1.0
04064615;215305200000;1.0
04135627;215910000000;1.0
04091936;216860400000;1.0
04134500;217465200000;1.0
04134236;217810800000;1.0
04176995;218156400000;1.0
04076127;218934000000;1.0
04089424;219020400000;1.0
04106639;219279600000;1.0
04155464;219452400000;1.0
04096952;219970800000;1.0
04365926;220575600000;1.0
04531647;220748400000;1.0
04099634;221094000000;1.0
04106641;221094000000;1.0
04094493;221266800000;1.0
04147263;221353200000;1.0
04110596;221439600000;1.0
04090625;221698800000;1.0
04119118;221958000000;1.0
04094230;222390000000;1.0
04098172;222390000000;1.0
04084777;222476400000;1.0
04116467;222476400000;1.0
04081055;222908400000;1.0
04161369;223686000000;1.0
04051796;224118000000;1.0
04102528;224722800000;1.0
04098410;224809200000;1.0
04146998;224895600000;1.0
04098532;224895600000;1.0
04106631;225068400000;1.0
04118012;225673200000;1.0
04078818;225673200000;1.0
04106225;226537200000;1.0
04131294;226796400000;1.0
04136789;227228400000;1.0
04125919;228006000000;1.0
04127197;228006000000;1.0
04183440;228610800000;1.0
04091934;228697200000;1.0
04126235;229039200000;1.0
04154316;229039200000;1.0
04111316;229557600000;1.0
04132317;229644000000;1.0
04119165;230162400000;1.0
04108317;230335200000;1.0
04083459;230421600000;1.0
04146144;230421600000;1.0
04156367;230508000000;1.0
04135632;231026400000;1.0
04103784;231112800000;1.0
04131078;231112800000;1.0
04165005;231372000000;1.0
04126298;231458400000;1.0
04274793;231631200000;1.0
04111313;231717600000;1.0
04118054;232063200000;1.0
04132040;232236000000;1.0
04194639;232236000000;1.0
04125908;232754400000;1.0
04158414;232754400000;1.0
04124124;232840800000;1.0
04150754;233186400000;1.0
04102461;233186400000;1.0
04189276;233877600000;1.0
04174188;234050400000;1.0
04126232;234050400000;1.0
04175908;234655200000;1.0
04255076;235778400000;1.0
04134507;235864800000;1.0
04125974;237160800000;1.0
04141455;237679200000;1.0
04119212;238024800000;1.0
04164289;238629600000;1.0
04160617;239234400000;1.0
04226331;239839200000;1.0
04148531;240444000000;1.0
04179947;240444000000;1.0
04159776;240789600000;1.0
04181231;241048800000;1.0
04100707;241221600000;1.0
04171053;241221600000;1.0
04166544;241308000000;1.0
04142551;241308000000;1.0
04169338;241653600000;1.0
04180171;241653600000;1.0
04112863;241826400000;1.0
04127200;243468000000;1.0
04216869;243640800000;1.0
04109798;243727200000;1.0
04179233;244422000000;1.0
04151688;244681200000;1.0
04124226;244940400000;1.0
04196815;244940400000;1.0
04125193;245372400000;1.0
04145782;245372400000;1.0
04139107;245545200000;1.0
04172685;245631600000;1.0
04151919;245977200000;1.0
04141454;245977200000;1.0
04151921;246582000000;1.0
04196816;247186800000;1.0
04170308;247186800000;1.0
04172688;247705200000;1.0
04169977;247964400000;1.0
04156331;247964400000;1.0
04179010;248914800000;1.0
04158416;248914800000;1.0
04183709;248914800000;1.0
04103783;249260400000;1.0
04142710;249519600000;1.0
04204664;250124400000;1.0
04166542;250124400000;1.0
04260064;250729200000;1.0
04153165;250815600000;1.0
04170854;250988400000;1.0
04394108;251506800000;1.0
04171054;251593200000;1.0
04212404;252025200000;1.0
04185280;252111600000;1.0
04202453;252802800000;1.0
04222492;252802800000;1.0
04157736;253321200000;1.0
04207828;253494000000;1.0
04271970;253926000000;1.0
04191300;256172400000;1.0
04170309;256258800000;1.0
04219121;256863600000;1.0
04232792;256863600000;1.0
04168008;257036400000;1.0
04161144;257382000000;1.0
04174579;257727600000;1.0
04184803;258159600000;1.0
04180170;258332400000;1.0
04219122;258591600000;1.0
04193505;258678000000;1.0
04135628;259196400000;1.0
04270628;259455600000;1.0
04159059;259455600000;1.0
04155538;260060400000;1.0
04188887;260146800000;1.0
04184600;260146800000;1.0
04211332;260402400000;1.0
04270456;261007200000;1.0
04262812;261007200000;1.0
04186839;261871200000;1.0
04202064;261871200000;1.0
04177869;261957600000;1.0
04240558;261957600000;1.0
04258853;262216800000;1.0
04192427;262216800000;1.0
04195740;262216800000;1.0
04204603;262476000000;1.0
04126520;262908000000;1.0
04144973;263426400000;1.0
04198857;263426400000;1.0
04203687;263772000000;1.0
04272932;264117600000;1.0
04285629;264290400000;1.0
04278392;264376800000;1.0
04216941;264636000000;1.0
04216870;264808800000;1.0
04257493;264895200000;1.0
04155463;265327200000;1.0
04214665;265500000000;1.0
04215972;265500000000;1.0
04195741;265500000000;1.0
04269396;265845600000;1.0
04232610;265845600000;1.0
04171597;266018400000;1.0
04227846;266018400000;1.0
04231313;266018400000;1.0
04194638;266018400000;1.0
04225393;266623200000;1.0
04220246;266709600000;1.0
04191301;267055200000;1.0
04178591;267228000000;1.0
04221301;267314400000;1.0
04241838;267660000000;1.0
04222186;267660000000;1.0
04193734;268005600000;1.0
04268216;268264800000;1.0
04363411;268264800000;1.0
04197806;268264800000;1.0
04187949;268869600000;1.0
04218045;269474400000;1.0
04261119;269474400000;1.0
04267934;269733600000;1.0
04267933;270252000000;1.0
04172529;270684000000;1.0
04169535;270684000000;1.0
04222491;270856800000;1.0
04216868;271029600000;1.0
04274795;271461600000;1.0
04168781;272066400000;1.0
04221300;272066400000;1.0
04191502;272584800000;1.0
04303164;272584800000;1.0
04214664;272757600000;1.0
04206848;273103200000;1.0
04189278;273794400000;1.0
04196814;273794400000;1.0
04293265;274053600000;1.0
04236643;274572000000;1.0
04239439;274658400000;1.0
04227464;275263200000;1.0
04204903;275263200000;1.0
04238911;275868000000;1.0
04286803;276130800000;1.0
04201509;276303600000;1.0
04464093;276476400000;1.0
04238038;276822000000;1.0
04260322;276994800000;1.0
04234287;277599600000;1.0
04238036;277945200000;1.0
04264014;279154800000;1.0
04182253;279414000000;1.0
04236864;279414000000;1.0
04295636;280018800000;1.0
04267932;280450800000;1.0
04217987;281314800000;1.0
04278393;281574000000;1.0
04384652;281746800000;1.0
04276918;281746800000;1.0
04254988;281833200000;1.0
04238037;282178800000;1.0
04274791;282956400000;1.0
04303165;283474800000;1.0
04280627;284338800000;1.0
04244447;284598000000;1.0
04252243;284943600000;1.0
04293270;285202800000;1.0
04231699;285980400000;1.0
04212006;286153200000;1.0
04280430;286153200000;1.0
04273244;286412400000;1.0
04227676;286671600000;1.0
04258484;287017200000;1.0
04248488;287190000000;1.0
04279348;287362800000;1.0
04221089;287622000000;1.0
04226300;288399600000;1.0
04330368;288399600000;1.0
04241803;288572400000;1.0
04208847;288831600000;1.0
04274542;288831600000;1.0
04239443;289004400000;1.0
04266680;290041200000;1.0
04243147;290041200000;1.0
04248353;290386800000;1.0
04273502;290386800000;1.0
04222457;290646000000;1.0
04273067;290818800000;1.0
04245855;290991600000;1.0
04290731;291250800000;1.0
04268204;291510000000;1.0
04294176;292024800000;1.0
04241837;292197600000;1.0
04266679;292456800000;1.0
04256433;292456800000;1.0
04249474;292629600000;1.0
04249853;293061600000;1.0
04273243;293234400000;1.0
04257201;293320800000;1.0
04267675;294616800000;1.0
04280628;295480800000;1.0
04361104;295480800000;1.0
04243148;295826400000;1.0
04273242;295826400000;1.0
04264265;296431200000;1.0
04258852;296431200000;1.0
04289076;296776800000;1.0
04266904;296949600000;1.0
04256230;296949600000;1.0
04278394;297295200000;1.0
04354608;297640800000;1.0
04286722;298072800000;1.0
04288196;298159200000;1.0
04266908;298764000000;1.0
04265579;299282400000;1.0
04346808;301096800000;1.0
04257618;301701600000;1.0
04343406;302133600000;1.0
04293269;302133600000;1.0
04284978;302392800000;1.0
04293077;303343200000;1.0
04275902;304293600000;1.0
04269599;304552800000;1.0
04286720;304812000000;1.0
04359164;305244000000;1.0
04260321;305244000000;1.0
04329104;305762400000;1.0
04279347;305935200000;1.0
04296867;306280800000;1.0
04276985;306367200000;1.0
04297908;306540000000;1.0
04297071;307580400000;1.0
04463857;307666800000;1.0
04332328;307753200000;1.0
04305513;307839600000;1.0
04297072;308358000000;1.0
04271578;308358000000;1.0
04341315;308444400000;1.0
04309854;308790000000;1.0
04294495;308790000000;1.0
04344497;309135600000;1.0
04421051;309999600000;1.0
04304519;309999600000;1.0
04262811;310086000000;1.0
04286721;311295600000;1.0
04270663;311382000000;1.0
04226332;312764400000;1.0
04308899;313196400000;1.0
04310098;313282800000;1.0
04275542;313628400000;1.0
04347938;313714800000;1.0
04277214;313714800000;1.0
04270286;313801200000;1.0
04299530;314233200000;1.0
04350254;314233200000;1.0
04300134;314492400000;1.0
04307810;314578800000;1.0
04363409;315010800000;1.0
04307621;315097200000;1.0
04297961;315442800000;1.0
04295661;316306800000;1.0
04279560;316825200000;1.0
04355727;317602800000;1.0
04282978;317862000000;1.0
04357785;317948400000;1.0
04382413;319158000000;1.0
04298128;319762800000;1.0
04337868;319762800000;1.0
04326571;319935600000;1.0
04268360;320886000000;1.0
04358021;321231600000;1.0
04316548;321231600000;1.0
04316696;321231600000;1.0
04310277;321490800000;1.0
04326346;321490800000;1.0
04317524;321490800000;1.0
04316528;321577200000;1.0
04354606;322268400000;1.0
04301565;322268400000;1.0
04314622;322873200000;1.0
04340216;323046000000;1.0
04353471;323305200000;1.0
04394911;323992800000;1.0
04428173;324079200000;1.0
04349115;324511200000;1.0
04345539;325116000000;1.0
04337601;325375200000;1.0
04360111;325807200000;1.0
04352434;325980000000;1.0
04334217;326066400000;1.0
04324435;326584800000;1.0
04368824;327016800000;1.0
04348151;327535200000;1.0
04304337;328399200000;1.0
04359137;328485600000;1.0
04326601;328485600000;1.0
04345873;328744800000;1.0
04360310;328831200000;1.0
04327784;329349600000;1.0
04312456;329436000000;1.0
04378072;329954400000;1.0
04347031;330559200000;1.0
04337015;330559200000;1.0
04350255;330645600000;1.0
04359177;330818400000;1.0
04371086;330904800000;1.0
04364545;331336800000;1.0
04406375;331336800000;1.0
04354607;331423200000;1.0
04370090;331768800000;1.0
04381060;331941600000;1.0
04373853;333151200000;1.0
04341276;333324000000;1.0
04318488;333583200000;1.0
04407629;333583200000;1.0
04370713;334792800000;1.0
04337867;334965600000;1.0
04327533;334965600000;1.0
04385704;335052000000;1.0
04363412;335052000000;1.0
04375936;335397600000;1.0
04360110;335397600000;1.0
04363413;335397600000;1.0
04329795;335397600000;1.0
04392573;335397600000;1.0
04383792;336693600000;1.0
04292137;336952800000;1.0
04395180;337816800000;1.0
04370932;338421600000;1.0
04270982;338421600000;1.0
04361242;338680800000;1.0
04360112;338767200000;1.0
04360304;338767200000;1.0
04303166;339030000000;1.0
04360307;340326000000;1.0
04398469;341017200000;1.0
04336889;341449200000;1.0
04374566;341708400000;1.0
04401406;341794800000;1.0
04385865;342054000000;1.0
04363410;342226800000;1.0
04397396;342399600000;1.0
04386711;342399600000;1.0
04394913;342399600000;1.0
04394912;342399600000;1.0
04396126;343868400000;1.0
04385861;344214000000;1.0
04406574;344559600000;1.0
04344716;345078000000;1.0
04456132;345078000000;1.0
04390315;345078000000;1.0
04395178;345078000000;1.0
04394914;346028400000;1.0
04363591;346287600000;1.0
04402414;346374000000;1.0
04383616;346460400000;1.0
04372452;346460400000;1.0
04358020;347065200000;1.0
04395706;347670000000;1.0
04363585;348102000000;1.0
04404986;348188400000;1.0
04397479;348706800000;1.0
04395192;348706800000;1.0
04425071;348879600000;1.0
04376487;348966000000;1.0
04972538;350262000000;1.0
04382743;351730800000;1.0
04431109;351903600000;1.0
04398640;352076400000;1.0
04381839;352335600000;1.0
04383617;352508400000;1.0
04453642;352594800000;1.0
04434902;352594800000;1.0
04380244;352594800000;1.0
04411368;352940400000;1.0
04387812;353026800000;1.0
04362292;353199600000;1.0
04388033;353545200000;1.0
04442922;353545200000;1.0
04418791;354409200000;1.0
04461369;354751200000;1.0
04446977;354837600000;1.0
04392574;355010400000;1.0
04421241;356911200000;1.0
04427120;356911200000;1.0
04601402;357775200000;1.0
04407625;358725600000;1.0
04424909;359244000000;1.0
04444542;359330400000;1.0
04392648;359676000000;1.0
04417845;359935200000;1.0
04439089;360367200000;1.0
04417644;361404000000;1.0
04456093;361490400000;1.0
04476955;362008800000;1.0
04419038;362872800000;1.0
04449634;363218400000;1.0
04396127;363477600000;1.0
04368792;363564000000;1.0
04439905;363823200000;1.0
04434901;363996000000;1.0
04353527;364428000000;1.0
04417664;365378400000;1.0
04417665;365637600000;1.0
04407420;365637600000;1.0
04441854;365810400000;1.0
04453643;366242400000;1.0
04489838;366847200000;1.0
04492311;366847200000;1.0
04408195;366847200000;1.0
04420755;367192800000;1.0
04458780;367711200000;1.0
04387813;368748000000;1.0
04473334;369612000000;1.0
04411070;370044000000;1.0
04491450;370044000000;1.0
04382519;370216800000;1.0
04449884;370216800000;1.0
04470721;371430000000;1.0
04493426;371775600000;1.0
04430041;371775600000;1.0
04391379;371862000000;1.0
04454818;372034800000;1.0
04433952;372639600000;1.0
04459786;372985200000;1.0
04461490;373244400000;1.0
04441851;373503600000;1.0
04433515;373676400000;1.0
04635805;373762800000;1.0
04428407;374799600000;1.0
04442943;374972400000;1.0
04402413;374972400000;1.0
04412776;375318000000;1.0
04430652;375490800000;1.0
04487741;375922800000;1.0
04436476;376527600000;1.0
04508232;376786800000;1.0
04478014;377132400000;1.0
04597497;377305200000;1.0
04400994;378514800000;1.0
04407419;378514800000;1.0
04437573;378601200000;1.0
04519741;378946800000;1.0
04466506;379897200000;1.0
04473160;380415600000;1.0
04436444;380761200000;1.0
04400815;380847600000;1.0
04480757;381020400000;1.0
04387814;381366000000;1.0
04782962;382662000000;1.0
04446976;382662000000;1.0
04498370;383180400000;1.0
04421242;383871600000;1.0
04505396;384130800000;1.0
04506792;384130800000;1.0
04504918;384562800000;1.0
04431363;384735600000;1.0
04502708;385254000000;1.0
04502709;385772400000;1.0
04403704;386460000000;1.0
04516117;386805600000;1.0
04492310;386892000000;1.0
04523669;386978400000;1.0
04496277;387410400000;1.0
04502569;388188000000;1.0
04484686;388360800000;1.0
04478340;388620000000;1.0
04529066;388792800000;1.0
04434994;388792800000;1.0
04482287;388965600000;1.0
04427121;389224800000;1.0
04437682;390002400000;1.0
04462612;390002400000;1.0
04483447;391212000000;1.0
04463858;391384800000;1.0
04473239;391903200000;1.0
04666050;391989600000;1.0
04511048;391989600000;1.0
04445588;391989600000;1.0
04508014;392335200000;1.0
04454951;393026400000;1.0
04491228;394236000000;1.0
04492312;394236000000;1.0
04467928;394236000000;1.0
04460098;394236000000;1.0
04449734;394840800000;1.0
04468166;394927200000;1.0
04461491;395272800000;1.0
04515281;396050400000;1.0
04454952;396482400000;1.0
04439088;396568800000;1.0
04503983;397087200000;1.0
04449635;397087200000;1.0
04537423;397778400000;1.0
04593932;398469600000;1.0
04518090;398469600000;1.0
04471877;399679200000;1.0
04515520;400716000000;1.0
04412622;400888800000;1.0
04576100;401061600000;1.0
04512711;401320800000;1.0
04588347;401493600000;1.0
04469191;401493600000;1.0
04433954;401929200000;1.0
04524875;402015600000;1.0
04488849;402102000000;1.0
04565486;402102000000;1.0
04523684;402188400000;1.0
04642017;402188400000;1.0
04494906;403916400000;1.0
04490951;404089200000;1.0
04496063;404089200000;1.0
04471975;405558000000;1.0
04503984;405730800000;1.0
04440305;405903600000;1.0
04553675;406940400000;1.0
04524873;407113200000;1.0
04532595;407631600000;1.0
04518305;407977200000;1.0
04531883;408150000000;1.0
04568232;408582000000;1.0
04508233;411692400000;1.0
04595108;412210800000;1.0
04512482;414111600000;1.0
04544070;414198000000;1.0
04556358;414889200000;1.0
04518304;414975600000;1.0
04632622;415234800000;1.0
04446975;415321200000;1.0
04489818;415407600000;1.0
04496062;415839600000;1.0
04491301;416185200000;1.0
04484366;416790000000;1.0
04555032;417308400000;1.0
04584166;417736800000;1.0
04505397;417823200000;1.0
04616225;417909600000;1.0
04435118;418341600000;1.0
04523887;418428000000;1.0
04487120;419205600000;1.0
04664873;419551200000;1.0
04535900;420069600000;1.0
04565291;420242400000;1.0
04483448;420415200000;1.0
04606691;420501600000;1.0
04515694;420674400000;1.0
04502527;420674400000;1.0
04641757;421020000000;1.0
04456131;421279200000;1.0
04527698;421452000000;1.0
04636962;422575200000;1.0
04536009;422575200000;1.0
04498596;422834400000;1.0
04596508;424303200000;1.0
04526278;424303200000;1.0
04648647;424476000000;1.0
04606155;424562400000;1.0
04491227;425167200000;1.0
04547857;425167200000;1.0
04575976;425253600000;1.0
04570543;425599200000;1.0
04574964;425685600000;1.0
04483109;425858400000;1.0
04534476;426204000000;1.0
04524874;426722400000;1.0
04632617;426808800000;1.0
04531882;427672800000;1.0
04566599;428796000000;1.0
04582206;429141600000;1.0
04516637;429141600000;1.0
04567990;429832800000;1.0
04529094;430351200000;1.0
04561551;430610400000;1.0
04491229;431128800000;1.0
04557390;431215200000;1.0
04506791;431215200000;1.0
04503921;431647200000;1.0
04500004;431906400000;1.0
04601626;431906400000;1.0
04573856;432856800000;1.0
04664411;433378800000;1.0
04547121;433724400000;1.0
04664270;434329200000;1.0
04444416;434329200000;1.0
04563018;434329200000;1.0
04555031;434761200000;1.0
04589076;435193200000;1.0
04544321;435970800000;1.0
04563030;436489200000;1.0
04538954;439081200000;1.0
04610365;439513200000;1.0
04535899;440031600000;1.0
04658971;440722800000;1.0
04543030;441586800000;1.0
04552274;441932400000;1.0
04558791;442537200000;1.0
04546890;443228400000;1.0
04653974;444610800000;1.0
04546852;444956400000;1.0
04590718;445474800000;1.0
04611440;445561200000;1.0
04540095;446338800000;1.0
04573853;446425200000;1.0
04550682;446684400000;1.0
04613276;447375600000;1.0
04890751;447894000000;1.0
04579234;448239600000;1.0
04669619;448844400000;1.0
04544137;450568800000;1.0
04613849;451519200000;1.0
04537317;451519200000;1.0
04630542;451692000000;1.0
04614275;452296800000;1.0
04605132;452296800000;1.0
04614274;452383200000;1.0
04552082;452728800000;1.0
04513869;453592800000;1.0
04523685;454024800000;1.0
04580329;454111200000;1.0
04558790;454716000000;1.0
04636136;454888800000;1.0
04540097;455148000000;1.0
04615450;456098400000;1.0
04546996;456357600000;1.0
04560074;456962400000;1.0
04515282;457048800000;1.0
04661036;457221600000;1.0
04583906;457221600000;1.0
04572383;458431200000;1.0
04702076;459381600000;1.0
04684306;459381600000;1.0
04591308;459554400000;1.0
04596336;459640800000;1.0
04568103;459727200000;1.0
04601360;459727200000;1.0
04653656;459986400000;1.0
04602566;459986400000;1.0
04660731;460332000000;1.0
04639182;460332000000;1.0
04529064;460591200000;1.0
04658972;461455200000;1.0
04540096;462060000000;1.0
04523686;462751200000;1.0
04629079;463096800000;1.0
04569454;464824800000;1.0
04561552;464824800000;1.0
04657109;464824800000;1.0
04573593;465865200000;1.0
04609323;467247600000;1.0
04557391;467506800000;1.0
04544071;467852400000;1.0
04569453;467938800000;1.0
04592474;467938800000;1.0
04630741;469753200000;1.0
04664586;469839600000;1.0
04550664;470271600000;1.0
04623067;470962800000;1.0
04643320;471135600000;1.0
04601633;471222000000;1.0
04597498;471826800000;1.0
04546891;472345200000;1.0
04579235;472345200000;1.0
04585132;472690800000;1.0
04610594;473900400000;1.0
04634337;474159600000;1.0
04621742;475455600000;1.0
04607862;475801200000;1.0
04590719;476924400000;1.0
04565292;477010800000;1.0
04556341;477615600000;1.0
04705180;477615600000;1.0
04598830;477788400000;1.0
04645084;477788400000;1.0
04648777;478134000000;1.0
04692081;478134000000;1.0
04640421;478220400000;1.0
04732286;478479600000;1.0
04898288;478825200000;1.0
04619369;479430000000;1.0
04599027;479689200000;1.0
04599032;480294000000;1.0
04658130;480294000000;1.0
04599030;481154400000;1.0
04664271;481932000000;1.0
04651884;482364000000;1.0
04666357;482536800000;1.0
04700851;482623200000;1.0
04582205;483573600000;1.0
04632261;484264800000;1.0
04666362;484264800000;1.0
04601401;484264800000;1.0
04573592;484351200000;1.0
04750429;484437600000;1.0
04700852;484783200000;1.0
04648518;485128800000;1.0
04662525;485128800000;1.0
04706825;485560800000;1.0
04702661;486943200000;1.0
04632262;487461600000;1.0
04662526;487461600000;1.0
04598829;488066400000;1.0
04667834;488152800000;1.0
04667835;488152800000;1.0
04608743;488412000000;1.0
04622860;488412000000;1.0
04668154;489362400000;1.0
04826023;489794400000;1.0
04579504;489967200000;1.0
04684031;490226400000;1.0
04706570;490399200000;1.0
04710819;491522400000;1.0
04652204;491781600000;1.0
04633977;492040800000;1.0
04635803;492127200000;1.0
04664269;492386400000;1.0
04671731;492645600000;1.0
04662300;493336800000;1.0
04589518;493336800000;1.0
04688688;493423200000;1.0
04648780;493855200000;1.0
04653653;493941600000;1.0
04650392;494546400000;1.0
04659276;495324000000;1.0
04660729;495669600000;1.0
04696613;495669600000;1.0
04606469;496274400000;1.0
04787524;496447200000;1.0
04683969;496620000000;1.0
04669943;496969200000;1.0
04686828;497833200000;1.0
04682930;498178800000;1.0
04718563;498351600000;1.0
04692085;498783600000;1.0
04668153;499042800000;1.0
04718667;499302000000;1.0
04685860;499474800000;1.0
04721431;499474800000;1.0
04645082;499474800000;1.0
04649375;499561200000;1.0
04674638;500857200000;1.0
04658970;500857200000;1.0
04669618;501116400000;1.0
04603783;501375600000;1.0
04692084;501721200000;1.0
04701099;501894000000;1.0
04679336;501894000000;1.0
04773814;501894000000;1.0
04645083;502671600000;1.0
04728249;503103600000;1.0
04705295;503103600000;1.0
04646924;503535600000;1.0
04740712;503535600000;1.0
04663900;503535600000;1.0
04666049;503881200000;1.0
04693384;503881200000;1.0
04621741;504140400000;1.0
04653655;504140400000;1.0
04635802;504486000000;1.0
04646875;504745200000;1.0
04781517;507769200000;1.0
04702663;508719600000;1.0
04708251;509065200000;1.0
04711358;509583600000;1.0
04688690;510534000000;1.0
04690290;510534000000;1.0
04726732;511138800000;1.0
04673093;511138800000;1.0
04763800;511570800000;1.0
04688689;511657200000;1.0
04727995;512089200000;1.0
04651496;512089200000;1.0
04733783;512089200000;1.0
04789120;512262000000;1.0
04691805;512348400000;1.0
04675664;513208800000;1.0
04729486;513208800000;1.0
04685673;513468000000;1.0
04684128;513468000000;1.0
04687406;513900000000;1.0
04657150;514418400000;1.0
04725193;514504800000;1.0
04815757;514677600000;1.0
04664272;516232800000;1.0
04708048;516405600000;1.0
04699562;516837600000;1.0
04662527;516837600000;1.0
04695958;516837600000;1.0
04652177;517010400000;1.0
04710090;517096800000;1.0
04660730;517096800000;1.0
04821845;517183200000;1.0
04759685;517615200000;1.0
04735327;517788000000;1.0
04761021;518133600000;1.0
04762456;518824800000;1.0
04735523;520034400000;1.0
04750430;520120800000;1.0
04687109;520725600000;1.0
04727996;522280800000;1.0
04653654;522280800000;1.0
04712697;522367200000;1.0
04732224;522885600000;1.0
04792052;523490400000;1.0
04717029;524095200000;1.0
04718564;524268000000;1.0
05314083;524268000000;1.0
04772374;525391200000;1.0
04752012;525650400000;1.0
04687110;525996000000;1.0
04730543;526168800000;1.0
04750132;526773600000;1.0
04790441;527119200000;1.0
04699281;527983200000;1.0
04705179;528332400000;1.0
04768442;528505200000;1.0
04820101;529196400000;1.0
04803940;529282800000;1.0
04748779;529801200000;1.0
04877365;530146800000;1.0
04749328;530146800000;1.0
04750628;530406000000;1.0
04716729;531702000000;1.0
04716728;531702000000;1.0
04746263;531961200000;1.0
04798299;532220400000;1.0
04772175;532220400000;1.0
04746485;532738800000;1.0
04717030;533775600000;1.0
04723667;534639600000;1.0
04753357;534985200000;1.0
04730743;534985200000;1.0
04724970;535590000000;1.0
04778176;536194800000;1.0
04730742;536194800000;1.0
04749178;536367600000;1.0
04715762;537145200000;1.0
04754886;537490800000;1.0
04756431;537490800000;1.0
04762240;538095600000;1.0
04755100;538786800000;1.0
04784278;540514800000;1.0
04782961;540687600000;1.0
04759452;540774000000;1.0
04784420;541810800000;1.0
04740131;542242800000;1.0
04721213;542588400000;1.0
04752011;542847600000;1.0
04770271;543193200000;1.0
04749324;544053600000;1.0
04807374;544658400000;1.0
04746024;544744800000;1.0
04883388;544831200000;1.0
04747745;544917600000;1.0
04769932;545004000000;1.0
04768662;545263200000;1.0
04789072;545868000000;1.0
04732462;546472800000;1.0
04807767;546559200000;1.0
04770304;547164000000;1.0
04805650;547250400000;1.0
04834249;547336800000;1.0
04781882;547941600000;1.0
04788820;548028000000;1.0
04775287;548287200000;1.0
04838438;548978400000;1.0
04859133;549064800000;1.0
04750691;550101600000;1.0
04815614;550706400000;1.0
04761112;551916000000;1.0
04776473;552520800000;1.0
04756432;552780000000;1.0
04907768;553212000000;1.0
04825769;554508000000;1.0
04809857;555544800000;1.0
04818172;556840800000;1.0
04863184;557100000000;1.0
04793765;557359200000;1.0
04796765;557532000000;1.0
04794662;558741600000;1.0
04809472;559519200000;1.0
04757875;559519200000;1.0
04762239;559782000000;1.0
04775029;560646000000;1.0
04812725;561337200000;1.0
04880346;561337200000;1.0
04773455;561682800000;1.0
04895263;561855600000;1.0
04830049;562201200000;1.0
04883185;562806000000;1.0
04897012;563151600000;1.0
04881864;563410800000;1.0
04872581;564361200000;1.0
04782748;564361200000;1.0
04805648;565830000000;1.0
04856662;566002800000;1.0
04863044;567817200000;1.0
04826024;569199600000;1.0
04860681;570063600000;1.0
04801117;570063600000;1.0
04919283;570322800000;1.0
04838522;570668400000;1.0
04861219;570841200000;1.0
04858775;571618800000;1.0
04832210;571964400000;1.0
04838439;571964400000;1.0
04873818;572742000000;1.0
04858890;572828400000;1.0
04854804;573174000000;1.0
04809372;573865200000;1.0
04806063;574038000000;1.0
04867321;574470000000;1.0
04825567;574902000000;1.0
04842150;575247600000;1.0
04838381;575503200000;1.0
04861221;575589600000;1.0
04941216;575848800000;1.0
04924164;576453600000;1.0
04878587;576972000000;1.0
04889362;577490400000;1.0
04828125;577576800000;1.0
04880124;577663200000;1.0
04892202;578181600000;1.0
04883186;578527200000;1.0
04895101;578527200000;1.0
04892201;579304800000;1.0
04880123;579304800000;1.0
04869639;579304800000;1.0
04921392;579477600000;1.0
04886174;579736800000;1.0
04804095;579823200000;1.0
04904916;579909600000;1.0
04877206;580341600000;1.0
04858855;580428000000;1.0
04865513;580428000000;1.0
04889357;581032800000;1.0
04905848;581551200000;1.0
04860539;581810400000;1.0
04975017;581896800000;1.0
04883184;581896800000;1.0
04861069;582156000000;1.0
04861224;582242400000;1.0
04913458;582415200000;1.0
04895186;583106400000;1.0
04898287;584143200000;1.0
04927034;585180000000;1.0
04906981;585352800000;1.0
04921394;585525600000;1.0
04861112;585871200000;1.0
04898289;586994400000;1.0
04921385;587253600000;1.0
04838437;588981600000;1.0
04927317;589068000000;1.0
04846357;589672800000;1.0
04954042;590018400000;1.0
04932176;590623200000;1.0
05022543;590968800000;1.0
04894849;591577200000;1.0
04828124;592009200000;1.0
04892203;592009200000;1.0
04869149;592095600000;1.0
04917567;592786800000;1.0
04945294;593823600000;1.0
04953722;595033200000;1.0
04917566;595724400000;1.0
04925039;595810800000;1.0
05018630;596070000000;1.0
04880345;596415600000;1.0
04895262;597538800000;1.0
04949854;597625200000;1.0
04949855;597625200000;1.0
04911313;597625200000;1.0
04953721;597625200000;1.0
05022542;597625200000;1.0
04890750;597625200000;1.0
04969789;598230000000;1.0
04905850;599180400000;1.0
04923597;600649200000;1.0
04946182;600994800000;1.0
04958815;601513200000;1.0
04941546;602809200000;1.0
04957207;602982000000;1.0
04948326;603414000000;1.0
04904142;604882800000;1.0
04927315;605142000000;1.0
05016767;605487600000;1.0
04950119;605746800000;1.0
05004108;606524400000;1.0
04976361;606610800000;1.0
04955777;606697200000;1.0
04905849;607644000000;1.0
04946051;607730400000;1.0
04982853;607903200000;1.0
04923071;608508000000;1.0
05014863;608508000000;1.0
05064334;608767200000;1.0
04966517;608853600000;1.0
04997095;609026400000;1.0
04966402;609112800000;1.0
05308216;609372000000;1.0
04944364;609372000000;1.0
05119949;609372000000;1.0
04932541;609372000000;1.0
05048703;610581600000;1.0
04988009;610754400000;1.0
04993564;611359200000;1.0
04972778;611359200000;1.0
05015147;611445600000;1.0
04954041;611964000000;1.0
04944368;612050400000;1.0
05183377;612482400000;1.0
05151006;614296800000;1.0
04930970;614815200000;1.0
04967917;614988000000;1.0
04953724;615074400000;1.0
04993913;616111200000;1.0
04979078;616629600000;1.0
04961604;616716000000;1.0
05023434;616888800000;1.0
05005714;616975200000;1.0
04990046;616975200000;1.0
04975979;618444000000;1.0
04993911;618444000000;1.0
04953723;618616800000;1.0
04995518;618789600000;1.0
05007543;619653600000;1.0
05028198;619653600000;1.0
04949808;619740000000;1.0
04969562;619740000000;1.0
05034892;619912800000;1.0
05012939;620344800000;1.0
05050590;620517600000;1.0
05022810;620604000000;1.0
05018631;620949600000;1.0
04919585;620949600000;1.0
04951924;621727200000;1.0
04984695;621727200000;1.0
05067592;622418400000;1.0
05020323;623026800000;1.0
04966290;624150000000;1.0
04953720;624582000000;1.0
05017075;624841200000;1.0
05259721;625359600000;1.0
05016768;625964400000;1.0
05077844;627692400000;1.0
04997333;627692400000;1.0
05026246;627692400000;1.0
05054805;628124400000;1.0
05011364;628383600000;1.0
05054990;629938800000;1.0
05082128;630025200000;1.0
05020957;630198000000;1.0
05047773;630284400000;1.0
04978243;631321200000;1.0
05097972;632444400000;1.0
05029717;632962800000;1.0
05078285;633135600000;1.0
05033705;633567600000;1.0
05133465;633567600000;1.0
05060427;633826800000;1.0
05035336;634345200000;1.0
05042415;634345200000;1.0
04979588;634777200000;1.0
05028194;634777200000;1.0
05076449;635986800000;1.0
04979865;636246000000;1.0
05114295;637196400000;1.0
05186343;637455600000;1.0
05040428;637542000000;1.0
05058752;637887600000;1.0
05163360;638146800000;1.0
05061148;638146800000;1.0
05058911;638661600000;1.0
05018933;639093600000;1.0
05007544;639352800000;1.0
05119961;639612000000;1.0
05015008;639612000000;1.0
05092733;639612000000;1.0
05088610;639698400000;1.0
05062760;640216800000;1.0
05135119;640216800000;1.0
05076450;640303200000;1.0
05217127;641167200000;1.0
05188248;641167200000;1.0
04995517;641426400000;1.0
05056673;641772000000;1.0
05115925;642290400000;1.0
05000648;643240800000;1.0
05061149;643413600000;1.0
05050904;643932000000;1.0
05045034;644104800000;1.0
05033240;644191200000;1.0
05240129;644450400000;1.0
05141195;645055200000;1.0
05127533;645141600000;1.0
05022489;645400800000;1.0
05237690;647215200000;1.0
05072840;647560800000;1.0
05176267;648684000000;1.0
05263660;650844000000;1.0
05139157;651103200000;1.0
05076448;651448800000;1.0
05058753;652053600000;1.0
05183168;652485600000;1.0
05080302;652485600000;1.0
05087168;652572000000;1.0
05020962;652917600000;1.0
05090580;652917600000;1.0
05082127;653004000000;1.0
05035337;653176800000;1.0
05152659;653263200000;1.0
05137161;653608800000;1.0
05160056;654386400000;1.0
05135118;654386400000;1.0
05141386;654472800000;1.0
05106255;654994800000;1.0
05029895;655599600000;1.0
05145075;655945200000;1.0
05117595;656290800000;1.0
05054812;656290800000;1.0
05217344;657154800000;1.0
05114026;657241200000;1.0
05107954;657327600000;1.0
05056671;657327600000;1.0
05150799;657759600000;1.0
05114025;658018800000;1.0
05117991;658710000000;1.0
05052566;659833200000;1.0
05135348;659833200000;1.0
05645179;660178800000;1.0
05100278;661647600000;1.0
05064079;662252400000;1.0
05064339;662770800000;1.0
05140925;663202800000;1.0
05138953;663375600000;1.0
05135276;663375600000;1.0
05106257;664671600000;1.0
05117992;665017200000;1.0
05107997;665017200000;1.0
05064078;665622000000;1.0
05213222;665881200000;1.0
05478192;666399600000;1.0
05151007;667004400000;1.0
05125787;667090800000;1.0
05111578;667090800000;1.0
05156517;668127600000;1.0
05115923;668386800000;1.0
05139619;668646000000;1.0
05169277;668818800000;1.0
05282136;670201200000;1.0
05074423;671320800000;1.0
05139156;671925600000;1.0
05094353;671925600000;1.0
05141119;672271200000;1.0
05140929;672357600000;1.0
05083395;673135200000;1.0
05161705;673740000000;1.0
05156463;674431200000;1.0
05163570;675381600000;1.0
05180070;675554400000;1.0
05211297;675554400000;1.0
05147051;676072800000;1.0
05198800;677109600000;1.0
05165556;678060000000;1.0
05211245;678319200000;1.0
05195726;678492000000;1.0
05152408;679701600000;1.0
05120186;679788000000;1.0
05238716;679874400000;1.0
05199586;680392800000;1.0
05267824;681602400000;1.0
05154013;682552800000;1.0
05154012;682552800000;1.0
05310067;682639200000;1.0
05103738;683935200000;1.0
05244336;684540000000;1.0
05143233;684626400000;1.0
05111945;684712800000;1.0
05224815;684712800000;1.0
05316265;685058400000;1.0
05143232;685144800000;1.0
05427256;685317600000;1.0
05148929;685317600000;1.0
05158188;685576800000;1.0
05222613;685663200000;1.0
05230599;685922400000;1.0
05263809;686185200000;1.0
05121561;686358000000;1.0
05160055;686358000000;1.0
05203837;688345200000;1.0
05215166;688777200000;1.0
05350075;688777200000;1.0
05209361;688863600000;1.0
05226776;688863600000;1.0
05171124;689209200000;1.0
05188247;689209200000;1.0
05197615;689986800000;1.0
05172782;690159600000;1.0
05253771;690418800000;1.0
05251768;691023600000;1.0
05133466;692406000000;1.0
05282714;692492400000;1.0
05158189;692492400000;1.0
05192180;692578800000;1.0
05270621;692924400000;1.0
05219043;693097200000;1.0
05358219;693183600000;1.0
05131802;693442800000;1.0
05222614;694134000000;1.0
05170899;695430000000;1.0
05219267;698367600000;1.0
05193971;699231600000;1.0
05211526;699231600000;1.0
05238025;699663600000;1.0
05186342;699663600000;1.0
05350076;700700400000;1.0
05219420;700873200000;1.0
05215202;701478000000;1.0
05265995;701906400000;1.0
05249643;702252000000;1.0
05260688;702511200000;1.0
05402257;702684000000;1.0
05264067;703980000000;1.0
05224612;705189600000;1.0
05193698;705794400000;1.0
05226249;707349600000;1.0
05372469;709941600000;1.0
05431526;710373600000;1.0
05199583;711237600000;1.0
05402898;711669600000;1.0
05216930;712533600000;1.0
05265741;713484000000;1.0
05261542;714261600000;1.0
05263597;714952800000;1.0
05322404;716162400000;1.0
05443169;716508000000;1.0
05244337;717026400000;1.0
05207337;717026400000;1.0
05354166;717026400000;1.0
05299506;717721200000;1.0
05257891;717807600000;1.0
05292016;718498800000;1.0
05281078;718930800000;1.0
05266001;719103600000;1.0
05217126;719622000000;1.0
05289928;720140400000;1.0
05281069;720399600000;1.0
05865327;720831600000;1.0
05382131;721522800000;1.0
05240366;722127600000;1.0
05310217;723078000000;1.0
05269501;723337200000;1.0
05289780;723337200000;1.0
05348171;723769200000;1.0
05314262;724546800000;1.0
05409123;724546800000;1.0
05328040;725065200000;1.0
05390380;725583600000;1.0
05400910;725756400000;1.0
05429253;726188400000;1.0
05353940;726447600000;1.0
05362029;726879600000;1.0
05423655;726966000000;1.0
05375963;727398000000;1.0
05487479;728780400000;1.0
05314082;728866800000;1.0
05398433;729126000000;1.0
05332110;730335600000;1.0
05427494;730940400000;1.0
05348172;731026800000;1.0
05360123;731286000000;1.0
05323690;731286000000;1.0
05481248;731804400000;1.0
05440476;732150000000;1.0
05346054;732322800000;1.0
05598935;732409200000;1.0
05445282;733960800000;1.0
05265742;734565600000;1.0
05383820;735861600000;1.0
05432423;736034400000;1.0
05313854;736725600000;1.0
05412913;738540000000;1.0
05421468;739058400000;1.0
05518129;739144800000;1.0
05368124;739404000000;1.0
05409346;739404000000;1.0
05486084;739404000000;1.0
05437531;740181600000;1.0
05425464;740354400000;1.0
05387071;741304800000;1.0
05426907;741477600000;1.0
05337908;742687200000;1.0
05385249;743724000000;1.0
05398825;743810400000;1.0
05456655;743983200000;1.0
05343739;744588000000;1.0
05392935;745192800000;1.0
05577875;745452000000;1.0
05341898;745797600000;1.0
05459891;746143200000;1.0
05361916;747612000000;1.0
05423438;747871200000;1.0
05348439;747957600000;1.0
05359516;748130400000;1.0
05395200;748216800000;1.0
05388857;748562400000;1.0
05489032;749862000000;1.0
05492443;750553200000;1.0
05391042;751071600000;1.0
05393193;751244400000;1.0
05352965;751849200000;1.0
05491549;752281200000;1.0
05405029;752281200000;1.0
05428344;752713200000;1.0
05381909;753922800000;1.0
05490601;754009200000;1.0
05445487;755218800000;1.0
05456567;755305200000;1.0
05489033;755305200000;1.0
05484069;756342000000;1.0
05507107;756601200000;1.0
05386443;756946800000;1.0
05400374;757119600000;1.0
05570986;757551600000;1.0
05425427;758415600000;1.0
05490081;758502000000;1.0
05405027;758502000000;1.0
05494117;759366000000;1.0
05392936;759538800000;1.0
05478181;759538800000;1.0
05593050;760143600000;1.0
05567112;760662000000;1.0
05405028;760834800000;1.0
05383563;760834800000;1.0
05645181;761007600000;1.0
05437528;761180400000;1.0
05456371;761526000000;1.0
05626247;762044400000;1.0
05431240;762994800000;1.0
05439343;765064800000;1.0
05498119;765669600000;1.0
05488788;765669600000;1.0
05465855;766015200000;1.0
05603598;766015200000;1.0
05515982;766015200000;1.0
05584363;766620000000;1.0
05667352;766620000000;1.0
05445094;768002400000;1.0
05550733;769298400000;1.0
05462309;769384800000;1.0
05443566;769644000000;1.0
05538382;770594400000;1.0
05393194;771199200000;1.0
05617964;771458400000;1.0
05480041;772668000000;1.0
05423652;772754400000;1.0
05415517;773359200000;1.0
05486082;773532000000;1.0
05494397;774136800000;1.0
05455567;774482400000;1.0
05490293;774828000000;1.0
05466004;775432800000;1.0
05749697;775692000000;1.0
05597080;775778400000;1.0
05431443;775778400000;1.0
05597078;776124000000;1.0
05615784;776210400000;1.0
05511268;776296800000;1.0
05529452;776469600000;1.0
05458250;776988000000;1.0
05553335;779061600000;1.0
05577874;779320800000;1.0
05492236;779925600000;1.0
05649635;780012000000;1.0
05557526;780184800000;1.0
05850928;780534000000;1.0
05549442;780620400000;1.0
05445281;780793200000;1.0
05548198;780879600000;1.0
05421688;780879600000;1.0
05520498;781138800000;1.0
05671932;781225200000;1.0
05579931;781743600000;1.0
05454474;782002800000;1.0
05487478;782348400000;1.0
05478191;782434800000;1.0
05542812;782694000000;1.0
05538149;783126000000;1.0
05645180;783126000000;1.0
05730305;783730800000;1.0
05575607;783730800000;1.0
05515654;783730800000;1.0
05507234;785372400000;1.0
05460472;785545200000;1.0
05526946;786582000000;1.0
05495956;787186800000;1.0
05568829;787532400000;1.0
05628416;788569200000;1.0
05482169;789087600000;1.0
05501346;789606000000;1.0
05934490;790556400000;1.0
05715958;790902000000;1.0
05634565;790902000000;1.0
05607071;791506800000;1.0
05595313;791506800000;1.0
05538150;791593200000;1.0
05511929;791766000000;1.0
05524548;792284400000;1.0
05706960;792716400000;1.0
05511914;792716400000;1.0
05524777;793494000000;1.0
05632395;793666800000;1.0
05673805;793926000000;1.0
05547220;794444400000;1.0
05558037;795222000000;1.0
05624046;795481200000;1.0
05529193;795826800000;1.0
05729453;796514400000;1.0
05597081;796514400000;1.0
05590618;796946400000;1.0
05632391;797724000000;1.0
05522515;798069600000;1.0
05465854;798415200000;1.0
05727702;798415200000;1.0
05624047;798674400000;1.0
05678708;798847200000;1.0
05518128;799538400000;1.0
05733092;799884000000;1.0
05505578;800488800000;1.0
06010080;801439200000;1.0
05810183;801439200000;1.0
05495955;801784800000;1.0
05622235;802303200000;1.0
05823279;802389600000;1.0
05645395;802389600000;1.0
05617963;803080800000;1.0
05575220;803599200000;1.0
06044991;803685600000;1.0
05667245;806968800000;1.0
05678707;807141600000;1.0
05540537;808956000000;1.0
05597079;809215200000;1.0
05513760;809820000000;1.0
05603239;810252000000;1.0
05788096;810511200000;1.0
05733096;810943200000;1.0
05603420;810943200000;1.0
05754672;811029600000;1.0
05611177;811375200000;1.0
05609261;811461600000;1.0
05718771;812329200000;1.0
05642577;812329200000;1.0
05615785;812674800000;1.0
05927520;812934000000;1.0
05713477;813452400000;1.0
05622237;815007600000;1.0
05653351;815266800000;1.0
05632222;815698800000;1.0
05655676;816130800000;1.0
05931625;816217200000;1.0
05799805;817772400000;1.0
05697757;817772400000;1.0
05586667;818895600000;1.0
05692876;819500400000;1.0
05580189;819586800000;1.0
05634762;819673200000;1.0
05718550;821314800000;1.0
05706736;821314800000;1.0
06053341;821314800000;1.0
05960969;822610800000;1.0
05609260;823474800000;1.0
05649636;823734000000;1.0
05601284;824079600000;1.0
05878896;824166000000;1.0
05657888;824252400000;1.0
05743149;825289200000;1.0
05853283;825289200000;1.0
05669518;825289200000;1.0
05823369;826498800000;1.0
05790407;826585200000;1.0
05725112;827103600000;1.0
05924545;827103600000;1.0
05685563;827190000000;1.0
05811945;827276400000;1.0
05865426;827881200000;1.0
05988411;828655200000;1.0
05695082;828914400000;1.0
05729339;829692000000;1.0
05642822;830296800000;1.0
05762467;830469600000;1.0
05711440;831420000000;1.0
05769251;831506400000;1.0
05785191;832111200000;1.0
05634407;832456800000;1.0
05664692;832802400000;1.0
05735416;833234400000;1.0
05765809;833234400000;1.0
05934437;833407200000;1.0
05853150;833752800000;1.0
05653350;834357600000;1.0
05669517;834444000000;1.0
05758785;834962400000;1.0
05662451;835048800000;1.0
05732835;835048800000;1.0
05731987;835221600000;1.0
05660143;836344800000;1.0
05694857;837986400000;1.0
05778795;838677600000;1.0
05690240;838764000000;1.0
05690359;839023200000;1.0
05690360;839023200000;1.0
05718345;839196000000;1.0
05863027;841010400000;1.0
06042330;841269600000;1.0
05819962;841269600000;1.0
05803278;841356000000;1.0
05810548;841701600000;1.0
05823511;842392800000;1.0
05799581;842565600000;1.0
05803279;842565600000;1.0
05813552;843688800000;1.0
05642821;844380000000;1.0
05826734;844812000000;1.0
05788095;846021600000;1.0
05713478;846021600000;1.0
05780936;846108000000;1.0
05725113;846457200000;1.0
05848715;846802800000;1.0
05803280;847062000000;1.0
05775866;847234800000;1.0
05730304;847753200000;1.0
05810547;847753200000;1.0
06182843;847753200000;1.0
06758356;847926000000;1.0
06585455;848358000000;1.0
05720400;848444400000;1.0
05887390;848962800000;1.0
05806695;849567600000;1.0
05833268;849826800000;1.0
05836463;850086000000;1.0
05799807;850258800000;1.0
06079576;850345200000;1.0
05813551;850345200000;1.0
05850713;851036400000;1.0
05673804;851036400000;1.0
05638967;851209200000;1.0
05704498;851641200000;1.0
05797557;853282800000;1.0
05961563;853887600000;1.0
05941401;854492400000;1.0
05890737;854665200000;1.0
05799806;854665200000;1.0
05919022;855183600000;1.0
05993137;855529200000;1.0
05971178;856220400000;1.0
05908122;857084400000;1.0
05829606;857430000000;1.0
05951226;858553200000;1.0
06030168;858639600000;1.0
06092975;859244400000;1.0
06244449;859845600000;1.0
06010018;860018400000;1.0
05836462;860450400000;1.0
06296436;860450400000;1.0
06070106;860450400000;1.0
05769250;861055200000;1.0
06151774;861573600000;1.0
05967348;861660000000;1.0
05901864;861746400000;1.0
06131751;861746400000;1.0
06062405;861919200000;1.0
05898746;862351200000;1.0
05838246;863474400000;1.0
05938052;863647200000;1.0
05765981;864338400000;1.0
06131750;864770400000;1.0
06050770;864943200000;1.0
05893471;865461600000;1.0
05791861;865461600000;1.0
05797504;866412000000;1.0
05915673;866498400000;1.0
05884791;866584800000;1.0
05764066;866671200000;1.0
05676264;867362400000;1.0
05921415;867880800000;1.0
05829605;868312800000;1.0
06183184;868399200000;1.0
05918861;868917600000;1.0
06010019;869176800000;1.0
06250485;870213600000;1.0
05853282;870300000000;1.0
06057777;870300000000;1.0
05765703;870386400000;1.0
05806696;870645600000;1.0
05842587;871941600000;1.0
06089388;872114400000;1.0
05862926;872200800000;1.0
06726960;872719200000;1.0
05823370;873151200000;1.0
05917300;874015200000;1.0
05865328;874620000000;1.0
05944204;874620000000;1.0
05954210;875224800000;1.0
05887735;875484000000;1.0
06062793;875484000000;1.0
05975833;875484000000;1.0
06283699;875570400000;1.0
06019569;875570400000;1.0
06135301;876348000000;1.0
06021910;876434400000;1.0
05960970;876866400000;1.0
06022002;877557600000;1.0
05909817;878166000000;1.0
06035736;878857200000;1.0
05819963;879721200000;1.0
05897006;879721200000;1.0
06056252;880498800000;1.0
05924582;881103600000;1.0
05967347;881190000000;1.0
06050429;881276400000;1.0
06065619;881622000000;1.0
06000562;881622000000;1.0
06045320;882313200000;1.0
06062404;882399600000;1.0
05842589;882399600000;1.0
05915906;882486000000;1.0
06202013;884818800000;1.0
06164898;885337200000;1.0
06102373;886633200000;1.0
05946748;887670000000;1.0
06152425;887756400000;1.0
05975319;887756400000;1.0
06140930;888361200000;1.0
06390312;888534000000;1.0
06269904;888534000000;1.0
06098823;888534000000;1.0
06021911;888793200000;1.0
05965994;889484400000;1.0
06098824;889657200000;1.0
06193086;889743600000;1.0
06138846;890089200000;1.0
06092789;890262000000;1.0
06186346;890348400000;1.0
06065620;890953200000;1.0
05993106;891208800000;1.0
05931321;891295200000;1.0
06030170;891813600000;1.0
05971177;892072800000;1.0
06062106;893628000000;1.0
05996823;893628000000;1.0
06138837;893973600000;1.0
06821081;894232800000;1.0
06256553;894319200000;1.0
06081292;894405600000;1.0
05899347;894492000000;1.0
06032809;895183200000;1.0
05950847;896133600000;1.0
05961145;896133600000;1.0
05877693;896220000000;1.0
06042328;896220000000;1.0
06000563;896652000000;1.0
05980198;897256800000;1.0
06076855;897602400000;1.0
06312211;898725600000;1.0
05934491;899071200000;1.0
05884785;899157600000;1.0
06126023;899848800000;1.0
06104098;900021600000;1.0
06053478;900453600000;1.0
06102372;901144800000;1.0
05951227;901576800000;1.0
06068145;902095200000;1.0
06085505;902095200000;1.0
06079578;903304800000;1.0
06253502;903996000000;1.0
06230090;904773600000;1.0
06071065;905464800000;1.0
06050431;905724000000;1.0
06108985;906069600000;1.0
06023862;906501600000;1.0
06145680;906588000000;1.0
06045297;906588000000;1.0
06149374;906674400000;1.0
06056500;906674400000;1.0
06428267;907106400000;1.0
06065621;907365600000;1.0
06036035;907538400000;1.0
06168062;907884000000;1.0
06124932;907884000000;1.0
05975832;908229600000;1.0
06026523;908316000000;1.0
06481202;908748000000;1.0
06113341;909007200000;1.0
06129225;909356400000;1.0
06062403;909356400000;1.0
06182995;909356400000;1.0
06270119;909702000000;1.0
06079577;909702000000;1.0
06050430;909702000000;1.0
06299139;911170800000;1.0
06109394;911257200000;1.0
06024232;912121200000;1.0
06293415;912380400000;1.0
06336565;912466800000;1.0
06669039;912639600000;1.0
06250629;912639600000;1.0
06119882;912726000000;1.0
06343703;912726000000;1.0
06067024;912726000000;1.0
05947639;912726000000;1.0
06279764;912726000000;1.0
06082561;912985200000;1.0
06086256;913330800000;1.0
06199707;914281200000;1.0
06068435;914972400000;1.0
06039193;916268400000;1.0
05975831;916873200000;1.0
06210093;916959600000;1.0
06113356;917218800000;1.0
06224314;917478000000;1.0
06269944;917564400000;1.0
06537009;917823600000;1.0
06330951;917910000000;1.0
06405114;918082800000;1.0
06129226;918428400000;1.0
05947308;918514800000;1.0
06564954;919119600000;1.0
06290009;919378800000;1.0
06213318;920242800000;1.0
06189455;921020400000;1.0
06026970;921106800000;1.0
06202868;921452400000;1.0
06109463;921711600000;1.0
06216895;921711600000;1.0
06702132;921798000000;1.0
06138991;921798000000;1.0
06588521;922402800000;1.0
06199442;922402800000;1.0
06002350;922402800000;1.0
06460711;922917600000;1.0
06196402;923608800000;1.0
06039194;924127200000;1.0
06138845;924732000000;1.0
06315138;925077600000;1.0
06216601;925164000000;1.0
06041949;925336800000;1.0
06193087;925855200000;1.0
06227569;926546400000;1.0
06325749;926892000000;1.0
06481749;926978400000;1.0
06145679;927064800000;1.0
05992655;927496800000;1.0
06082562;927669600000;1.0
06092678;928274400000;1.0
06109855;928706400000;1.0
06095349;928792800000;1.0
06155771;929484000000;1.0
06164468;929570400000;1.0
06089809;929656800000;1.0
06442439;930175200000;1.0
06102220;930607200000;1.0
06102221;930607200000;1.0
06586084;930866400000;1.0
06186347;931298400000;1.0
06439407;931730400000;1.0
06142725;931816800000;1.0
06226955;931816800000;1.0
06170681;932335200000;1.0
06241462;932421600000;1.0
06206627;932508000000;1.0
06138844;932594400000;1.0
06328524;933026400000;1.0
06382437;933804000000;1.0
06174106;934236000000;1.0
06152675;934408800000;1.0
06234453;934408800000;1.0
06530492;934754400000;1.0
06082947;934840800000;1.0
06549139;935618400000;1.0
06328173;935618400000;1.0
06273401;936050400000;1.0
06138796;936050400000;1.0
06283315;936914400000;1.0
06341665;937173600000;1.0
06250486;937173600000;1.0
06053419;937173600000;1.0
06721985;937346400000;1.0
06135300;937519200000;1.0
06244450;939765600000;1.0
06685038;939938400000;1.0
06508372;940370400000;1.0
06520358;940370400000;1.0
06158602;941756400000;1.0
06227570;941756400000;1.0
06133841;942620400000;1.0
06260720;942879600000;1.0
06386513;942879600000;1.0
06744372;943311600000;1.0
06189712;943398000000;1.0
06434437;944089200000;1.0
06341705;944175600000;1.0
06354782;944175600000;1.0
06612449;944780400000;1.0
06213319;945126000000;1.0
06422799;945212400000;1.0
06435806;945298800000;1.0
06308844;945298800000;1.0
06267259;945817200000;1.0
06367390;945903600000;1.0
06293586;945903600000;1.0
06516917;946422000000;1.0
06286696;947199600000;1.0
06631816;947458800000;1.0
06786343;947631600000;1.0
06508019;948150000000;1.0
06422408;948409200000;1.0
06322104;948754800000;1.0
06491174;948841200000;1.0
06412649;949878000000;1.0
06276541;950223600000;1.0
06302581;950223600000;1.0
06213320;950482800000;1.0
06305560;950482800000;1.0
06237501;951692400000;1.0
06189866;952038000000;1.0
06272413;952556400000;1.0
06386322;953679600000;1.0
06192541;954367200000;1.0
06321398;955058400000;1.0
06286695;955404000000;1.0
06439408;955663200000;1.0
06206213;956786400000;1.0
06276718;956872800000;1.0
06308985;956872800000;1.0
06561368;957132000000;1.0
06488161;957218400000;1.0
06257619;957477600000;1.0
06881021;957909600000;1.0
06405770;958428000000;1.0
06435805;958687200000;1.0
06471246;959032800000;1.0
06250484;960328800000;1.0
06343702;960847200000;1.0
06364142;961711200000;1.0
06290078;961711200000;1.0
06564835;962143200000;1.0
06550624;962143200000;1.0
06386586;962143200000;1.0
06379104;962229600000;1.0
06450706;963525600000;1.0
06371314;964044000000;1.0
06252513;964648800000;1.0
06234332;964994400000;1.0
06182844;964994400000;1.0
06527131;964994400000;1.0
06345724;965167200000;1.0
06360905;965253600000;1.0
06928774;965340000000;1.0
06250483;965599200000;1.0
06494437;965858400000;1.0
06669038;966204000000;1.0
06502709;966204000000;1.0
06405492;966290400000;1.0
06478528;966549600000;1.0
06565307;966808800000;1.0
06966448;966981600000;1.0
06502292;967500000000;1.0
06474485;968364000000;1.0
06732871;968796000000;1.0
06499611;968796000000;1.0
06648571;968882400000;1.0
06631817;969400800000;1.0
06474487;969919200000;1.0
06516961;969919200000;1.0
06974044;970437600000;1.0
06554145;970524000000;1.0
06230911;970696800000;1.0
06516962;970783200000;1.0
06688481;970783200000;1.0
06445094;971215200000;1.0
06571970;971647200000;1.0
06435360;971733600000;1.0
06496765;972338400000;1.0
06435795;972511200000;1.0
07070061;972511200000;1.0
06631300;973033200000;1.0
06412736;973638000000;1.0
06474486;974070000000;1.0
06588984;974156400000;1.0
06293747;974242800000;1.0
06533135;974329200000;1.0
06431379;974674800000;1.0
06494330;974761200000;1.0
06460307;974847600000;1.0
06435361;975538800000;1.0
06782667;975970800000;1.0
06641355;976143600000;1.0
06607347;976143600000;1.0
06478171;977266800000;1.0
06672466;977353200000;1.0
06571902;977958000000;1.0
06478172;978562800000;1.0
07066094;979081200000;1.0
06443490;979167600000;1.0
06457904;979599600000;1.0
06540095;979599600000;1.0
06460908;980204400000;1.0
07004338;980204400000;1.0
06860396;980982000000;1.0
06464208;981068400000;1.0
06928336;981932400000;1.0
06527130;982278000000;1.0
06564955;982796400000;1.0
06631814;982882800000;1.0
06588610;983746800000;1.0
06634514;983919600000;1.0
06431791;984438000000;1.0
06601717;984610800000;1.0
07290672;985129200000;1.0
06536615;985557600000;1.0
06481587;985730400000;1.0
06578721;985730400000;1.0
06578441;986421600000;1.0
06425727;986767200000;1.0
06811202;987026400000;1.0
06550625;987112800000;1.0
06648156;987112800000;1.0
06530691;987717600000;1.0
06579016;987976800000;1.0
06599078;988149600000;1.0
06735486;988668000000;1.0
06530738;988754400000;1.0
06637610;989186400000;1.0
06520359;989272800000;1.0
06592316;989359200000;1.0
06474922;989445600000;1.0
06587795;989532000000;1.0
06702131;989532000000;1.0
06695157;989877600000;1.0
06631815;989877600000;1.0
06557713;989877600000;1.0
RE038765;991346400000;1.0
06568547;991605600000;1.0
06622877;991605600000;1.0
06561546;991951200000;1.0
06547507;992296800000;1.0
06601718;992556000000;1.0
06464443;993592800000;1.0
06494143;993679200000;1.0
06578722;993765600000;1.0
07134831;994024800000;1.0
06530742;994284000000;1.0
06536325;994716000000;1.0
06553278;995407200000;1.0
06609622;995839200000;1.0
06499612;996184800000;1.0
06592321;996616800000;1.0
06422603;996616800000;1.0
06523708;997135200000;1.0
06575685;997221600000;1.0
06551043;997653600000;1.0
06607331;997826400000;1.0
06517131;997999200000;1.0
06668497;998517600000;1.0
06920963;998863200000;1.0
07011488;999036000000;1.0
06672467;999208800000;1.0
06505574;999640800000;1.0
07147022;1000332000000;1.0
06655662;1000764000000;1.0
06601719;1001023200000;1.0
06985795;1001023200000;1.0
07310915;1001023200000;1.0
06863002;1001282400000;1.0
06532607;1001628000000;1.0
06752282;1001973600000;1.0
06618999;1002146400000;1.0
06862509;1002319200000;1.0
06755313;1002578400000;1.0
06651968;1002751200000;1.0
06561367;1003096800000;1.0
06575317;1003183200000;1.0
07123132;1004047200000;1.0
06779961;1004310000000;1.0
06499610;1005001200000;1.0
06694545;1005001200000;1.0
06712230;1005087600000;1.0
06685039;1005692400000;1.0
07210183;1005778800000;1.0
06516960;1005865200000;1.0
06843619;1006470000000;1.0
06634515;1007334000000;1.0
06943783;1007506800000;1.0
07231741;1007506800000;1.0
06691882;1008025200000;1.0
06652211;1008025200000;1.0
06602036;1008025200000;1.0
06604904;1008025200000;1.0
06685418;1008025200000;1.0
06575318;1008543600000;1.0
06976821;1008716400000;1.0
06691881;1011135600000;1.0
07034669;1011222000000;1.0
06655539;1011308400000;1.0
06799778;1011913200000;1.0
06695158;1012777200000;1.0
06796447;1012950000000;1.0
06644485;1013036400000;1.0
06965823;1013036400000;1.0
06622990;1013122800000;1.0
06845872;1013554800000;1.0
07320385;1013986800000;1.0
06644486;1014850800000;1.0
06860703;1015369200000;1.0
06640986;1015455600000;1.0
06616397;1015801200000;1.0
06554252;1016146800000;1.0
06991119;1016406000000;1.0
06508371;1016751600000;1.0
07040496;1016751600000;1.0
06644562;1017612000000;1.0
06496766;1017871200000;1.0
06631818;1019080800000;1.0
06588611;1019426400000;1.0
06695159;1019426400000;1.0
06752283;1020376800000;1.0
06705821;1020981600000;1.0
07172082;1022796000000;1.0
06554144;1022796000000;1.0
06789995;1023400800000;1.0
06674828;1024005600000;1.0
06923214;1024437600000;1.0
06945742;1024524000000;1.0
06679394;1024869600000;1.0
07413394;1024956000000;1.0
07014054;1025474400000;1.0
07322484;1025474400000;1.0
06675719;1025560800000;1.0
06688837;1026079200000;1.0
06968963;1026165600000;1.0
06821075;1026165600000;1.0
06773033;1026424800000;1.0
06910846;1026424800000;1.0
06880712;1026770400000;1.0
07040680;1027461600000;1.0
07383906;1030572000000;1.0
06921241;1031695200000;1.0
06866830;1031868000000;1.0
07252203;1032472800000;1.0
07195126;1033077600000;1.0
07048491;1033077600000;1.0
06899238;1033682400000;1.0
06715579;1033941600000;1.0
07025218;1035151200000;1.0
06994223;1035846000000;1.0
07032289;1036018800000;1.0
06871427;1036450800000;1.0
06926120;1037314800000;1.0
07032763;1037574000000;1.0
07611023;1038265200000;1.0
06857529;1038351600000;1.0
07147117;1038956400000;1.0
06978907;1039647600000;1.0
06827334;1039734000000;1.0
06830423;1040166000000;1.0
06983856;1040857200000;1.0
06788755;1042498800000;1.0
07163112;1042758000000;1.0
06666643;1043362800000;1.0
07134563;1043794800000;1.0
07267241;1044486000000;1.0
06785597;1044572400000;1.0
06837671;1045522800000;1.0
06886471;1045522800000;1.0
06843383;1046041200000;1.0
06894621;1046386800000;1.0
07686174;1046732400000;1.0
06840393;1047250800000;1.0
06991120;1047250800000;1.0
07204378;1047510000000;1.0
06871469;1047596400000;1.0
07213715;1048114800000;1.0
07137518;1048633200000;1.0
06860395;1048719600000;1.0
07011486;1049148000000;1.0
07111744;1049666400000;1.0
07004337;1049839200000;1.0
07093730;1049925600000;1.0
06842119;1049925600000;1.0
07111745;1050012000000;1.0
06886812;1050444000000;1.0
06886811;1051048800000;1.0
06985085;1051135200000;1.0
07090086;1051826400000;1.0
07185774;1052344800000;1.0
06742964;1053295200000;1.0
07426423;1053986400000;1.0
06981834;1054245600000;1.0
07044315;1054764000000;1.0
07070060;1055282400000;1.0
06932326;1055455200000;1.0
06837363;1056664800000;1.0
07729832;1056924000000;1.0
07004417;1057528800000;1.0
06845873;1058392800000;1.0
07309080;1058997600000;1.0
06809495;1059429600000;1.0
07066343;1060034400000;1.0
07175162;1060120800000;1.0
07028856;1060207200000;1.0
07267239;1060639200000;1.0
07677857;1060639200000;1.0
07190146;1061157600000;1.0
07410339;1062021600000;1.0
07407039;1062108000000;1.0
H0002178;1062108000000;1.0
07172083;1062540000000;1.0
07044313;1062626400000;1.0
07213714;1063231200000;1.0
07048257;1063922400000;1.0
07037006;1064268000000;1.0
07086547;1064354400000;1.0
07043337;1064872800000;1.0
07044314;1065391200000;1.0
07028988;1066082400000;1.0
07040552;1066168800000;1.0
06960056;1066341600000;1.0
07299589;1066773600000;1.0
07207277;1067032800000;1.0
06962091;1068418800000;1.0
07293374;1069282800000;1.0
07189047;1069801200000;1.0
06893189;1070233200000;1.0
07150367;1070578800000;1.0
07219810;1070838000000;1.0
07213717;1071010800000;1.0
07189048;1071529200000;1.0
07328810;1072047600000;1.0
06981598;1074207600000;1.0
06976599;1074207600000;1.0
07249924;1075935600000;1.0
07088071;1076540400000;1.0
07223061;1076972400000;1.0
07284745;1076972400000;1.0
06932325;1077058800000;1.0
07213841;1077145200000;1.0
07194358;1077663600000;1.0
07434787;1077663600000;1.0
07515389;1077750000000;1.0
07401801;1077750000000;1.0
07293375;1077836400000;1.0
07121745;1078095600000;1.0
07455188;1078354800000;1.0
07086820;1078441200000;1.0
07070059;1078873200000;1.0
07156245;1079305200000;1.0
06945499;1079650800000;1.0
07455492;1079910000000;1.0
07182318;1080082800000;1.0
07168740;1080255600000;1.0
07392914;1080597600000;1.0
07392915;1080597600000;1.0
07699292;1080597600000;1.0
07093729;1080597600000;1.0
07293669;1080597600000;1.0
07026780;1080684000000;1.0
07073673;1080684000000;1.0
07003938;1081116000000;1.0
07832301;1081116000000;1.0
07364044;1081116000000;1.0
07210590;1081288800000;1.0
07178682;1081375200000;1.0
07131548;1082412000000;1.0
07377740;1082584800000;1.0
07686561;1083276000000;1.0
07210589;1083794400000;1.0
07506589;1084226400000;1.0
07077617;1084831200000;1.0
07204519;1084917600000;1.0
07204518;1084917600000;1.0
07543851;1086300000000;1.0
07036436;1086300000000;1.0
06975089;1086645600000;1.0
07289875;1087250400000;1.0
07850026;1087336800000;1.0
07264129;1087423200000;1.0
07762760;1088028000000;1.0
07334776;1089237600000;1.0
07255238;1089756000000;1.0
07344037;1089842400000;1.0
07484632;1089928800000;1.0
07182212;1090533600000;1.0
07150366;1091052000000;1.0
07138925;1091570400000;1.0
07428759;1091656800000;1.0
07258242;1092952800000;1.0
07204379;1093903200000;1.0
07287948;1093989600000;1.0
07311214;1093989600000;1.0
07128479;1094162400000;1.0
07201552;1094508000000;1.0
07331476;1095112800000;1.0
07156246;1095199200000;1.0
07380677;1095631200000;1.0
07213716;1095631200000;1.0
07503460;1096840800000;1.0
07311213;1097532000000;1.0
07293670;1098050400000;1.0
07216774;1098136800000;1.0
07360662;1101682800000;1.0
07461753;1102287600000;1.0
07341158;1104188400000;1.0
07308337;1106607600000;1.0
07206662;1106607600000;1.0
07128226;1106694000000;1.0
07278198;1107212400000;1.0
07293668;1107212400000;1.0
07178181;1107298800000;1.0
07234605;1107471600000;1.0
07252299;1108422000000;1.0
07168724;1108422000000;1.0
07441670;1108594800000;1.0
07494091;1109026800000;1.0
07134562;1109286000000;1.0
07127998;1109458800000;1.0
07857734;1109890800000;1.0
07514885;1110236400000;1.0
07517183;1111532400000;1.0
07497492;1111960800000;1.0
07267240;1112047200000;1.0
07331477;1112047200000;1.0
07137771;1112047200000;1.0
07371039;1112738400000;1.0
07706947;1112738400000;1.0
07287950;1112824800000;1.0
07681748;1113775200000;1.0
07246712;1114380000000;1.0
07770744;1114725600000;1.0
07289876;1115330400000;1.0
07331748;1117663200000;1.0
07677861;1118181600000;1.0
07458760;1118700000000;1.0
07523835;1119218400000;1.0
07464640;1119218400000;1.0
07617943;1119391200000;1.0
07328812;1119477600000;1.0
07464823;1119477600000;1.0
07681747;1119909600000;1.0
07845121;1120600800000;1.0
07415783;1120773600000;1.0
07556160;1121032800000;1.0
07533778;1121205600000;1.0
07748547;1121983200000;1.0
07416169;1122415200000;1.0
07350650;1122501600000;1.0
07290671;1122847200000;1.0
07597050;1122847200000;1.0
07165691;1122847200000;1.0
07353959;1123020000000;1.0
07544035;1123538400000;1.0
07779540;1123797600000;1.0
07422675;1125007200000;1.0
07575120;1125439200000;1.0
07686175;1125612000000;1.0
07331749;1127080800000;1.0
07712583;1127340000000;1.0
07270243;1127426400000;1.0
07558645;1128636000000;1.0
07837058;1129240800000;1.0
07239106;1129327200000;1.0
07374388;1130104800000;1.0
07489098;1130713200000;1.0
07287740;1130799600000;1.0
07516858;1131577200000;1.0
07832711;1132268400000;1.0
07451883;1132614000000;1.0
07546929;1132614000000;1.0
07422123;1132873200000;1.0
07419347;1133132400000;1.0
07341157;1133218800000;1.0
07377741;1133305200000;1.0
07828162;1133391600000;1.0
07381024;1133996400000;1.0
07376473;1133996400000;1.0
07448838;1134428400000;1.0
07762757;1134514800000;1.0
07389889;1135810800000;1.0
07367462;1137020400000;1.0
07544001;1137106800000;1.0
07552828;1137798000000;1.0
07731145;1137798000000;1.0
07549546;1139353200000;1.0
07744333;1139526000000;1.0
07523834;1140649200000;1.0
07744329;1141254000000;1.0
07413092;1141686000000;1.0
07831333;1142290800000;1.0
07556161;1142377200000;1.0
07467723;1142809200000;1.0
07357263;1142982000000;1.0
07461832;1143154800000;1.0
07494020;1143154800000;1.0
07370767;1144015200000;1.0
07656459;1145484000000;1.0
07484715;1145829600000;1.0
07370769;1145916000000;1.0
07493864;1146088800000;1.0
07270217;1146434400000;1.0
07367461;1146607200000;1.0
07793763;1147039200000;1.0
07828163;1147212000000;1.0
07779580;1147816800000;1.0
07500651;1148248800000;1.0
07762361;1148335200000;1.0
07303049;1149631200000;1.0
07413093;1152136800000;1.0
07490728;1152828000000;1.0
07395940;1153864800000;1.0
07703616;1153864800000;1.0
07784627;1154642400000;1.0
07611320;1154988000000;1.0
07721938;1155247200000;1.0
07341159;1155852000000;1.0
07378950;1156111200000;1.0
07780020;1156197600000;1.0
07467722;1156975200000;1.0
07624882;1157493600000;1.0
07506774;1158703200000;1.0
07503263;1159480800000;1.0
07478597;1160085600000;1.0
07395605;1161036000000;1.0
07503743;1161122400000;1.0
07389888;1161295200000;1.0
07814937;1161727200000;1.0
07581360;1161727200000;1.0
07252441;1162249200000;1.0
07635063;1162767600000;1.0
07500575;1164668400000;1.0
07665945;1165359600000;1.0
07665620;1165446000000;1.0
07516857;1165532400000;1.0
07537088;1165878000000;1.0
07367463;1166137200000;1.0
07328811;1166396400000;1.0
07748193;1168383600000;1.0
07350770;1168470000000;1.0
07377398;1168556400000;1.0
07559533;1168902000000;1.0
07574832;1169593200000;1.0
07367464;1170111600000;1.0
07337912;1170889200000;1.0
07419064;1170975600000;1.0
07789252;1172012400000;1.0
07334693;1173999600000;1.0
07578402;1174518000000;1.0
07546928;1176069600000;1.0
07624967;1176933600000;1.0
07565982;1177365600000;1.0
07523836;1177452000000;1.0
07762412;1177538400000;1.0
07845503;1178056800000;1.0
07694833;1178143200000;1.0
07410067;1178575200000;1.0
07770869;1178834400000;1.0
07793794;1180044000000;1.0
07311452;1181253600000;1.0
07788858;1182117600000;1.0
07713019;1182290400000;1.0
07370768;1182981600000;1.0
07543671;1183327200000;1.0
07410068;1183672800000;1.0
07850025;1184277600000;1.0
07716817;1185487200000;1.0
07533779;1185487200000;1.0
07798471;1187042400000;1.0
07810790;1187733600000;1.0
07753640;1190584800000;1.0
07783003;1190584800000;1.0
07648036;1190757600000;1.0
07669724;1190930400000;1.0
07600646;1190930400000;1.0
07604135;1191448800000;1.0
07828270;1191967200000;1.0
07611022;1191967200000;1.0
07850024;1192485600000;1.0
07775022;1193004000000;1.0
07588232;1194390000000;1.0
07455187;1194562800000;1.0
07537126;1194994800000;1.0
07516859;1196118000000;1.0
07571824;1197846000000;1.0
07703615;1198105200000;1.0
07762754;1198623600000;1.0
07611021;1198623600000;1.0
07726929;1200265200000;1.0
07665621;1203375600000;1.0
07828017;1203894000000;1.0
07690520;1204153200000;1.0
07686176;1205103600000;1.0
07658293;1207173600000;1.0
07798344;1208210400000;1.0
07618223;1209506400000;1.0
07757780;1210197600000;1.0
07731041;1210543200000;1.0
07604134;1211752800000;1.0
07789253;1212444000000;1.0
07774994;1212962400000;1.0
07559429;1213740000000;1.0
07520398;1214431200000;1.0
07845087;1215468000000;1.0
07677401;1216159200000;1.0
07810791;1216159200000;1.0
07578241;1216332000000;1.0
07637380;1216677600000;1.0
07607546;1216936800000;1.0
07549545;1217541600000;1.0
07854080;1219183200000;1.0
07852229;1221429600000;1.0
07604450;1222898400000;1.0
07731040;1223330400000;1.0
07625165;1223503200000;1.0
07775384;1225839600000;1.0
07766176;1226358000000;1.0
07552829;1226530800000;1.0
07624883;1226530800000;1.0
07810659;1228431600000;1.0
07810792;1229986800000;1.0
07775383;1230591600000;1.0
07584926;1231369200000;1.0
07819262;1234134000000;1.0
07621410;1234479600000;1.0
07828164;1234911600000;1.0
07748485;1235084400000;1.0
07726497;1235948400000;1.0
07845622;1242943200000;1.0
07810793;1245189600000;1.0
07735662;1254780000000;1.0
