id;ts;originality
03861296;76892400000;1.0
03874583;103417200000;1.0
03859911;104367600000;1.0
03863561;104540400000;1.0
03866235;105836400000;1.0
03858701;111625200000;1.0
03979054;112575600000;1.0
03871284;112834800000;1.0
03876067;114217200000;1.0
03881650;116636400000;1.0
03942715;117673200000;1.0
03935994;117759600000;1.0
03880345;119487600000;1.0
03870262;120351600000;1.0
03866824;120438000000;1.0
03904218;120870000000;1.0
03893615;120956400000;1.0
03948376;125794800000;1.0
03888409;127350000000;1.0
03901433;128214000000;1.0
03891139;128732400000;1.0
03866823;129855600000;1.0
03926366;131324400000;1.0
03926019;132534000000;1.0
03889874;133138800000;1.0
03910393;134607600000;1.0
03960316;134953200000;1.0
03966116;134953200000;1.0
03946939;135212400000;1.0
03904108;135817200000;1.0
03866861;135817200000;1.0
03880344;136422000000;1.0
03979052;137026800000;1.0
03897901;140050800000;1.0
03940136;143247600000;1.0
03927792;146962800000;1.0
03951446;148690800000;1.0
03982690;149468400000;1.0
04067267;151542000000;1.0
03922048;151801200000;1.0
03979053;157590000000;1.0
03976345;158886000000;1.0
03938733;158886000000;1.0
03958752;160009200000;1.0
03995924;160614000000;1.0
04051997;160614000000;1.0
03960317;161910000000;1.0
03968928;164588400000;1.0
04022319;166057200000;1.0
03991934;166921200000;1.0
03974961;167007600000;1.0
03961744;167439600000;1.0
03981413;167871600000;1.0
04015676;170377200000;1.0
03981436;172969200000;1.0
03999702;174092400000;1.0
03993242;174092400000;1.0
04038844;175388400000;1.0
04002335;175734000000;1.0
04126241;178844400000;1.0
03990630;178930800000;1.0
04004252;182473200000;1.0
04023873;183855600000;1.0
04013215;184806000000;1.0
04007870;186793200000;1.0
04009818;188175600000;1.0
04069965;188607600000;1.0
04066209;190508400000;1.0
04000847;190594800000;1.0
04023728;191113200000;1.0
03996766;191545200000;1.0
04154393;192063600000;1.0
04018379;196383600000;1.0
04037780;197503200000;1.0
03990629;198367200000;1.0
04089460;198367200000;1.0
04063520;199663200000;1.0
04058356;200181600000;1.0
04063681;200181600000;1.0
04005816;200700000000;1.0
04037700;202428000000;1.0
04002291;204847200000;1.0
04026461;204847200000;1.0
04065051;205020000000;1.0
04063680;206575200000;1.0
04066155;207180000000;1.0
04077563;208389600000;1.0
04058916;210463200000;1.0
04084520;210549600000;1.0
04073430;215132400000;1.0
04046271;215218800000;1.0
04098454;216255600000;1.0
04121826;217033200000;1.0
04068797;217465200000;1.0
04114776;219884400000;1.0
04079548;222303600000;1.0
04114801;222908400000;1.0
04065050;223167600000;1.0
04184590;224982000000;1.0
04121758;225500400000;1.0
04066208;225586800000;1.0
04120446;225932400000;1.0
04113213;226796400000;1.0
04071991;228351600000;1.0
04084518;228952800000;1.0
04119269;231026400000;1.0
04072265;231717600000;1.0
04146171;232754400000;1.0
04135375;233359200000;1.0
04117777;233964000000;1.0
04135658;235951200000;1.0
04105180;236210400000;1.0
04107757;236469600000;1.0
04148432;236556000000;1.0
04128055;237592800000;1.0
04102376;237765600000;1.0
04113170;238629600000;1.0
04166572;239839200000;1.0
04138055;241912800000;1.0
04114800;242431200000;1.0
04153197;242863200000;1.0
04151949;244076400000;1.0
04130239;244076400000;1.0
04133419;244767600000;1.0
04149474;244854000000;1.0
04131318;245372400000;1.0
04130238;245890800000;1.0
04159054;247446000000;1.0
04126267;247705200000;1.0
04190192;248310000000;1.0
04138056;249260400000;1.0
04172579;249778800000;1.0
04156501;250383600000;1.0
04147292;250729200000;1.0
04161274;252889200000;1.0
04177920;253407600000;1.0
04205778;253926000000;1.0
04177889;254012400000;1.0
04171086;256431600000;1.0
04160520;258591600000;1.0
04150780;260661600000;1.0
04217073;263167200000;1.0
04153313;263167200000;1.0
04186869;263685600000;1.0
04187978;264376800000;1.0
04201333;264808800000;1.0
04158430;267228000000;1.0
04195744;268264800000;1.0
04186870;268437600000;1.0
04213560;269474400000;1.0
04154392;269474400000;1.0
04201334;274399200000;1.0
04176610;274399200000;1.0
04218103;275090400000;1.0
04190004;275263200000;1.0
04190193;275695200000;1.0
04278308;276476400000;1.0
04186977;277513200000;1.0
04247039;278118000000;1.0
04182479;278550000000;1.0
04195734;279154800000;1.0
04220278;279759600000;1.0
04175672;280364400000;1.0
04181250;280710000000;1.0
04204632;282524400000;1.0
04194683;283561200000;1.0
04264032;285289200000;1.0
04363439;286412400000;1.0
04202486;290214000000;1.0
04283097;290646000000;1.0
04223828;291852000000;1.0
04216901;294876000000;1.0
04236665;295135200000;1.0
04260090;295480800000;1.0
04289269;296258400000;1.0
04278163;297036000000;1.0
04306699;297381600000;1.0
04280780;297381600000;1.0
04245776;299196000000;1.0
04341100;299368800000;1.0
04267962;299455200000;1.0
04291831;299455200000;1.0
04244512;300319200000;1.0
04262839;301269600000;1.0
04290549;303688800000;1.0
04314632;305244000000;1.0
04296565;308790000000;1.0
04251001;309394800000;1.0
04275830;310950000000;1.0
04275829;311468400000;1.0
04372481;312159600000;1.0
04286526;313801200000;1.0
04262957;315442800000;1.0
04332348;315788400000;1.0
04333603;316738800000;1.0
04286747;316911600000;1.0
04344661;317257200000;1.0
04279380;318121200000;1.0
04509675;318812400000;1.0
04370873;320540400000;1.0
04308989;321145200000;1.0
04290548;321750000000;1.0
04596358;322700400000;1.0
04312277;323478000000;1.0
04359184;323564400000;1.0
04368842;325116000000;1.0
04318507;326584800000;1.0
04372478;327103200000;1.0
04318577;327189600000;1.0
04358171;328226400000;1.0
04339071;329436000000;1.0
04316575;329436000000;1.0
04387847;330213600000;1.0
04350253;330213600000;1.0
04363438;331768800000;1.0
04313601;331941600000;1.0
04382540;332373600000;1.0
04356956;333324000000;1.0
04367844;335052000000;1.0
04303285;335484000000;1.0
04382541;335743200000;1.0
04365740;336002400000;1.0
04361271;336348000000;1.0
04359185;336952800000;1.0
04375869;337212000000;1.0
04370006;339375600000;1.0
04344559;339634800000;1.0
04362267;340326000000;1.0
04363417;341708400000;1.0
04382542;342918000000;1.0
04364425;342918000000;1.0
04363392;343954800000;1.0
04365796;344473200000;1.0
04361355;345078000000;1.0
04401259;345337200000;1.0
04386690;346892400000;1.0
04437607;347756400000;1.0
04523527;349484400000;1.0
04859135;351903600000;1.0
04372479;351990000000;1.0
04453685;352335600000;1.0
04413770;352508400000;1.0
04345710;353890800000;1.0
04436182;356047200000;1.0
04454981;357170400000;1.0
04372480;357516000000;1.0
04403730;360540000000;1.0
04372482;361490400000;1.0
04390122;363477600000;1.0
04380316;363909600000;1.0
04401037;368143200000;1.0
04494804;372985200000;1.0
04416413;373071600000;1.0
04406358;373071600000;1.0
04456165;374367600000;1.0
04434931;374367600000;1.0
04395012;375058800000;1.0
04399903;377218800000;1.0
04453667;380156400000;1.0
04423826;381020400000;1.0
04470356;382057200000;1.0
04406395;385254000000;1.0
04466357;386200800000;1.0
04412646;388792800000;1.0
04524904;392248800000;1.0
04416414;396136800000;1.0
04452390;396828000000;1.0
04564140;397692000000;1.0
04489662;401061600000;1.0
04520350;401320800000;1.0
04493454;401929200000;1.0
04462317;402102000000;1.0
04431130;402102000000;1.0
04483255;402188400000;1.0
04471905;403484400000;1.0
04690467;408063600000;1.0
04496123;408668400000;1.0
04552354;412902000000;1.0
04473182;413420400000;1.0
04573416;414889200000;1.0
04534576;415321200000;1.0
04508259;416444400000;1.0
04447005;417394800000;1.0
04491269;420156000000;1.0
04494690;420760800000;1.0
04488677;421452000000;1.0
04484705;422748000000;1.0
04552075;423352800000;1.0
04517901;424476000000;1.0
04508260;425772000000;1.0
04529118;429487200000;1.0
04529119;429487200000;1.0
04516719;430005600000;1.0
04491268;430351200000;1.0
04723702;430696800000;1.0
04517956;431647200000;1.0
04449663;432770400000;1.0
04492335;437180400000;1.0
04545475;438303600000;1.0
04519308;439081200000;1.0
04509676;440722800000;1.0
04548353;443055600000;1.0
04527577;444006000000;1.0
04579214;445474800000;1.0
04651135;446943600000;1.0
04498621;447030000000;1.0
04524905;447894000000;1.0
04545523;450914400000;1.0
04589592;451000800000;1.0
04576495;452988000000;1.0
04640200;455752800000;1.0
04542848;456098400000;1.0
04571250;456098400000;1.0
04545522;456962400000;1.0
04552302;459468000000;1.0
04588154;465692400000;1.0
04602721;465778800000;1.0
04557416;466642800000;1.0
04553694;467852400000;1.0
04540117;469407600000;1.0
04570846;472172400000;1.0
04603791;475974000000;1.0
04596357;476665200000;1.0
04640403;477097200000;1.0
04600143;477270000000;1.0
04588123;478220400000;1.0
04637545;480553200000;1.0
04655391;480553200000;1.0
04660757;481327200000;1.0
04659008;482104800000;1.0
04616776;482968800000;1.0
04602738;483573600000;1.0
04630769;484351200000;1.0
04638746;485042400000;1.0
04671455;486943200000;1.0
04660758;487807200000;1.0
04633236;488152800000;1.0
04651921;488757600000;1.0
04667918;489103200000;1.0
04681504;489880800000;1.0
04627566;490831200000;1.0
04858823;492991200000;1.0
04726512;494028000000;1.0
04648550;494028000000;1.0
04660706;498697200000;1.0
04650113;498870000000;1.0
04676432;498956400000;1.0
04662621;499474800000;1.0
04709853;501375600000;1.0
04648012;503276400000;1.0
04665839;503276400000;1.0
04697687;506127600000;1.0
04685612;506214000000;1.0
04753385;509065200000;1.0
04646802;509583600000;1.0
04773585;512604000000;1.0
04829296;515196000000;1.0
04706880;515887200000;1.0
04794377;516405600000;1.0
04696426;517788000000;1.0
04703850;518047200000;1.0
04724999;518392800000;1.0
04746110;519429600000;1.0
04699313;519861600000;1.0
04714168;520466400000;1.0
04788909;521244000000;1.0
04714192;521330400000;1.0
04673368;521935200000;1.0
04712731;522367200000;1.0
04730715;522626400000;1.0
04699312;523231200000;1.0
04702411;525996000000;1.0
04655390;526514400000;1.0
04674677;528678000000;1.0
04679700;529282800000;1.0
04720041;529801200000;1.0
04715498;533170800000;1.0
04708286;534985200000;1.0
04676431;535158000000;1.0
04720040;535330800000;1.0
04754918;535590000000;1.0
04732317;535590000000;1.0
04753386;536194800000;1.0
04712732;538354800000;1.0
04785960;539478000000;1.0
04756406;540082800000;1.0
04711391;540169200000;1.0
04726513;540169200000;1.0
04697733;541983600000;1.0
04738392;544312800000;1.0
04720042;544399200000;1.0
04771941;545868000000;1.0
04752030;546040800000;1.0
04724998;546213600000;1.0
04757942;546559200000;1.0
04759496;546732000000;1.0
04728028;547077600000;1.0
04721244;547336800000;1.0
04961514;547941600000;1.0
04813192;549064800000;1.0
05005761;549151200000;1.0
04729509;549496800000;1.0
04756471;550188000000;1.0
04776512;552175200000;1.0
04753387;554508000000;1.0
04819866;554508000000;1.0
04838480;555285600000;1.0
04756472;556495200000;1.0
04804090;557100000000;1.0
04746062;558914400000;1.0
04798316;560559600000;1.0
04890766;560559600000;1.0
04845484;560732400000;1.0
04782997;561078000000;1.0
04768670;561855600000;1.0
04840368;561855600000;1.0
04977502;562460400000;1.0
04779794;562546800000;1.0
04834230;563151600000;1.0
04846333;563410800000;1.0
04795087;563756400000;1.0
04805834;564015600000;1.0
05060908;565484400000;1.0
04757941;566002800000;1.0
04787873;566694000000;1.0
04778103;567644400000;1.0
04815656;568940400000;1.0
04798326;569718000000;1.0
04815998;570150000000;1.0
04821952;570409200000;1.0
05000378;571273200000;1.0
04792088;572137200000;1.0
04793552;572137200000;1.0
04790476;573087600000;1.0
04828165;573692400000;1.0
04793551;573951600000;1.0
04844332;574297200000;1.0
04836441;574383600000;1.0
04863096;575074800000;1.0
04801081;575503200000;1.0
04813595;575676000000;1.0
04877179;575762400000;1.0
04865248;576108000000;1.0
04860949;576799200000;1.0
04836352;576972000000;1.0
04869426;577922400000;1.0
04871112;578527200000;1.0
04840307;578613600000;1.0
05098108;578786400000;1.0
04951685;579391200000;1.0
04872610;579736800000;1.0
04883224;579909600000;1.0
04860910;580687200000;1.0
04848570;582933600000;1.0
04875622;583020000000;1.0
04875621;583365600000;1.0
04880156;583711200000;1.0
04877235;584834400000;1.0
04915293;585957600000;1.0
04878867;586130400000;1.0
04951869;586735200000;1.0
04893722;586735200000;1.0
04869425;587167200000;1.0
04811895;587340000000;1.0
04889279;588376800000;1.0
04905891;588549600000;1.0
04848650;590623200000;1.0
04998610;590623200000;1.0
04821953;591404400000;1.0
04896826;591490800000;1.0
04826075;591577200000;1.0
04901914;593910000000;1.0
04981259;594255600000;1.0
04913342;594860400000;1.0
04854497;595465200000;1.0
04966325;596156400000;1.0
05009365;596761200000;1.0
04878590;597279600000;1.0
04946095;597970800000;1.0
04953783;598575600000;1.0
04913341;599785200000;1.0
04896827;601858800000;1.0
04955497;603414000000;1.0
04960196;603500400000;1.0
04958976;603673200000;1.0
04934592;604191600000;1.0
05023595;604537200000;1.0
05011039;605401200000;1.0
04895300;605833200000;1.0
04896624;606524400000;1.0
04926060;607298400000;1.0
04895299;607557600000;1.0
04953744;607903200000;1.0
04877180;608767200000;1.0
04987988;608767200000;1.0
04975019;609976800000;1.0
04883223;610063200000;1.0
04925090;610581600000;1.0
04949901;610840800000;1.0
04940232;610840800000;1.0
04955534;610840800000;1.0
05011026;611186400000;1.0
04951905;611272800000;1.0
04943002;611445600000;1.0
05007547;612741600000;1.0
05102038;613000800000;1.0
05096115;614815200000;1.0
05007581;615592800000;1.0
04942954;615592800000;1.0
04941653;615765600000;1.0
05031828;616111200000;1.0
04901913;616111200000;1.0
04905892;616111200000;1.0
04955532;616284000000;1.0
04967953;616716000000;1.0
04901912;616716000000;1.0
04981240;616802400000;1.0
04893747;616802400000;1.0
04971244;616888800000;1.0
04905890;617234400000;1.0
04997128;618444000000;1.0
04988039;618703200000;1.0
04944391;619653600000;1.0
04932587;620258400000;1.0
04974775;620517600000;1.0
04955533;620949600000;1.0
04923114;621554400000;1.0
04930631;621554400000;1.0
05083703;621727200000;1.0
04969597;622332000000;1.0
05090546;622418400000;1.0
04964565;622767600000;1.0
04950202;623286000000;1.0
04995330;625100400000;1.0
04953327;625446000000;1.0
05056711;625878000000;1.0
04991769;626310000000;1.0
05040723;628124400000;1.0
04986467;628815600000;1.0
05029753;629074800000;1.0
05060900;629506800000;1.0
05012075;630630000000;1.0
05000380;630630000000;1.0
04951904;631234800000;1.0
05123562;631321200000;1.0
05147056;632444400000;1.0
05020651;632617200000;1.0
05020720;633308400000;1.0
05026972;633308400000;1.0
05103659;633654000000;1.0
05022618;634431600000;1.0
05009366;635122800000;1.0
05038908;635986800000;1.0
05082169;636591600000;1.0
05055079;637369200000;1.0
04978057;637801200000;1.0
05058957;639612000000;1.0
05004148;639871200000;1.0
05033670;640476000000;1.0
05042716;641426400000;1.0
05054685;641512800000;1.0
05076337;642376800000;1.0
05064116;642895200000;1.0
05054862;643586400000;1.0
04993626;643932000000;1.0
05044483;645055200000;1.0
05000379;645746400000;1.0
05105968;646264800000;1.0
05018193;647820000000;1.0
05031829;648684000000;1.0
05062539;648856800000;1.0
05082171;649288800000;1.0
05083704;649893600000;1.0
05035356;650498400000;1.0
05027948;650671200000;1.0
05054056;651880800000;1.0
05080251;654994800000;1.0
05029783;656636400000;1.0
05052616;657327600000;1.0
05065975;657759600000;1.0
05067650;657932400000;1.0
05071063;659919600000;1.0
05076458;661993200000;1.0
05058966;663548400000;1.0
05129501;663807600000;1.0
05082170;664671600000;1.0
05150834;665967600000;1.0
05143285;666918000000;1.0
05092233;666918000000;1.0
05228760;667090800000;1.0
05148739;667609200000;1.0
05094386;668041200000;1.0
05131797;669510000000;1.0
05255967;670802400000;1.0
05233532;671234400000;1.0
05092517;672012000000;1.0
05106016;673221600000;1.0
05178322;674344800000;1.0
05060854;674863200000;1.0
05209395;674949600000;1.0
05088644;676764000000;1.0
05129330;677368800000;1.0
05161736;677714400000;1.0
05118037;677714400000;1.0
05154345;679269600000;1.0
05146492;679788000000;1.0
05119986;681688800000;1.0
05148975;683848800000;1.0
05137212;684108000000;1.0
05123590;684367200000;1.0
05192121;684712800000;1.0
05207344;684972000000;1.0
05143284;684972000000;1.0
05190196;686790000000;1.0
05131519;687481200000;1.0
05155976;687567600000;1.0
05221010;688345200000;1.0
05213402;688950000000;1.0
05205481;689468400000;1.0
05165594;690678000000;1.0
05259491;690764400000;1.0
05247282;692406000000;1.0
05284101;692578800000;1.0
05148974;692578800000;1.0
05207378;693097200000;1.0
05125570;694047600000;1.0
05224579;694047600000;1.0
05165564;695343600000;1.0
05226589;695430000000;1.0
05176315;695602800000;1.0
05169062;696207600000;1.0
05178321;697935600000;1.0
05280688;698022000000;1.0
05205224;698022000000;1.0
05180101;698367600000;1.0
05168987;700095600000;1.0
05425458;701305200000;1.0
05307598;701391600000;1.0
05167364;701391600000;1.0
05190214;701564400000;1.0
05178320;705016800000;1.0
05201465;705621600000;1.0
05215283;707090400000;1.0
05207377;707954400000;1.0
05257577;709250400000;1.0
05216907;709855200000;1.0
05337954;712188000000;1.0
05201418;712274400000;1.0
05239305;712447200000;1.0
05360132;715212000000;1.0
05282765;716162400000;1.0
05255843;717285600000;1.0
05377907;717285600000;1.0
05291981;717721200000;1.0
05271555;719190000000;1.0
05458287;720140400000;1.0
05339980;720226800000;1.0
05304084;720658800000;1.0
05361979;722646000000;1.0
05356072;723250800000;1.0
05273207;723769200000;1.0
05407126;723769200000;1.0
05417338;724028400000;1.0
05267688;724287600000;1.0
05337953;726620400000;1.0
05361978;727398000000;1.0
05247798;727398000000;1.0
05382945;728002800000;1.0
05366147;728521200000;1.0
05388759;728607600000;1.0
05348222;729212400000;1.0
05333782;731199600000;1.0
05351883;731286000000;1.0
05390849;731804400000;1.0
05348220;732754800000;1.0
05323959;735170400000;1.0
05465909;737244000000;1.0
05547271;737244000000;1.0
05482208;737676000000;1.0
05346086;737676000000;1.0
05440294;737848800000;1.0
05335848;738194400000;1.0
05308058;738280800000;1.0
05368417;738540000000;1.0
05407127;739144800000;1.0
05615624;739663200000;1.0
05284295;740959200000;1.0
05574441;741564000000;1.0
05295888;742773600000;1.0
05400960;743032800000;1.0
05411207;743205600000;1.0
05467858;743637600000;1.0
05377908;744415200000;1.0
05366148;746056800000;1.0
05361977;746748000000;1.0
05386903;748216800000;1.0
05385295;748562400000;1.0
05409161;749257200000;1.0
05619932;749343600000;1.0
05425501;749948400000;1.0
05362019;750466800000;1.0
05445086;751590000000;1.0
05377906;751849200000;1.0
05368226;752108400000;1.0
05437408;752194800000;1.0
05347833;753404400000;1.0
05595129;753490800000;1.0
05435484;759366000000;1.0
05386938;759970800000;1.0
05346125;761526000000;1.0
05433375;761871600000;1.0
05400958;762476400000;1.0
05445317;762735600000;1.0
05458286;763340400000;1.0
05431338;763340400000;1.0
05467918;763599600000;1.0
05469951;764892000000;1.0
05427311;766620000000;1.0
05437409;766706400000;1.0
05460325;766879200000;1.0
05405077;767224800000;1.0
05482207;767570400000;1.0
05454509;767829600000;1.0
05433376;768175200000;1.0
05465902;768434400000;1.0
05449111;768434400000;1.0
05411206;769384800000;1.0
05458285;769989600000;1.0
05400959;770853600000;1.0
05494217;771199200000;1.0
05525020;772149600000;1.0
05435483;772927200000;1.0
05575422;773964000000;1.0
05482206;774482400000;1.0
05615625;774568800000;1.0
05509602;774828000000;1.0
05524853;777247200000;1.0
05460326;777592800000;1.0
05560512;777852000000;1.0
05624071;778284000000;1.0
05590609;780879600000;1.0
05611483;781830000000;1.0
05520326;781830000000;1.0
05540351;783558000000;1.0
05494210;783730800000;1.0
05507378;783817200000;1.0
05518175;784422000000;1.0
05489064;784767600000;1.0
05597116;784940400000;1.0
05617993;784940400000;1.0
05492272;785113200000;1.0
05476220;785458800000;1.0
05509603;786236400000;1.0
05612684;787791600000;1.0
05497940;788050800000;1.0
05562332;788482800000;1.0
05573178;790297200000;1.0
05570836;791420400000;1.0
05588588;791679600000;1.0
05586718;792630000000;1.0
05651821;792889200000;1.0
06119622;795135600000;1.0
05683030;797119200000;1.0
05526979;797464800000;1.0
05622343;797637600000;1.0
05501632;798069600000;1.0
05560540;798674400000;1.0
05564624;799279200000;1.0
05678757;800143200000;1.0
05595341;800575200000;1.0
05660327;801180000000;1.0
06138558;801784800000;1.0
05593059;801871200000;1.0
05533605;801957600000;1.0
05816489;801957600000;1.0
05524858;802994400000;1.0
05667288;803512800000;1.0
05695114;804376800000;1.0
05724415;804463200000;1.0
05730271;805586400000;1.0
05560693;809820000000;1.0
05836510;810252000000;1.0
05522540;810424800000;1.0
05607103;810856800000;1.0
05746324;811983600000;1.0
05667136;813279600000;1.0
05620136;814489200000;1.0
05664748;814662000000;1.0
05664851;815698800000;1.0
05588358;815698800000;1.0
05524818;815871600000;1.0
05590608;816735600000;1.0
05704463;817686000000;1.0
05715995;818204400000;1.0
05607102;818636400000;1.0
05820019;818895600000;1.0
05818336;820710000000;1.0
05697761;821314800000;1.0
05715923;821746800000;1.0
05775579;822956400000;1.0
05692674;824079600000;1.0
05645215;824079600000;1.0
05787158;824770800000;1.0
05695113;825375600000;1.0
05806758;825548400000;1.0
05632441;826498800000;1.0
05803353;826758000000;1.0
05634589;827190000000;1.0
05695115;829692000000;1.0
05664727;830469600000;1.0
05774053;830988000000;1.0
05647471;831074400000;1.0
05700293;831938400000;1.0
05772112;832024800000;1.0
05699989;832802400000;1.0
05865368;833407200000;1.0
05732878;833925600000;1.0
05639021;834184800000;1.0
05664728;834357600000;1.0
06375070;836172000000;1.0
05826789;836776800000;1.0
05957372;837122400000;1.0
05850966;837468000000;1.0
05713514;838245600000;1.0
05765749;838591200000;1.0
05636469;838850400000;1.0
06193149;839455200000;1.0
05664729;839800800000;1.0
05979750;842479200000;1.0
05762264;842824800000;1.0
05775578;843084000000;1.0
05758819;844639200000;1.0
05836576;844725600000;1.0
05681113;845330400000;1.0
05591067;847580400000;1.0
05769312;850172400000;1.0
06105858;851986800000;1.0
05794844;852591600000;1.0
05811716;852678000000;1.0
05799589;853282800000;1.0
06003761;853455600000;1.0
05890439;853801200000;1.0
05897053;853801200000;1.0
05818917;853974000000;1.0
05823425;855010800000;1.0
06250546;856306800000;1.0
05779202;856479600000;1.0
05806759;858812400000;1.0
06003010;858898800000;1.0
05875879;859330800000;1.0
05833076;859503600000;1.0
05944254;861141600000;1.0
05857417;862264800000;1.0
05845843;862783200000;1.0
05950920;863128800000;1.0
06102283;865202400000;1.0
05873446;865461600000;1.0
05829349;866498400000;1.0
05802991;866757600000;1.0
05941454;867016800000;1.0
06082519;867362400000;1.0
05833132;870904800000;1.0
05897054;870904800000;1.0
05988495;872200800000;1.0
05890440;873151200000;1.0
05887053;874706400000;1.0
05884556;875570400000;1.0
05820018;875743200000;1.0
05829673;877039200000;1.0
06050485;879807600000;1.0
05937601;880066800000;1.0
05901872;881535600000;1.0
05950919;881794800000;1.0
05954264;882399600000;1.0
06062560;882745200000;1.0
05950918;883522800000;1.0
05921117;884300400000;1.0
05898371;885510000000;1.0
05961036;886028400000;1.0
05963628;886028400000;1.0
06047885;887324400000;1.0
05850967;888447600000;1.0
05915618;888534000000;1.0
05906314;888534000000;1.0
06070146;888879600000;1.0
06123257;888966000000;1.0
06014594;889570800000;1.0
05984172;890953200000;1.0
05984171;891900000000;1.0
05938113;891986400000;1.0
06125988;892418400000;1.0
06059090;892418400000;1.0
05996888;893800800000;1.0
06109519;895788000000;1.0
05884838;896911200000;1.0
05917411;897948000000;1.0
05927596;899157600000;1.0
06052452;900453600000;1.0
06032855;900540000000;1.0
05913475;900885600000;1.0
05992736;903304800000;1.0
06053404;903391200000;1.0
05979751;905378400000;1.0
05941455;907192800000;1.0
06047833;907797600000;1.0
06199862;907884000000;1.0
06042001;908229600000;1.0
05971267;909529200000;1.0
06116977;909702000000;1.0
06062471;909961200000;1.0
06098876;910047600000;1.0
06145737;910134000000;1.0
06044139;910134000000;1.0
05964401;911430000000;1.0
06059183;913330800000;1.0
06065671;913590000000;1.0
06416451;914194800000;1.0
07428873;914281200000;1.0
06028517;914367600000;1.0
06032808;914454000000;1.0
05941364;914972400000;1.0
06164527;915490800000;1.0
06330856;917478000000;1.0
06036041;918082800000;1.0
06161756;918082800000;1.0
06234388;919638000000;1.0
06336544;920242800000;1.0
06223982;920588400000;1.0
06244504;921020400000;1.0
06204763;922057200000;1.0
06296181;922057200000;1.0
06102548;924472800000;1.0
06186310;926632800000;1.0
06098875;927842400000;1.0
06244505;928706400000;1.0
06102282;928706400000;1.0
06247641;930002400000;1.0
06267461;930088800000;1.0
06155482;930175200000;1.0
06279823;931298400000;1.0
06202922;931816800000;1.0
06073834;932421600000;1.0
06047843;933199200000;1.0
06378769;933890400000;1.0
06302325;933890400000;1.0
06402023;936309600000;1.0
06213277;936309600000;1.0
06247642;936655200000;1.0
06293461;938728800000;1.0
06364204;940370400000;1.0
06234387;940543200000;1.0
06460761;943311600000;1.0
06308884;943570800000;1.0
06426699;944089200000;1.0
07158941;944175600000;1.0
06299061;946335600000;1.0
06318627;946422000000;1.0
06330816;946508400000;1.0
06296101;949359600000;1.0
06513284;950050800000;1.0
06568589;950482800000;1.0
06422457;951087600000;1.0
06347736;951174000000;1.0
06430977;952556400000;1.0
06299325;954367200000;1.0
06279822;954972000000;1.0
06375071;955317600000;1.0
06378768;955749600000;1.0
06318629;955922400000;1.0
06286755;956527200000;1.0
06343737;956613600000;1.0
06318628;957477600000;1.0
06308885;958687200000;1.0
06296180;958687200000;1.0
06347737;959119200000;1.0
06390360;959810400000;1.0
06425521;960501600000;1.0
06450400;960501600000;1.0
06886739;960501600000;1.0
06415552;964562400000;1.0
06490893;965944800000;1.0
06961711;968709600000;1.0
06575357;969487200000;1.0
06386194;969573600000;1.0
06540134;971820000000;1.0
06328205;973119600000;1.0
06933832;973724400000;1.0
06644542;975538800000;1.0
06533167;975625200000;1.0
06540601;981673200000;1.0
07048623;981673200000;1.0
06598546;981932400000;1.0
06483433;982623600000;1.0
06629634;983746800000;1.0
06474543;984438000000;1.0
06715669;984697200000;1.0
06719121;985042800000;1.0
06412688;986162400000;1.0
06378767;987026400000;1.0
06712688;988927200000;1.0
06533166;989186400000;1.0
06889894;992383200000;1.0
07356485;992556000000;1.0
06371367;994284000000;1.0
06722561;994888800000;1.0
06837994;997740000000;1.0
06601968;998863200000;1.0
07059599;998949600000;1.0
06546881;999036000000;1.0
06520405;1000332000000;1.0
06942141;1001282400000;1.0
06619541;1001455200000;1.0
06749515;1001628000000;1.0
06448898;1001628000000;1.0
06719194;1002578400000;1.0
06712352;1003183200000;1.0
06592026;1003701600000;1.0
06543680;1004396400000;1.0
07182027;1004914800000;1.0
06789860;1004914800000;1.0
06651876;1006210800000;1.0
06588655;1006210800000;1.0
06656034;1006297200000;1.0
07604107;1006902000000;1.0
06928422;1008111600000;1.0
07357296;1009148400000;1.0
06995671;1011049200000;1.0
06598787;1011222000000;1.0
06513706;1011913200000;1.0
07191932;1011913200000;1.0
06659337;1012431600000;1.0
06679419;1012518000000;1.0
06648144;1013122800000;1.0
07337944;1014159600000;1.0
06719193;1015369200000;1.0
06655577;1015801200000;1.0
06708875;1017270000000;1.0
06698651;1017356400000;1.0
06662997;1017356400000;1.0
06663675;1017871200000;1.0
06739114;1018908000000;1.0
06666372;1019512800000;1.0
06772938;1022536800000;1.0
07068149;1022709600000;1.0
06742703;1022796000000;1.0
06953148;1022796000000;1.0
06745933;1023228000000;1.0
06729535;1023400800000;1.0
06845904;1025042400000;1.0
06708876;1025128800000;1.0
06766605;1025215200000;1.0
07694872;1026684000000;1.0
06719195;1028844000000;1.0
06872927;1029103200000;1.0
06945451;1029189600000;1.0
06737029;1029794400000;1.0
06816074;1032213600000;1.0
06685527;1032213600000;1.0
06854640;1032472800000;1.0
07083512;1033941600000;1.0
06588656;1034719200000;1.0
06644543;1034719200000;1.0
06739732;1034892000000;1.0
06831558;1034892000000;1.0
06923367;1035237600000;1.0
06948653;1035846000000;1.0
06779714;1035846000000;1.0
07234633;1036105200000;1.0
06892934;1036710000000;1.0
06725127;1037055600000;1.0
06726089;1037142000000;1.0
06871779;1037142000000;1.0
06808108;1037919600000;1.0
06997374;1038351600000;1.0
06753536;1038351600000;1.0
07159762;1038956400000;1.0
06789727;1039474800000;1.0
07114645;1039474800000;1.0
06892879;1040166000000;1.0
06843409;1040598000000;1.0
06772939;1041894000000;1.0
06749109;1041894000000;1.0
06824043;1046127600000;1.0
06736310;1046127600000;1.0
06840438;1047942000000;1.0
06873138;1048114800000;1.0
07040529;1048460400000;1.0
07318548;1048633200000;1.0
06976620;1048633200000;1.0
07416110;1049148000000;1.0
06694580;1049839200000;1.0
06918534;1050012000000;1.0
06827255;1050962400000;1.0
06811076;1052431200000;1.0
06799716;1053554400000;1.0
07246562;1054159200000;1.0
06817080;1054677600000;1.0
07421068;1055714400000;1.0
06869054;1055887200000;1.0
06959858;1056319200000;1.0
06953149;1056578400000;1.0
06957767;1056924000000;1.0
06997138;1057096800000;1.0
06788203;1058220000000;1.0
07014096;1059429600000;1.0
07095323;1059688800000;1.0
06821199;1060120800000;1.0
06976619;1061848800000;1.0
06926155;1062972000000;1.0
06962284;1063058400000;1.0
06896176;1063663200000;1.0
07055735;1063749600000;1.0
06879255;1063836000000;1.0
06919715;1064268000000;1.0
06929173;1064527200000;1.0
07175069;1066600800000;1.0
07021527;1067209200000;1.0
07168611;1068418800000;1.0
06987452;1068678000000;1.0
06968993;1069023600000;1.0
06955291;1069628400000;1.0
06964366;1070319600000;1.0
07000826;1070578800000;1.0
07347356;1071183600000;1.0
07178772;1071183600000;1.0
07165767;1071442800000;1.0
06994247;1072047600000;1.0
07077364;1072134000000;1.0
06929174;1072652400000;1.0
07028883;1076972400000;1.0
07051920;1077145200000;1.0
07007839;1077836400000;1.0
07350691;1079046000000;1.0
07025249;1081720800000;1.0
07163141;1082066400000;1.0
07290697;1082498400000;1.0
07250145;1083016800000;1.0
07004380;1083016800000;1.0
07222779;1083621600000;1.0
07123147;1083880800000;1.0
06920835;1084399200000;1.0
06974073;1084744800000;1.0
06997373;1084831200000;1.0
07100816;1085004000000;1.0
07175068;1085090400000;1.0
07172111;1085608800000;1.0
06983876;1086559200000;1.0
06974074;1086645600000;1.0
07014098;1087164000000;1.0
07018069;1087941600000;1.0
06988655;1088373600000;1.0
07066381;1089151200000;1.0
07252220;1091397600000;1.0
07051921;1091656800000;1.0
07048177;1092175200000;1.0
07195147;1092261600000;1.0
07182244;1092952800000;1.0
07025250;1093384800000;1.0
07708188;1094076000000;1.0
07172163;1096408800000;1.0
07182243;1096495200000;1.0
07070090;1096495200000;1.0
07658270;1097704800000;1.0
07044360;1097704800000;1.0
07436536;1097791200000;1.0
07232056;1100732400000;1.0
07175067;1102287600000;1.0
07090117;1104188400000;1.0
07178714;1104361200000;1.0
07185802;1104706800000;1.0
07311291;1104966000000;1.0
07090118;1105398000000;1.0
07032811;1105657200000;1.0
07469817;1105657200000;1.0
07014097;1106521200000;1.0
07090119;1106607600000;1.0
07104436;1107212400000;1.0
07055736;1107212400000;1.0
07036719;1107298800000;1.0
07510162;1107730800000;1.0
07086581;1107730800000;1.0
07475805;1107903600000;1.0
07178715;1108335600000;1.0
07204407;1109026800000;1.0
07293696;1109372400000;1.0
07185801;1111960800000;1.0
07261233;1112306400000;1.0
07080773;1113775200000;1.0
07256691;1114380000000;1.0
07694811;1114984800000;1.0
07513363;1114984800000;1.0
07178716;1115676000000;1.0
07175071;1116540000000;1.0
07850164;1118008800000;1.0
07182245;1118095200000;1.0
07527154;1119391200000;1.0
07748606;1119996000000;1.0
07410095;1120082400000;1.0
07319969;1121205600000;1.0
07330646;1121724000000;1.0
07163142;1122242400000;1.0
07428980;1122588000000;1.0
07165320;1122847200000;1.0
07419087;1123020000000;1.0
07083080;1123192800000;1.0
07252221;1128031200000;1.0
07275680;1128290400000;1.0
07428983;1130191200000;1.0
07249705;1130277600000;1.0
07252219;1130450400000;1.0
07316346;1130886000000;1.0
07427012;1131404400000;1.0
07472779;1131922800000;1.0
07111772;1131922800000;1.0
07216798;1132095600000;1.0
07857198;1132873200000;1.0
07093747;1134428400000;1.0
07389910;1135292400000;1.0
07694447;1135897200000;1.0
07819306;1136242800000;1.0
07195146;1136502000000;1.0
07163140;1137970800000;1.0
07316345;1139180400000;1.0
07175070;1140476400000;1.0
07748605;1140994800000;1.0
07597256;1141254000000;1.0
07201307;1143068400000;1.0
07178717;1143068400000;1.0
07360680;1143756000000;1.0
07635401;1144274400000;1.0
07614544;1144274400000;1.0
07389911;1144620000000;1.0
07382252;1145311200000;1.0
07182246;1147212000000;1.0
07448531;1148421600000;1.0
07641102;1148940000000;1.0
07296732;1149112800000;1.0
07350692;1149112800000;1.0
07322512;1149804000000;1.0
07267216;1150063200000;1.0
07229004;1150322400000;1.0
07281651;1151877600000;1.0
07578087;1152482400000;1.0
07714560;1152568800000;1.0
07383981;1153951200000;1.0
07225971;1154988000000;1.0
07414539;1155506400000;1.0
07210616;1156284000000;1.0
07726552;1156888800000;1.0
07246738;1157061600000;1.0
07740529;1158789600000;1.0
07431200;1158876000000;1.0
07185803;1158876000000;1.0
07240823;1159221600000;1.0
07721660;1159308000000;1.0
07287686;1159480800000;1.0
07201306;1159826400000;1.0
07261234;1161208800000;1.0
07694873;1161640800000;1.0
07762452;1161727200000;1.0
07320427;1161727200000;1.0
07234634;1162854000000;1.0
07578024;1163113200000;1.0
07249704;1165273200000;1.0
07789256;1165273200000;1.0
07497368;1165532400000;1.0
07331510;1166137200000;1.0
07743935;1166137200000;1.0
07775387;1166655600000;1.0
07380704;1166742000000;1.0
07506797;1168210800000;1.0
07350690;1170975600000;1.0
07357297;1171407600000;1.0
07438214;1171580400000;1.0
07360681;1171926000000;1.0
07661581;1173481200000;1.0
07431205;1174431600000;1.0
07607569;1175551200000;1.0
07398915;1176069600000;1.0
07270260;1176156000000;1.0
07527190;1176242400000;1.0
07398914;1176674400000;1.0
07353985;1176933600000;1.0
07337945;1177970400000;1.0
07441696;1179957600000;1.0
07469818;1181512800000;1.0
07441695;1181512800000;1.0
07448530;1182290400000;1.0
07677443;1183586400000;1.0
07364066;1183672800000;1.0
07487907;1183932000000;1.0
07328835;1184191200000;1.0
07654442;1184882400000;1.0
07624914;1185832800000;1.0
07422144;1186610400000;1.0
07565999;1187820000000;1.0
07395956;1188165600000;1.0
07383980;1188943200000;1.0
07559457;1190239200000;1.0
07654443;1193871600000;1.0
07740165;1195081200000;1.0
07753256;1195513200000;1.0
07481357;1195513200000;1.0
07641103;1199314800000;1.0
07516880;1200438000000;1.0
07549572;1201215600000;1.0
07578085;1201820400000;1.0
07506796;1201906800000;1.0
07624915;1202079600000;1.0
07451912;1203375600000;1.0
07787374;1204239600000;1.0
07587846;1206486000000;1.0
07533796;1206572400000;1.0
07500595;1209074400000;1.0
07559456;1210111200000;1.0
07611043;1212962400000;1.0
07843340;1215036000000;1.0
07854374;1216332000000;1.0
07722000;1216764000000;1.0
07552858;1218405600000;1.0
07731008;1219010400000;1.0
07692481;1219183200000;1.0
07669704;1219442400000;1.0
07611044;1221429600000;1.0
07832625;1223330400000;1.0
07857199;1224540000000;1.0
07686207;1228172400000;1.0
07810708;1229900400000;1.0
07604158;1236207600000;1.0
07850065;1254175200000;1.0
