id;ts;originality
03964416;-140576400000;1.0
03885529;60994800000;1.0
03865306;79916400000;1.0
03865969;85014000000;1.0
03893506;85359600000;1.0
03945433;86828400000;1.0
03858802;86914800000;1.0
03862395;91234800000;1.0
03860063;92876400000;1.0
03863710;92876400000;1.0
03870228;95900400000;1.0
03889878;98665200000;1.0
03960205;99097200000;1.0
03890787;100998000000;1.0
03870052;102812400000;1.0
03971454;103503600000;1.0
03888412;103849200000;1.0
03861590;105145200000;1.0
03881402;105318000000;1.0
03937275;106786800000;1.0
03880230;107737200000;1.0
03873022;108860400000;1.0
03918637;112834800000;1.0
03913834;113698800000;1.0
03927831;114044400000;1.0
03998385;114044400000;1.0
03908901;114130800000;1.0
03905548;115254000000;1.0
03863621;115599600000;1.0
03886998;116118000000;1.0
04102327;117154800000;1.0
03868060;117241200000;1.0
03983930;117673200000;1.0
03877638;118623600000;1.0
03911999;120351600000;1.0
03889742;121993200000;1.0
03929305;123202800000;1.0
03897903;123375600000;1.0
03868494;123807600000;1.0
03870855;128127600000;1.0
03885736;128559600000;1.0
03890936;128559600000;1.0
03931851;128905200000;1.0
03948316;128905200000;1.0
03891817;128905200000;1.0
03894369;129510000000;1.0
03874361;129942000000;1.0
03987786;130978800000;1.0
03913835;131238000000;1.0
03949936;131583600000;1.0
03927299;132793200000;1.0
03935897;133052400000;1.0
03980071;133052400000;1.0
03921600;133138800000;1.0
03877443;133138800000;1.0
03902474;133398000000;1.0
03955555;133743600000;1.0
04211207;134089200000;1.0
03933004;136076400000;1.0
04093868;136422000000;1.0
03908900;136422000000;1.0
03916988;136594800000;1.0
03912163;136681200000;1.0
03913663;136767600000;1.0
03934799;137631600000;1.0
03889879;137631600000;1.0
03953110;138236400000;1.0
03877639;138582000000;1.0
03948312;139014000000;1.0
03933307;139705200000;1.0
03949732;140050800000;1.0
04003363;140050800000;1.0
04171621;140223600000;1.0
04021895;140310000000;1.0
03875996;140310000000;1.0
03908632;141260400000;1.0
03952724;141260400000;1.0
03894528;141346800000;1.0
03934556;142038000000;1.0
03949095;142642800000;1.0
03948246;143247600000;1.0
03918430;143247600000;1.0
03896992;143334000000;1.0
03951204;143679600000;1.0
03942719;143679600000;1.0
03926099;143852400000;1.0
03949522;144025200000;1.0
03929121;144543600000;1.0
03968836;144889200000;1.0
03958755;144889200000;1.0
03994435;146185200000;1.0
04063682;146962800000;1.0
03990636;147654000000;1.0
03942515;148086000000;1.0
03894345;148518000000;1.0
03954097;148518000000;1.0
03994281;148604400000;1.0
03921508;148863600000;1.0
04003365;149122800000;1.0
03958555;149122800000;1.0
03940058;150332400000;1.0
03994675;150332400000;1.0
03911894;150418800000;1.0
03966119;150678000000;1.0
03946720;151110000000;1.0
03946721;151110000000;1.0
03957109;152406000000;1.0
03934798;152492400000;1.0
03965972;152751600000;1.0
03991938;152751600000;1.0
03970247;153010800000;1.0
03974427;153010800000;1.0
04018380;153529200000;1.0
03958754;153702000000;1.0
03907199;153961200000;1.0
04004574;154134000000;1.0
04010895;154134000000;1.0
03915148;154306800000;1.0
03960135;154652400000;1.0
03989183;155343600000;1.0
04034736;155948400000;1.0
04015962;156726000000;1.0
04007776;156985200000;1.0
03997109;156985200000;1.0
03985117;157244400000;1.0
03986492;157849200000;1.0
04031952;158799600000;1.0
03999598;158886000000;1.0
04048981;159058800000;1.0
03937208;159404400000;1.0
03995809;159490800000;1.0
03941311;160009200000;1.0
04034802;160182000000;1.0
04036287;160182000000;1.0
03944136;160614000000;1.0
04002160;161391600000;1.0
03952723;161564400000;1.0
03960136;162082800000;1.0
04073283;162687600000;1.0
03986665;162774000000;1.0
03994276;163292400000;1.0
04103493;163292400000;1.0
04018381;163378800000;1.0
04022184;163638000000;1.0
04031916;163810800000;1.0
04008709;164242800000;1.0
03968833;164329200000;1.0
03991741;164502000000;1.0
04007875;165711600000;1.0
03999710;166057200000;1.0
04121566;166057200000;1.0
03986664;166316400000;1.0
03984050;166316400000;1.0
03977601;166662000000;1.0
04055163;166834800000;1.0
03971511;166834800000;1.0
03989189;166834800000;1.0
04013221;166921200000;1.0
04050626;167007600000;1.0
03919998;167439600000;1.0
03999709;168476400000;1.0
03989098;168476400000;1.0
03972317;169081200000;1.0
04066210;169772400000;1.0
04049045;169858800000;1.0
04037650;170031600000;1.0
03976243;171586800000;1.0
04034204;171846000000;1.0
04008705;172191600000;1.0
03966118;172278000000;1.0
04012191;172278000000;1.0
03989030;172710000000;1.0
03997108;172710000000;1.0
04055963;172882800000;1.0
04050443;173055600000;1.0
04049047;173401200000;1.0
04036288;174178800000;1.0
03981295;174610800000;1.0
03997002;174697200000;1.0
04138992;175129200000;1.0
04037583;175129200000;1.0
04034803;175388400000;1.0
04065053;175388400000;1.0
04007874;177202800000;1.0
04011989;177202800000;1.0
04037786;177289200000;1.0
03995804;177289200000;1.0
04020827;177721200000;1.0
04015585;177807600000;1.0
04006857;178844400000;1.0
04072142;178844400000;1.0
04078547;178844400000;1.0
04051831;178844400000;1.0
04044950;179362800000;1.0
04065170;179622000000;1.0
04016834;180572400000;1.0
04026269;180572400000;1.0
04098262;180918000000;1.0
04051891;181350000000;1.0
03995810;181522800000;1.0
04026348;181782000000;1.0
04040567;181954800000;1.0
04055279;182559600000;1.0
03993041;183250800000;1.0
04094299;183682800000;1.0
04050508;183682800000;1.0
04066062;183682800000;1.0
03996759;184201200000;1.0
04053732;184374000000;1.0
04002159;184546800000;1.0
03991937;184978800000;1.0
04029081;185151600000;1.0
04069973;185410800000;1.0
04120351;185410800000;1.0
03993244;185583600000;1.0
03996919;185756400000;1.0
04019680;186015600000;1.0
04061131;186015600000;1.0
04095087;186620400000;1.0
04059969;186620400000;1.0
04034911;186879600000;1.0
04088119;186879600000;1.0
03989032;187225200000;1.0
04003366;187484400000;1.0
04019679;187830000000;1.0
04065056;187830000000;1.0
04063547;187916400000;1.0
04004573;188521200000;1.0
04019495;189039600000;1.0
04114597;189212400000;1.0
03986666;189385200000;1.0
04054125;189385200000;1.0
04065938;189644400000;1.0
04151954;189903600000;1.0
04015586;190249200000;1.0
04050441;190249200000;1.0
04065055;190422000000;1.0
04105894;190422000000;1.0
04080957;190854000000;1.0
04041724;190940400000;1.0
04010735;191026800000;1.0
04018581;191113200000;1.0
04043318;191458800000;1.0
04024908;191718000000;1.0
04037779;191804400000;1.0
04037651;192322800000;1.0
04079724;192409200000;1.0
03996092;192409200000;1.0
04019681;192927600000;1.0
04034738;192927600000;1.0
04068652;193359600000;1.0
04049046;193359600000;1.0
04012920;193446000000;1.0
04056094;193878000000;1.0
04074705;193878000000;1.0
04096850;193964400000;1.0
04083360;194137200000;1.0
04044949;194137200000;1.0
04094167;194742000000;1.0
04134390;194742000000;1.0
04022378;194742000000;1.0
04091994;194742000000;1.0
04043316;194828400000;1.0
04060194;195087600000;1.0
04046133;195260400000;1.0
04079887;195260400000;1.0
04010734;195260400000;1.0
04057963;195346800000;1.0
04076013;195346800000;1.0
04055055;195433200000;1.0
04111259;195433200000;1.0
04094301;196038000000;1.0
04098327;196470000000;1.0
04066090;196642800000;1.0
04111185;196898400000;1.0
04038972;196898400000;1.0
04105822;197157600000;1.0
04072186;197503200000;1.0
04023555;197503200000;1.0
04069810;197762400000;1.0
04069811;197762400000;1.0
04112281;197762400000;1.0
04085999;197762400000;1.0
04109640;198108000000;1.0
04066118;198453600000;1.0
04031880;198712800000;1.0
04121568;198799200000;1.0
04062489;198885600000;1.0
04116219;198972000000;1.0
04080954;199058400000;1.0
04062349;199317600000;1.0
04078544;199317600000;1.0
04082143;199404000000;1.0
04086911;199490400000;1.0
04099516;199490400000;1.0
04090497;199490400000;1.0
04051834;199490400000;1.0
04083358;200527200000;1.0
04083673;200613600000;1.0
04134267;201132000000;1.0
04143816;201132000000;1.0
04025043;201218400000;1.0
04057189;201477600000;1.0
04072141;201477600000;1.0
04046320;201477600000;1.0
04103672;201477600000;1.0
04044820;201736800000;1.0
04087047;201909600000;1.0
04065054;202600800000;1.0
04132074;202687200000;1.0
04019677;202687200000;1.0
04090474;202687200000;1.0
04069593;202946400000;1.0
04109859;202946400000;1.0
04034912;202946400000;1.0
04077568;203205600000;1.0
04045179;203292000000;1.0
04078723;203551200000;1.0
04056313;203637600000;1.0
04098264;203724000000;1.0
04124062;203810400000;1.0
04139055;203810400000;1.0
04165037;204156000000;1.0
04076011;204156000000;1.0
04144873;204156000000;1.0
04125151;204415200000;1.0
04088117;204415200000;1.0
04061132;204501600000;1.0
04058107;205020000000;1.0
04071017;205020000000;1.0
04060072;205020000000;1.0
04058255;205106400000;1.0
04156455;205106400000;1.0
04027631;205452000000;1.0
04095584;206143200000;1.0
04084573;206229600000;1.0
04083359;206229600000;1.0
04086909;206229600000;1.0
04069809;206575200000;1.0
04155226;206834400000;1.0
04062346;207180000000;1.0
04067319;207180000000;1.0
04084745;207266400000;1.0
04073434;207439200000;1.0
04102328;207784800000;1.0
04077392;207784800000;1.0
04064867;207784800000;1.0
04055299;207957600000;1.0
04078549;208044000000;1.0
04051825;208130400000;1.0
04054416;208562400000;1.0
04092978;208562400000;1.0
04128096;208648800000;1.0
04082080;208735200000;1.0
04069972;208994400000;1.0
04112920;208994400000;1.0
04049407;209167200000;1.0
04083356;209253600000;1.0
04088115;209253600000;1.0
04050627;209340000000;1.0
04062347;209685600000;1.0
04071018;210204000000;1.0
04117883;210204000000;1.0
04106483;210204000000;1.0
04088120;210463200000;1.0
04123003;210549600000;1.0
04103735;210895200000;1.0
04143814;210981600000;1.0
04061129;211413600000;1.0
04052001;211586400000;1.0
04123219;211759200000;1.0
04153040;212018400000;1.0
04052587;212018400000;1.0
04143642;212364000000;1.0
04122830;212626800000;1.0
04090492;212626800000;1.0
04070870;213231600000;1.0
04060916;213231600000;1.0
04164933;213404400000;1.0
04076026;213922800000;1.0
04165732;214009200000;1.0
04159595;214009200000;1.0
04124018;214095600000;1.0
04168030;214786800000;1.0
04133574;215132400000;1.0
04150300;215650800000;1.0
04063545;215650800000;1.0
04053106;215737200000;1.0
04092979;215910000000;1.0
04135492;216255600000;1.0
04080221;216342000000;1.0
04091797;216428400000;1.0
04125107;216514800000;1.0
04127107;216860400000;1.0
04140173;217033200000;1.0
04108154;217465200000;1.0
04076025;217465200000;1.0
04150552;217810800000;1.0
04147302;218242800000;1.0
04103674;218329200000;1.0
04103673;218674800000;1.0
04105158;218761200000;1.0
04095585;219366000000;1.0
04108155;220143600000;1.0
04135491;220143600000;1.0
04137898;220143600000;1.0
04117829;221353200000;1.0
04138993;221698800000;1.0
04079885;221785200000;1.0
04090493;221785200000;1.0
04124179;222303600000;1.0
04116380;222303600000;1.0
04124178;222390000000;1.0
04147155;222476400000;1.0
04131158;222476400000;1.0
04120288;222649200000;1.0
04116224;222649200000;1.0
04126122;222908400000;1.0
04116167;222908400000;1.0
04079725;222908400000;1.0
04090494;222908400000;1.0
04103598;222908400000;1.0
04149521;222994800000;1.0
04169460;223081200000;1.0
04050628;223254000000;1.0
04106692;223254000000;1.0
04139321;223513200000;1.0
04131231;223599600000;1.0
04098260;224118000000;1.0
04153199;224377200000;1.0
04143643;224722800000;1.0
04054981;224982000000;1.0
04136823;224982000000;1.0
04143817;224982000000;1.0
04170984;224982000000;1.0
04079888;225414000000;1.0
04123883;225932400000;1.0
04122893;226537200000;1.0
04135665;226710000000;1.0
04120287;227314800000;1.0
04095369;227746800000;1.0
04095938;227746800000;1.0
04136672;228006000000;1.0
04102329;228006000000;1.0
04086072;228524400000;1.0
04089142;228524400000;1.0
04143640;228610800000;1.0
04121565;228952800000;1.0
04121567;228952800000;1.0
04103826;228952800000;1.0
04139152;229039200000;1.0
04136668;229298400000;1.0
04147301;229730400000;1.0
04120289;230335200000;1.0
04124177;230421600000;1.0
04125148;230508000000;1.0
04106693;230508000000;1.0
04150661;230767200000;1.0
04134448;230940000000;1.0
04120282;231026400000;1.0
04146221;231026400000;1.0
04134389;231372000000;1.0
04315597;231372000000;1.0
04093119;231976800000;1.0
04119084;232149600000;1.0
04108375;232322400000;1.0
04136669;232581600000;1.0
04119083;232581600000;1.0
04137965;232754400000;1.0
04171089;232840800000;1.0
04098263;233186400000;1.0
04099556;233186400000;1.0
04147157;233359200000;1.0
04172494;233359200000;1.0
04132263;233445600000;1.0
04132221;233445600000;1.0
04136824;233445600000;1.0
04171694;234136800000;1.0
04109858;234396000000;1.0
04129177;234396000000;1.0
04170879;234396000000;1.0
04144874;234741600000;1.0
04112919;235000800000;1.0
04100914;235000800000;1.0
04148436;235087200000;1.0
04125946;235087200000;1.0
04127926;235260000000;1.0
04158291;235605600000;1.0
04130110;235605600000;1.0
04146014;235951200000;1.0
04119085;236210400000;1.0
04134545;236383200000;1.0
04142679;236383200000;1.0
04091800;236469600000;1.0
04116379;236556000000;1.0
04182401;236556000000;1.0
04187982;236901600000;1.0
04138062;236901600000;1.0
04130105;236901600000;1.0
04114595;236988000000;1.0
04128124;237074400000;1.0
04119086;237074400000;1.0
04150788;237160800000;1.0
04142678;237420000000;1.0
04175699;237506400000;1.0
04156420;237592800000;1.0
04135571;237765600000;1.0
04160444;238370400000;1.0
04167965;238370400000;1.0
04138996;238888800000;1.0
04108376;239234400000;1.0
04143705;239234400000;1.0
04138985;240012000000;1.0
04203452;240012000000;1.0
04138061;240444000000;1.0
04155505;240444000000;1.0
04141337;240789600000;1.0
04133479;241048800000;1.0
04182489;241135200000;1.0
04136731;241394400000;1.0
04180234;241394400000;1.0
04165036;241653600000;1.0
04158386;241653600000;1.0
04164210;241740000000;1.0
04232820;241826400000;1.0
04133338;241912800000;1.0
04153104;242517600000;1.0
04151721;242604000000;1.0
04170261;242863200000;1.0
04150660;243122400000;1.0
04154222;243122400000;1.0
04149517;243208800000;1.0
04158439;243468000000;1.0
04189097;243640800000;1.0
04171773;244076400000;1.0
04180209;244249200000;1.0
04160524;244422000000;1.0
04232696;244681200000;1.0
04191243;245631600000;1.0
04170982;245890800000;1.0
04226363;246150000000;1.0
04129251;246150000000;1.0
04187543;246582000000;1.0
04164660;246582000000;1.0
04112921;246754800000;1.0
04171771;246841200000;1.0
04162670;247100400000;1.0
04153043;247100400000;1.0
04141498;247100400000;1.0
04116507;247705200000;1.0
04133150;248310000000;1.0
04146176;248310000000;1.0
04194489;248482800000;1.0
04189096;248655600000;1.0
04168737;248655600000;1.0
04129179;248914800000;1.0
04137900;249087600000;1.0
04158438;249087600000;1.0
04148296;249519600000;1.0
04149673;249519600000;1.0
04149520;249865200000;1.0
04171088;249865200000;1.0
04132218;250297200000;1.0
04200147;250470000000;1.0
04260335;250815600000;1.0
04147303;251420400000;1.0
04170507;252025200000;1.0
04179894;252111600000;1.0
04196854;252198000000;1.0
04243871;252630000000;1.0
04230267;252630000000;1.0
04190199;252889200000;1.0
04206874;253148400000;1.0
04154292;253321200000;1.0
04187687;253753200000;1.0
04219073;253753200000;1.0
04159017;253753200000;1.0
04175538;254358000000;1.0
04141490;254358000000;1.0
04195777;254962800000;1.0
04171772;255308400000;1.0
04176709;255567600000;1.0
04155344;255567600000;1.0
04154223;255567600000;1.0
04234037;256863600000;1.0
04231516;257122800000;1.0
04174749;257382000000;1.0
04165782;257468400000;1.0
04271897;257468400000;1.0
04127973;257468400000;1.0
04170259;257468400000;1.0
04167967;257554800000;1.0
04211364;258073200000;1.0
04191242;258073200000;1.0
04194688;258332400000;1.0
04211365;258850800000;1.0
04153105;259196400000;1.0
04143815;259196400000;1.0
04133299;259974000000;1.0
04176787;259974000000;1.0
04141222;259974000000;1.0
04145788;260060400000;1.0
04192455;260146800000;1.0
04168797;260146800000;1.0
04150787;260488800000;1.0
04163441;260575200000;1.0
04211187;261007200000;1.0
04214699;261007200000;1.0
04212348;261093600000;1.0
04176788;261180000000;1.0
04222435;261180000000;1.0
04249375;261698400000;1.0
04216759;262216800000;1.0
04242569;262216800000;1.0
04232732;262216800000;1.0
04232821;263080800000;1.0
04218607;263426400000;1.0
04163369;263685600000;1.0
04194558;263685600000;1.0
04172442;264031200000;1.0
04206742;264204000000;1.0
04227647;264636000000;1.0
04159802;264636000000;1.0
04223205;265327200000;1.0
04177925;267055200000;1.0
04155506;267055200000;1.0
04213563;268869600000;1.0
04196595;268956000000;1.0
04243062;269215200000;1.0
04171770;269474400000;1.0
04216903;269820000000;1.0
04302942;269820000000;1.0
04203487;270338400000;1.0
04178907;270338400000;1.0
04207865;270684000000;1.0
04240499;271029600000;1.0
04227569;271375200000;1.0
04317106;271634400000;1.0
04295606;271893600000;1.0
04192456;272498400000;1.0
04241784;272584800000;1.0
04264826;273189600000;1.0
04258880;273189600000;1.0
04192457;273276000000;1.0
04246956;273362400000;1.0
04273184;273794400000;1.0
04242950;273967200000;1.0
04206875;273967200000;1.0
04213745;274312800000;1.0
04251028;275522400000;1.0
04194488;275695200000;1.0
04314601;276303600000;1.0
04235369;276908400000;1.0
04209996;276994800000;1.0
04232211;277599600000;1.0
04248212;277599600000;1.0
04253426;277686000000;1.0
04215817;277945200000;1.0
04175698;278204400000;1.0
04257557;278290800000;1.0
04225176;278809200000;1.0
04256475;279932400000;1.0
04210102;280105200000;1.0
04254822;280969200000;1.0
04284129;281574000000;1.0
04274581;281746800000;1.0
04243177;281919600000;1.0
04202493;282178800000;1.0
04251029;282265200000;1.0
04505328;282351600000;1.0
04242872;282783600000;1.0
04217646;283042800000;1.0
04312476;283474800000;1.0
04275831;283474800000;1.0
04245476;284079600000;1.0
04257579;284857200000;1.0
04260103;285375600000;1.0
04232522;285548400000;1.0
04272016;285807600000;1.0
04314668;285894000000;1.0
04228785;286412400000;1.0
04300527;286412400000;1.0
04330084;286671600000;1.0
04295460;286758000000;1.0
04226364;287017200000;1.0
04248378;287103600000;1.0
04269263;288399600000;1.0
04263498;288831600000;1.0
04249594;289004400000;1.0
04282421;289436400000;1.0
04258615;289782000000;1.0
04235286;289782000000;1.0
04189881;290041200000;1.0
04275709;290300400000;1.0
04346696;290386800000;1.0
04274390;290646000000;1.0
04240404;291510000000;1.0
04217878;291510000000;1.0
04433810;291852000000;1.0
04309982;292543200000;1.0
04257556;292716000000;1.0
04232657;293320800000;1.0
04265220;293666400000;1.0
04279574;293666400000;1.0
04354548;293666400000;1.0
04301862;293666400000;1.0
04239486;294012000000;1.0
04277020;294271200000;1.0
04241874;294444000000;1.0
04280656;294616800000;1.0
04297987;295221600000;1.0
04294038;295653600000;1.0
04296883;295826400000;1.0
04256082;296344800000;1.0
04320739;296431200000;1.0
04263887;296863200000;1.0
04258878;297036000000;1.0
04284127;297036000000;1.0
04292814;298072800000;1.0
04280555;299109600000;1.0
04301788;299109600000;1.0
04265397;299368800000;1.0
04283919;299368800000;1.0
04274265;299368800000;1.0
04252271;299455200000;1.0
04293092;299973600000;1.0
04231352;299973600000;1.0
04248049;300319200000;1.0
04295520;300405600000;1.0
04290272;301096800000;1.0
04319125;301269600000;1.0
04308994;301528800000;1.0
04280330;301528800000;1.0
04270695;302133600000;1.0
04300720;302997600000;1.0
04276926;302997600000;1.0
04254821;303084000000;1.0
04240581;303084000000;1.0
04281789;303084000000;1.0
04254758;303688800000;1.0
04293094;303948000000;1.0
04270513;304120800000;1.0
04323109;304552800000;1.0
04294223;305244000000;1.0
04289195;305503200000;1.0
04277021;305503200000;1.0
04250866;305762400000;1.0
04356833;305762400000;1.0
04305354;306626400000;1.0
04265298;307317600000;1.0
04279381;307317600000;1.0
04269261;307317600000;1.0
04291834;307753200000;1.0
04259722;307926000000;1.0
04287872;307926000000;1.0
04325509;308271600000;1.0
04253427;308790000000;1.0
04291833;308790000000;1.0
04301965;308876400000;1.0
04293093;309654000000;1.0
04281519;309654000000;1.0
04308993;310258800000;1.0
04294309;310604400000;1.0
04295519;311295600000;1.0
04352349;311382000000;1.0
04337821;311986800000;1.0
04290551;312505200000;1.0
04243176;313023600000;1.0
04393858;313196400000;1.0
04269167;313369200000;1.0
04378908;313628400000;1.0
04276929;313628400000;1.0
04249695;313801200000;1.0
04293759;314406000000;1.0
04353348;314406000000;1.0
04304216;314492400000;1.0
04373665;314492400000;1.0
04298165;315183600000;1.0
04301662;316047600000;1.0
04334577;316393200000;1.0
04274477;316393200000;1.0
04336836;316825200000;1.0
04286613;316825200000;1.0
04344569;316911600000;1.0
04308990;316911600000;1.0
04300536;316998000000;1.0
04355752;316998000000;1.0
04305548;317257200000;1.0
04323192;317343600000;1.0
04296770;317862000000;1.0
04282241;317862000000;1.0
04338994;317862000000;1.0
04325355;317862000000;1.0
04275705;317862000000;1.0
04342359;317948400000;1.0
04314547;318466800000;1.0
04369917;318553200000;1.0
04355625;318639600000;1.0
04370949;318812400000;1.0
04387701;319071600000;1.0
04392359;319071600000;1.0
04410136;319158000000;1.0
04347972;319158000000;1.0
04352455;319849200000;1.0
04332236;320281200000;1.0
04346839;320281200000;1.0
04337894;320281200000;1.0
04349009;320886000000;1.0
04287723;320972400000;1.0
04344568;321490800000;1.0
04358652;322095600000;1.0
04309976;322095600000;1.0
04397418;322268400000;1.0
04438729;323305200000;1.0
04280481;323305200000;1.0
04409927;323305200000;1.0
04392610;323478000000;1.0
04344450;323992800000;1.0
04321962;323992800000;1.0
04365742;324511200000;1.0
04773589;324597600000;1.0
04336692;324684000000;1.0
04329021;324684000000;1.0
04329847;324856800000;1.0
04345897;325116000000;1.0
04330083;325375200000;1.0
04313561;325720800000;1.0
04320797;325893600000;1.0
04325353;326066400000;1.0
04278126;326325600000;1.0
04346686;326325600000;1.0
04347891;326412000000;1.0
04373506;326584800000;1.0
04321758;326671200000;1.0
04359187;326930400000;1.0
04407354;326930400000;1.0
04324184;327016800000;1.0
04322953;327189600000;1.0
04385726;327276000000;1.0
04321908;327276000000;1.0
04406322;327535200000;1.0
04355753;327621600000;1.0
04334518;328312800000;1.0
04369918;328312800000;1.0
04337388;328399200000;1.0
04318367;328485600000;1.0
04320738;328485600000;1.0
04261326;328744800000;1.0
04340174;328744800000;1.0
04333520;328831200000;1.0
04325426;329004000000;1.0
04418679;329004000000;1.0
04332290;329349600000;1.0
04352456;329349600000;1.0
04335850;329954400000;1.0
04312320;329954400000;1.0
04367631;329954400000;1.0
04337891;330040800000;1.0
04302406;330127200000;1.0
04371111;330645600000;1.0
04351475;330645600000;1.0
04304292;331164000000;1.0
04375831;331164000000;1.0
04370956;331250400000;1.0
04364514;331250400000;1.0
04314543;331423200000;1.0
04352391;331855200000;1.0
04346673;332373600000;1.0
04372409;333583200000;1.0
04324359;333583200000;1.0
04548355;333583200000;1.0
04350287;333669600000;1.0
04341346;333756000000;1.0
04315598;333842400000;1.0
04327761;334188000000;1.0
04356706;334274400000;1.0
04350288;334447200000;1.0
04319557;334533600000;1.0
04363353;334533600000;1.0
04303198;334792800000;1.0
04345715;334965600000;1.0
04403732;335397600000;1.0
04340112;335397600000;1.0
04358052;335484000000;1.0
04330309;336002400000;1.0
04313452;336002400000;1.0
04335849;336088800000;1.0
04368692;336261600000;1.0
04411384;336348000000;1.0
04331292;336348000000;1.0
04336792;336348000000;1.0
04419926;336693600000;1.0
04445583;336866400000;1.0
04360152;337212000000;1.0
04352454;337298400000;1.0
04357931;337471200000;1.0
04378087;337471200000;1.0
04356967;337816800000;1.0
04371779;338162400000;1.0
04360003;338680800000;1.0
04313562;339030000000;1.0
04356965;339202800000;1.0
04350024;340412400000;1.0
04342422;340498800000;1.0
04389980;340930800000;1.0
04363442;341017200000;1.0
04398081;341103600000;1.0
04401261;341103600000;1.0
04316251;341103600000;1.0
04386734;341190000000;1.0
04380153;341190000000;1.0
04341263;342054000000;1.0
04410135;342140400000;1.0
04406214;342140400000;1.0
04333606;342313200000;1.0
04356966;342313200000;1.0
04350289;342831600000;1.0
04325430;343263600000;1.0
04427056;343522800000;1.0
04337893;343522800000;1.0
04351476;343522800000;1.0
04387290;343609200000;1.0
04351161;343868400000;1.0
04372487;344041200000;1.0
04433557;344732400000;1.0
04394959;344818800000;1.0
04364512;345337200000;1.0
04326667;345942000000;1.0
04479484;346287600000;1.0
04384673;346460400000;1.0
04344567;347065200000;1.0
04391323;347670000000;1.0
04328683;348102000000;1.0
04386735;348447600000;1.0
04412526;348447600000;1.0
04364444;348447600000;1.0
04392609;348879600000;1.0
04427057;348966000000;1.0
04372372;349311600000;1.0
04438881;349398000000;1.0
04440343;349916400000;1.0
04592504;350002800000;1.0
04408567;350002800000;1.0
04403645;350175600000;1.0
04333524;350521200000;1.0
04371112;350694000000;1.0
04390125;350780400000;1.0
04699315;351212400000;1.0
04420032;351298800000;1.0
04385725;351471600000;1.0
04390124;351730800000;1.0
04343290;351990000000;1.0
04361170;351990000000;1.0
04412652;352076400000;1.0
04379447;352076400000;1.0
04452620;352335600000;1.0
04351276;352940400000;1.0
04397297;353113200000;1.0
04383642;353113200000;1.0
04373473;353545200000;1.0
04465154;353545200000;1.0
04408715;353631600000;1.0
04454861;353890800000;1.0
04532778;354236400000;1.0
04381480;354751200000;1.0
04440342;354924000000;1.0
04420114;354924000000;1.0
04424934;355356000000;1.0
04474325;355356000000;1.0
04418745;355528800000;1.0
04505327;355615200000;1.0
04363218;355701600000;1.0
04429830;356047200000;1.0
04366853;356220000000;1.0
04418743;356306400000;1.0
04479605;356824800000;1.0
04406402;357256800000;1.0
04450868;357429600000;1.0
04420034;357429600000;1.0
04401100;357775200000;1.0
04335848;357775200000;1.0
04416222;357861600000;1.0
04376510;357948000000;1.0
04410037;358034400000;1.0
04373343;358120800000;1.0
04337619;358120800000;1.0
04462542;358380000000;1.0
04415118;358466400000;1.0
04475343;358552800000;1.0
04361276;358639200000;1.0
04471907;358984800000;1.0
04391407;359244000000;1.0
04381819;359244000000;1.0
04479533;359762400000;1.0
04415018;360194400000;1.0
04406136;360367200000;1.0
04398663;360540000000;1.0
04384193;360885600000;1.0
04436079;361404000000;1.0
04401106;361404000000;1.0
04417618;361749600000;1.0
04383643;362008800000;1.0
04435959;362008800000;1.0
04440212;362008800000;1.0
04414464;362181600000;1.0
04373666;362354400000;1.0
04399805;362613600000;1.0
04413571;362613600000;1.0
04394960;362700000000;1.0
04456172;362786400000;1.0
04396060;363564000000;1.0
04473351;364428000000;1.0
04576333;365637600000;1.0
04423658;365724000000;1.0
04410134;366588000000;1.0
04411385;367020000000;1.0
04360036;367452000000;1.0
04477020;367624800000;1.0
04432493;367797600000;1.0
04456173;368229600000;1.0
04406137;368920800000;1.0
04440213;369007200000;1.0
04457326;369007200000;1.0
04417546;369266400000;1.0
04416254;369266400000;1.0
04373354;370479600000;1.0
04429679;370652400000;1.0
04388916;370738800000;1.0
04420677;370825200000;1.0
04461242;371775600000;1.0
04418866;372294000000;1.0
04396148;372639600000;1.0
04407449;373071600000;1.0
04416251;373244400000;1.0
04438340;373762800000;1.0
04416121;374886000000;1.0
04429829;375058800000;1.0
04432336;375318000000;1.0
04408278;375318000000;1.0
04420115;375404400000;1.0
04427150;375490800000;1.0
04503902;375663600000;1.0
04401101;375663600000;1.0
04493364;375922800000;1.0
04411252;376182000000;1.0
04422572;376268400000;1.0
04448347;376700400000;1.0
04381075;377391600000;1.0
04422573;377478000000;1.0
04887586;377737200000;1.0
04396002;378342000000;1.0
04476851;379206000000;1.0
04469118;379206000000;1.0
04498623;379897200000;1.0
04461345;380156400000;1.0
04446912;380156400000;1.0
04460006;380242800000;1.0
04515208;381020400000;1.0
04477021;381020400000;1.0
04417688;381366000000;1.0
04421159;381452400000;1.0
04484567;381625200000;1.0
04456055;381970800000;1.0
04463801;382316400000;1.0
04408714;382834800000;1.0
04516207;383353200000;1.0
04445567;383526000000;1.0
04750546;383785200000;1.0
04408716;383785200000;1.0
04414818;383871600000;1.0
04416418;384130800000;1.0
04844335;384562800000;1.0
04582042;384735600000;1.0
04403731;384735600000;1.0
04516721;385081200000;1.0
04556171;385167600000;1.0
04410131;385945200000;1.0
04467178;385945200000;1.0
04476921;386200800000;1.0
04403573;386200800000;1.0
04483388;386200800000;1.0
04474227;386200800000;1.0
04465123;386373600000;1.0
04541448;386892000000;1.0
04459815;386978400000;1.0
04482009;387151200000;1.0
04412529;387496800000;1.0
04527246;387583200000;1.0
04415119;388188000000;1.0
04444022;388274400000;1.0
04390037;388360800000;1.0
04412651;388620000000;1.0
04474018;389484000000;1.0
04459973;389916000000;1.0
04426037;390088800000;1.0
04480785;390434400000;1.0
04479606;390607200000;1.0
04437481;390693600000;1.0
04509588;390693600000;1.0
04497439;390780000000;1.0
04512387;391384800000;1.0
04470759;391903200000;1.0
04434934;392594400000;1.0
04572111;392853600000;1.0
04508132;394063200000;1.0
04476920;394408800000;1.0
04483310;394754400000;1.0
04448136;394754400000;1.0
04453669;395013600000;1.0
04455994;395013600000;1.0
04458498;396482400000;1.0
04504011;396741600000;1.0
04473109;397346400000;1.0
04519540;398037600000;1.0
04475530;398296800000;1.0
04509680;398383200000;1.0
04448348;398556000000;1.0
04492084;398642400000;1.0
04445636;399074400000;1.0
04429540;399506400000;1.0
04445639;399765600000;1.0
04456171;400284000000;1.0
04471754;400284000000;1.0
04466568;400456800000;1.0
04524910;400716000000;1.0
04508162;400888800000;1.0
04403644;401320800000;1.0
04445638;401320800000;1.0
04467958;401580000000;1.0
04462541;401666400000;1.0
04450829;402102000000;1.0
04527618;402102000000;1.0
04456456;402188400000;1.0
04421062;404002800000;1.0
04482092;404089200000;1.0
04454984;404953200000;1.0
04518847;405039600000;1.0
04502292;405126000000;1.0
04534321;405298800000;1.0
04510756;405558000000;1.0
04526319;405644400000;1.0
04467862;405903600000;1.0
04481788;408150000000;1.0
04444156;408236400000;1.0
04506521;408322800000;1.0
04501390;408754800000;1.0
04543468;408841200000;1.0
04798056;408841200000;1.0
04584987;409273200000;1.0
04497438;409446000000;1.0
04487364;409791600000;1.0
04537348;409878000000;1.0
04473060;410569200000;1.0
04449511;410655600000;1.0
04470542;411001200000;1.0
04454728;411087600000;1.0
04568264;411346800000;1.0
04456024;411606000000;1.0
04448037;411778800000;1.0
04432339;412210800000;1.0
04449572;412210800000;1.0
04481934;412988400000;1.0
04480591;412988400000;1.0
04537345;412988400000;1.0
04462385;414284400000;1.0
04542850;414716400000;1.0
04467781;414716400000;1.0
04466422;415494000000;1.0
04534507;415494000000;1.0
04434746;415580400000;1.0
04467959;416444400000;1.0
04520740;417049200000;1.0
04523714;417049200000;1.0
04470541;417823200000;1.0
04509503;418860000000;1.0
04489708;419032800000;1.0
04523633;419032800000;1.0
04518117;419464800000;1.0
04483479;419464800000;1.0
04553402;419551200000;1.0
04660543;420069600000;1.0
04520258;420156000000;1.0
04438777;420415200000;1.0
04523517;421624800000;1.0
04480786;421884000000;1.0
04509679;421884000000;1.0
04651681;422229600000;1.0
04595356;422488800000;1.0
04498622;422488800000;1.0
04501231;423352800000;1.0
04483277;423352800000;1.0
04462386;424648800000;1.0
04502392;424648800000;1.0
04488681;424908000000;1.0
04541561;425167200000;1.0
04484594;425253600000;1.0
04475687;425772000000;1.0
04513911;426204000000;1.0
04523438;426290400000;1.0
04527733;426463200000;1.0
04593176;426981600000;1.0
04584985;426981600000;1.0
04512288;427068000000;1.0
04492093;427586400000;1.0
04530658;427672800000;1.0
04508264;427672800000;1.0
04516720;428191200000;1.0
04523518;428536800000;1.0
04523716;428536800000;1.0
04608474;428623200000;1.0
04567351;428882400000;1.0
04711204;429141600000;1.0
04522253;429314400000;1.0
04823682;429487200000;1.0
04549692;429919200000;1.0
04573635;430005600000;1.0
04507936;430092000000;1.0
04679728;430524000000;1.0
04495935;430610400000;1.0
04538760;430610400000;1.0
04520836;430696800000;1.0
04529123;431301600000;1.0
04633908;431301600000;1.0
04477019;431647200000;1.0
04533081;431647200000;1.0
04507938;431820000000;1.0
04558571;432424800000;1.0
04559788;433378800000;1.0
04519772;433724400000;1.0
04501232;433983600000;1.0
04593853;434674800000;1.0
04509681;434674800000;1.0
04531379;434934000000;1.0
04550689;436402800000;1.0
04529120;436489200000;1.0
04536151;437180400000;1.0
04524909;437612400000;1.0
04576221;438217200000;1.0
04562890;438303600000;1.0
04562957;438303600000;1.0
04515307;440031600000;1.0
04467960;440204400000;1.0
04517810;440377200000;1.0
04537178;440377200000;1.0
04557220;441327600000;1.0
04588125;442191600000;1.0
04627483;442450800000;1.0
04627484;442450800000;1.0
04537117;442623600000;1.0
04540874;442796400000;1.0
04557321;443401200000;1.0
04529033;444006000000;1.0
04499365;444006000000;1.0
04558958;444524400000;1.0
04527548;445129200000;1.0
04538418;445734000000;1.0
04553697;446425200000;1.0
04516563;446425200000;1.0
04566628;447030000000;1.0
04496099;447289200000;1.0
04622947;448239600000;1.0
04836184;448585200000;1.0
04576122;448585200000;1.0
04580621;449186400000;1.0
04657180;449445600000;1.0
04623093;450050400000;1.0
04495899;450482400000;1.0
04489568;450655200000;1.0
04803846;450914400000;1.0
04519218;451173600000;1.0
04570850;451519200000;1.0
04575002;451519200000;1.0
04605232;451605600000;1.0
04562954;451692000000;1.0
04523605;451692000000;1.0
04522219;451692000000;1.0
04681153;451692000000;1.0
04562955;451778400000;1.0
04824014;451864800000;1.0
04535934;452728800000;1.0
04498624;452728800000;1.0
04575003;452988000000;1.0
04585054;453333600000;1.0
04559994;453592800000;1.0
04750472;454197600000;1.0
04564142;454888800000;1.0
04628696;455234400000;1.0
04545526;456703200000;1.0
04558689;456962400000;1.0
04682476;456962400000;1.0
04572430;457135200000;1.0
04646818;457221600000;1.0
04531671;457567200000;1.0
04537349;457826400000;1.0
04637349;458172000000;1.0
04646814;458258400000;1.0
04638853;459554400000;1.0
04567353;459986400000;1.0
04520769;459986400000;1.0
04535933;460245600000;1.0
04604974;460332000000;1.0
04517807;461282400000;1.0
04678118;461368800000;1.0
04541408;461800800000;1.0
04640262;461973600000;1.0
04662433;462578400000;1.0
04629117;463096800000;1.0
04706884;463701600000;1.0
04591153;463788000000;1.0
04733721;464392800000;1.0
04824363;464911200000;1.0
04580720;465170400000;1.0
04640232;465170400000;1.0
04717402;465433200000;1.0
04588124;465606000000;1.0
04611652;465692400000;1.0
04623092;465778800000;1.0
04676222;466210800000;1.0
04640340;466902000000;1.0
04549471;467247600000;1.0
04596284;467506800000;1.0
04591691;467852400000;1.0
04651923;468025200000;1.0
04599868;468457200000;1.0
04572429;468543600000;1.0
04611622;469148400000;1.0
04688717;469666800000;1.0
04561422;470358000000;1.0
04607791;471049200000;1.0
04646815;472086000000;1.0
04597376;472086000000;1.0
04590888;472172400000;1.0
04593852;472863600000;1.0
04542849;473295600000;1.0
04607169;473554800000;1.0
04608829;473641200000;1.0
04557248;473900400000;1.0
04718478;473900400000;1.0
04553401;474505200000;1.0
04593531;474591600000;1.0
04601426;475196400000;1.0
04611654;475282800000;1.0
04557249;475455600000;1.0
04802341;475714800000;1.0
04798327;475801200000;1.0
04562956;475801200000;1.0
04679730;475974000000;1.0
04561421;476060400000;1.0
04632306;476319600000;1.0
04611466;476319600000;1.0
04596209;477097200000;1.0
04576332;477615600000;1.0
04577800;477615600000;1.0
04949903;478220400000;1.0
04598669;478220400000;1.0
04580486;478479600000;1.0
04679615;478479600000;1.0
04667875;478479600000;1.0
04645125;478825200000;1.0
04662187;479343600000;1.0
04592412;479602800000;1.0
04587401;479948400000;1.0
04798240;479948400000;1.0
04676434;480121200000;1.0
04706883;480294000000;1.0
04613071;480553200000;1.0
04552305;480553200000;1.0
04633768;481154400000;1.0
04582252;481154400000;1.0
04653689;481327200000;1.0
04846617;481413600000;1.0
04625910;483055200000;1.0
04627412;483141600000;1.0
04612878;483141600000;1.0
04662562;483228000000;1.0
04884780;483314400000;1.0
04615483;484351200000;1.0
04625911;485128800000;1.0
04707995;486079200000;1.0
04575001;486165600000;1.0
04705214;486684000000;1.0
04646966;487288800000;1.0
04722197;487893600000;1.0
04613072;488412000000;1.0
04662561;488671200000;1.0
04615262;488757600000;1.0
04667876;489103200000;1.0
04638767;489621600000;1.0
04585165;489621600000;1.0
04714194;489880800000;1.0
04687133;489880800000;1.0
04686378;490226400000;1.0
04606399;490399200000;1.0
04637347;490485600000;1.0
04638943;490485600000;1.0
04640458;490485600000;1.0
04694658;490572000000;1.0
04613073;491522400000;1.0
04907738;491781600000;1.0
04685617;492127200000;1.0
04605163;492386400000;1.0
04688473;492645600000;1.0
04653729;493423200000;1.0
04669656;494114400000;1.0
04599992;494200800000;1.0
04775944;494546400000;1.0
04604991;494805600000;1.0
04605164;495756000000;1.0
04656877;495928800000;1.0
04742957;496015200000;1.0
04869070;496533600000;1.0
04751823;497055600000;1.0
04672990;497833200000;1.0
04649959;497833200000;1.0
04653287;498178800000;1.0
04718249;498697200000;1.0
04638828;498783600000;1.0
04653573;498956400000;1.0
04671459;500770800000;1.0
04620339;501116400000;1.0
04630771;501289200000;1.0
04665890;502326000000;1.0
04633820;502930800000;1.0
04606325;503622000000;1.0
04671252;503708400000;1.0
04718922;503881200000;1.0
04708287;503881200000;1.0
04629116;505695600000;1.0
04703889;506127600000;1.0
04747537;506646000000;1.0
04682549;506646000000;1.0
04705213;507164400000;1.0
04699317;508114800000;1.0
04712608;508114800000;1.0
04682581;508633200000;1.0
04682579;509324400000;1.0
04690203;509670000000;1.0
04683941;509670000000;1.0
04632180;510274800000;1.0
04628798;510274800000;1.0
04697065;510534000000;1.0
04811543;510879600000;1.0
04688718;511398000000;1.0
04696427;512089200000;1.0
04660761;513208800000;1.0
04814579;513208800000;1.0
04679729;514159200000;1.0
04638944;514418400000;1.0
04718601;514591200000;1.0
04782889;515628000000;1.0
04699091;515887200000;1.0
04712734;515887200000;1.0
04727854;515887200000;1.0
04726514;516492000000;1.0
04685616;516492000000;1.0
04776180;517096800000;1.0
04724898;517183200000;1.0
04730771;517528800000;1.0
04700886;517701600000;1.0
04691862;517788000000;1.0
04703888;518306400000;1.0
04759497;518306400000;1.0
04693417;518652000000;1.0
04657038;518652000000;1.0
04693416;518911200000;1.0
04728029;518997600000;1.0
04700888;519429600000;1.0
04691666;520034400000;1.0
04690324;520207200000;1.0
04697735;520207200000;1.0
04709855;520466400000;1.0
04699316;520639200000;1.0
04819587;521244000000;1.0
04669973;521244000000;1.0
04723533;521330400000;1.0
04712515;521416800000;1.0
04782888;522280800000;1.0
04768495;522367200000;1.0
04713525;522453600000;1.0
04651680;522453600000;1.0
04688547;522626400000;1.0
04733635;523058400000;1.0
04653465;523144800000;1.0
04819715;523490400000;1.0
04852638;524181600000;1.0
04681257;524181600000;1.0
04858825;524872800000;1.0
04715077;525477600000;1.0
04691687;525996000000;1.0
04779673;527205600000;1.0
04750673;527205600000;1.0
04813396;527724000000;1.0
04718401;527896800000;1.0
04718602;528332400000;1.0
04700889;529196400000;1.0
04664068;529282800000;1.0
04697434;529801200000;1.0
04867376;529887600000;1.0
04739746;530406000000;1.0
04873421;530751600000;1.0
04770134;531442800000;1.0
04695052;531961200000;1.0
04735130;532134000000;1.0
04784110;532306800000;1.0
04907739;532566000000;1.0
04781151;533170800000;1.0
04751873;533516400000;1.0
04860951;533775600000;1.0
04897798;534380400000;1.0
04718600;534380400000;1.0
04721066;534466800000;1.0
04702307;534553200000;1.0
04754607;534726000000;1.0
04852366;534985200000;1.0
04694891;535244400000;1.0
04744747;535676400000;1.0
04766951;535762800000;1.0
04871113;536194800000;1.0
04700887;536194800000;1.0
04791981;536799600000;1.0
04724798;537145200000;1.0
04830276;538095600000;1.0
04884744;538095600000;1.0
04690102;538095600000;1.0
04790477;538182000000;1.0
04735257;538700400000;1.0
04741477;538873200000;1.0
04773388;538959600000;1.0
04766878;539823600000;1.0
04754614;539823600000;1.0
04782815;540774000000;1.0
04730637;540774000000;1.0
04738394;540774000000;1.0
04789098;541206000000;1.0
04821792;541378800000;1.0
04749028;541378800000;1.0
04751910;541638000000;1.0
04791274;541810800000;1.0
04723705;541897200000;1.0
04741391;541983600000;1.0
04756475;542242800000;1.0
04781242;542242800000;1.0
04757718;543452400000;1.0
04757944;544312800000;1.0
04892830;544312800000;1.0
04829914;544312800000;1.0
04748968;545004000000;1.0
04809517;545263200000;1.0
04903615;545522400000;1.0
04773309;545608800000;1.0
04753217;546472800000;1.0
04794537;546645600000;1.0
04799621;546645600000;1.0
04764024;547077600000;1.0
04739926;547077600000;1.0
04756359;547077600000;1.0
04828170;547682400000;1.0
04759499;547855200000;1.0
04750672;548028000000;1.0
04709854;548287200000;1.0
04753178;548632800000;1.0
04805689;549064800000;1.0
04831827;549237600000;1.0
04844336;549237600000;1.0
04738396;549756000000;1.0
04864972;550101600000;1.0
04715192;550706400000;1.0
04779795;550792800000;1.0
04766925;550879200000;1.0
04874921;551052000000;1.0
04732319;551052000000;1.0
04841740;552175200000;1.0
04880051;552607200000;1.0
05098036;552866400000;1.0
04770341;553212000000;1.0
04898152;554076000000;1.0
04821682;554076000000;1.0
04885915;554335200000;1.0
04791887;554335200000;1.0
04873842;554421600000;1.0
04823770;554940000000;1.0
04798176;555026400000;1.0
04836445;555112800000;1.0
04768708;555199200000;1.0
04847468;556322400000;1.0
04790478;556495200000;1.0
04934924;556754400000;1.0
04753219;556840800000;1.0
04736730;556840800000;1.0
04865249;557100000000;1.0
04768707;557359200000;1.0
04735061;557532000000;1.0
04803958;558050400000;1.0
04921163;558050400000;1.0
04909045;558655200000;1.0
04919084;558741600000;1.0
04909312;558914400000;1.0
04817707;559173600000;1.0
04899809;559346400000;1.0
04821956;559868400000;1.0
04750671;560732400000;1.0
04840220;561596400000;1.0
04892476;561855600000;1.0
04828018;562201200000;1.0
04852797;562978800000;1.0
04927077;563497200000;1.0
04787365;563670000000;1.0
04915615;564015600000;1.0
04762170;564015600000;1.0
04823768;564274800000;1.0
04852798;564274800000;1.0
04850264;564793200000;1.0
04771942;565484400000;1.0
04836444;565830000000;1.0
04775102;566175600000;1.0
04836116;566694000000;1.0
04901919;566780400000;1.0
04862951;566780400000;1.0
04881610;567126000000;1.0
04773588;567644400000;1.0
04773391;568508400000;1.0
04763682;568940400000;1.0
04802529;569113200000;1.0
04966127;569545200000;1.0
04842046;569804400000;1.0
04842193;570063600000;1.0
04844334;570063600000;1.0
04834285;570063600000;1.0
04844150;570236400000;1.0
04915296;570409200000;1.0
04787210;571014000000;1.0
04893748;571273200000;1.0
04848655;571446000000;1.0
04873840;571532400000;1.0
04865120;572828400000;1.0
04901537;573087600000;1.0
04792091;573433200000;1.0
04844020;574383600000;1.0
04898325;574383600000;1.0
04830098;574470000000;1.0
04893749;574556400000;1.0
04884743;574902000000;1.0
04870253;575074800000;1.0
04863100;576108000000;1.0
04854381;576712800000;1.0
04852639;576885600000;1.0
04850310;576972000000;1.0
04815658;577058400000;1.0
04848277;577663200000;1.0
04880031;578095200000;1.0
04904846;578268000000;1.0
04865251;578268000000;1.0
04901788;578786400000;1.0
04843273;578872800000;1.0
04832259;579477600000;1.0
04815491;579736800000;1.0
04828171;579909600000;1.0
04892248;580082400000;1.0
04809727;580428000000;1.0
04815526;580600800000;1.0
04846258;581292000000;1.0
05016704;581292000000;1.0
04784173;581551200000;1.0
04877184;582760800000;1.0
04830275;583538400000;1.0
04953536;584229600000;1.0
04880157;584575200000;1.0
04874036;584834400000;1.0
04896831;584920800000;1.0
04834049;585266400000;1.0
05080166;585266400000;1.0
04921166;586130400000;1.0
04883226;586476000000;1.0
04907497;586648800000;1.0
04920276;586648800000;1.0
04940083;587253600000;1.0
04858518;587340000000;1.0
04964797;587340000000;1.0
04915297;587340000000;1.0
04867377;589586400000;1.0
05048752;589759200000;1.0
04892045;590882400000;1.0
04944453;590968800000;1.0
04896830;591490800000;1.0
04825847;591577200000;1.0
04852799;592182000000;1.0
04910969;593132400000;1.0
04896508;593218800000;1.0
04905894;593305200000;1.0
04953851;594860400000;1.0
04925093;595033200000;1.0
04918933;595465200000;1.0
04884556;595724400000;1.0
04898146;597366000000;1.0
05022459;597366000000;1.0
04872444;598230000000;1.0
04940082;598489200000;1.0
04905893;598748400000;1.0
05086626;598834800000;1.0
04860552;598834800000;1.0
04896829;599180400000;1.0
04936505;599266800000;1.0
04978064;599353200000;1.0
04852601;599785200000;1.0
05007583;599871600000;1.0
04958766;600303600000;1.0
04938172;601167600000;1.0
04925091;601513200000;1.0
04981263;601513200000;1.0
05012859;601513200000;1.0
04922861;601686000000;1.0
04941609;601858800000;1.0
04911359;602377200000;1.0
04946098;602982000000;1.0
04943003;603500400000;1.0
04932429;603586800000;1.0
04944454;604105200000;1.0
04936341;604191600000;1.0
05014911;604278000000;1.0
05064117;604710000000;1.0
05025985;604796400000;1.0
04940041;604882800000;1.0
04905895;604882800000;1.0
04976464;605487600000;1.0
04976463;605919600000;1.0
04883082;606952800000;1.0
05033450;607212000000;1.0
04942863;607816800000;1.0
04951871;608162400000;1.0
05029442;608248800000;1.0
05052282;608767200000;1.0
04920759;609544800000;1.0
04934451;609976800000;1.0
05072879;610581600000;1.0
05092518;610754400000;1.0
04967780;610927200000;1.0
04925092;611359200000;1.0
04967726;611964000000;1.0
05115116;612050400000;1.0
05039007;612136800000;1.0
05053978;612136800000;1.0
04993235;612655200000;1.0
04930540;612741600000;1.0
04946097;613173600000;1.0
04971245;613260000000;1.0
04984736;613346400000;1.0
04935599;613692000000;1.0
04972992;614815200000;1.0
04947656;615592800000;1.0
05031690;616975200000;1.0
04955930;616975200000;1.0
04974778;617234400000;1.0
05046481;617493600000;1.0
05025986;617839200000;1.0
04899931;618184800000;1.0
04981262;619048800000;1.0
05024379;619653600000;1.0
04996845;619912800000;1.0
04962884;620431200000;1.0
05133041;620949600000;1.0
05003788;620949600000;1.0
05014770;621122400000;1.0
05054542;621468000000;1.0
04947930;621468000000;1.0
04928667;621554400000;1.0
04995241;621640800000;1.0
05020721;622159200000;1.0
04928754;622159200000;1.0
04928752;622767600000;1.0
05115969;623372400000;1.0
04978291;623631600000;1.0
04974667;623977200000;1.0
04962883;624236400000;1.0
04993630;624495600000;1.0
05000259;624754800000;1.0
05093895;625100400000;1.0
04940182;625446000000;1.0
05016815;625446000000;1.0
05086022;625705200000;1.0
05060855;625791600000;1.0
05090896;625791600000;1.0
04982895;625791600000;1.0
04976309;626310000000;1.0
04962749;626914800000;1.0
05046663;627087600000;1.0
04951741;627087600000;1.0
05037292;627519600000;1.0
05007582;627692400000;1.0
05009220;627692400000;1.0
05088296;628210800000;1.0
04971136;628210800000;1.0
05118038;628729200000;1.0
05025130;629334000000;1.0
05014910;629334000000;1.0
05082175;629334000000;1.0
04949553;629938800000;1.0
05020320;630111600000;1.0
05040725;630111600000;1.0
05137213;630716400000;1.0
05074464;632012400000;1.0
05024377;632703600000;1.0
04978063;633740400000;1.0
04949779;633826800000;1.0
04989781;634258800000;1.0
05067330;634518000000;1.0
04972679;634518000000;1.0
04974664;634950000000;1.0
05004150;635468400000;1.0
05078317;635641200000;1.0
05050396;635727600000;1.0
05022231;635986800000;1.0
05012763;636073200000;1.0
05090617;636159600000;1.0
04979374;636246000000;1.0
05067652;636246000000;1.0
05050796;636332400000;1.0
05095936;637282800000;1.0
05172857;637542000000;1.0
05016705;637542000000;1.0
05054526;638060400000;1.0
05060601;638575200000;1.0
05123595;638661600000;1.0
04996950;639266400000;1.0
05121880;639266400000;1.0
05042431;639612000000;1.0
05012070;639698400000;1.0
05056713;640562400000;1.0
05018490;641080800000;1.0
05033673;641080800000;1.0
05078318;641080800000;1.0
05016609;641167200000;1.0
05048753;642722400000;1.0
05109807;642722400000;1.0
05042566;642981600000;1.0
05129578;643240800000;1.0
05052187;643500000000;1.0
05063513;645400800000;1.0
05085267;645660000000;1.0
05062473;645660000000;1.0
05123594;645919200000;1.0
05038751;646264800000;1.0
05170936;646264800000;1.0
05042570;646437600000;1.0
05119988;646524000000;1.0
05156204;647560800000;1.0
05056714;647820000000;1.0
05062352;648079200000;1.0
05106447;648165600000;1.0
05033451;648684000000;1.0
05121739;648684000000;1.0
05109755;648684000000;1.0
05044425;649375200000;1.0
05111875;649461600000;1.0
05050486;649548000000;1.0
05187349;651276000000;1.0
05070931;651880800000;1.0
05092521;652572000000;1.0
05392611;653090400000;1.0
05082174;653176800000;1.0
05118039;653263200000;1.0
05095715;653781600000;1.0
05195886;653868000000;1.0
05085269;656636400000;1.0
05203499;656722800000;1.0
05104037;656895600000;1.0
05149654;656895600000;1.0
05062280;657327600000;1.0
05086731;657759600000;1.0
05178324;658364400000;1.0
05123262;658450800000;1.0
05038850;658450800000;1.0
05184600;658450800000;1.0
05190096;660178800000;1.0
05088646;660265200000;1.0
05161739;660438000000;1.0
05097893;662338800000;1.0
05178323;662770800000;1.0
05244035;663807600000;1.0
05082176;664498800000;1.0
05218844;666226800000;1.0
05181553;667004400000;1.0
05216224;667090800000;1.0
05109677;667090800000;1.0
05094224;667522800000;1.0
05114071;668127600000;1.0
05106018;668818800000;1.0
05305823;669250800000;1.0
05078203;669337200000;1.0
05131458;669855600000;1.0
05076254;670028400000;1.0
05165250;670201200000;1.0
05190025;670456800000;1.0
05193138;671752800000;1.0
05230468;671925600000;1.0
05125572;672616800000;1.0
05221043;672876000000;1.0
05135046;673135200000;1.0
05076494;673480800000;1.0
05284204;673826400000;1.0
05232153;674431200000;1.0
05299278;674690400000;1.0
05203500;675640800000;1.0
05167677;675986400000;1.0
05224445;676245600000;1.0
05165597;676504800000;1.0
05188288;676504800000;1.0
05191874;676764000000;1.0
05101883;677973600000;1.0
05263892;678492000000;1.0
05165596;678664800000;1.0
05255338;679269600000;1.0
05224650;679615200000;1.0
05181655;681084000000;1.0
05085266;681516000000;1.0
05113892;682552800000;1.0
05192021;682812000000;1.0
05343935;684108000000;1.0
05139011;684712800000;1.0
05207075;685231200000;1.0
05239838;685231200000;1.0
05165595;686530800000;1.0
05137445;687135600000;1.0
05172753;687481200000;1.0
05190215;688777200000;1.0
05113891;688863600000;1.0
05170773;689554800000;1.0
05174365;689900400000;1.0
05240179;690764400000;1.0
05220937;691023600000;1.0
05205250;691974000000;1.0
05131589;692319600000;1.0
05174254;692492400000;1.0
05209401;692578800000;1.0
05195328;692578800000;1.0
05340020;692578800000;1.0
05181656;692838000000;1.0
05240406;693442800000;1.0
05287876;693442800000;1.0
05327737;693529200000;1.0
05127576;693702000000;1.0
05226595;693702000000;1.0
05257738;694825200000;1.0
05226593;694998000000;1.0
05169063;695343600000;1.0
05248084;695430000000;1.0
05205133;695516400000;1.0
05189887;695948400000;1.0
05162038;696466800000;1.0
05199486;696466800000;1.0
05431340;697935600000;1.0
05211334;698367600000;1.0
05222661;698454000000;1.0
05385299;699490800000;1.0
05333678;699836400000;1.0
05273210;700095600000;1.0
05388423;700700400000;1.0
05244037;701305200000;1.0
05273209;701305200000;1.0
05273105;701391600000;1.0
05226594;701906400000;1.0
05233969;702770400000;1.0
05183029;703202400000;1.0
05322217;704498400000;1.0
05253635;704498400000;1.0
05211333;705103200000;1.0
05226592;705535200000;1.0
05299554;705621600000;1.0
05341455;706140000000;1.0
05250261;706485600000;1.0
05192022;706831200000;1.0
05267552;707090400000;1.0
05219017;707954400000;1.0
05186237;707954400000;1.0
05291941;709250400000;1.0
05184773;709336800000;1.0
05294051;709423200000;1.0
05301873;709423200000;1.0
05292065;709855200000;1.0
05243826;709941600000;1.0
05307849;710546400000;1.0
05203498;711756000000;1.0
05249742;711928800000;1.0
05251816;712533600000;1.0
05235866;712965600000;1.0
05285047;713052000000;1.0
05248085;713138400000;1.0
05297729;714952800000;1.0
05271559;715471200000;1.0
05253805;715471200000;1.0
05294050;715557600000;1.0
05325821;715644000000;1.0
05370307;717199200000;1.0
05285962;720054000000;1.0
05230326;720140400000;1.0
05318100;721954800000;1.0
05337729;722041200000;1.0
05325912;722646000000;1.0
05344071;722646000000;1.0
05291960;723078000000;1.0
05299329;723423600000;1.0
05249956;723423600000;1.0
05253806;723769200000;1.0
05383247;724028400000;1.0
05340022;724546800000;1.0
05327744;724633200000;1.0
05467006;724892400000;1.0
05369597;724892400000;1.0
05501267;725497200000;1.0
05323844;725670000000;1.0
05320166;726274800000;1.0
05275012;726361200000;1.0
05261928;726966000000;1.0
05299631;728089200000;1.0
05385298;729298800000;1.0
05305954;729385200000;1.0
05403233;730335600000;1.0
05280852;730508400000;1.0
05265673;731026800000;1.0
05277365;731804400000;1.0
05287567;731890800000;1.0
05332028;731890800000;1.0
05381902;732495600000;1.0
05406934;732841200000;1.0
05351884;732927600000;1.0
05279459;732927600000;1.0
05305735;733356000000;1.0
05390660;734738400000;1.0
05460415;735516000000;1.0
05285963;736034400000;1.0
05697546;736120800000;1.0
05440486;738885600000;1.0
05293928;739144800000;1.0
05353986;740095200000;1.0
05517822;740095200000;1.0
05333679;740354400000;1.0
05312037;740613600000;1.0
05372185;741304800000;1.0
05347825;741564000000;1.0
05413279;741564000000;1.0
05405079;742082400000;1.0
05341843;742168800000;1.0
05363673;742428000000;1.0
05443207;742514400000;1.0
05361601;742687200000;1.0
05678759;743032800000;1.0
05407130;743119200000;1.0
05350114;743205600000;1.0
05435485;743637600000;1.0
05361865;743724000000;1.0
05358178;744242400000;1.0
05725048;745020000000;1.0
05429179;746056800000;1.0
05509604;746143200000;1.0
05433266;749257200000;1.0
05356337;749343600000;1.0
05678760;749430000000;1.0
05366152;749948400000;1.0
05367602;751158000000;1.0
05335607;751244400000;1.0
05505251;751503600000;1.0
05456409;751849200000;1.0
05445329;752886000000;1.0
05366150;753490800000;1.0
05454428;753922800000;1.0
05377661;755737200000;1.0
05469913;755737200000;1.0
05361751;755910000000;1.0
05366151;756946800000;1.0
05535944;757119600000;1.0
05454512;757551600000;1.0
05497941;760143600000;1.0
05566880;760316400000;1.0
05607013;760575600000;1.0
05367601;761353200000;1.0
05417368;762735600000;1.0
05522234;762735600000;1.0
05470019;763340400000;1.0
05366153;763858800000;1.0
05361795;764204400000;1.0
05480093;764463600000;1.0
05456408;765064800000;1.0
05447693;765064800000;1.0
05518449;765669600000;1.0
05545085;765669600000;1.0
05485879;765756000000;1.0
05418131;766188000000;1.0
05425503;766620000000;1.0
05509274;767311200000;1.0
05555850;768780000000;1.0
05423374;768780000000;1.0
05443208;769644000000;1.0
05501265;770335200000;1.0
05617504;770594400000;1.0
05392737;771199200000;1.0
05605642;771631200000;1.0
05553636;772063200000;1.0
05449113;772063200000;1.0
05433379;772149600000;1.0
05461876;772840800000;1.0
05579996;772927200000;1.0
05460328;773013600000;1.0
05586449;773100000000;1.0
05590832;774223200000;1.0
05479912;774655200000;1.0
05443206;774741600000;1.0
05524820;776556000000;1.0
05537956;776556000000;1.0
05635397;777333600000;1.0
05544645;777765600000;1.0
05573183;778888800000;1.0
05529112;780271200000;1.0
05494097;780620400000;1.0
05542603;780793200000;1.0
05695118;782002800000;1.0
05617994;782348400000;1.0
05531264;782521200000;1.0
05538472;783126000000;1.0
05547127;783298800000;1.0
05533669;783817200000;1.0
05538072;784249200000;1.0
05558273;784422000000;1.0
05560350;784422000000;1.0
05878810;785977200000;1.0
05643522;787186800000;1.0
05601142;787878000000;1.0
05531378;789260400000;1.0
05735338;792889200000;1.0
05586720;795913200000;1.0
05582238;797464800000;1.0
05556028;797637600000;1.0
05722588;797724000000;1.0
05549153;797810400000;1.0
05775583;798933600000;1.0
05622221;800661600000;1.0
05551384;801180000000;1.0
05647533;801180000000;1.0
05488968;801180000000;1.0
05903060;802303200000;1.0
05573184;803167200000;1.0
05653387;804376800000;1.0
05678761;804981600000;1.0
06152377;805327200000;1.0
05533568;805413600000;1.0
05957378;805932000000;1.0
05586721;806277600000;1.0
05653386;806882400000;1.0
05730356;807228000000;1.0
06062483;807400800000;1.0
05752655;807487200000;1.0
05577661;808956000000;1.0
05573182;809042400000;1.0
05605453;809388000000;1.0
05566881;809560800000;1.0
05588591;809820000000;1.0
05655710;809992800000;1.0
05564627;810856800000;1.0
05556027;811375200000;1.0
05647534;811720800000;1.0
05721804;813452400000;1.0
05593088;813711600000;1.0
05732764;813970800000;1.0
05865369;814402800000;1.0
05678420;814575600000;1.0
05727730;815180400000;1.0
05788149;815785200000;1.0
05671773;815871600000;1.0
05617995;816044400000;1.0
05799869;816822000000;1.0
06068046;816994800000;1.0
05743466;817686000000;1.0
05707227;817772400000;1.0
05901572;818290800000;1.0
05572985;818722800000;1.0
05727396;818982000000;1.0
05538031;819932400000;1.0
05687790;819932400000;1.0
05619935;821314800000;1.0
05683031;821314800000;1.0
05643482;821746800000;1.0
05584269;822092400000;1.0
05799867;823734000000;1.0
05632442;823734000000;1.0
05792427;823820400000;1.0
05681492;824511600000;1.0
05915619;825634800000;1.0
05699960;825634800000;1.0
05752654;825894000000;1.0
05730089;826153200000;1.0
05788150;827103600000;1.0
05899262;827449200000;1.0
05667710;827794800000;1.0
05699851;829778400000;1.0
05840248;829864800000;1.0
05622311;830210400000;1.0
05701949;830296800000;1.0
05816496;830383200000;1.0
05669228;830469600000;1.0
05664730;830728800000;1.0
05669555;831333600000;1.0
05718375;831679200000;1.0
05749516;833752800000;1.0
05632443;834530400000;1.0
05730168;834703200000;1.0
05653904;835048800000;1.0
05979781;835221600000;1.0
05788148;835912800000;1.0
05692390;835999200000;1.0
05832639;836172000000;1.0
05711368;836344800000;1.0
05816494;836517600000;1.0
05762266;836776800000;1.0
05845485;837468000000;1.0
06123147;837640800000;1.0
05718374;838072800000;1.0
05704219;838591200000;1.0
05878806;838591200000;1.0
05878950;838591200000;1.0
06035932;838764000000;1.0
05921467;839196000000;1.0
05738277;839800800000;1.0
05762267;840405600000;1.0
05730355;841096800000;1.0
05707006;841096800000;1.0
05692676;841183200000;1.0
05847266;842565600000;1.0
05799723;843084000000;1.0
06910526;843084000000;1.0
05819843;843084000000;1.0
05772113;843170400000;1.0
05775581;843516000000;1.0
06024291;843602400000;1.0
05881763;843688800000;1.0
05836380;843775200000;1.0
05687908;843861600000;1.0
05810246;844120800000;1.0
05704545;844639200000;1.0
05707007;844812000000;1.0
06311764;844984800000;1.0
06308770;844984800000;1.0
05582236;845676000000;1.0
05735238;845848800000;1.0
05738506;845848800000;1.0
05950711;845935200000;1.0
05794575;846021600000;1.0
05983990;846716400000;1.0
06109339;847407600000;1.0
05743467;847753200000;1.0
05692535;849567600000;1.0
05765511;849567600000;1.0
05788152;849654000000;1.0
06145754;850258800000;1.0
06213198;850258800000;1.0
05871151;850345200000;1.0
05831514;850431600000;1.0
05740681;850950000000;1.0
05775407;850950000000;1.0
06152217;851295600000;1.0
05983146;851295600000;1.0
05697551;851295600000;1.0
05702055;851986800000;1.0
05660329;851986800000;1.0
05758820;853455600000;1.0
05947373;855097200000;1.0
05732880;855183600000;1.0
05707008;855702000000;1.0
05711258;855788400000;1.0
05779143;855788400000;1.0
05855319;856306800000;1.0
05727731;856998000000;1.0
05860595;857084400000;1.0
05775582;857516400000;1.0
05875740;857602800000;1.0
06030504;858639600000;1.0
06032868;859158000000;1.0
05755380;859417200000;1.0
05884697;859417200000;1.0
06212894;859503600000;1.0
05806763;859503600000;1.0
06138662;859503600000;1.0
06032869;859932000000;1.0
05829675;860364000000;1.0
06082316;860450400000;1.0
05927381;860536800000;1.0
05794845;860709600000;1.0
05894988;861141600000;1.0
05855320;861228000000;1.0
05950720;861573600000;1.0
05796332;861832800000;1.0
05927269;862178400000;1.0
05879491;862956000000;1.0
05769316;863474400000;1.0
05934360;863733600000;1.0
05911361;864165600000;1.0
05931381;864338400000;1.0
05884839;864338400000;1.0
05887785;864684000000;1.0
05839656;864943200000;1.0
06042016;865288800000;1.0
05947107;865375200000;1.0
05947375;865461600000;1.0
05984198;865807200000;1.0
05988156;866066400000;1.0
05947717;866412000000;1.0
05887582;866584800000;1.0
05906055;866584800000;1.0
05881682;867103200000;1.0
05836270;867708000000;1.0
05839655;867708000000;1.0
06176306;867708000000;1.0
05791558;867794400000;1.0
05816495;868831200000;1.0
06109534;869090400000;1.0
05931380;869522400000;1.0
05970972;869522400000;1.0
05947108;869781600000;1.0
05755379;870040800000;1.0
05975421;870213600000;1.0
05871033;871941600000;1.0
05887559;871941600000;1.0
06027032;872028000000;1.0
06010076;872546400000;1.0
05881953;872632800000;1.0
05906177;872719200000;1.0
05894834;873410400000;1.0
05938114;873410400000;1.0
05887786;873669600000;1.0
05829677;874274400000;1.0
06138919;874620000000;1.0
05954120;874879200000;1.0
06079218;874965600000;1.0
05938115;875052000000;1.0
06018138;875138400000;1.0
06034352;875484000000;1.0
05957121;875484000000;1.0
05957377;875570400000;1.0
05906104;875570400000;1.0
06014966;875570400000;1.0
05971289;875656800000;1.0
06352102;876088800000;1.0
06016967;876088800000;1.0
05842635;876088800000;1.0
05964402;876175200000;1.0
05788151;876175200000;1.0
06164367;876261600000;1.0
05893407;876348000000;1.0
05955006;876434400000;1.0
05900178;876780000000;1.0
05954266;877384800000;1.0
05908069;877644000000;1.0
06053416;878079600000;1.0
06006997;878079600000;1.0
06105666;878166000000;1.0
06422308;878252400000;1.0
05842636;878511600000;1.0
05938429;878684400000;1.0
06206092;878857200000;1.0
06604576;879289200000;1.0
05829676;879289200000;1.0
05950575;879462000000;1.0
05871149;880326000000;1.0
05934013;880412400000;1.0
06024292;880498800000;1.0
05995889;880498800000;1.0
05915620;880930800000;1.0
05871150;881103600000;1.0
05966954;881103600000;1.0
06116329;881535600000;1.0
06073407;882226800000;1.0
05897056;882486000000;1.0
05993312;882745200000;1.0
05941089;883436400000;1.0
06047695;884214000000;1.0
05918805;884732400000;1.0
06058928;884732400000;1.0
05967411;885510000000;1.0
05884587;885510000000;1.0
05964215;885855600000;1.0
06116514;886633200000;1.0
05988264;887151600000;1.0
05875741;888274800000;1.0
05918668;888274800000;1.0
05947376;888361200000;1.0
06092734;888793200000;1.0
06115657;888879600000;1.0
06021752;889138800000;1.0
05931379;889743600000;1.0
05950752;890002800000;1.0
06006998;890002800000;1.0
05992507;890348400000;1.0
06098894;890348400000;1.0
05887551;890607600000;1.0
05878951;890607600000;1.0
06607029;890780400000;1.0
06029367;891295200000;1.0
06240718;891468000000;1.0
06568468;891900000000;1.0
05901780;891986400000;1.0
06129523;892072800000;1.0
05946927;892504800000;1.0
05913306;892591200000;1.0
06109532;892591200000;1.0
05875742;893023200000;1.0
06062485;893196000000;1.0
06341648;893196000000;1.0
06076593;893800800000;1.0
05947374;893800800000;1.0
05971290;893887200000;1.0
06053418;893887200000;1.0
05983989;893887200000;1.0
06073858;895701600000;1.0
05921100;896392800000;1.0
05881712;896824800000;1.0
05941204;898034400000;1.0
05979782;898120800000;1.0
05971292;898120800000;1.0
05946929;898812000000;1.0
06126081;899071200000;1.0
05906109;899416800000;1.0
06129167;899848800000;1.0
06059018;900280800000;1.0
05881952;900367200000;1.0
06971440;901231200000;1.0
06131652;901490400000;1.0
06102297;901663200000;1.0
06123267;901836000000;1.0
05971291;902181600000;1.0
06039264;902268000000;1.0
06073690;902354400000;1.0
05983987;902440800000;1.0
06106282;903909600000;1.0
06059197;904687200000;1.0
06047666;904860000000;1.0
06073857;905724000000;1.0
06019163;905724000000;1.0
06041820;905896800000;1.0
06059198;905983200000;1.0
06021957;906415200000;1.0
06109533;906588000000;1.0
06102114;907020000000;1.0
06135201;907624800000;1.0
06003596;908143200000;1.0
06138749;908143200000;1.0
06119951;908229600000;1.0
06386279;908229600000;1.0
06269872;908316000000;1.0
06078107;908488800000;1.0
06330980;910047600000;1.0
06089465;910652400000;1.0
05941220;910825200000;1.0
06206084;911948400000;1.0
05993191;911948400000;1.0
06042017;911948400000;1.0
06131645;912466800000;1.0
06347527;912553200000;1.0
06142728;913071600000;1.0
06213406;913071600000;1.0
06071071;913158000000;1.0
06082625;913590000000;1.0
06233951;913849200000;1.0
06085985;914799600000;1.0
06039007;915404400000;1.0
05975422;916009200000;1.0
06312886;916268400000;1.0
06109346;916700400000;1.0
06220521;916873200000;1.0
06037567;916959600000;1.0
06257230;916959600000;1.0
06164553;917305200000;1.0
06422309;917564400000;1.0
06994157;918082800000;1.0
05979075;918428400000;1.0
06244232;918774000000;1.0
06244335;919206000000;1.0
06186885;919292400000;1.0
06105667;920329200000;1.0
06216957;920329200000;1.0
06155296;920415600000;1.0
06047896;920502000000;1.0
06220522;920847600000;1.0
06158665;921193200000;1.0
06021843;921452400000;1.0
06168086;922057200000;1.0
06543531;922658400000;1.0
06484755;922831200000;1.0
06598665;922831200000;1.0
06126082;923263200000;1.0
06260766;923263200000;1.0
06117687;923263200000;1.0
06129287;923349600000;1.0
06082626;923522400000;1.0
06823935;923868000000;1.0
06488077;923868000000;1.0
06202935;923954400000;1.0
06463999;924213600000;1.0
06177271;924472800000;1.0
06148910;924559200000;1.0
06289685;924732000000;1.0
06305462;925250400000;1.0
06164554;925423200000;1.0
06227453;925509600000;1.0
06270016;926028000000;1.0
06189801;926632800000;1.0
06186883;926892000000;1.0
06622787;926892000000;1.0
06679320;927669600000;1.0
06133548;927669600000;1.0
06032723;927669600000;1.0
06092592;927756000000;1.0
06079629;928274400000;1.0
06206296;928447200000;1.0
06171185;928447200000;1.0
06095235;928447200000;1.0
06250561;928706400000;1.0
06055848;928879200000;1.0
06209795;929656800000;1.0
06116513;929656800000;1.0
06299071;929743200000;1.0
06182903;930520800000;1.0
06039006;930693600000;1.0
06040561;930693600000;1.0
06131536;930693600000;1.0
06089221;930866400000;1.0
06196246;931384800000;1.0
06220523;933631200000;1.0
06789607;934408800000;1.0
06149066;934840800000;1.0
06237855;935618400000;1.0
06169344;936136800000;1.0
06224478;936136800000;1.0
06158231;937260000000;1.0
06049997;937519200000;1.0
06175782;937864800000;1.0
06304803;937951200000;1.0
06360958;938124000000;1.0
06255103;938469600000;1.0
06138920;938988000000;1.0
06232679;939074400000;1.0
06557774;939679200000;1.0
06533184;940197600000;1.0
06305612;940197600000;1.0
06253841;940197600000;1.0
06276872;940543200000;1.0
06101984;941061600000;1.0
06254474;941756400000;1.0
06354511;942102000000;1.0
06883590;943225200000;1.0
06371202;943311600000;1.0
06364212;943570800000;1.0
06332580;943916400000;1.0
06161768;944607600000;1.0
06325297;945126000000;1.0
06945770;945212400000;1.0
06105876;945644400000;1.0
06460607;945644400000;1.0
06419006;945730800000;1.0
06220520;945903600000;1.0
06260608;947804400000;1.0
06601639;948322800000;1.0
06234400;948927600000;1.0
06227452;949100400000;1.0
06352208;949446000000;1.0
06464027;949446000000;1.0
06321997;949446000000;1.0
06557772;950482800000;1.0
06276148;950655600000;1.0
06209796;951433200000;1.0
06330910;951433200000;1.0
06341814;951692400000;1.0
06321996;951692400000;1.0
06415866;952383600000;1.0
06390381;953506800000;1.0
06270015;953766000000;1.0
06290142;953766000000;1.0
06598671;953852400000;1.0
07641852;954972000000;1.0
06367703;955058400000;1.0
06254011;955317600000;1.0
06543698;955317600000;1.0
06448535;955404000000;1.0
06383672;955404000000;1.0
06471137;955490400000;1.0
06328220;955490400000;1.0
06530426;955490400000;1.0
06378777;956872800000;1.0
06761210;957132000000;1.0
06464715;957132000000;1.0
06405793;957304800000;1.0
06352106;957391200000;1.0
06684944;958341600000;1.0
06439296;958341600000;1.0
06453993;958514400000;1.0
06467537;958514400000;1.0
06409090;958600800000;1.0
06308896;958687200000;1.0
06397942;959119200000;1.0
06550688;959724000000;1.0
06364010;959896800000;1.0
06533025;960156000000;1.0
06227451;960242400000;1.0
06375087;960933600000;1.0
06213405;961365600000;1.0
06308895;961624800000;1.0
06540150;961711200000;1.0
06471136;961970400000;1.0
06439469;963784800000;1.0
06695046;965080800000;1.0
06488214;965599200000;1.0
06357246;965772000000;1.0
06227194;965858400000;1.0
06283382;966290400000;1.0
06325298;967672800000;1.0
06332330;968623200000;1.0
06431457;968796000000;1.0
06565012;968882400000;1.0
06382518;971128800000;1.0
06425818;971128800000;1.0
06367260;972424800000;1.0
06435420;972424800000;1.0
06547153;972511200000;1.0
06607142;973119600000;1.0
06446877;973638000000;1.0
06463998;974156400000;1.0
06973959;974761200000;1.0
06581678;974761200000;1.0
06405688;975279600000;1.0
06702008;975366000000;1.0
06481636;975538800000;1.0
06330979;975884400000;1.0
06981545;976143600000;1.0
06536678;976834800000;1.0
06813631;976834800000;1.0
06647302;976834800000;1.0
06474561;976921200000;1.0
06679433;977094000000;1.0
06386965;977266800000;1.0
06595276;977353200000;1.0
06371381;978908400000;1.0
06588495;979254000000;1.0
06422477;979599600000;1.0
06427770;979599600000;1.0
06467698;979686000000;1.0
06575233;980377200000;1.0
06347748;980463600000;1.0
06435419;981068400000;1.0
06564567;981414000000;1.0
06622929;982018800000;1.0
06843312;982191600000;1.0
06474406;983142000000;1.0
06593131;983142000000;1.0
06431124;983314800000;1.0
06454180;983401200000;1.0
06892808;983833200000;1.0
07182129;984351600000;1.0
06810952;984351600000;1.0
06834709;985557600000;1.0
06550687;986508000000;1.0
06345770;987112800000;1.0
06427474;987112800000;1.0
06345769;987458400000;1.0
06742516;987458400000;1.0
06364213;987544800000;1.0
06427924;988236000000;1.0
06715540;988322400000;1.0
06431461;988581600000;1.0
06389772;988840800000;1.0
06578830;989359200000;1.0
07255287;989532000000;1.0
06775999;990482400000;1.0
06938828;990568800000;1.0
06626234;991346400000;1.0
06729390;991346400000;1.0
06922963;991692000000;1.0
06659167;991778400000;1.0
06536677;991951200000;1.0
06789617;992383200000;1.0
06450414;992383200000;1.0
06662864;992556000000;1.0
06526921;992815200000;1.0
06695037;992901600000;1.0
06394361;993420000000;1.0
06892807;994024800000;1.0
07267866;994370400000;1.0
07036746;995234400000;1.0
06533185;995320800000;1.0
06607141;996098400000;1.0
06470837;996184800000;1.0
06536458;997826400000;1.0
06415986;998344800000;1.0
06769476;1000850400000;1.0
06725679;1000936800000;1.0
06508409;1001282400000;1.0
06724983;1001628000000;1.0
06405933;1002146400000;1.0
06739517;1003096800000;1.0
06546898;1003183200000;1.0
06431459;1003356000000;1.0
06595433;1004047200000;1.0
06769481;1004047200000;1.0
06799727;1004655600000;1.0
06547152;1004914800000;1.0
06638031;1005001200000;1.0
06533186;1005865200000;1.0
06454179;1005865200000;1.0
06701795;1005865200000;1.0
06427923;1005865200000;1.0
07021552;1006124400000;1.0
06745829;1006988400000;1.0
06612504;1007334000000;1.0
06431460;1007938800000;1.0
06489598;1007938800000;1.0
06743012;1008802800000;1.0
06889911;1008889200000;1.0
06572026;1008889200000;1.0
06754541;1008889200000;1.0
06874575;1008889200000;1.0
06616059;1010098800000;1.0
06536679;1010530800000;1.0
06749014;1010703600000;1.0
06622930;1011826800000;1.0
06578771;1012172400000;1.0
06560978;1012258800000;1.0
06663011;1012431600000;1.0
07028913;1013382000000;1.0
06776222;1013468400000;1.0
06557773;1013554800000;1.0
06601773;1013641200000;1.0
06694175;1014073200000;1.0
06595432;1014159600000;1.0
06827141;1014246000000;1.0
06712282;1014505200000;1.0
06640889;1015196400000;1.0
06991027;1015282800000;1.0
06572370;1015455600000;1.0
06540151;1015887600000;1.0
06691925;1016060400000;1.0
06536680;1016406000000;1.0
06920921;1016406000000;1.0
06739097;1016406000000;1.0
06705287;1016665200000;1.0
06779737;1017356400000;1.0
06736190;1017698400000;1.0
06715691;1017871200000;1.0
06616060;1018821600000;1.0
06484951;1018821600000;1.0
07216698;1019167200000;1.0
06676028;1019512800000;1.0
07028915;1019858400000;1.0
06736327;1021413600000;1.0
06702189;1021586400000;1.0
06977591;1022623200000;1.0
06732941;1023228000000;1.0
06805298;1024005600000;1.0
06834710;1024264800000;1.0
06793147;1024351200000;1.0
07051947;1024437600000;1.0
06708083;1024437600000;1.0
06527548;1024524000000;1.0
06959561;1024610400000;1.0
06726114;1024610400000;1.0
06702190;1024869600000;1.0
06619557;1024956000000;1.0
06880620;1024956000000;1.0
06772722;1026684000000;1.0
06766962;1026684000000;1.0
07066729;1027893600000;1.0
06735969;1028152800000;1.0
06729151;1028239200000;1.0
06644398;1028498400000;1.0
06591901;1028584800000;1.0
06679432;1028757600000;1.0
06959754;1029276000000;1.0
06929190;1029362400000;1.0
06612267;1029794400000;1.0
06695743;1030399200000;1.0
06609664;1030399200000;1.0
07140427;1030399200000;1.0
06772045;1030658400000;1.0
06698223;1030658400000;1.0
06648236;1030658400000;1.0
07100675;1030658400000;1.0
06691526;1031176800000;1.0
07011179;1031176800000;1.0
06932151;1031176800000;1.0
06896191;1031176800000;1.0
06702191;1031176800000;1.0
06679434;1031608800000;1.0
06808018;1031868000000;1.0
06837307;1032300000000;1.0
06575379;1032386400000;1.0
06792898;1032386400000;1.0
06640570;1032818400000;1.0
07255152;1032991200000;1.0
06712027;1032991200000;1.0
06981651;1034114400000;1.0
06758260;1034632800000;1.0
06598599;1035932400000;1.0
07028767;1036450800000;1.0
07228695;1036969200000;1.0
06595431;1037228400000;1.0
06880762;1037401200000;1.0
06732942;1037660400000;1.0
06644559;1037660400000;1.0
06926077;1038351600000;1.0
07481650;1038351600000;1.0
06776227;1038524400000;1.0
06823820;1038870000000;1.0
06874695;1038870000000;1.0
06852361;1039129200000;1.0
06736329;1039388400000;1.0
07240721;1039388400000;1.0
06668572;1039561200000;1.0
07155922;1039647600000;1.0
06945324;1040079600000;1.0
07021554;1040166000000;1.0
06874693;1040338800000;1.0
06775981;1040598000000;1.0
06860430;1040684400000;1.0
06676027;1041202800000;1.0
06935361;1041289200000;1.0
06908039;1041980400000;1.0
06712283;1041980400000;1.0
06811395;1042066800000;1.0
06726115;1042412400000;1.0
06983890;1043103600000;1.0
06886626;1043103600000;1.0
06883467;1043190000000;1.0
07286058;1043190000000;1.0
06902391;1043276400000;1.0
06837443;1044399600000;1.0
06820818;1045609200000;1.0
06913067;1045695600000;1.0
06729551;1046041200000;1.0
06659361;1046300400000;1.0
06786422;1046386800000;1.0
07007856;1046732400000;1.0
06669102;1046818800000;1.0
06808119;1046818800000;1.0
07207379;1046905200000;1.0
06926206;1047596400000;1.0
06666681;1048546800000;1.0
06843425;1048719600000;1.0
06679771;1049148000000;1.0
06843426;1049148000000;1.0
06749008;1049925600000;1.0
06877670;1050357600000;1.0
06877550;1050530400000;1.0
07284710;1050962400000;1.0
06920922;1051135200000;1.0
06935421;1051135200000;1.0
06769623;1051480800000;1.0
06705535;1051567200000;1.0
06981649;1051653600000;1.0
06957696;1051653600000;1.0
06938677;1051826400000;1.0
07380728;1052258400000;1.0
06857578;1052949600000;1.0
06722576;1053554400000;1.0
07484557;1053900000000;1.0
07546868;1053900000000;1.0
07059536;1053986400000;1.0
06938581;1054245600000;1.0
06732940;1054504800000;1.0
07530390;1054504800000;1.0
07241616;1055196000000;1.0
07090142;1055887200000;1.0
07032333;1055887200000;1.0
06920914;1055973600000;1.0
07434746;1056060000000;1.0
07658005;1056319200000;1.0
06915959;1056578400000;1.0
07048200;1056664800000;1.0
07669647;1057010400000;1.0
06739868;1057183200000;1.0
06918543;1057356000000;1.0
06889910;1057528800000;1.0
06910448;1057528800000;1.0
07007858;1058133600000;1.0
06786816;1058479200000;1.0
06792201;1058824800000;1.0
06926207;1058997600000;1.0
06994268;1059948000000;1.0
07077741;1060120800000;1.0
07789318;1060552800000;1.0
RE039625;1060898400000;1.0
06905076;1061244000000;1.0
06761135;1061935200000;1.0
07066239;1062108000000;1.0
07021553;1062453600000;1.0
06913458;1062453600000;1.0
07240725;1063144800000;1.0
06871790;1064008800000;1.0
06772712;1064872800000;1.0
07040545;1066168800000;1.0
07004245;1066168800000;1.0
06905072;1066341600000;1.0
07044399;1067986800000;1.0
07335016;1067986800000;1.0
07299638;1068073200000;1.0
07040544;1068159600000;1.0
07264864;1068418800000;1.0
06971585;1068678000000;1.0
07810740;1069110000000;1.0
06758740;1069282800000;1.0
07191825;1069282800000;1.0
06834714;1069369200000;1.0
06962150;1069714800000;1.0
07216654;1069801200000;1.0
07024877;1070233200000;1.0
06959669;1070406000000;1.0
06955303;1070578800000;1.0
06935567;1070838000000;1.0
07287581;1071702000000;1.0
06848726;1071788400000;1.0
07070119;1072825200000;1.0
07162884;1072998000000;1.0
07017528;1073430000000;1.0
07089885;1073430000000;1.0
07063137;1073516400000;1.0
07380588;1073862000000;1.0
07055590;1074034800000;1.0
07216812;1074207600000;1.0
06990830;1074207600000;1.0
07048036;1074639600000;1.0
07174735;1074726000000;1.0
07416137;1074726000000;1.0
07147071;1075849200000;1.0
07191826;1076626800000;1.0
07823798;1077058800000;1.0
07346440;1077577200000;1.0
07048044;1078786800000;1.0
07083110;1078873200000;1.0
07735744;1078959600000;1.0
06962195;1078959600000;1.0
07506386;1079478000000;1.0
06859687;1079478000000;1.0
07069736;1079564400000;1.0
07017828;1080082800000;1.0
07819334;1080169200000;1.0
07229278;1080597600000;1.0
07377309;1081116000000;1.0
07328852;1081202400000;1.0
07191610;1081375200000;1.0
07163456;1081461600000;1.0
07111623;1081807200000;1.0
07284709;1083016800000;1.0
07000847;1083189600000;1.0
07191789;1083276000000;1.0
07007857;1083794400000;1.0
06874694;1083794400000;1.0
07222801;1084140000000;1.0
07287582;1084917600000;1.0
07520445;1085176800000;1.0
07387262;1085695200000;1.0
07794314;1086645600000;1.0
07185610;1087250400000;1.0
07334740;1087250400000;1.0
07055760;1087336800000;1.0
07137445;1087336800000;1.0
07059537;1087768800000;1.0
07318553;1088719200000;1.0
07228886;1088719200000;1.0
07025026;1089064800000;1.0
07422050;1090360800000;1.0
07044398;1090792800000;1.0
07021073;1090965600000;1.0
07421984;1091224800000;1.0
07021372;1091484000000;1.0
07637232;1091743200000;1.0
07281971;1094508000000;1.0
06945323;1094594400000;1.0
07032544;1095631200000;1.0
07442123;1095804000000;1.0
07434611;1095890400000;1.0
07189158;1096408800000;1.0
06932148;1096581600000;1.0
07066396;1097186400000;1.0
07523873;1099522800000;1.0
07527091;1101682800000;1.0
07766247;1101682800000;1.0
07037187;1102978800000;1.0
07056173;1103583600000;1.0
07060936;1104793200000;1.0
07176805;1104966000000;1.0
07600696;1104966000000;1.0
07022008;1104966000000;1.0
07600695;1106521200000;1.0
07180105;1107817200000;1.0
07028643;1107990000000;1.0
07322532;1108335600000;1.0
07017659;1108508400000;1.0
07520320;1108508400000;1.0
07401742;1109026800000;1.0
07296426;1109113200000;1.0
07225995;1109545200000;1.0
07069880;1110150000000;1.0
07048201;1110150000000;1.0
07293606;1110322800000;1.0
07416138;1112220000000;1.0
07234646;1112565600000;1.0
07487821;1112911200000;1.0
07401743;1114380000000;1.0
07162987;1117058400000;1.0
07410104;1117576800000;1.0
07069983;1117749600000;1.0
07540321;1118095200000;1.0
07055591;1118959200000;1.0
07533637;1119909600000;1.0
07284595;1119909600000;1.0
07478670;1120168800000;1.0
07398778;1120514400000;1.0
07013842;1122242400000;1.0
07410415;1124229600000;1.0
07793856;1124920800000;1.0
07275586;1125266400000;1.0
07575178;1125957600000;1.0
07775448;1126648800000;1.0
07669775;1127340000000;1.0
07516905;1127772000000;1.0
07156055;1128981600000;1.0
07640967;1129068000000;1.0
07275698;1129068000000;1.0
07316205;1130191200000;1.0
07316204;1130191200000;1.0
07222667;1130277600000;1.0
07591434;1130364000000;1.0
07278379;1131922800000;1.0
07314039;1133218800000;1.0
07806345;1134342000000;1.0
07654312;1134514800000;1.0
07854229;1136329200000;1.0
07597552;1136934000000;1.0
07509927;1138143600000;1.0
07726391;1138316400000;1.0
07441986;1138575600000;1.0
07210522;1142377200000;1.0
07735458;1145311200000;1.0
07575001;1146780000000;1.0
07628337;1149717600000;1.0
07644686;1153260000000;1.0
07307245;1153432800000;1.0
07806346;1153864800000;1.0
07503184;1155247200000;1.0
07415942;1155506400000;1.0
07730863;1156197600000;1.0
07700250;1156888800000;1.0
07686146;1159308000000;1.0
07331383;1163977200000;1.0
07762216;1164582000000;1.0
07658335;1169766000000;1.0
07506851;1170370800000;1.0
07395787;1171321200000;1.0
07857041;1172617200000;1.0
07506617;1173394800000;1.0
07650927;1173999600000;1.0
07793711;1174431600000;1.0
07597066;1174604400000;1.0
07775263;1176156000000;1.0
07810456;1176156000000;1.0
07665459;1176847200000;1.0
07762280;1177020000000;1.0
07614367;1179093600000;1.0
07726266;1180044000000;1.0
07735459;1181858400000;1.0
07814869;1184191200000;1.0
07628123;1185228000000;1.0
07806172;1185400800000;1.0
07521697;1186437600000;1.0
07644730;1193612400000;1.0
07621295;1193612400000;1.0
07614368;1196636400000;1.0
07823799;1198710000000;1.0
07818095;1200265200000;1.0
07833602;1201129200000;1.0
07661469;1209333600000;1.0
07854139;1216072800000;1.0
07667305;1220997600000;1.0
07779900;1244412000000;1.0
07857002;1259708400000;1.0
