id;ts;originality
03952522;59353200000;1.0
03942764;75337200000;1.0
03877140;78706800000;1.0
03938619;82681200000;1.0
03859212;87174000000;1.0
03892387;94431600000;1.0
03866884;94777200000;1.0
03934540;96073200000;1.0
03981486;97110000000;1.0
03876185;102553200000;1.0
03863900;103503600000;1.0
03868630;103762800000;1.0
03875699;103935600000;1.0
03858399;105922800000;1.0
03933311;106441200000;1.0
03921960;106786800000;1.0
03865349;106786800000;1.0
03877681;107478000000;1.0
03920221;107650800000;1.0
03882825;108169200000;1.0
03883120;109206000000;1.0
03879017;109292400000;1.0
03963218;109897200000;1.0
03869109;111020400000;1.0
03924834;112402800000;1.0
03876197;113439600000;1.0
03865309;113785200000;1.0
03918686;114044400000;1.0
03892056;114217200000;1.0
03858850;114735600000;1.0
03901481;114908400000;1.0
03863899;115254000000;1.0
03880404;115426800000;1.0
03868545;116463600000;1.0
03898713;117068400000;1.0
03902703;118537200000;1.0
03995832;119055600000;1.0
03913889;119142000000;1.0
03908964;119833200000;1.0
03881697;119833200000;1.0
03874640;120697200000;1.0
03982735;122684400000;1.0
03902702;123894000000;1.0
03867997;125708400000;1.0
03911549;125794800000;1.0
03861084;126745200000;1.0
03893776;126831600000;1.0
03901480;127004400000;1.0
03911869;127609200000;1.0
03880405;127695600000;1.0
03891189;128559600000;1.0
03942763;129164400000;1.0
03954253;129250800000;1.0
03938668;130633200000;1.0
03910560;130633200000;1.0
03861247;131670000000;1.0
04136856;133398000000;1.0
03917231;134002800000;1.0
03936035;134175600000;1.0
03910561;134175600000;1.0
03930637;134953200000;1.0
03881699;135212400000;1.0
04045003;135558000000;1.0
03968528;135903600000;1.0
03917232;136076400000;1.0
03963219;136508400000;1.0
03972511;136594800000;1.0
03980279;137286000000;1.0
03921585;137372400000;1.0
03922453;137977200000;1.0
03896596;138495600000;1.0
03952453;139186800000;1.0
03881698;141001200000;1.0
03972510;141260400000;1.0
03977653;141519600000;1.0
03880406;143074800000;1.0
03940114;143161200000;1.0
03915435;144889200000;1.0
03957251;145148400000;1.0
03931965;145580400000;1.0
03931700;145839600000;1.0
03991982;147913200000;1.0
03930638;147913200000;1.0
03944187;148258800000;1.0
03926412;149382000000;1.0
03975000;150678000000;1.0
03955799;150678000000;1.0
03980277;151542000000;1.0
03945747;152233200000;1.0
03983956;152751600000;1.0
04150814;153702000000;1.0
03942766;153961200000;1.0
03966172;154047600000;1.0
03924913;154134000000;1.0
04015826;155170800000;1.0
03913888;155775600000;1.0
03951385;156380400000;1.0
03959852;157071600000;1.0
03915434;157849200000;1.0
03958794;158886000000;1.0
03920220;159145200000;1.0
03980278;159145200000;1.0
03950803;159404400000;1.0
03955800;160182000000;1.0
03973756;160268400000;1.0
03964215;161910000000;1.0
03910562;161910000000;1.0
03993289;161910000000;1.0
03997144;161996400000;1.0
03946992;162774000000;1.0
03946569;163033200000;1.0
03988009;163638000000;1.0
03961789;163897200000;1.0
03975916;163983600000;1.0
03966173;164329200000;1.0
03962774;164415600000;1.0
03951384;164502000000;1.0
03957250;166662000000;1.0
04072294;166921200000;1.0
03971546;167266800000;1.0
03950873;167353200000;1.0
04000618;167871600000;1.0
03967906;168217200000;1.0
03960367;169081200000;1.0
03985343;170377200000;1.0
03972110;170377200000;1.0
04004880;170550000000;1.0
04031284;170895600000;1.0
04085954;171154800000;1.0
04083536;171500400000;1.0
04006714;172105200000;1.0
03940113;172105200000;1.0
03982734;173314800000;1.0
04005548;173487600000;1.0
03970842;174006000000;1.0
03961773;174524400000;1.0
03972639;174783600000;1.0
03990485;175129200000;1.0
03995833;175302000000;1.0
04007919;175388400000;1.0
03995834;175734000000;1.0
03994478;175906800000;1.0
03955801;176079600000;1.0
03991981;176943600000;1.0
04081148;177116400000;1.0
04073112;177289200000;1.0
04027856;177548400000;1.0
03977654;178153200000;1.0
04000882;178412400000;1.0
03986342;178498800000;1.0
04005397;178844400000;1.0
04007917;179017200000;1.0
03989226;179362800000;1.0
04004857;180313200000;1.0
04002322;180745200000;1.0
04004781;180918000000;1.0
04014521;181177200000;1.0
04000883;181350000000;1.0
03990682;181436400000;1.0
03993288;182127600000;1.0
04058882;182559600000;1.0
04046356;182732400000;1.0
04007918;182732400000;1.0
04047701;183769200000;1.0
04070007;183855600000;1.0
04003553;185151600000;1.0
04014522;185410800000;1.0
04015827;185756400000;1.0
04039166;186188400000;1.0
03995870;186361200000;1.0
04182382;186620400000;1.0
04037788;186793200000;1.0
04006885;186966000000;1.0
03997945;187225200000;1.0
04014523;187570800000;1.0
04018425;187830000000;1.0
04186913;188089200000;1.0
04073482;188089200000;1.0
04014520;188434800000;1.0
04093187;188434800000;1.0
04017918;189903600000;1.0
04022437;190249200000;1.0
04010933;190249200000;1.0
04022436;190854000000;1.0
04006564;191026800000;1.0
04027855;192063600000;1.0
04022434;192668400000;1.0
03994479;192668400000;1.0
04047702;192927600000;1.0
04078772;192927600000;1.0
04047330;193446000000;1.0
04074538;194050800000;1.0
04072295;194482800000;1.0
04074893;195087600000;1.0
04065104;195778800000;1.0
04357001;196383600000;1.0
04065103;196898400000;1.0
04040604;197157600000;1.0
04021020;197503200000;1.0
04029352;197676000000;1.0
04015506;198108000000;1.0
04078771;198108000000;1.0
04037824;198367200000;1.0
04070006;198453600000;1.0
04022435;198453600000;1.0
03991980;198712800000;1.0
04040603;198972000000;1.0
04071223;199317600000;1.0
04053140;199576800000;1.0
04050828;199922400000;1.0
04023307;200008800000;1.0
04083033;200268000000;1.0
04054268;200700000000;1.0
04075473;200700000000;1.0
04063714;200700000000;1.0
04035978;201132000000;1.0
04038802;201132000000;1.0
04092024;201132000000;1.0
04062521;202946400000;1.0
04047703;203551200000;1.0
04071224;204156000000;1.0
04060222;204242400000;1.0
04030255;204760800000;1.0
04067548;205970400000;1.0
04111401;206143200000;1.0
04096662;206575200000;1.0
04097025;206575200000;1.0
04067547;206575200000;1.0
04022452;206834400000;1.0
04061435;209253600000;1.0
04054269;209944800000;1.0
04040759;210376800000;1.0
04030706;210981600000;1.0
04078795;210981600000;1.0
04073477;211413600000;1.0
04057221;211759200000;1.0
04066244;212018400000;1.0
04103875;212972400000;1.0
04062523;213231600000;1.0
04109474;214182000000;1.0
04122795;214182000000;1.0
04061312;214614000000;1.0
04077611;215132400000;1.0
04083535;215305200000;1.0
04126926;215650800000;1.0
04090472;215650800000;1.0
04175639;216946800000;1.0
04032248;217119600000;1.0
04114860;217206000000;1.0
04059362;217638000000;1.0
04078754;220748400000;1.0
04089266;221353200000;1.0
04110944;222044400000;1.0
04110943;222044400000;1.0
04062522;222044400000;1.0
04063713;223081200000;1.0
04084914;223254000000;1.0
04163545;223513200000;1.0
04114859;223772400000;1.0
04101115;223772400000;1.0
04105190;224377200000;1.0
04078773;225500400000;1.0
04148277;225673200000;1.0
04073478;225932400000;1.0
04063836;226105200000;1.0
04081177;226796400000;1.0
04124196;226796400000;1.0
04098493;226882800000;1.0
04283152;227142000000;1.0
04129285;227487600000;1.0
04111400;227833200000;1.0
04145032;228092400000;1.0
04119301;228092400000;1.0
04138094;228610800000;1.0
04119302;229557600000;1.0
04111399;229730400000;1.0
04143857;229816800000;1.0
04113400;230162400000;1.0
04116420;230248800000;1.0
04108422;230508000000;1.0
04104000;230508000000;1.0
04155083;230853600000;1.0
04154431;231026400000;1.0
04154429;231026400000;1.0
04118752;231112800000;1.0
04102529;231717600000;1.0
04145030;232581600000;1.0
04138093;232754400000;1.0
04180247;232927200000;1.0
04101226;233272800000;1.0
04089179;233359200000;1.0
04174096;234396000000;1.0
04146212;234396000000;1.0
04134575;234482400000;1.0
04140416;235260000000;1.0
04149700;235346400000;1.0
04104980;235346400000;1.0
04142814;235346400000;1.0
04090694;237420000000;1.0
04132390;237765600000;1.0
04154430;237765600000;1.0
04108070;238197600000;1.0
04138095;238802400000;1.0
04118014;240789600000;1.0
04123183;241653600000;1.0
04088415;241826400000;1.0
04181764;241826400000;1.0
04175883;241999200000;1.0
04114861;243208800000;1.0
04146113;243208800000;1.0
04142343;243554400000;1.0
04181293;243727200000;1.0
04130272;243727200000;1.0
04179160;244076400000;1.0
04103874;244076400000;1.0
04124198;244681200000;1.0
04159820;244940400000;1.0
04183317;245458800000;1.0
04125249;245631600000;1.0
04188020;247359600000;1.0
04106879;247359600000;1.0
04142711;247705200000;1.0
04193585;248310000000;1.0
04156522;248914800000;1.0
04155540;249692400000;1.0
04193586;249692400000;1.0
04124197;250297200000;1.0
04198034;251420400000;1.0
04132391;251506800000;1.0
04202532;251679600000;1.0
04145031;253148400000;1.0
04149701;253494000000;1.0
04214411;253753200000;1.0
04333264;254444400000;1.0
04148466;255740400000;1.0
04171796;256863600000;1.0
04181292;257468400000;1.0
04150907;258159600000;1.0
04140298;258764400000;1.0
04200260;259196400000;1.0
04162783;260146800000;1.0
04170342;260661600000;1.0
04180245;261698400000;1.0
04183504;261871200000;1.0
04216943;262994400000;1.0
04220949;262994400000;1.0
04190376;263167200000;1.0
04201013;263599200000;1.0
04195385;263685600000;1.0
04176494;264204000000;1.0
04146211;264636000000;1.0
04231552;264808800000;1.0
04160542;265586400000;1.0
04193377;265586400000;1.0
04266756;267228000000;1.0
04165864;267228000000;1.0
04200809;267746400000;1.0
04143859;268264800000;1.0
04171523;269128800000;1.0
04153234;269128800000;1.0
04220316;269820000000;1.0
04209776;270079200000;1.0
04193584;270856800000;1.0
04214734;271029600000;1.0
04224002;271029600000;1.0
04193229;271288800000;1.0
04188019;272584800000;1.0
04191361;273276000000;1.0
04183695;273276000000;1.0
04238117;273362400000;1.0
04214325;274917600000;1.0
04168054;275004000000;1.0
04183505;275090400000;1.0
04243343;275263200000;1.0
04167079;275522400000;1.0
04236697;276476400000;1.0
04196552;276822000000;1.0
04223413;277513200000;1.0
04222552;277686000000;1.0
04196890;279414000000;1.0
04218047;279759600000;1.0
04243207;280364400000;1.0
04186912;281142000000;1.0
04249832;282351600000;1.0
04200261;282783600000;1.0
04374584;283129200000;1.0
04194338;283129200000;1.0
04356999;284079600000;1.0
04193583;284857200000;1.0
04272060;284943600000;1.0
04208037;285202800000;1.0
04250836;285462000000;1.0
04208038;285807600000;1.0
04348012;285980400000;1.0
04228867;286758000000;1.0
04240766;287017200000;1.0
04248418;287017200000;1.0
04256287;288831600000;1.0
04223872;289609200000;1.0
04304395;289695600000;1.0
04209153;289782000000;1.0
04270581;291250800000;1.0
04260137;291250800000;1.0
04236698;291596400000;1.0
04290712;291852000000;1.0
04255913;291852000000;1.0
04245922;291852000000;1.0
04240615;292629600000;1.0
04290585;292716000000;1.0
04270873;292802400000;1.0
04252313;293234400000;1.0
04290602;294012000000;1.0
04270458;294271200000;1.0
04225120;294357600000;1.0
04330106;294444000000;1.0
04346871;294530400000;1.0
04288061;295048800000;1.0
04307876;295480800000;1.0
04231676;296085600000;1.0
04214733;296776800000;1.0
04293122;298072800000;1.0
04349181;298677600000;1.0
04301996;299109600000;1.0
04289303;300578400000;1.0
04266757;300924000000;1.0
04269545;301096800000;1.0
04296573;301096800000;1.0
04334671;302133600000;1.0
04297050;303516000000;1.0
04378175;303516000000;1.0
04346872;303602400000;1.0
04301627;303688800000;1.0
04269534;303948000000;1.0
04271622;303948000000;1.0
04260138;305935200000;1.0
04270736;306367200000;1.0
04286772;306367200000;1.0
04265195;306626400000;1.0
04253777;307580400000;1.0
04299507;307580400000;1.0
04289419;307580400000;1.0
04289301;308271600000;1.0
04268186;308876400000;1.0
04270735;309567600000;1.0
04280686;309654000000;1.0
04258523;310258800000;1.0
04287637;310258800000;1.0
04270737;311295600000;1.0
04353529;311295600000;1.0
04262884;311295600000;1.0
04262883;311295600000;1.0
04286372;311554800000;1.0
04239414;311814000000;1.0
04279529;311986800000;1.0
04318088;312159600000;1.0
04262882;312418800000;1.0
04272061;312591600000;1.0
04303226;312678000000;1.0
04351469;313023600000;1.0
04300306;313369200000;1.0
04298292;313628400000;1.0
04300313;313887600000;1.0
04311199;316047600000;1.0
04289302;316047600000;1.0
04643400;316393200000;1.0
04358090;317343600000;1.0
04307973;317343600000;1.0
04321989;317343600000;1.0
04359851;317430000000;1.0
04280477;317516400000;1.0
04262169;318812400000;1.0
04300752;319244400000;1.0
04280685;320022000000;1.0
04295638;320022000000;1.0
04312600;320022000000;1.0
04343567;320454000000;1.0
04294430;320454000000;1.0
04261550;320540400000;1.0
04312166;321145200000;1.0
04370823;321490800000;1.0
04328955;321490800000;1.0
04339114;322095600000;1.0
04335868;323478000000;1.0
04373310;324511200000;1.0
04364546;326066400000;1.0
04298185;326325600000;1.0
04316232;326325600000;1.0
04296918;326412000000;1.0
04295637;327189600000;1.0
04298186;327708000000;1.0
04354772;327794400000;1.0
04348133;328744800000;1.0
04352485;329090400000;1.0
04361313;329695200000;1.0
04383782;330559200000;1.0
04346666;331164000000;1.0
04322911;333928800000;1.0
04352484;336952800000;1.0
04360188;337212000000;1.0
04366949;337212000000;1.0
04363467;337298400000;1.0
04342459;337298400000;1.0
04752060;338421600000;1.0
04370073;338508000000;1.0
04361314;338680800000;1.0
04368875;339980400000;1.0
04325651;340326000000;1.0
04344604;341449200000;1.0
04324388;341449200000;1.0
04357000;341794800000;1.0
04311300;341794800000;1.0
04370088;342054000000;1.0
04423854;342399600000;1.0
04346671;342658800000;1.0
04306631;342831600000;1.0
04396879;343609200000;1.0
04390165;343868400000;1.0
04361400;344041200000;1.0
04367864;345423600000;1.0
04371148;345682800000;1.0
04370790;346028400000;1.0
04386761;346374000000;1.0
04398840;346892400000;1.0
04403767;346892400000;1.0
04360285;347842800000;1.0
04338041;348102000000;1.0
04377275;349570800000;1.0
04421302;349657200000;1.0
04369953;352076400000;1.0
04372536;352681200000;1.0
04349989;354150000000;1.0
04406563;354751200000;1.0
04387882;357170400000;1.0
04380327;358380000000;1.0
04355754;358984800000;1.0
04394005;359676000000;1.0
04399980;362095200000;1.0
04434901;363996000000;1.0
04381763;365032800000;1.0
04386762;365637600000;1.0
04435107;365810400000;1.0
04381160;367797600000;1.0
04470579;368316000000;1.0
04390164;370044000000;1.0
04440393;370216800000;1.0
04383676;371775600000;1.0
04453293;372294000000;1.0
04526348;373158000000;1.0
04431166;374108400000;1.0
04407484;374713200000;1.0
04508320;374972400000;1.0
04422622;377737200000;1.0
04602766;377737200000;1.0
04407485;377910000000;1.0
04493579;379724400000;1.0
04503423;380156400000;1.0
04484729;380156400000;1.0
04408749;380156400000;1.0
04401186;380329200000;1.0
04533121;382662000000;1.0
04435106;382748400000;1.0
04443002;385599600000;1.0
04496264;386460000000;1.0
04397448;386805600000;1.0
04523187;388101600000;1.0
04524953;388274400000;1.0
04458387;388620000000;1.0
04433447;389224800000;1.0
04468015;390002400000;1.0
04452431;390607200000;1.0
04583716;390607200000;1.0
04549724;391039200000;1.0
04496262;391730400000;1.0
04415141;392248800000;1.0
04533122;392248800000;1.0
04526347;392248800000;1.0
04509881;392421600000;1.0
04558851;393026400000;1.0
04433831;393199200000;1.0
04480819;393631200000;1.0
04408748;394063200000;1.0
04477059;394236000000;1.0
04610432;394408800000;1.0
04471924;395272800000;1.0
04465262;395445600000;1.0
04463934;396655200000;1.0
04428562;397260000000;1.0
04436284;397346400000;1.0
04775114;398383200000;1.0
04525701;399074400000;1.0
04449316;399592800000;1.0
04462572;399679200000;1.0
04533906;400888800000;1.0
04461461;401929200000;1.0
04502812;401929200000;1.0
04455697;402102000000;1.0
04489516;402188400000;1.0
04434975;402188400000;1.0
04493120;403743600000;1.0
04466600;406162800000;1.0
04497472;406162800000;1.0
04465263;406854000000;1.0
04552341;409359600000;1.0
04607824;411087600000;1.0
04579317;411778800000;1.0
04523745;412470000000;1.0
04508321;412988400000;1.0
04494733;412988400000;1.0
04510721;414370800000;1.0
04451025;414975600000;1.0
04460161;415407600000;1.0
04529174;417049200000;1.0
04587788;418860000000;1.0
04571578;419551200000;1.0
04471947;419551200000;1.0
04477058;421884000000;1.0
04582284;422056800000;1.0
04646490;422661600000;1.0
04486008;422834400000;1.0
04518953;423180000000;1.0
04507987;423180000000;1.0
04479636;423698400000;1.0
04516756;424303200000;1.0
04497483;424908000000;1.0
04475840;428536800000;1.0
04503636;428623200000;1.0
04492364;429919200000;1.0
04462573;430351200000;1.0
04582300;430351200000;1.0
04478391;430610400000;1.0
04501411;431215200000;1.0
04475843;431301600000;1.0
04493480;432338400000;1.0
04645183;433638000000;1.0
04609184;434847600000;1.0
04509726;435193200000;1.0
04553875;436402800000;1.0
04508319;438217200000;1.0
04498660;438822000000;1.0
04520231;440290800000;1.0
04529173;440377200000;1.0
04623126;440377200000;1.0
04515349;441327600000;1.0
04560827;443660400000;1.0
04616950;444351600000;1.0
04619440;444438000000;1.0
04512556;444870000000;1.0
04571895;445042800000;1.0
04557466;446684400000;1.0
04576364;446857200000;1.0
04505456;447894000000;1.0
04533120;447894000000;1.0
04666130;448153200000;1.0
04576106;448671600000;1.0
04528974;448844400000;1.0
04540160;449272800000;1.0
04519586;449272800000;1.0
04621783;449791200000;1.0
04535974;450568800000;1.0
04553739;450655200000;1.0
04682762;451087200000;1.0
04602765;451519200000;1.0
04665673;451778400000;1.0
04553740;452383200000;1.0
04629357;453333600000;1.0
04674432;456703200000;1.0
04609185;456962400000;1.0
04612063;458517600000;1.0
04690384;458776800000;1.0
04570906;458776800000;1.0
04537151;459986400000;1.0
04605204;461196000000;1.0
04557467;461282400000;1.0
04684107;461973600000;1.0
04609183;463356000000;1.0
04595176;463615200000;1.0
04558850;463874400000;1.0
04647016;464220000000;1.0
04553741;465692400000;1.0
04623127;465778800000;1.0
04556201;466729200000;1.0
04646923;466815600000;1.0
04730809;466815600000;1.0
04635981;467852400000;1.0
04585214;468457200000;1.0
04574740;468630000000;1.0
04623128;468716400000;1.0
04598906;468716400000;1.0
04722514;468716400000;1.0
04583715;469234800000;1.0
04586697;469407600000;1.0
04542885;469839600000;1.0
04548388;471135600000;1.0
04576508;471135600000;1.0
04728080;472345200000;1.0
04655435;472863600000;1.0
04624210;472950000000;1.0
04580767;473295600000;1.0
04646807;473554800000;1.0
04603840;474073200000;1.0
04666129;475282800000;1.0
04600178;477183600000;1.0
04625948;477702000000;1.0
04681302;477788400000;1.0
04781149;480294000000;1.0
04637186;480726000000;1.0
04638979;480898800000;1.0
04595175;481240800000;1.0
04600179;482450400000;1.0
04692567;484869600000;1.0
04637589;485042400000;1.0
04645375;485647200000;1.0
04695677;486856800000;1.0
04602764;489016800000;1.0
04602664;489621600000;1.0
04697306;490399200000;1.0
04623756;493250400000;1.0
04666331;493250400000;1.0
04682761;494632800000;1.0
04688766;495151200000;1.0
04665647;495410400000;1.0
04635905;496447200000;1.0
04723758;496882800000;1.0
04711481;499042800000;1.0
04674911;501202800000;1.0
04917219;501807600000;1.0
04690382;504140400000;1.0
04649597;505695600000;1.0
04730810;505695600000;1.0
05025842;505954800000;1.0
04651975;507164400000;1.0
04673166;507855600000;1.0
04646489;508114800000;1.0
04650164;508114800000;1.0
04662611;509842800000;1.0
04669683;510188400000;1.0
04668000;510188400000;1.0
04641459;510361200000;1.0
04691897;511484400000;1.0
04744708;511743600000;1.0
04676485;512089200000;1.0
04664358;512262000000;1.0
04690383;512949600000;1.0
04671495;513208800000;1.0
04688768;513813600000;1.0
04854548;514418400000;1.0
04678166;514677600000;1.0
04666131;514677600000;1.0
04655434;514677600000;1.0
04892292;516232800000;1.0
04723761;517528800000;1.0
04667935;519343200000;1.0
04784373;519602400000;1.0
04725825;520466400000;1.0
04718642;520639200000;1.0
04692060;520725600000;1.0
04685656;521071200000;1.0
04683356;521071200000;1.0
04679772;521935200000;1.0
04688769;522280800000;1.0
04669577;522280800000;1.0
04706942;523231200000;1.0
04700434;523663200000;1.0
04680428;525045600000;1.0
04838726;525304800000;1.0
04779570;525564000000;1.0
04688767;525564000000;1.0
04664227;525650400000;1.0
04691084;526600800000;1.0
04684108;526687200000;1.0
04706941;526860000000;1.0
04709887;527119200000;1.0
04726567;527205600000;1.0
04867421;528332400000;1.0
04705262;529023600000;1.0
04742796;529282800000;1.0
04836505;530319600000;1.0
04755633;530751600000;1.0
04702459;531010800000;1.0
04803819;531356400000;1.0
04718641;531615600000;1.0
04708323;531615600000;1.0
04725044;532652400000;1.0
04688024;532738800000;1.0
04708322;534380400000;1.0
04722513;534985200000;1.0
04815565;534985200000;1.0
04741513;535158000000;1.0
04723759;535158000000;1.0
04765596;535590000000;1.0
04836504;535590000000;1.0
04819914;537404400000;1.0
05035401;537577200000;1.0
04770420;538268400000;1.0
04773437;538354800000;1.0
04733851;538700400000;1.0
04735397;538786800000;1.0
04710049;538959600000;1.0
04860996;538959600000;1.0
04787601;539391600000;1.0
04717123;540601200000;1.0
04730740;541724400000;1.0
04739971;541897200000;1.0
04801128;541983600000;1.0
04778250;542242800000;1.0
04776728;542415600000;1.0
04751893;543193200000;1.0
04750713;544312800000;1.0
04739970;544744800000;1.0
04773629;545436000000;1.0
04712773;546213600000;1.0
04756511;546472800000;1.0
04819915;546645600000;1.0
04787602;546818400000;1.0
04832316;547077600000;1.0
04767232;547336800000;1.0
04798498;547768800000;1.0
04723760;547941600000;1.0
04854549;548373600000;1.0
04763879;549842400000;1.0
04792254;550101600000;1.0
04826348;550101600000;1.0
04844646;550274400000;1.0
04785577;550274400000;1.0
04792122;551484000000;1.0
04824077;552002400000;1.0
04804166;552088800000;1.0
04753420;552520800000;1.0
04738563;553903200000;1.0
04883257;554076000000;1.0
04796866;554076000000;1.0
04844422;554594400000;1.0
04789137;554680800000;1.0
04795137;555026400000;1.0
04898365;556408800000;1.0
04838606;557359200000;1.0
04838524;558050400000;1.0
04844213;559868400000;1.0
04872647;559868400000;1.0
04905969;560473200000;1.0
05136770;561078000000;1.0
04860998;562201200000;1.0
04881721;563151600000;1.0
04789138;564102000000;1.0
04822208;564620400000;1.0
04818972;564793200000;1.0
04838525;564966000000;1.0
04887796;565225200000;1.0
04800630;565830000000;1.0
04805879;566002800000;1.0
04841697;566521200000;1.0
04844424;567039600000;1.0
04787603;567817200000;1.0
04869467;567817200000;1.0
04830341;567903600000;1.0
04787475;567903600000;1.0
04845317;568249200000;1.0
04928928;568940400000;1.0
04819916;570236400000;1.0
04951925;570322800000;1.0
04854767;570322800000;1.0
04794744;570668400000;1.0
04928929;571014000000;1.0
04852194;571014000000;1.0
04880210;571273200000;1.0
04784515;572569200000;1.0
04893787;572655600000;1.0
04886245;573346800000;1.0
04800601;574038000000;1.0
04860997;574642800000;1.0
05184808;576280800000;1.0
04793111;576712800000;1.0
04989835;577058400000;1.0
04910933;577663200000;1.0
04909483;577663200000;1.0
04903947;578268000000;1.0
04809955;578872800000;1.0
04896864;580082400000;1.0
04806044;580082400000;1.0
04835852;581551200000;1.0
04859983;582328800000;1.0
04844420;582760800000;1.0
04875622;583020000000;1.0
04856575;583106400000;1.0
04813651;583624800000;1.0
04883267;583711200000;1.0
04856616;584056800000;1.0
04815713;584056800000;1.0
04860683;584316000000;1.0
04858383;584575200000;1.0
04865781;584575200000;1.0
04854521;584834400000;1.0
04828425;584920800000;1.0
04815889;584920800000;1.0
04881845;585180000000;1.0
04856761;585180000000;1.0
04872719;585439200000;1.0
04838523;585784800000;1.0
04915293;585957600000;1.0
04944493;586994400000;1.0
04930753;587167200000;1.0
04982932;587599200000;1.0
04907783;587599200000;1.0
04997165;587944800000;1.0
04982933;587944800000;1.0
04946306;588376800000;1.0
04858724;589154400000;1.0
04895332;589500000000;1.0
04859868;589759200000;1.0
04938445;591318000000;1.0
04858891;591577200000;1.0
04954009;591577200000;1.0
04866218;591577200000;1.0
04917543;592527600000;1.0
04889322;592614000000;1.0
04920331;593132400000;1.0
04844423;593650800000;1.0
04979817;593650800000;1.0
04893788;593650800000;1.0
04916433;594860400000;1.0
04932634;594860400000;1.0
04867420;595724400000;1.0
04906975;595810800000;1.0
04899989;596070000000;1.0
04946138;596156400000;1.0
04958954;597279600000;1.0
04921373;597452400000;1.0
04905968;597884400000;1.0
04958806;598057200000;1.0
04904121;598748400000;1.0
04930754;599180400000;1.0
04923176;599439600000;1.0
04862637;599958000000;1.0
04899990;600390000000;1.0
05007619;600649200000;1.0
04943035;600649200000;1.0
04930752;600649200000;1.0
04883256;601513200000;1.0
05039250;602118000000;1.0
04919394;602290800000;1.0
04926592;603068400000;1.0
04962619;603586800000;1.0
04965961;604018800000;1.0
04909661;604537200000;1.0
04979701;604710000000;1.0
04915359;606438000000;1.0
04905970;606610800000;1.0
04934661;607298400000;1.0
04948099;607644000000;1.0
04982535;608162400000;1.0
04979725;608248800000;1.0
04952092;609112800000;1.0
05009540;609458400000;1.0
04981152;609458400000;1.0
04921220;609544800000;1.0
04991823;609544800000;1.0
04899991;610581600000;1.0
04920717;610840800000;1.0
04982931;611186400000;1.0
05029779;611186400000;1.0
05078367;611359200000;1.0
04986687;611445600000;1.0
05029818;611791200000;1.0
05033905;613000800000;1.0
05234199;613346400000;1.0
04960074;613605600000;1.0
04950098;613951200000;1.0
05029819;614210400000;1.0
05104074;614556000000;1.0
05031828;616111200000;1.0
04946139;616802400000;1.0
04984619;616802400000;1.0
05003912;616888800000;1.0
05149224;617320800000;1.0
04958807;617493600000;1.0
05123221;617839200000;1.0
05100109;618098400000;1.0
05002260;618098400000;1.0
05029820;618184800000;1.0
04966309;618444000000;1.0
04937988;619308000000;1.0
04927134;619308000000;1.0
05004211;619999200000;1.0
04995591;619999200000;1.0
05020466;620431200000;1.0
05011325;621122400000;1.0
05015119;621468000000;1.0
05082249;621640800000;1.0
05002423;622332000000;1.0
04944494;622418400000;1.0
04979724;622854000000;1.0
04953830;622940400000;1.0
04968005;623286000000;1.0
04973029;623372400000;1.0
04964618;623977200000;1.0
04936550;624582000000;1.0
04948100;625100400000;1.0
05024420;625359600000;1.0
04928930;625964400000;1.0
04989689;626310000000;1.0
05039066;626482800000;1.0
04955753;627260400000;1.0
04968177;627692400000;1.0
04997307;628124400000;1.0
05000111;628383600000;1.0
05149060;628815600000;1.0
05025821;629074800000;1.0
05007587;629420400000;1.0
05036166;629420400000;1.0
04964619;629938800000;1.0
04978943;629938800000;1.0
05022782;629938800000;1.0
05022781;629938800000;1.0
05026028;629938800000;1.0
05035079;630198000000;1.0
05076547;630284400000;1.0
05129628;630284400000;1.0
04964747;631839600000;1.0
05069576;632444400000;1.0
05044609;633049200000;1.0
05009541;633222000000;1.0
04995756;633567600000;1.0
05030029;633913200000;1.0
05163634;634172400000;1.0
05054954;634172400000;1.0
05007618;635468400000;1.0
05040772;635468400000;1.0
04962914;635986800000;1.0
05001795;635986800000;1.0
04974815;636159600000;1.0
05082398;636159600000;1.0
05078366;636591600000;1.0
05011107;637455600000;1.0
05102103;638402400000;1.0
05076546;642031200000;1.0
04986513;642031200000;1.0
05088874;642117600000;1.0
05072915;642636000000;1.0
04995590;642722400000;1.0
05056283;644623200000;1.0
05143472;645228000000;1.0
05029670;646005600000;1.0
05141207;646437600000;1.0
05104255;647215200000;1.0
05063876;647215200000;1.0
05054955;647474400000;1.0
05062612;648338400000;1.0
04989834;648424800000;1.0
05117583;648856800000;1.0
05058863;649029600000;1.0
05115763;649029600000;1.0
05039065;649029600000;1.0
05062732;649893600000;1.0
05267724;650152800000;1.0
05116025;650498400000;1.0
05033719;651276000000;1.0
05046705;652053600000;1.0
05112028;652399200000;1.0
05042557;652399200000;1.0
05074704;652485600000;1.0
05118216;652572000000;1.0
05110094;652658400000;1.0
05074529;652658400000;1.0
05076545;654300000000;1.0
05249769;655513200000;1.0
05042780;655945200000;1.0
05123773;656204400000;1.0
05120025;656550000000;1.0
05165664;657154800000;1.0
05099610;657241200000;1.0
05095668;657241200000;1.0
05186438;657327600000;1.0
05050846;657414000000;1.0
05143416;658018800000;1.0
05160211;658450800000;1.0
05161322;660438000000;1.0
05108224;661042800000;1.0
05129627;661474800000;1.0
05058337;661647600000;1.0
05070965;661647600000;1.0
05066163;661647600000;1.0
05177890;662338800000;1.0
05056761;662943600000;1.0
05186571;663202800000;1.0
05104078;663807600000;1.0
05152507;663980400000;1.0
05184800;664498800000;1.0
05160120;664585200000;1.0
05192054;664671600000;1.0
05180143;665017200000;1.0
05125762;665190000000;1.0
05145153;665708400000;1.0
05265374;665794800000;1.0
05114266;665967600000;1.0
05085409;666226800000;1.0
05127609;667436400000;1.0
05203542;667522800000;1.0
05353891;667782000000;1.0
05165818;668127600000;1.0
05161784;668300400000;1.0
05114270;669596400000;1.0
05165643;670629600000;1.0
05127131;671666400000;1.0
05100107;671666400000;1.0
05150885;671925600000;1.0
05211503;672444000000;1.0
05156485;672530400000;1.0
05200240;673135200000;1.0
05139256;673221600000;1.0
05134803;673221600000;1.0
05101932;675900000000;1.0
05131631;675900000000;1.0
05192157;676072800000;1.0
05169127;676591200000;1.0
05139234;677887200000;1.0
05145278;677973600000;1.0
05078365;678319200000;1.0
05310277;678405600000;1.0
05179801;678664800000;1.0
05203544;679010400000;1.0
05299781;679096800000;1.0
05255896;679528800000;1.0
05255898;679615200000;1.0
05096162;679701600000;1.0
05230187;680392800000;1.0
05238228;680392800000;1.0
05139235;680479200000;1.0
05081723;681602400000;1.0
05217318;682120800000;1.0
05213312;682293600000;1.0
05218805;682552800000;1.0
05106058;682898400000;1.0
05170536;683157600000;1.0
05221076;683244000000;1.0
05149061;683244000000;1.0
05143354;683416800000;1.0
05226439;683503200000;1.0
05181695;684540000000;1.0
05277408;685058400000;1.0
05131630;685058400000;1.0
05100108;685317600000;1.0
05168584;685749600000;1.0
05275381;685836000000;1.0
05161783;686530800000;1.0
05261647;686790000000;1.0
05261201;686962800000;1.0
05193786;687481200000;1.0
05170746;687740400000;1.0
05192056;688345200000;1.0
05125477;689209200000;1.0
05275382;689554800000;1.0
05122008;690591600000;1.0
05240217;690678000000;1.0
05190267;690764400000;1.0
05238321;690764400000;1.0
05224256;690764400000;1.0
05170996;691196400000;1.0
05393940;691369200000;1.0
05165663;691628400000;1.0
05207302;692838000000;1.0
05154256;693529200000;1.0
05340087;695257200000;1.0
05188342;695430000000;1.0
05190268;695602800000;1.0
05285782;695602800000;1.0
05201498;695948400000;1.0
05199755;696207600000;1.0
05203817;696466800000;1.0
05172891;696466800000;1.0
05285613;696812400000;1.0
05273258;698886000000;1.0
05201497;699490800000;1.0
05303900;699490800000;1.0
05178369;699663600000;1.0
05163658;700700400000;1.0
05195727;700873200000;1.0
05269623;701305200000;1.0
05288048;701305200000;1.0
05152508;701564400000;1.0
05253950;701650800000;1.0
05356101;702079200000;1.0
05192055;702165600000;1.0
05348416;702597600000;1.0
05240230;703288800000;1.0
05155880;704930400000;1.0
05203543;705189600000;1.0
05215290;706226400000;1.0
05299883;706831200000;1.0
05285594;706831200000;1.0
05377958;707090400000;1.0
05224791;707522400000;1.0
05184801;707695200000;1.0
05671913;708213600000;1.0
05263550;708559200000;1.0
05237932;708645600000;1.0
05230500;708991200000;1.0
05382111;709164000000;1.0
05197717;709768800000;1.0
05302047;709941600000;1.0
05364076;710719200000;1.0
05286922;711064800000;1.0
05255899;711669600000;1.0
05471811;711669600000;1.0
05429340;711842400000;1.0
05295757;711842400000;1.0
05322032;712965600000;1.0
05301926;713138400000;1.0
05391016;713484000000;1.0
05382001;713484000000;1.0
05299782;713570400000;1.0
05248129;713570400000;1.0
05350155;714002400000;1.0
05369921;714002400000;1.0
05302945;714607200000;1.0
05312089;714952800000;1.0
05364077;714952800000;1.0
05354037;714952800000;1.0
05404685;715212000000;1.0
05265848;715298400000;1.0
05244186;715384800000;1.0
05236179;716162400000;1.0
05284326;716421600000;1.0
05328156;717026400000;1.0
05291708;717634800000;1.0
05360191;717721200000;1.0
05326187;719103600000;1.0
05285195;719449200000;1.0
05402988;719622000000;1.0
05301925;720054000000;1.0
05286137;721004400000;1.0
05322385;721868400000;1.0
05514919;721954800000;1.0
05337528;723250800000;1.0
05355642;723337200000;1.0
05282606;724546800000;1.0
05288058;724892400000;1.0
05356119;724892400000;1.0
05275380;725065200000;1.0
05345731;725151600000;1.0
05332196;725670000000;1.0
05409195;726361200000;1.0
05314167;726447600000;1.0
05394927;726706800000;1.0
05362030;727052400000;1.0
05330285;728175600000;1.0
05421558;729126000000;1.0
05314261;729385200000;1.0
05295498;730076400000;1.0
05257874;730594800000;1.0
05419536;730681200000;1.0
05421556;731026800000;1.0
05255897;731286000000;1.0
05400555;731286000000;1.0
05340086;731890800000;1.0
05358220;732236400000;1.0
05350156;732495600000;1.0
05441240;732927600000;1.0
05323583;733100400000;1.0
05452968;733615200000;1.0
05303961;734220000000;1.0
05375815;734306400000;1.0
05310163;734738400000;1.0
05339765;734738400000;1.0
05451239;735775200000;1.0
05354036;735775200000;1.0
05402987;736034400000;1.0
05292467;736034400000;1.0
05421557;736639200000;1.0
05464070;736984800000;1.0
05395092;736984800000;1.0
05379564;737762400000;1.0
05275383;737848800000;1.0
05395083;738453600000;1.0
05465941;739144800000;1.0
05407298;740095200000;1.0
05383739;740095200000;1.0
05460344;740181600000;1.0
05370368;741218400000;1.0
05387049;741304800000;1.0
05401002;741477600000;1.0
05395093;741909600000;1.0
05355834;741909600000;1.0
05338007;742428000000;1.0
05412158;743032800000;1.0
05372354;743810400000;1.0
05407178;744415200000;1.0
05297890;744847200000;1.0
05381757;744847200000;1.0
05458319;745020000000;1.0
05441241;745106400000;1.0
05409196;745192800000;1.0
05452880;745711200000;1.0
05342021;745711200000;1.0
05425593;746229600000;1.0
05359827;747352800000;1.0
05403112;747439200000;1.0
05336016;747525600000;1.0
05447290;748476000000;1.0
05437433;749170800000;1.0
05431372;749689200000;1.0
05415380;750639600000;1.0
05438795;752281200000;1.0
05474408;752367600000;1.0
05395105;752454000000;1.0
05402999;753922800000;1.0
05458942;753922800000;1.0
05454662;754009200000;1.0
05364050;754527600000;1.0
05435524;755132400000;1.0
05468092;755218800000;1.0
05474279;755218800000;1.0
05427359;755305200000;1.0
05501035;755305200000;1.0
05425594;757033200000;1.0
05421131;757033200000;1.0
05653546;757551600000;1.0
05553833;757551600000;1.0
05492429;758156400000;1.0
05353562;758156400000;1.0
05396739;758156400000;1.0
05509640;758242800000;1.0
05617692;759106800000;1.0
05396740;759452400000;1.0
05441239;759970800000;1.0
05454548;762130800000;1.0
05445362;762130800000;1.0
05531427;762390000000;1.0
05524405;762390000000;1.0
05444951;762994800000;1.0
05482256;763340400000;1.0
05419538;763945200000;1.0
05419537;763945200000;1.0
05462258;764204400000;1.0
05433029;764290800000;1.0
05480126;764377200000;1.0
05542648;764463600000;1.0
05507473;764892000000;1.0
05492307;765756000000;1.0
05439201;766879200000;1.0
05456451;767224800000;1.0
05527016;767311200000;1.0
05461364;767311200000;1.0
05551669;767484000000;1.0
05575458;768175200000;1.0
05428927;768520800000;1.0
05484137;768607200000;1.0
05474402;768607200000;1.0
05429449;769212000000;1.0
05651025;769212000000;1.0
05430984;769384800000;1.0
05623791;769816800000;1.0
05400563;769903200000;1.0
05460353;770335200000;1.0
05501429;770421600000;1.0
05695175;771372000000;1.0
05647166;771804000000;1.0
05421668;772668000000;1.0
05581868;772927200000;1.0
05452962;773532000000;1.0
05544864;773877600000;1.0
05645271;773877600000;1.0
05496016;773964000000;1.0
05507588;774050400000;1.0
05531258;774568800000;1.0
05452963;774655200000;1.0
05521696;774655200000;1.0
05487618;775087200000;1.0
05530430;775173600000;1.0
05551578;775346400000;1.0
05527127;775432800000;1.0
05529288;775778400000;1.0
05443244;776296800000;1.0
05464306;777074400000;1.0
05544870;777247200000;1.0
05533715;777247200000;1.0
05680733;777679200000;1.0
05518333;778802400000;1.0
05577713;779320800000;1.0
05469682;780012000000;1.0
05520479;780184800000;1.0
05515645;780271200000;1.0
05490661;780793200000;1.0
05613664;780879600000;1.0
05572845;781311600000;1.0
05542649;781398000000;1.0
05491950;782434800000;1.0
05551194;782434800000;1.0
05550530;783212400000;1.0
05593141;783558000000;1.0
05498101;783730800000;1.0
05522472;783817200000;1.0
06022003;784162800000;1.0
05807017;784249200000;1.0
05547169;784422000000;1.0
05494371;784767600000;1.0
05499517;784854000000;1.0
05765812;784940400000;1.0
05503371;785372400000;1.0
05544866;786063600000;1.0
05620277;786236400000;1.0
05676350;786668400000;1.0
05579608;787359600000;1.0
05544865;787532400000;1.0
05509498;787532400000;1.0
05547309;788050800000;1.0
05533714;788482800000;1.0
05566927;789174000000;1.0
05678365;789692400000;1.0
05531540;789951600000;1.0
06220575;790383600000;1.0
05494261;790470000000;1.0
05551796;790556400000;1.0
05487619;790902000000;1.0
05558312;791420400000;1.0
05572846;791506800000;1.0
05570972;791593200000;1.0
05501057;792198000000;1.0
05555692;792198000000;1.0
05573346;792630000000;1.0
05649688;792975600000;1.0
05560588;793321200000;1.0
05498102;793321200000;1.0
05482398;793494000000;1.0
05524875;793580400000;1.0
05567084;793580400000;1.0
05599006;793753200000;1.0
05865427;793926000000;1.0
05538363;793926000000;1.0
05664905;795222000000;1.0
05556080;795740400000;1.0
05628494;795999600000;1.0
05577714;796255200000;1.0
05606830;796255200000;1.0
05509249;796341600000;1.0
05536109;796341600000;1.0
05593143;796514400000;1.0
05651534;796860000000;1.0
05609327;796860000000;1.0
05622021;797205600000;1.0
05547310;797551200000;1.0
05641236;797724000000;1.0
05660496;798242400000;1.0
05657967;798415200000;1.0
05651635;798674400000;1.0
05896944;798674400000;1.0
05556079;799279200000;1.0
05575580;799452000000;1.0
05529289;799624800000;1.0
05568913;800575200000;1.0
05640817;800661600000;1.0
05566926;800748000000;1.0
05503496;800748000000;1.0
05592786;801957600000;1.0
05661944;802044000000;1.0
05503495;802389600000;1.0
05704188;802476000000;1.0
05601279;802476000000;1.0
05577710;802562400000;1.0
05573227;802994400000;1.0
05607252;803253600000;1.0
05609326;803253600000;1.0
05605413;804117600000;1.0
05762323;804895200000;1.0
05613798;804981600000;1.0
05611523;805500000000;1.0
05622356;805672800000;1.0
05641241;806104800000;1.0
05623797;806191200000;1.0
05611641;806191200000;1.0
05557893;806796000000;1.0
05595230;807141600000;1.0
05586423;807314400000;1.0
05653308;807746400000;1.0
05553648;808351200000;1.0
05584469;808437600000;1.0
05685522;808869600000;1.0
05735310;810252000000;1.0
05595370;810252000000;1.0
05636482;810770400000;1.0
05615968;811461600000;1.0
05626330;811983600000;1.0
05570559;812070000000;1.0
05620276;812329200000;1.0
05667199;812415600000;1.0
05660505;813279600000;1.0
05809733;813366000000;1.0
05660144;814402800000;1.0
05586753;814748400000;1.0
05584330;815007600000;1.0
05647451;815353200000;1.0
05630572;815785200000;1.0
05772357;815871600000;1.0
05733062;816217200000;1.0
05549279;816562800000;1.0
05701236;816822000000;1.0
05704592;816908400000;1.0
05816946;816908400000;1.0
05577861;817426800000;1.0
05711398;817426800000;1.0
05615866;817599600000;1.0
05725201;818636400000;1.0
05593142;818636400000;1.0
05743064;820105200000;1.0
05713561;820105200000;1.0
05685523;820278000000;1.0
05657968;820537200000;1.0
05626331;820623600000;1.0
05617697;820623600000;1.0
05720573;820623600000;1.0
05624103;820710000000;1.0
06260827;820796400000;1.0
05649690;821746800000;1.0
05601278;821833200000;1.0
05695174;821919600000;1.0
05577712;822438000000;1.0
05697600;822438000000;1.0
05584468;822610800000;1.0
05660377;822956400000;1.0
05660374;824079600000;1.0
05651533;824770800000;1.0
05762443;825289200000;1.0
05706625;825894000000;1.0
05703452;826066800000;1.0
05642792;826585200000;1.0
05755431;827103600000;1.0
05931424;827103600000;1.0
05634733;827103600000;1.0
05713161;827103600000;1.0
05662313;827190000000;1.0
06131887;827190000000;1.0
05746537;827276400000;1.0
05701716;827794800000;1.0
05842685;828054000000;1.0
05887404;829000800000;1.0
05795099;829260000000;1.0
05683074;829432800000;1.0
05738342;829519200000;1.0
05639069;829605600000;1.0
05699997;830124000000;1.0
05737873;830296800000;1.0
05657966;830556000000;1.0
05901526;830815200000;1.0
05660376;830901600000;1.0
05685665;831592800000;1.0
05921530;831679200000;1.0
05961100;832284000000;1.0
05826398;832716000000;1.0
05718412;832802400000;1.0
05688071;833234400000;1.0
05720470;834012000000;1.0
05836714;834444000000;1.0
05807024;834962400000;1.0
05647681;835048800000;1.0
05687957;835135200000;1.0
05771641;835221600000;1.0
05649689;835221600000;1.0
05873564;835567200000;1.0
05645270;835567200000;1.0
05660378;835826400000;1.0
05713160;836776800000;1.0
05890338;837468000000;1.0
05655755;837554400000;1.0
05790023;837727200000;1.0
05740629;838072800000;1.0
05697728;838072800000;1.0
05711336;838159200000;1.0
05735508;838245600000;1.0
05628495;838764000000;1.0
05664768;838850400000;1.0
05921702;838850400000;1.0
05779228;839023200000;1.0
05775037;839282400000;1.0
05676351;839541600000;1.0
05732935;839541600000;1.0
05718413;839887200000;1.0
05791811;839887200000;1.0
05767592;839973600000;1.0
05729215;840060000000;1.0
05813663;840492000000;1.0
05742104;840664800000;1.0
05771147;840664800000;1.0
05762444;841096800000;1.0
05671584;841183200000;1.0
05820497;841788000000;1.0
05690317;842220000000;1.0
05645368;842220000000;1.0
05788224;842824800000;1.0
05788223;843084000000;1.0
05772185;843516000000;1.0
05908185;843516000000;1.0
05890832;843602400000;1.0
05746538;844120800000;1.0
05823584;844725600000;1.0
05730426;844812000000;1.0
05718414;844984800000;1.0
05820293;844984800000;1.0
05791812;844984800000;1.0
05860636;845589600000;1.0
05738588;845589600000;1.0
05791634;845589600000;1.0
05795503;845848800000;1.0
06010117;845935200000;1.0
05752691;845935200000;1.0
05876021;846457200000;1.0
05660375;846802800000;1.0
05820111;847148400000;1.0
05749808;847148400000;1.0
05664769;847839600000;1.0
06113076;848530800000;1.0
05785447;848530800000;1.0
06015138;850345200000;1.0
05899442;850345200000;1.0
05799929;850431600000;1.0
05722642;850431600000;1.0
05687956;851209200000;1.0
06416041;851554800000;1.0
05871300;851554800000;1.0
05931448;851554800000;1.0
05794921;851641200000;1.0
05720134;852159600000;1.0
05794990;853110000000;1.0
05791635;853110000000;1.0
05826861;853801200000;1.0
05689927;853887600000;1.0
05784762;853887600000;1.0
05882140;854578800000;1.0
05803647;854665200000;1.0
05758868;855270000000;1.0
05716041;855788400000;1.0
05794922;855874800000;1.0
05873671;856306800000;1.0
05863030;856306800000;1.0
05853167;856306800000;1.0
05988599;856306800000;1.0
06126146;856479600000;1.0
05810334;856479600000;1.0
05775676;856479600000;1.0
06004218;856479600000;1.0
05787664;856738800000;1.0
05779227;856825200000;1.0
06126144;857343600000;1.0
05870873;857689200000;1.0
05794923;857948400000;1.0
05820110;858034800000;1.0
06045157;858034800000;1.0
05765811;858639600000;1.0
05779389;858726000000;1.0
05921531;858726000000;1.0
05964548;859417200000;1.0
05836572;859759200000;1.0
06199832;859759200000;1.0
05794390;859932000000;1.0
05775675;859932000000;1.0
05740827;860018400000;1.0
05857664;860018400000;1.0
05738341;860018400000;1.0
05713171;860018400000;1.0
05879103;860104800000;1.0
05851005;861055200000;1.0
06039150;861660000000;1.0
05993103;861660000000;1.0
05772186;861660000000;1.0
05803438;861832800000;1.0
05797591;861919200000;1.0
05862921;862524000000;1.0
06036175;863042400000;1.0
05890702;864079200000;1.0
05996972;864079200000;1.0
05950992;864856800000;1.0
05876020;864856800000;1.0
06065738;864856800000;1.0
05967258;865375200000;1.0
05947452;865461600000;1.0
05953878;865548000000;1.0
06038829;865807200000;1.0
05957434;866152800000;1.0
06031870;866152800000;1.0
05797592;866412000000;1.0
05865943;867189600000;1.0
05921703;867189600000;1.0
05975500;867621600000;1.0
06073293;867880800000;1.0
05887856;867880800000;1.0
05820470;868226400000;1.0
06129342;868572000000;1.0
05957435;868572000000;1.0
06015139;868572000000;1.0
05864292;868831200000;1.0
05881509;868917600000;1.0
06224290;869695200000;1.0
05931450;870040800000;1.0
05882001;870300000000;1.0
05853166;870732000000;1.0
05702090;870904800000;1.0
05930948;870991200000;1.0
06131885;871250400000;1.0
05957437;871423200000;1.0
05904343;871423200000;1.0
05906359;871423200000;1.0
05813662;871855200000;1.0
05806839;871941600000;1.0
05888020;872114400000;1.0
05927694;872200800000;1.0
06010275;872460000000;1.0
05957616;872460000000;1.0
05956875;872460000000;1.0
05911411;872632800000;1.0
05975501;873669600000;1.0
05934035;873756000000;1.0
06179274;874015200000;1.0
05907935;874360800000;1.0
05967498;874533600000;1.0
05916105;874533600000;1.0
05868382;874620000000;1.0
05961101;875224800000;1.0
05913508;875484000000;1.0
05960601;875743200000;1.0
06070859;875743200000;1.0
06000682;876780000000;1.0
06061991;876866400000;1.0
05957436;876952800000;1.0
06305670;877471200000;1.0
05860762;877730400000;1.0
05862642;877993200000;1.0
06126147;878166000000;1.0
05975789;878252400000;1.0
06126145;878857200000;1.0
06182947;878857200000;1.0
06020658;879116400000;1.0
06076871;879375600000;1.0
06010116;879462000000;1.0
05996973;879462000000;1.0
06059491;879462000000;1.0
05964452;879894000000;1.0
06135425;879894000000;1.0
06086285;879894000000;1.0
05902067;879980400000;1.0
05971365;880066800000;1.0
05899171;880326000000;1.0
06098750;880326000000;1.0
05961242;880671600000;1.0
06039307;881190000000;1.0
05904344;881190000000;1.0
05931449;881190000000;1.0
05992828;881794800000;1.0
05967497;882140400000;1.0
05967089;882399600000;1.0
05868521;882831600000;1.0
06053281;883350000000;1.0
06042301;883695600000;1.0
06068243;883954800000;1.0
06027104;884127600000;1.0
05953882;884559600000;1.0
06017019;884559600000;1.0
06007269;884559600000;1.0
06029830;885250800000;1.0
06076448;885423600000;1.0
05920036;885423600000;1.0
05961099;885510000000;1.0
06158919;885769200000;1.0
05944114;885769200000;1.0
05973413;885942000000;1.0
06086051;886028400000;1.0
06050549;886460400000;1.0
06076306;886633200000;1.0
06102373;886633200000;1.0
06021702;886978800000;1.0
05865355;886978800000;1.0
06092792;886978800000;1.0
05959255;887151600000;1.0
06123321;887238000000;1.0
06029953;887756400000;1.0
06029954;887929200000;1.0
06164628;887929200000;1.0
06059487;887929200000;1.0
05967214;888188400000;1.0
05944443;888188400000;1.0
06036176;888534000000;1.0
06045293;888534000000;1.0
06039308;888793200000;1.0
06095503;889570800000;1.0
06102374;891295200000;1.0
06036177;891554400000;1.0
06059269;891900000000;1.0
06131888;892591200000;1.0
06109597;893109600000;1.0
05924680;893109600000;1.0
06173943;893196000000;1.0
06152429;893628000000;1.0
06145814;893887200000;1.0
05950680;894319200000;1.0
06024341;894319200000;1.0
06116805;894319200000;1.0
05852402;894319200000;1.0
06004066;894405600000;1.0
06059268;894405600000;1.0
06053480;894837600000;1.0
06053665;895442400000;1.0
06125598;896306400000;1.0
05996204;896997600000;1.0
05938184;896997600000;1.0
06276869;897256800000;1.0
06290190;897256800000;1.0
06257799;897429600000;1.0
06113077;897516000000;1.0
06311957;898207200000;1.0
06155539;898812000000;1.0
06053479;898812000000;1.0
06125197;899157600000;1.0
06009682;899330400000;1.0
05913477;899762400000;1.0
06112369;899935200000;1.0
06142451;899935200000;1.0
06076807;900280800000;1.0
06168346;900367200000;1.0
05982291;900885600000;1.0
06149338;900885600000;1.0
06142453;901058400000;1.0
05963996;901058400000;1.0
06027785;901144800000;1.0
05921704;901490400000;1.0
06053481;901576800000;1.0
06173945;902095200000;1.0
06185888;902354400000;1.0
06106401;903304800000;1.0
06264172;903650400000;1.0
06056038;903650400000;1.0
06116811;904255200000;1.0
05984279;904860000000;1.0
06138993;904860000000;1.0
06036399;905724000000;1.0
06158923;906674400000;1.0
06015244;906933600000;1.0
06149134;907192800000;1.0
06173944;907279200000;1.0
06099200;907279200000;1.0
05988934;908748000000;1.0
06209854;909093600000;1.0
06073415;909356400000;1.0
06102375;909702000000;1.0
06126148;910047600000;1.0
05988598;910134000000;1.0
06142704;910220400000;1.0
05997211;910825200000;1.0
05934651;910825200000;1.0
06092959;911170800000;1.0
06260828;911257200000;1.0
06561491;911343600000;1.0
06283456;911430000000;1.0
06142701;911430000000;1.0
06203079;911775600000;1.0
06190084;911862000000;1.0
06152428;912380400000;1.0
06155022;913071600000;1.0
05974998;913676400000;1.0
06270057;913762800000;1.0
06173942;913762800000;1.0
06415553;913935600000;1.0
06209853;914194800000;1.0
06131886;915404400000;1.0
06155744;915663600000;1.0
06311428;916095600000;1.0
06176472;916268400000;1.0
06460829;916354800000;1.0
06199833;916354800000;1.0
06004217;916354800000;1.0
06149135;916700400000;1.0
06305671;917305200000;1.0
06244571;917391600000;1.0
06041486;917478000000;1.0
06044595;917910000000;1.0
06029556;918169200000;1.0
06200063;918169200000;1.0
06141928;918428400000;1.0
06231031;918687600000;1.0
06164629;918774000000;1.0
06328284;919292400000;1.0
06048128;919810800000;1.0
06190082;920329200000;1.0
06299110;920329200000;1.0
06179516;920415600000;1.0
06217007;920415600000;1.0
06279879;920588400000;1.0
06261196;921020400000;1.0
06308936;921020400000;1.0
06179273;921452400000;1.0
06135424;921538800000;1.0
06036156;921711600000;1.0
06237299;922057200000;1.0
06152430;922316400000;1.0
06357184;922658400000;1.0
06220576;922831200000;1.0
06176471;922831200000;1.0
06203241;922831200000;1.0
06340268;923349600000;1.0
06491287;923349600000;1.0
06312188;923954400000;1.0
06223477;924040800000;1.0
06119621;924040800000;1.0
06241217;924213600000;1.0
06311955;925077600000;1.0
06257556;925077600000;1.0
06012547;925336800000;1.0
06431526;925423200000;1.0
06341550;925768800000;1.0
06385901;925768800000;1.0
06588732;925941600000;1.0
06276668;925941600000;1.0
06203233;926287200000;1.0
06371692;926373600000;1.0
06151852;926460000000;1.0
06257557;926546400000;1.0
06257558;926892000000;1.0
06290212;926978400000;1.0
06254064;926978400000;1.0
06494438;927064800000;1.0
06237895;927237600000;1.0
06344617;927842400000;1.0
06260829;928792800000;1.0
06234437;928879200000;1.0
06363679;929052000000;1.0
06536744;929311200000;1.0
06375164;929656800000;1.0
06142452;930175200000;1.0
06398193;930261600000;1.0
06836213;930520800000;1.0
06135423;930520800000;1.0
06199831;930693600000;1.0
06220577;931730400000;1.0
06360984;931989600000;1.0
06398192;932335200000;1.0
06293727;932335200000;1.0
06264173;932680800000;1.0
07032889;932940000000;1.0
06199333;933631200000;1.0
06257559;933804000000;1.0
06296233;934149600000;1.0
06293521;934236000000;1.0
06296234;934236000000;1.0
06182948;934495200000;1.0
06279880;935100000000;1.0
06254063;935359200000;1.0
06305672;935618400000;1.0
06386519;935704800000;1.0
06543584;936309600000;1.0
06443432;936828000000;1.0
06283457;937173600000;1.0
06190085;937778400000;1.0
06343778;937778400000;1.0
06206347;937864800000;1.0
06328285;937864800000;1.0
06279276;937864800000;1.0
06290427;938037600000;1.0
06241216;938124000000;1.0
06299142;938383200000;1.0
06309140;938469600000;1.0
06505820;938728800000;1.0
06213452;939247200000;1.0
06276667;939938400000;1.0
06406003;940802400000;1.0
06279858;940802400000;1.0
06290214;940802400000;1.0
06338311;941148000000;1.0
06533881;941583600000;1.0
06330998;942015600000;1.0
06202987;942015600000;1.0
06308937;943916400000;1.0
06418674;944002800000;1.0
06299141;944002800000;1.0
06327830;944434800000;1.0
06227523;944434800000;1.0
06290213;944694000000;1.0
06311956;944780400000;1.0
06479909;945126000000;1.0
06575434;945385200000;1.0
06293523;945730800000;1.0
06302382;945817200000;1.0
06382597;945817200000;1.0
06189868;945817200000;1.0
06349924;946508400000;1.0
06299143;946854000000;1.0
06363583;947026800000;1.0
06185875;947804400000;1.0
06533251;948236400000;1.0
06203239;948236400000;1.0
06247553;948322800000;1.0
06505819;949273200000;1.0
06409417;949446000000;1.0
06422613;949964400000;1.0
06367781;950137200000;1.0
06502663;950742000000;1.0
06203242;950742000000;1.0
06253497;950828400000;1.0
RE041988;951346800000;1.0
06393791;952642800000;1.0
06415564;953247600000;1.0
06375166;953852400000;1.0
06419209;954367200000;1.0
06345475;954799200000;1.0
06341764;956181600000;1.0
06481920;956872800000;1.0
06279878;956872800000;1.0
06581992;956872800000;1.0
06345809;957391200000;1.0
06390730;957477600000;1.0
06907914;957477600000;1.0
06435761;957477600000;1.0
06527469;958082400000;1.0
06270058;958341600000;1.0
06712339;958341600000;1.0
06298611;958514400000;1.0
06494643;958687200000;1.0
06446938;959119200000;1.0
06622434;959119200000;1.0
06491286;959119200000;1.0
06450483;959810400000;1.0
06622436;959896800000;1.0
06406002;960847200000;1.0
06840706;961020000000;1.0
06380490;961106400000;1.0
06554257;961106400000;1.0
06402421;961365600000;1.0
06375165;961365600000;1.0
06325347;961624800000;1.0
06382596;961624800000;1.0
06471192;962143200000;1.0
06581616;962143200000;1.0
06457895;962748000000;1.0
06896443;962748000000;1.0
06394422;962920800000;1.0
06472602;963871200000;1.0
06505993;963957600000;1.0
06353187;964130400000;1.0
06698724;964130400000;1.0
06394228;964735200000;1.0
06886296;966204000000;1.0
06601830;966549600000;1.0
06336623;966808800000;1.0
06454244;966895200000;1.0
06543751;966895200000;1.0
06679480;966981600000;1.0
06425572;968364000000;1.0
06527475;968623200000;1.0
06698725;968882400000;1.0
06402127;969228000000;1.0
06367780;970005600000;1.0
06595496;970092000000;1.0
06385929;970178400000;1.0
06561492;970437600000;1.0
06467756;970524000000;1.0
06481696;970610400000;1.0
06428237;970783200000;1.0
06969050;971128800000;1.0
06439801;971128800000;1.0
06427983;971301600000;1.0
06272800;971647200000;1.0
06443433;971820000000;1.0
06561493;971906400000;1.0
06374560;972424800000;1.0
06682056;972860400000;1.0
RE039842;972946800000;1.0
06551010;973033200000;1.0
06789786;973465200000;1.0
06594963;973638000000;1.0
06340151;973724400000;1.0
06386517;973810800000;1.0
06481697;974070000000;1.0
06533495;974242800000;1.0
06505950;974415600000;1.0
06547223;974847600000;1.0
06551011;974847600000;1.0
06467230;975366000000;1.0
06530561;975452400000;1.0
06412236;975625200000;1.0
06499725;975884400000;1.0
06464209;975884400000;1.0
06568658;977439600000;1.0
06422783;978044400000;1.0
06546676;978044400000;1.0
06533249;978390000000;1.0
06461076;978476400000;1.0
06688583;978476400000;1.0
06513793;978562800000;1.0
06502805;978649200000;1.0
06485224;979167600000;1.0
06520487;979599600000;1.0
06592102;979772400000;1.0
06866252;979858800000;1.0
06619629;979858800000;1.0
06434900;980118000000;1.0
06386518;980118000000;1.0
06499438;980722800000;1.0
06409156;980809200000;1.0
06517279;980809200000;1.0
06588733;980895600000;1.0
06398191;981500400000;1.0
06360481;981500400000;1.0
06523300;982278000000;1.0
06595497;982278000000;1.0
06478111;982278000000;1.0
06568657;982623600000;1.0
06595498;982623600000;1.0
06685172;982710000000;1.0
06634623;982796400000;1.0
06918214;982882800000;1.0
06609347;983142000000;1.0
06706132;983228400000;1.0
06578827;983401200000;1.0
06540445;983401200000;1.0
06718691;983833200000;1.0
06513566;983919600000;1.0
06719278;984351600000;1.0
06517056;984351600000;1.0
06557830;984697200000;1.0
06343821;984956400000;1.0
06382695;985042800000;1.0
06456198;985644000000;1.0
06554530;985730400000;1.0
06523807;985903200000;1.0
06540209;985903200000;1.0
06824332;986162400000;1.0
06662515;986162400000;1.0
06481926;986767200000;1.0
06536985;986767200000;1.0
06585234;986767200000;1.0
06520711;986853600000;1.0
06488268;987026400000;1.0
06443655;987804000000;1.0
06561499;987976800000;1.0
06758460;988149600000;1.0
06554256;988149600000;1.0
06568145;988581600000;1.0
06581914;988927200000;1.0
06558075;989445600000;1.0
06575433;989532000000;1.0
07028990;989532000000;1.0
06631887;989791200000;1.0
06601831;989877600000;1.0
06499514;990136800000;1.0
06783116;990396000000;1.0
06527255;990396000000;1.0
06619631;990482400000;1.0
06719483;990568800000;1.0
06824123;990655200000;1.0
06557832;990655200000;1.0
06578826;990741600000;1.0
06478287;991087200000;1.0
06508458;991260000000;1.0
06646563;991346400000;1.0
06941710;991432800000;1.0
06619627;991605600000;1.0
06626611;991778400000;1.0
06929252;992901600000;1.0
06578342;992901600000;1.0
06637728;993679200000;1.0
06836222;993765600000;1.0
06684477;994024800000;1.0
06517280;994284000000;1.0
06782668;994716000000;1.0
06565069;995839200000;1.0
06551012;995925600000;1.0
06761641;996530400000;1.0
06435478;997135200000;1.0
06558067;997135200000;1.0
06922942;997308000000;1.0
06719277;997394400000;1.0
06557831;997653600000;1.0
06662514;997653600000;1.0
06533250;998258400000;1.0
06527256;998258400000;1.0
06508457;998517600000;1.0
06536745;998863200000;1.0
06526722;998949600000;1.0
06851210;999036000000;1.0
06494009;999122400000;1.0
06499911;999208800000;1.0
06523317;999208800000;1.0
06619630;999208800000;1.0
06715735;999208800000;1.0
06679482;999640800000;1.0
06585080;999727200000;1.0
06517442;1000764000000;1.0
06491474;1000936800000;1.0
06474904;1001282400000;1.0
06824122;1001628000000;1.0
06676331;1001628000000;1.0
06676113;1002146400000;1.0
06616995;1002664800000;1.0
06722637;1002664800000;1.0
06523808;1002751200000;1.0
06581875;1002837600000;1.0
06848236;1003183200000;1.0
06612551;1003528800000;1.0
06595502;1003960800000;1.0
06863264;1004047200000;1.0
06668484;1004133600000;1.0
06857622;1004569200000;1.0
06634154;1004569200000;1.0
06637971;1004569200000;1.0
06592103;1005087600000;1.0
06752438;1005087600000;1.0
06646551;1005174000000;1.0
06881005;1005260400000;1.0
06543750;1005606000000;1.0
06571521;1005606000000;1.0
06758627;1005778800000;1.0
06648305;1006210800000;1.0
06547221;1006470000000;1.0
06705796;1006729200000;1.0
06612550;1006815600000;1.0
06702259;1006902000000;1.0
06837647;1006988400000;1.0
06517294;1006988400000;1.0
06997637;1007420400000;1.0
06667438;1007506800000;1.0
07031031;1007593200000;1.0
06666616;1008716400000;1.0
06691987;1008716400000;1.0
06579034;1008716400000;1.0
06772998;1008802800000;1.0
06585233;1008802800000;1.0
06857504;1008889200000;1.0
06523872;1009148400000;1.0
07216852;1009148400000;1.0
06732479;1009321200000;1.0
07090202;1009321200000;1.0
06471171;1009494000000;1.0
06913249;1009494000000;1.0
06751906;1010012400000;1.0
06682055;1010098800000;1.0
06745529;1010703600000;1.0
06666625;1010962800000;1.0
06565279;1010962800000;1.0
06962327;1010962800000;1.0
06601245;1011654000000;1.0
06666435;1011740400000;1.0
06698726;1011826800000;1.0
06993817;1012431600000;1.0
06607184;1012777200000;1.0
06540196;1012950000000;1.0
06752385;1013468400000;1.0
06692188;1013554800000;1.0
06616368;1013727600000;1.0
07587317;1013727600000;1.0
06848676;1013727600000;1.0
06767005;1014073200000;1.0
06827336;1014159600000;1.0
06530560;1014159600000;1.0
06619628;1014332400000;1.0
06557829;1014332400000;1.0
06622991;1014332400000;1.0
06691826;1014591600000;1.0
06609703;1014591600000;1.0
06648304;1014937200000;1.0
07041167;1015196400000;1.0
07246791;1015369200000;1.0
06620636;1015455600000;1.0
06712545;1015801200000;1.0
06796549;1015974000000;1.0
06782624;1016060400000;1.0
06595715;1016578800000;1.0
06726184;1017270000000;1.0
07243465;1017612000000;1.0
06708956;1017784800000;1.0
06669175;1017957600000;1.0
07178791;1018303200000;1.0
06696977;1018389600000;1.0
06575435;1018562400000;1.0
06726183;1018562400000;1.0
06637171;1018908000000;1.0
06811144;1018994400000;1.0
06840507;1018994400000;1.0
07178792;1019167200000;1.0
06609702;1020290400000;1.0
06802495;1020376800000;1.0
06811145;1020722400000;1.0
06688046;1020808800000;1.0
06886299;1021327200000;1.0
06588972;1021586400000;1.0
06736373;1021845600000;1.0
06708955;1022018400000;1.0
06672017;1022104800000;1.0
06860472;1022104800000;1.0
06866251;1022536800000;1.0
06551192;1022623200000;1.0
07048462;1022623200000;1.0
06779781;1022709600000;1.0
06883786;1023141600000;1.0
06712340;1023314400000;1.0
07048259;1023314400000;1.0
06679481;1023919200000;1.0
07059590;1024437600000;1.0
06604732;1024524000000;1.0
06763910;1025215200000;1.0
06935809;1025820000000;1.0
07793920;1025820000000;1.0
06715182;1025820000000;1.0
06769380;1025820000000;1.0
06811146;1026770400000;1.0
06733002;1026856800000;1.0
06959919;1026856800000;1.0
06782673;1026943200000;1.0
07185882;1027029600000;1.0
06893191;1027029600000;1.0
07086641;1027029600000;1.0
06729607;1027029600000;1.0
06715736;1027288800000;1.0
06729089;1027461600000;1.0
06735913;1028152800000;1.0
06793204;1028152800000;1.0
06733204;1028671200000;1.0
06805335;1028757600000;1.0
06779629;1029362400000;1.0
06695389;1029448800000;1.0
06588979;1029880800000;1.0
07036799;1029880800000;1.0
07100904;1029967200000;1.0
07111827;1031263200000;1.0
06922953;1031522400000;1.0
06938882;1031522400000;1.0
06874766;1031781600000;1.0
06848679;1031868000000;1.0
06986505;1032300000000;1.0
06935622;1032991200000;1.0
06719276;1033336800000;1.0
06796101;1033509600000;1.0
06739583;1033768800000;1.0
06684580;1033941600000;1.0
06755394;1034028000000;1.0
06705598;1034200800000;1.0
06681528;1034200800000;1.0
07163083;1034200800000;1.0
06871455;1034200800000;1.0
06945517;1034805600000;1.0
06893008;1035151200000;1.0
06902149;1035324000000;1.0
07044446;1035496800000;1.0
07258913;1035759600000;1.0
06843468;1035932400000;1.0
06942199;1036450800000;1.0
06851660;1036537200000;1.0
06813863;1036537200000;1.0
06739093;1036710000000;1.0
06964410;1036969200000;1.0
06719484;1037314800000;1.0
06905110;1037574000000;1.0
06835023;1037574000000;1.0
06621008;1037660400000;1.0
06926462;1037660400000;1.0
06969051;1037919600000;1.0
06874767;1038351600000;1.0
06902150;1038783600000;1.0
06783461;1038870000000;1.0
06832752;1039129200000;1.0
06802496;1039388400000;1.0
07021607;1039734000000;1.0
06845970;1039993200000;1.0
07011297;1040079600000;1.0
07059088;1040079600000;1.0
06880811;1040166000000;1.0
07234275;1040338800000;1.0
06848678;1040598000000;1.0
06679649;1040943600000;1.0
06583363;1041894000000;1.0
06669402;1042066800000;1.0
07017958;1042066800000;1.0
07267324;1042758000000;1.0
06978582;1042758000000;1.0
07032891;1043103600000;1.0
06679654;1043622000000;1.0
06776398;1043708400000;1.0
06779782;1043708400000;1.0
06932327;1043881200000;1.0
06817952;1043967600000;1.0
07152368;1044313200000;1.0
06948704;1044399600000;1.0
06848677;1044399600000;1.0
07445196;1044486000000;1.0
06931793;1044486000000;1.0
06843613;1044486000000;1.0
06945360;1045177200000;1.0
06877721;1046041200000;1.0
07819604;1046041200000;1.0
07032890;1046127600000;1.0
07237766;1046214000000;1.0
06834846;1046646000000;1.0
06904719;1047250800000;1.0
06830236;1047250800000;1.0
06826818;1047423600000;1.0
06702513;1048114800000;1.0
06874765;1049148000000;1.0
07093825;1049320800000;1.0
06672569;1049407200000;1.0
06807710;1049839200000;1.0
06926324;1050271200000;1.0
06971831;1050444000000;1.0
06851889;1050876000000;1.0
06996928;1051480800000;1.0
07125197;1051653600000;1.0
07036798;1051653600000;1.0
06695293;1051912800000;1.0
06908075;1052172000000;1.0
06926471;1052431200000;1.0
06948703;1052776800000;1.0
06752386;1052776800000;1.0
07044448;1052863200000;1.0
06932328;1052949600000;1.0
06789979;1052949600000;1.0
07387295;1052949600000;1.0
06962328;1053468000000;1.0
06886813;1053468000000;1.0
06796747;1054591200000;1.0
06863265;1054677600000;1.0
07461489;1054677600000;1.0
06854716;1054764000000;1.0
06896244;1054764000000;1.0
06837487;1055282400000;1.0
07040605;1055714400000;1.0
06905109;1055887200000;1.0
07044450;1055887200000;1.0
06948880;1056060000000;1.0
07086642;1056664800000;1.0
06840194;1056924000000;1.0
06902152;1057874400000;1.0
06807788;1058133600000;1.0
07311470;1058133600000;1.0
06890367;1058392800000;1.0
06883785;1058479200000;1.0
07055806;1058824800000;1.0
06827042;1058911200000;1.0
07032355;1059343200000;1.0
06851661;1059516000000;1.0
06851662;1059602400000;1.0
06926262;1059688800000;1.0
07325363;1060207200000;1.0
06932329;1060293600000;1.0
06962459;1060639200000;1.0
06994327;1060725600000;1.0
06877722;1061330400000;1.0
06971638;1061416800000;1.0
06929843;1062453600000;1.0
06931798;1062540000000;1.0
06972418;1062626400000;1.0
07018129;1062626400000;1.0
07225896;1062712800000;1.0
06843616;1062972000000;1.0
06835024;1062972000000;1.0
07025335;1063058400000;1.0
06959920;1063058400000;1.0
07226237;1063749600000;1.0
06893007;1063836000000;1.0
06955505;1064786400000;1.0
06945518;1064786400000;1.0
07021678;1065477600000;1.0
07090201;1066255200000;1.0
06872892;1066341600000;1.0
07478798;1066946400000;1.0
07044447;1066946400000;1.0
07188453;1067295600000;1.0
06835027;1067986800000;1.0
06889960;1068764400000;1.0
07044451;1068764400000;1.0
07234283;1069110000000;1.0
06830411;1069110000000;1.0
07104720;1069196400000;1.0
07566047;1069369200000;1.0
07090428;1069801200000;1.0
06966547;1070233200000;1.0
06857621;1070492400000;1.0
07165760;1071702000000;1.0
07121529;1071788400000;1.0
07048090;1072652400000;1.0
07188457;1073516400000;1.0
06948452;1073516400000;1.0
06994326;1074553200000;1.0
06935621;1074726000000;1.0
07475869;1074898800000;1.0
07475868;1075071600000;1.0
06885019;1075244400000;1.0
07014389;1075417200000;1.0
07032888;1075676400000;1.0
07334778;1076281200000;1.0
07121041;1076540400000;1.0
06866253;1076972400000;1.0
06928768;1077145200000;1.0
07300037;1077231600000;1.0
07216854;1077231600000;1.0
07273200;1077577200000;1.0
06902151;1077836400000;1.0
07108249;1077836400000;1.0
07344122;1078095600000;1.0
07331568;1078786800000;1.0
07128308;1078786800000;1.0
07021016;1078786800000;1.0
07677534;1078873200000;1.0
07380379;1078959600000;1.0
07044449;1078959600000;1.0
07024823;1079046000000;1.0
07028991;1080169200000;1.0
07118096;1080856800000;1.0
06935623;1080856800000;1.0
07216853;1080856800000;1.0
07246792;1080856800000;1.0
07114706;1080856800000;1.0
07243908;1081288800000;1.0
06942263;1081461600000;1.0
07007363;1081893600000;1.0
07004458;1082498400000;1.0
07080827;1083535200000;1.0
07500654;1083708000000;1.0
07339474;1083708000000;1.0
06944989;1083880800000;1.0
07240637;1083880800000;1.0
06962461;1084226400000;1.0
07150584;1084312800000;1.0
06935059;1085176800000;1.0
07207551;1085522400000;1.0
06984876;1085608800000;1.0
07007978;1085608800000;1.0
07121530;1085695200000;1.0
07651073;1087423200000;1.0
06945730;1087855200000;1.0
07152841;1087855200000;1.0
07055807;1088114400000;1.0
06986624;1088546400000;1.0
07334370;1088632800000;1.0
07516575;1089237600000;1.0
07178790;1089237600000;1.0
07234689;1089669600000;1.0
07108233;1091484000000;1.0
07093824;1092088800000;1.0
06902153;1092175200000;1.0
07147213;1092175200000;1.0
07500655;1092780000000;1.0
07017320;1092780000000;1.0
07104525;1093212000000;1.0
07076898;1093298400000;1.0
07513710;1093384800000;1.0
07159853;1093471200000;1.0
07100752;1094076000000;1.0
07188825;1094508000000;1.0
07341242;1095026400000;1.0
07134646;1095112800000;1.0
07174617;1095112800000;1.0
07497640;1095199200000;1.0
07641180;1095372000000;1.0
07100903;1095372000000;1.0
07077237;1095717600000;1.0
07699293;1095804000000;1.0
07311738;1095890400000;1.0
07144186;1096322400000;1.0
07097385;1096408800000;1.0
07070031;1096495200000;1.0
07494111;1096840800000;1.0
07419139;1096927200000;1.0
07290756;1096927200000;1.0
07258326;1097013600000;1.0
07048474;1097100000000;1.0
07125002;1098050400000;1.0
07109885;1098396000000;1.0
07249908;1098914400000;1.0
07168689;1099263600000;1.0
07077386;1099350000000;1.0
07563051;1099868400000;1.0
07144813;1100214000000;1.0
07134647;1100214000000;1.0
07152849;1100214000000;1.0
07228938;1100732400000;1.0
07188826;1100905200000;1.0
07178789;1101078000000;1.0
07195232;1101164400000;1.0
07458140;1101682800000;1.0
07111828;1101942000000;1.0
07338033;1101942000000;1.0
07182320;1102028400000;1.0
07451964;1102374000000;1.0
07306397;1102546800000;1.0
07165372;1102633200000;1.0
07144187;1103497200000;1.0
07503551;1103497200000;1.0
07121531;1103497200000;1.0
07699259;1103670000000;1.0
07284746;1104188400000;1.0
07384211;1104793200000;1.0
07316388;1105657200000;1.0
07216381;1105657200000;1.0
07429032;1105657200000;1.0
07377491;1106434800000;1.0
07407152;1106866800000;1.0
06960728;1106866800000;1.0
07562865;1107730800000;1.0
07743574;1108076400000;1.0
07438282;1108335600000;1.0
07191735;1110150000000;1.0
07322564;1110236400000;1.0
07303358;1110495600000;1.0
07234687;1110927600000;1.0
07730677;1110927600000;1.0
07726632;1111446000000;1.0
07032892;1111446000000;1.0
07389860;1111960800000;1.0
07298470;1111960800000;1.0
07523715;1112306400000;1.0
07571898;1112652000000;1.0
07740233;1112738400000;1.0
07268040;1112911200000;1.0
07621510;1113256800000;1.0
07037031;1113516000000;1.0
07628386;1113861600000;1.0
07641178;1114639200000;1.0
07258505;1115157600000;1.0
07540471;1115244000000;1.0
07168688;1115762400000;1.0
07419140;1116194400000;1.0
07294837;1116540000000;1.0
07500653;1116799200000;1.0
07517170;1117144800000;1.0
07232114;1117663200000;1.0
07374154;1118181600000;1.0
07478796;1118354400000;1.0
07315367;1118872800000;1.0
07389573;1119391200000;1.0
07850148;1119391200000;1.0
07134636;1120600800000;1.0
07398960;1120600800000;1.0
07401996;1120600800000;1.0
07364137;1120600800000;1.0
07575391;1120600800000;1.0
07140599;1121032800000;1.0
07530548;1121205600000;1.0
07293530;1121378400000;1.0
07377490;1122242400000;1.0
07147212;1122415200000;1.0
07448820;1123452000000;1.0
07318258;1123797600000;1.0
07234688;1124661600000;1.0
07556242;1124748000000;1.0
07367549;1125007200000;1.0
07401576;1126044000000;1.0
07347412;1126216800000;1.0
07314212;1126476000000;1.0
07168882;1126648800000;1.0
07345754;1126821600000;1.0
07815157;1128895200000;1.0
07506859;1129240800000;1.0
07384025;1129586400000;1.0
07257875;1129672800000;1.0
07478797;1129845600000;1.0
07217061;1129845600000;1.0
07509702;1130104800000;1.0
07350772;1130104800000;1.0
07523899;1130191200000;1.0
07325787;1130277600000;1.0
07465129;1132268400000;1.0
07794173;1132614000000;1.0
07503372;1133132400000;1.0
07841378;1133391600000;1.0
07389975;1133478000000;1.0
07744064;1133910000000;1.0
07434789;1133996400000;1.0
07516946;1133996400000;1.0
07427055;1134428400000;1.0
07475870;1135206000000;1.0
07648181;1136242800000;1.0
07377725;1136329200000;1.0
07195420;1137711600000;1.0
07325790;1138143600000;1.0
07472891;1138575600000;1.0
07588387;1140649200000;1.0
07172176;1140735600000;1.0
07243964;1140994800000;1.0
07377489;1141686000000;1.0
07398961;1141772400000;1.0
07325788;1141772400000;1.0
07494112;1141945200000;1.0
07306203;1142895600000;1.0
07360754;1143068400000;1.0
07384024;1143669600000;1.0
07762533;1144015200000;1.0
07544009;1144188000000;1.0
07311464;1144360800000;1.0
07686535;1144792800000;1.0
07669836;1144879200000;1.0
07455282;1145829600000;1.0
07249755;1145916000000;1.0
07744065;1146434400000;1.0
07556243;1146520800000;1.0
07717382;1146520800000;1.0
07511227;1146780000000;1.0
07780148;1146780000000;1.0
07481444;1147298400000;1.0
07434790;1147816800000;1.0
07562453;1148076000000;1.0
07520491;1148940000000;1.0
07856597;1149112800000;1.0
07673852;1149804000000;1.0
07731159;1152050400000;1.0
07846537;1152223200000;1.0
07216855;1152568800000;1.0
07568680;1152655200000;1.0
07775738;1153692000000;1.0
07604221;1154383200000;1.0
07441751;1156197600000;1.0
07377020;1156629600000;1.0
07410036;1158012000000;1.0
07438283;1158012000000;1.0
07832957;1158876000000;1.0
07582988;1159567200000;1.0
07673853;1160604000000;1.0
07654768;1161208800000;1.0
07462256;1161208800000;1.0
07478799;1161208800000;1.0
07334779;1162249200000;1.0
07736097;1162508400000;1.0
07789377;1162508400000;1.0
07681866;1163458800000;1.0
07416364;1163718000000;1.0
07635114;1164150000000;1.0
07587860;1165186800000;1.0
07726634;1165446000000;1.0
07520492;1167260400000;1.0
07426758;1168210800000;1.0
07455155;1168297200000;1.0
07503550;1168383600000;1.0
07594643;1168902000000;1.0
07523921;1169161200000;1.0
07393154;1169161200000;1.0
07614612;1169506800000;1.0
07438284;1169679600000;1.0
07530549;1170025200000;1.0
07461833;1170111600000;1.0
07721507;1170198000000;1.0
07635115;1170198000000;1.0
07543801;1170457200000;1.0
07743556;1170630000000;1.0
07441750;1171234800000;1.0
07827741;1171321200000;1.0
07793921;1172098800000;1.0
07748681;1172185200000;1.0
07753346;1172703600000;1.0
07404532;1172703600000;1.0
07325789;1173135600000;1.0
07434788;1173394800000;1.0
07635610;1174431600000;1.0
07396002;1174518000000;1.0
07686283;1174946400000;1.0
07631409;1175032800000;1.0
07506860;1175810400000;1.0
07712998;1176415200000;1.0
07329067;1176933600000;1.0
07662044;1177884000000;1.0
07543802;1177970400000;1.0
07530550;1178143200000;1.0
07540472;1178748000000;1.0
07419141;1179093600000;1.0
07530551;1179180000000;1.0
07537411;1179439200000;1.0
07641179;1179439200000;1.0
07559536;1179439200000;1.0
07789376;1179957600000;1.0
07481600;1180476000000;1.0
07690629;1180994400000;1.0
07798473;1182808800000;1.0
07516945;1184018400000;1.0
07438337;1184536800000;1.0
07448599;1185832800000;1.0
07677533;1185919200000;1.0
07811032;1187042400000;1.0
07575225;1187128800000;1.0
07681368;1187647200000;1.0
07810285;1189029600000;1.0
07520542;1189980000000;1.0
07736084;1190930400000;1.0
07793476;1192140000000;1.0
07857548;1193090400000;1.0
07559535;1193785200000;1.0
07487580;1194562800000;1.0
07850391;1194562800000;1.0
07836653;1196204400000;1.0
07484906;1196722800000;1.0
07637481;1197068400000;1.0
07690628;1197241200000;1.0
07854424;1197500400000;1.0
07800515;1197846000000;1.0
07445402;1197932400000;1.0
07604438;1198018800000;1.0
07571897;1198710000000;1.0
07721476;1200265200000;1.0
07661656;1200610800000;1.0
07784240;1200610800000;1.0
07627995;1202684400000;1.0
07832713;1202943600000;1.0
07726635;1203462000000;1.0
07581353;1204239600000;1.0
07802773;1205276400000;1.0
07568679;1205362800000;1.0
07726633;1205708400000;1.0
07661837;1205708400000;1.0
07722014;1205881200000;1.0
07819390;1205881200000;1.0
07603965;1206658800000;1.0
07857291;1207778400000;1.0
07748686;1209333600000;1.0
07628385;1209506400000;1.0
07694941;1209938400000;1.0
07707794;1209938400000;1.0
07607645;1212616800000;1.0
07692216;1212703200000;1.0
07543369;1213567200000;1.0
07857292;1218492000000;1.0
07571896;1219269600000;1.0
07562864;1219874400000;1.0
07677535;1221516000000;1.0
07540046;1222207200000;1.0
07731160;1222207200000;1.0
07614819;1233702000000;1.0
07815824;1235516400000;1.0
07802351;1238536800000;1.0
07654506;1245535200000;1.0
07793397;1247522400000;1.0
07850317;1257980400000;1.0
