id;ts;originality
03907279;20300400000;1.0
03885780;33346800000;1.0
03917252;42418800000;1.0
03907271;65142000000;1.0
03881716;67129200000;1.0
03897051;68857200000;1.0
03891202;73522800000;1.0
03874649;85014000000;1.0
03899165;86828400000;1.0
03883130;87692400000;1.0
03938799;88729200000;1.0
03871639;88902000000;1.0
03866497;91407600000;1.0
03877692;92012400000;1.0
03889939;92271600000;1.0
03887176;92962800000;1.0
03892427;93654000000;1.0
03908978;94431600000;1.0
03870290;94950000000;1.0
03874648;97282800000;1.0
03899381;97887600000;1.0
03869328;100998000000;1.0
03920236;101602800000;1.0
03870291;102898800000;1.0
03924846;105577200000;1.0
03953017;105577200000;1.0
03902708;105577200000;1.0
03871638;106527600000;1.0
03945632;106873200000;1.0
03880418;108946800000;1.0
03917250;109465200000;1.0
03879028;109465200000;1.0
03859898;112489200000;1.0
04009071;113785200000;1.0
03866900;114217200000;1.0
03919039;116463600000;1.0
03904019;117068400000;1.0
03881717;118278000000;1.0
03897727;118969200000;1.0
03970297;120697200000;1.0
03902709;121474800000;1.0
03921968;121906800000;1.0
03923145;122079600000;1.0
03993303;122511600000;1.0
03937452;123116400000;1.0
03924845;124326000000;1.0
03913467;124498800000;1.0
03884458;124671600000;1.0
03901500;124671600000;1.0
03879032;125103600000;1.0
03958798;125190000000;1.0
03926423;125708400000;1.0
03884408;125794800000;1.0
03944207;125794800000;1.0
03908524;126486000000;1.0
03915445;127695600000;1.0
03889309;127954800000;1.0
03941366;128214000000;1.0
03917251;128300400000;1.0
03966185;129769200000;1.0
03926427;130028400000;1.0
03951397;132447600000;1.0
03942782;132534000000;1.0
03948504;132793200000;1.0
03951398;133657200000;1.0
03941367;133657200000;1.0
03942300;134607600000;1.0
03955750;137631600000;1.0
04032131;137804400000;1.0
03916051;138495600000;1.0
03888267;138582000000;1.0
03934867;139446000000;1.0
03953018;139446000000;1.0
03913904;140396400000;1.0
03877628;140828400000;1.0
04020614;141260400000;1.0
03942783;141433200000;1.0
04109936;141606000000;1.0
03935769;141606000000;1.0
03989234;142556400000;1.0
03939766;143074800000;1.0
03897945;143247600000;1.0
03977665;143247600000;1.0
04019728;144543600000;1.0
03938801;146098800000;1.0
03946879;146271600000;1.0
03972283;148518000000;1.0
04108067;148690800000;1.0
03944206;149727600000;1.0
03951399;150418800000;1.0
03941308;152406000000;1.0
03988016;152492400000;1.0
03953023;155775600000;1.0
03982743;155775600000;1.0
03967818;156380400000;1.0
03972519;159145200000;1.0
03979112;160873200000;1.0
03949978;160959600000;1.0
03972521;162774000000;1.0
03989235;163638000000;1.0
03982744;163638000000;1.0
04036090;163724400000;1.0
03988015;164242800000;1.0
03980289;166057200000;1.0
03982745;166402800000;1.0
04017064;167439600000;1.0
03991992;167526000000;1.0
03995847;167871600000;1.0
03994485;167958000000;1.0
04023789;168130800000;1.0
03991993;169081200000;1.0
04026537;169167600000;1.0
03999746;169858800000;1.0
04025065;170377200000;1.0
03983679;170636400000;1.0
04147338;172450800000;1.0
03993299;172710000000;1.0
03982746;172710000000;1.0
03966186;175129200000;1.0
03995748;175129200000;1.0
04070014;175734000000;1.0
03972520;177289200000;1.0
04129293;177634800000;1.0
04073510;179967600000;1.0
03998446;180572400000;1.0
03995848;180831600000;1.0
04021029;180918000000;1.0
04033573;181177200000;1.0
04000890;181782000000;1.0
04000889;181782000000;1.0
03999454;182991600000;1.0
04003565;182991600000;1.0
04003566;182991600000;1.0
04072304;182991600000;1.0
03997154;182991600000;1.0
04029309;183769200000;1.0
04053149;183855600000;1.0
03965644;183942000000;1.0
04046367;184806000000;1.0
04004512;185065200000;1.0
04052049;185756400000;1.0
04018431;186620400000;1.0
04034973;188175600000;1.0
04022455;189212400000;1.0
04033807;189644400000;1.0
04145241;190249200000;1.0
04050686;190594800000;1.0
04252597;190854000000;1.0
04042233;192150000000;1.0
04058202;192322800000;1.0
04105196;192668400000;1.0
04079928;194137200000;1.0
04052048;195346800000;1.0
04034974;195951600000;1.0
04076232;197071200000;1.0
04015837;197244000000;1.0
04118023;198108000000;1.0
04059264;199922400000;1.0
04021876;201132000000;1.0
04099810;201477600000;1.0
04106762;201477600000;1.0
04015841;201736800000;1.0
04014535;201823200000;1.0
04065117;201823200000;1.0
04017066;202687200000;1.0
04068836;203119200000;1.0
04046366;203119200000;1.0
04068973;204760800000;1.0
04059256;205452000000;1.0
04041883;205711200000;1.0
04095779;206661600000;1.0
04157175;207266400000;1.0
04143870;207266400000;1.0
04032132;207352800000;1.0
04093203;207439200000;1.0
04083550;207871200000;1.0
04068835;208994400000;1.0
04104983;209167200000;1.0
04061325;209253600000;1.0
04043235;210204000000;1.0
04080678;210376800000;1.0
04089514;210895200000;1.0
04073391;212364000000;1.0
04083551;212886000000;1.0
04078784;213490800000;1.0
04125253;214441200000;1.0
04085927;215218800000;1.0
04094499;215737200000;1.0
04078785;215823600000;1.0
04084804;216255600000;1.0
04045014;216601200000;1.0
04285506;216601200000;1.0
04106148;218070000000;1.0
04076231;218156400000;1.0
04092020;219452400000;1.0
04119306;219452400000;1.0
04082258;220489200000;1.0
04078490;220662000000;1.0
04050361;222303600000;1.0
04108293;222908400000;1.0
04066251;222994800000;1.0
04073206;223167600000;1.0
04086835;223513200000;1.0
04133521;223599600000;1.0
04124203;223599600000;1.0
04116427;223599600000;1.0
04135708;223686000000;1.0
04138101;223686000000;1.0
04179110;225068400000;1.0
04127266;226105200000;1.0
04204639;226710000000;1.0
04116750;227228400000;1.0
04134672;228092400000;1.0
04134579;228351600000;1.0
04114869;228351600000;1.0
04118022;229298400000;1.0
04179107;230335200000;1.0
04145037;230767200000;1.0
04146216;230767200000;1.0
04146215;230767200000;1.0
04145035;230940000000;1.0
04102729;231112800000;1.0
04132402;232668000000;1.0
04135707;232840800000;1.0
04149709;232840800000;1.0
04177980;233186400000;1.0
04155133;234050400000;1.0
04149288;234396000000;1.0
04162066;234396000000;1.0
04131271;235000800000;1.0
04145038;236383200000;1.0
04127261;236556000000;1.0
04151986;238197600000;1.0
04134558;238284000000;1.0
04094498;238370400000;1.0
04188881;238888800000;1.0
04139218;241653600000;1.0
04194685;242604000000;1.0
04133520;243468000000;1.0
04166613;244854000000;1.0
04155543;245890800000;1.0
04190242;246150000000;1.0
04200275;247273200000;1.0
04170346;247359600000;1.0
04157821;249260400000;1.0
04147337;249692400000;1.0
04121818;249865200000;1.0
04154640;250124400000;1.0
04179108;250729200000;1.0
04168828;251679600000;1.0
04180255;252025200000;1.0
04149711;252284400000;1.0
04194832;252284400000;1.0
04171127;252630000000;1.0
04179109;253148400000;1.0
04198039;253753200000;1.0
04163548;254358000000;1.0
04174829;255135600000;1.0
04196562;255222000000;1.0
04175738;256172400000;1.0
04177979;257036400000;1.0
04203584;257727600000;1.0
04166300;257986800000;1.0
04221373;259196400000;1.0
04167265;260661600000;1.0
04177981;260748000000;1.0
04181552;261957600000;1.0
04190241;262821600000;1.0
04190243;263080800000;1.0
04231558;263426400000;1.0
04168057;264722400000;1.0
04223882;264981600000;1.0
04273319;265327200000;1.0
04236858;265845600000;1.0
04189134;266018400000;1.0
04174830;266450400000;1.0
04175739;267314400000;1.0
04183514;267400800000;1.0
04203334;267919200000;1.0
04270743;267919200000;1.0
04193589;270856800000;1.0
04221372;270856800000;1.0
04211396;271893600000;1.0
04234178;274312800000;1.0
04232858;275004000000;1.0
04211483;275522400000;1.0
04270742;278290800000;1.0
04228992;280710000000;1.0
04248413;280969200000;1.0
04269401;281574000000;1.0
04302198;283129200000;1.0
04266761;283734000000;1.0
04253651;286498800000;1.0
04270967;290041200000;1.0
04269334;290818800000;1.0
04241907;292456800000;1.0
04504051;292716000000;1.0
04236706;293234400000;1.0
04238066;293666400000;1.0
04235430;293925600000;1.0
04248525;294530400000;1.0
04260145;294616800000;1.0
04244564;296258400000;1.0
04254947;296863200000;1.0
04247092;297036000000;1.0
04262893;297036000000;1.0
04326704;298072800000;1.0
04429217;298245600000;1.0
04275873;299282400000;1.0
04295644;299973600000;1.0
04280690;300664800000;1.0
04279411;303948000000;1.0
04241908;304293600000;1.0
04289561;306540000000;1.0
04317203;306540000000;1.0
04340212;306972000000;1.0
04295642;308790000000;1.0
04279610;309394800000;1.0
04279410;309567600000;1.0
04293214;310086000000;1.0
04281920;310086000000;1.0
04285509;311382000000;1.0
04511132;311382000000;1.0
04277057;312591600000;1.0
04323229;313196400000;1.0
04295733;313628400000;1.0
04398708;314233200000;1.0
04290592;315615600000;1.0
04339118;315615600000;1.0
04533132;316047600000;1.0
04260144;316652400000;1.0
04312501;316998000000;1.0
04285607;317602800000;1.0
05058873;319244400000;1.0
04509732;319849200000;1.0
04299378;320540400000;1.0
04355795;320972400000;1.0
04331327;322182000000;1.0
04300791;322959600000;1.0
04376529;323305200000;1.0
04328064;323305200000;1.0
04306711;328744800000;1.0
04295643;328744800000;1.0
04403896;330040800000;1.0
04279409;330127200000;1.0
04368879;330559200000;1.0
04344610;331682400000;1.0
04410170;332028000000;1.0
04360194;332373600000;1.0
04351517;332373600000;1.0
04349185;332978400000;1.0
04381107;333583200000;1.0
04355794;334188000000;1.0
04358197;335656800000;1.0
04384708;335743200000;1.0
04373710;335743200000;1.0
04409870;337816800000;1.0
04371155;337903200000;1.0
04352671;337903200000;1.0
04373848;338421600000;1.0
04380330;338421600000;1.0
04381859;338767200000;1.0
04350327;339116400000;1.0
04371156;340585200000;1.0
04391439;341794800000;1.0
04318539;342399600000;1.0
04384196;343004400000;1.0
04388994;343004400000;1.0
04398710;345078000000;1.0
04420146;345078000000;1.0
04368665;346892400000;1.0
04439865;347670000000;1.0
04378268;348706800000;1.0
04611799;348966000000;1.0
04396336;349311600000;1.0
04372473;349398000000;1.0
04382592;349916400000;1.0
04386768;351212400000;1.0
04408755;351212400000;1.0
04408754;351212400000;1.0
04425111;353631600000;1.0
04354671;354837600000;1.0
04334672;355528800000;1.0
04373986;355960800000;1.0
04361393;356133600000;1.0
04426072;357429600000;1.0
04466603;358552800000;1.0
04381106;360799200000;1.0
04436296;362181600000;1.0
04384709;362354400000;1.0
04392646;364428000000;1.0
04401299;365032800000;1.0
04438914;365292000000;1.0
04502676;368056800000;1.0
04456127;368056800000;1.0
04416447;368316000000;1.0
04405121;368748000000;1.0
04395031;368748000000;1.0
04424963;369007200000;1.0
04402496;370566000000;1.0
04416448;373158000000;1.0
04533131;374108400000;1.0
04471953;375922800000;1.0
04397599;377305200000;1.0
04401300;377737200000;1.0
04505466;379033200000;1.0
04482059;382748400000;1.0
04479641;384390000000;1.0
04403770;385599600000;1.0
04420148;385599600000;1.0
04445881;386373600000;1.0
04484733;386805600000;1.0
04471954;387669600000;1.0
04437855;388188000000;1.0
04411515;388965600000;1.0
04477067;389829600000;1.0
04471977;390088800000;1.0
04422630;390175200000;1.0
04479642;391039200000;1.0
04473425;391039200000;1.0
04448127;391384800000;1.0
04468020;392248800000;1.0
04470587;393026400000;1.0
04453707;393717600000;1.0
04517650;394322400000;1.0
04547856;394322400000;1.0
04525788;394322400000;1.0
04497479;394754400000;1.0
04463939;394927200000;1.0
04420147;395013600000;1.0
04480517;395359200000;1.0
04478398;395618400000;1.0
04478399;395618400000;1.0
04462582;397692000000;1.0
04473218;398556000000;1.0
04462583;399160800000;1.0
04516760;399247200000;1.0
04566681;399247200000;1.0
04494742;400197600000;1.0
04491311;400716000000;1.0
04462584;400975200000;1.0
04468021;401320800000;1.0
04461464;401493600000;1.0
04465269;401493600000;1.0
04483526;401493600000;1.0
04482141;401493600000;1.0
04479643;401929200000;1.0
04522383;402102000000;1.0
04466602;402188400000;1.0
04457505;402188400000;1.0
04463940;403743600000;1.0
04482140;405903600000;1.0
04486011;406162800000;1.0
04559032;408063600000;1.0
04530689;408236400000;1.0
04466733;408322800000;1.0
04499834;408322800000;1.0
04514182;408582000000;1.0
04505378;408927600000;1.0
04496141;408927600000;1.0
04537391;409359600000;1.0
04508528;409964400000;1.0
04482142;410050800000;1.0
04549729;411692400000;1.0
04482139;412988400000;1.0
04444491;413679600000;1.0
04477066;416530800000;1.0
04453706;417049200000;1.0
04475730;417222000000;1.0
04463677;417736800000;1.0
04487405;417736800000;1.0
04494741;417996000000;1.0
04470588;420242400000;1.0
04491309;420415200000;1.0
04524961;420674400000;1.0
04595328;421020000000;1.0
04489930;422488800000;1.0
04529227;423698400000;1.0
04471955;424476000000;1.0
04494740;424908000000;1.0
04463941;425080800000;1.0
04512845;425858400000;1.0
04473219;426463200000;1.0
04502675;427068000000;1.0
04456234;427068000000;1.0
04479640;427672800000;1.0
04501415;428191200000;1.0
04576369;428277600000;1.0
04505467;428536800000;1.0
04544146;430437600000;1.0
04473220;431215200000;1.0
04572496;431820000000;1.0
04508527;432165600000;1.0
04477065;432770400000;1.0
04496140;432770400000;1.0
04497478;432770400000;1.0
04536176;432943200000;1.0
04498663;433116000000;1.0
04493482;433465200000;1.0
04490132;433551600000;1.0
04538517;433551600000;1.0
04522384;433724400000;1.0
04594672;434070000000;1.0
04511131;435366000000;1.0
04531721;435970800000;1.0
04534548;437094000000;1.0
04522382;438390000000;1.0
04997205;438822000000;1.0
04500082;438994800000;1.0
04497480;439167600000;1.0
04582743;439426800000;1.0
04500083;439686000000;1.0
04481068;440722800000;1.0
04508329;440809200000;1.0
04549804;440809200000;1.0
04558942;440895600000;1.0
04566782;440895600000;1.0
04475729;441586800000;1.0
04548393;442450800000;1.0
04491310;442710000000;1.0
04577789;442710000000;1.0
04633793;443142000000;1.0
04515356;444524400000;1.0
04506873;446943600000;1.0
04676494;447289200000;1.0
04650174;447289200000;1.0
04509733;447375600000;1.0
04555101;447980400000;1.0
04519594;448498800000;1.0
04519598;449704800000;1.0
04655739;450568800000;1.0
04516761;451519200000;1.0
04867432;452815200000;1.0
04519597;452988000000;1.0
04519599;453074400000;1.0
04512561;453420000000;1.0
04540458;453938400000;1.0
04575296;453938400000;1.0
04552497;453938400000;1.0
04735406;454543200000;1.0
04516759;454888800000;1.0
04549728;454888800000;1.0
04564186;455148000000;1.0
04560159;455493600000;1.0
04518156;455752800000;1.0
04537390;456012000000;1.0
04521007;456098400000;1.0
04512562;456357600000;1.0
04504235;457048800000;1.0
04575066;457567200000;1.0
04527789;457567200000;1.0
04601462;457653600000;1.0
04519595;458258400000;1.0
04546962;458344800000;1.0
04519596;458517600000;1.0
04531722;458517600000;1.0
04564184;458776800000;1.0
04573618;458949600000;1.0
04586703;459640800000;1.0
04552349;459986400000;1.0
04565359;459986400000;1.0
04527788;460159200000;1.0
04556208;460591200000;1.0
04523751;460764000000;1.0
04526356;461368800000;1.0
04529186;461800800000;1.0
04546961;461800800000;1.0
04586640;461887200000;1.0
04523750;462664800000;1.0
04518157;462751200000;1.0
04582312;463356000000;1.0
04524962;463356000000;1.0
04603971;464220000000;1.0
04533130;464824800000;1.0
04639177;464997600000;1.0
04585113;467247600000;1.0
04568072;467852400000;1.0
04527791;467852400000;1.0
04527790;467852400000;1.0
04527468;467852400000;1.0
04674052;468630000000;1.0
04542893;469234800000;1.0
04570916;469234800000;1.0
04565130;469666800000;1.0
04601693;470271600000;1.0
04573670;471222000000;1.0
04575067;471481200000;1.0
04660818;472172400000;1.0
04614290;472172400000;1.0
04572497;472345200000;1.0
04570917;472431600000;1.0
04564185;472431600000;1.0
04576370;472690800000;1.0
04585220;473036400000;1.0
04588179;474678000000;1.0
04580770;474850800000;1.0
04607830;475196400000;1.0
04611741;475369200000;1.0
04582313;476319600000;1.0
04605209;476319600000;1.0
04564183;476578800000;1.0
04573672;477097200000;1.0
04616815;478825200000;1.0
04593893;480898800000;1.0
04553745;481240800000;1.0
04586704;481327200000;1.0
04587913;481759200000;1.0
04575065;481759200000;1.0
04602775;481759200000;1.0
04598860;481845600000;1.0
04572495;483573600000;1.0
04573671;484178400000;1.0
04592651;484264800000;1.0
04626156;484783200000;1.0
04650173;485042400000;1.0
04621757;485474400000;1.0
04641825;485560800000;1.0
04564470;486079200000;1.0
04746109;487807200000;1.0
04677910;487980000000;1.0
04585219;488757600000;1.0
04577848;489880800000;1.0
04589644;490226400000;1.0
04721294;490485600000;1.0
04605213;490485600000;1.0
04605212;490572000000;1.0
04595187;491176800000;1.0
04605211;492213600000;1.0
04605210;492300000000;1.0
04645191;492386400000;1.0
04624452;493250400000;1.0
04682767;493596000000;1.0
04603629;494719200000;1.0
04815721;495064800000;1.0
04710256;495237600000;1.0
04615517;496274400000;1.0
04616816;496274400000;1.0
04681310;496274400000;1.0
04606534;497574000000;1.0
04730822;497746800000;1.0
04647029;498265200000;1.0
04667946;498351600000;1.0
04666139;498697200000;1.0
04635915;501375600000;1.0
04707790;501375600000;1.0
04708333;501721200000;1.0
04641824;501721200000;1.0
04625954;501807600000;1.0
04611798;502412400000;1.0
04709606;503017200000;1.0
04678173;503103600000;1.0
04606533;503535600000;1.0
04623136;503622000000;1.0
04648586;503708400000;1.0
04678172;504486000000;1.0
04691908;505350000000;1.0
04706950;505350000000;1.0
04619449;505436400000;1.0
04758021;505609200000;1.0
04639873;505954800000;1.0
04634107;506300400000;1.0
04674732;506646000000;1.0
04673382;506732400000;1.0
04696464;507250800000;1.0
04641555;507510000000;1.0
04775137;507510000000;1.0
04720960;507855600000;1.0
04662620;508028400000;1.0
04770284;509670000000;1.0
04697805;510188400000;1.0
04676495;510447600000;1.0
04734865;510793200000;1.0
04625952;510879600000;1.0
04717134;511138800000;1.0
04708331;512949600000;1.0
04674375;514159200000;1.0
04687191;514418400000;1.0
04768766;514418400000;1.0
04718654;514504800000;1.0
04818332;515800800000;1.0
04700598;516578400000;1.0
04721296;517528800000;1.0
04746111;518652000000;1.0
04671501;519861600000;1.0
04679783;519861600000;1.0
04684117;519861600000;1.0
04684116;519861600000;1.0
04795418;520034400000;1.0
04750725;520466400000;1.0
04700940;520552800000;1.0
04730820;520552800000;1.0
04708332;520639200000;1.0
04747817;520725600000;1.0
04737045;521071200000;1.0
04720089;521157600000;1.0
04726578;521676000000;1.0
04815374;522280800000;1.0
04725050;522367200000;1.0
04732374;522626400000;1.0
04754959;523144800000;1.0
04720091;523144800000;1.0
04781366;523663200000;1.0
04700939;524181600000;1.0
04717135;524181600000;1.0
04721295;524181600000;1.0
04678174;524700000000;1.0
04790523;524786400000;1.0
04728089;525564000000;1.0
04725051;525650400000;1.0
04730821;527464800000;1.0
04706951;527724000000;1.0
04720090;528591600000;1.0
04801132;528678000000;1.0
04741233;530146800000;1.0
04752684;530492400000;1.0
04749179;530838000000;1.0
04974824;531615600000;1.0
04753429;532220400000;1.0
04711440;532566000000;1.0
04746108;533948400000;1.0
04773676;534034800000;1.0
04812195;534726000000;1.0
04684118;535330800000;1.0
04778167;536281200000;1.0
04749178;536367600000;1.0
04862378;537404400000;1.0
04811688;537490800000;1.0
04778166;537577200000;1.0
04893803;537750000000;1.0
04736936;537750000000;1.0
04817931;538095600000;1.0
04763888;538095600000;1.0
04767112;539305200000;1.0
04729708;539564400000;1.0
04729554;539823600000;1.0
04709910;539823600000;1.0
04917366;540774000000;1.0
04772003;541119600000;1.0
04768767;541292400000;1.0
04795417;541897200000;1.0
04775358;542329200000;1.0
04797832;542588400000;1.0
04800505;542588400000;1.0
04800506;542588400000;1.0
04800504;542588400000;1.0
04852013;542588400000;1.0
04723770;542934000000;1.0
04753428;543106800000;1.0
04784379;543538800000;1.0
04865304;543625200000;1.0
04743005;544053600000;1.0
04746107;544140000000;1.0
04767250;545263200000;1.0
04762312;545349600000;1.0
04765604;545608800000;1.0
04809964;545608800000;1.0
04770402;545608800000;1.0
04799661;545954400000;1.0
04768768;546213600000;1.0
04778165;546472800000;1.0
04792077;546472800000;1.0
04750724;546645600000;1.0
04768770;546645600000;1.0
04795144;547077600000;1.0
04824426;547682400000;1.0
04730762;548028000000;1.0
04819926;548287200000;1.0
04784381;548287200000;1.0
05012073;548460000000;1.0
04781367;548632800000;1.0
04793251;549064800000;1.0
04936562;549237600000;1.0
04753430;549237600000;1.0
04807865;549237600000;1.0
04757984;549237600000;1.0
04775136;549237600000;1.0
04840365;549237600000;1.0
04738440;549669600000;1.0
04828242;550274400000;1.0
04778441;550792800000;1.0
04765502;551052000000;1.0
04834359;551656800000;1.0
04779859;552088800000;1.0
04795143;553816800000;1.0
04762311;554335200000;1.0
04886259;554421600000;1.0
04810007;554421600000;1.0
04824503;554594400000;1.0
04733856;554680800000;1.0
04864350;555285600000;1.0
04836524;557100000000;1.0
04822016;557618400000;1.0
04782363;558828000000;1.0
04836528;559346400000;1.0
04838848;560473200000;1.0
04984773;560473200000;1.0
04747591;560559600000;1.0
04852867;560646000000;1.0
04886260;561596400000;1.0
04840364;561682800000;1.0
04822018;562287600000;1.0
04861327;562460400000;1.0
04908010;562460400000;1.0
04799989;562546800000;1.0
05040782;562892400000;1.0
04805374;563756400000;1.0
04801133;564706800000;1.0
04846064;565225200000;1.0
04842260;565570800000;1.0
05082256;566694000000;1.0
04871157;567039600000;1.0
04822328;567039600000;1.0
04871159;567212400000;1.0
04844432;567212400000;1.0
04851075;569545200000;1.0
04801036;570150000000;1.0
04830351;570236400000;1.0
04817932;570668400000;1.0
04915368;571014000000;1.0
04789147;571014000000;1.0
04811938;571273200000;1.0
04865308;571446000000;1.0
04846454;572482800000;1.0
04830352;573778800000;1.0
04799660;574902000000;1.0
04878656;574902000000;1.0
04898373;575762400000;1.0
04844433;576712800000;1.0
04858904;576712800000;1.0
04869484;576712800000;1.0
04874157;576799200000;1.0
04842572;576972000000;1.0
04928942;577404000000;1.0
04850947;577404000000;1.0
04890060;577663200000;1.0
04875668;578181600000;1.0
04863152;578268000000;1.0
04905977;579218400000;1.0
04892297;579736800000;1.0
04842573;579823200000;1.0
04878981;579823200000;1.0
04898372;580341600000;1.0
04872658;580341600000;1.0
04955594;581637600000;1.0
04938465;581724000000;1.0
04901995;582156000000;1.0
04989854;582328800000;1.0
04874158;582760800000;1.0
04936561;582933600000;1.0
04900001;583365600000;1.0
04952426;583624800000;1.0
04928941;584229600000;1.0
04901994;584316000000;1.0
04946153;584316000000;1.0
04917365;584661600000;1.0
04895356;585180000000;1.0
04905976;585266400000;1.0
04897145;585439200000;1.0
04867429;585525600000;1.0
04925173;585957600000;1.0
04921235;586044000000;1.0
04930761;586130400000;1.0
04958820;587772000000;1.0
04946154;587858400000;1.0
04844369;588204000000;1.0
04917367;588808800000;1.0
04903952;588808800000;1.0
04946152;589068000000;1.0
04957284;589154400000;1.0
04966353;589500000000;1.0
04961565;589586400000;1.0
04925171;589672800000;1.0
04893152;590104800000;1.0
04901996;590277600000;1.0
04875669;590364000000;1.0
04946151;591490800000;1.0
04953841;592182000000;1.0
04948111;592527600000;1.0
04848231;592700400000;1.0
04917364;592700400000;1.0
04852487;592700400000;1.0
04923188;593823600000;1.0
04925172;594255600000;1.0
04973035;594428400000;1.0
04969639;594860400000;1.0
05018535;595033200000;1.0
04948112;595033200000;1.0
04944502;595465200000;1.0
04925170;595724400000;1.0
04934681;596156400000;1.0
04893153;596415600000;1.0
04989853;596674800000;1.0
04966352;596674800000;1.0
04923189;597452400000;1.0
04897587;597538800000;1.0
04959600;597538800000;1.0
04891681;597625200000;1.0
04976420;598230000000;1.0
04900002;598230000000;1.0
05217255;598489200000;1.0
04900391;598489200000;1.0
04958819;598489200000;1.0
04946150;598489200000;1.0
04905054;599180400000;1.0
04942535;599439600000;1.0
04970654;599439600000;1.0
05003485;599439600000;1.0
04957280;599958000000;1.0
04959795;600303600000;1.0
04974823;600476400000;1.0
04905055;601167600000;1.0
04949948;601513200000;1.0
04988086;601772400000;1.0
04995600;601858800000;1.0
05035412;602290800000;1.0
05000431;602377200000;1.0
04928940;602722800000;1.0
04988085;602895600000;1.0
04898570;602895600000;1.0
04948109;602895600000;1.0
04964626;603068400000;1.0
04989851;603327600000;1.0
04973036;603414000000;1.0
04993697;603586800000;1.0
05053831;603673200000;1.0
04976419;604191600000;1.0
04871158;604537200000;1.0
05044617;604623600000;1.0
05050851;604796400000;1.0
04986521;605142000000;1.0
04965629;605746800000;1.0
04901993;605746800000;1.0
05013019;605833200000;1.0
05009408;606006000000;1.0
04892036;606438000000;1.0
05021273;606524400000;1.0
04988030;606610800000;1.0
05046710;606610800000;1.0
04932579;606610800000;1.0
04932645;607125600000;1.0
04989850;607212000000;1.0
05037078;607730400000;1.0
04944131;607903200000;1.0
05026035;607903200000;1.0
04925174;608248800000;1.0
05011123;608335200000;1.0
05029832;608508000000;1.0
05046709;608767200000;1.0
05031889;608853600000;1.0
04971303;609026400000;1.0
04903600;609372000000;1.0
04896870;609544800000;1.0
05048809;609544800000;1.0
04971302;610063200000;1.0
05011131;610149600000;1.0
05019716;610322400000;1.0
05007623;610581600000;1.0
04932644;610581600000;1.0
04981291;610668000000;1.0
05052667;610668000000;1.0
05052666;610668000000;1.0
05000434;610668000000;1.0
05028192;610754400000;1.0
04974822;610840800000;1.0
04987547;610927200000;1.0
04982940;611186400000;1.0
04984772;611186400000;1.0
05005816;611272800000;1.0
04966354;611791200000;1.0
04997175;611877600000;1.0
05007624;612050400000;1.0
04939888;612655200000;1.0
05033727;612741600000;1.0
04952203;613087200000;1.0
05116033;613692000000;1.0
05104108;613692000000;1.0
05037077;614988000000;1.0
04941650;614988000000;1.0
04983096;616024800000;1.0
05020785;616111200000;1.0
05060922;616197600000;1.0
05039075;616197600000;1.0
05000432;616629600000;1.0
04972655;616802400000;1.0
05013020;616888800000;1.0
05000433;617580000000;1.0
05094438;617839200000;1.0
05058872;618530400000;1.0
05141215;619221600000;1.0
05092509;619308000000;1.0
05067697;619308000000;1.0
05013022;619394400000;1.0
05007625;619912800000;1.0
05020786;620344800000;1.0
04991829;620949600000;1.0
05033725;621208800000;1.0
05102110;621208800000;1.0
05067698;621208800000;1.0
05042789;621208800000;1.0
05029829;621640800000;1.0
05029827;621727200000;1.0
05018713;621813600000;1.0
05020784;622072800000;1.0
05029830;622159200000;1.0
05008716;623545200000;1.0
05022637;625446000000;1.0
05039077;625964400000;1.0
05029831;627001200000;1.0
05005751;627087600000;1.0
05021837;627865200000;1.0
04944503;628383600000;1.0
05054758;628383600000;1.0
05029828;628729200000;1.0
05098075;628988400000;1.0
05073803;629679600000;1.0
04984948;630284400000;1.0
05024430;631407600000;1.0
05071689;631753200000;1.0
05013021;631753200000;1.0
05028040;631753200000;1.0
05100119;631926000000;1.0
05031890;632012400000;1.0
04989852;632098800000;1.0
05037076;632098800000;1.0
05064181;632098800000;1.0
05039076;634172400000;1.0
05067699;634345200000;1.0
05078374;634950000000;1.0
05067088;635122800000;1.0
05005815;635468400000;1.0
05060921;635554800000;1.0
05137265;636591600000;1.0
05014971;636591600000;1.0
05033726;636764400000;1.0
05196083;637196400000;1.0
05024429;637196400000;1.0
05054757;637196400000;1.0
05062597;637542000000;1.0
05106067;637887600000;1.0
04986520;638060400000;1.0
05144562;638575200000;1.0
05123890;638661600000;1.0
05083760;639352800000;1.0
05064180;639612000000;1.0
05016863;639612000000;1.0
05044618;640216800000;1.0
05027462;641080800000;1.0
05083769;641772000000;1.0
05110116;641772000000;1.0
05195731;641772000000;1.0
05044625;642376800000;1.0
05044619;642636000000;1.0
05078825;642636000000;1.0
05056767;642895200000;1.0
05080339;643413600000;1.0
05096174;644104800000;1.0
05088975;644709600000;1.0
05100116;644709600000;1.0
05065992;644709600000;1.0
05031891;645055200000;1.0
05090672;645141600000;1.0
05137409;645228000000;1.0
05104105;645314400000;1.0
05383130;645314400000;1.0
05094437;646351200000;1.0
05112179;646610400000;1.0
05125635;647128800000;1.0
05072919;647560800000;1.0
05147273;647560800000;1.0
05078376;648165600000;1.0
05076555;648856800000;1.0
05080337;648856800000;1.0
05080338;649288800000;1.0
05076556;649375200000;1.0
05088707;650152800000;1.0
05118375;650152800000;1.0
05067700;650239200000;1.0
05020434;650584800000;1.0
05087023;651362400000;1.0
05088711;651708000000;1.0
05112036;651708000000;1.0
05245547;652485600000;1.0
05191540;652485600000;1.0
05157617;652485600000;1.0
05090673;652485600000;1.0
05092573;652485600000;1.0
05145158;652658400000;1.0
05072920;653090400000;1.0
05137266;653176800000;1.0
05080342;653263200000;1.0
05114130;653522400000;1.0
05117610;653868000000;1.0
05054984;654822000000;1.0
05090671;655081200000;1.0
05088709;656550000000;1.0
05100118;657154800000;1.0
05141216;657241200000;1.0
05106069;657327600000;1.0
05106066;657414000000;1.0
05137506;657500400000;1.0
05177548;657759600000;1.0
05048810;658969200000;1.0
05104106;659314800000;1.0
05102111;659746800000;1.0
05088708;660351600000;1.0
05078375;660438000000;1.0
05172162;660783600000;1.0
05121911;661042800000;1.0
05114129;661129200000;1.0
05082255;661129200000;1.0
05129639;661388400000;1.0
05065993;661474800000;1.0
05104104;661561200000;1.0
05090687;661647600000;1.0
05096176;661993200000;1.0
05042788;662252400000;1.0
05088712;662598000000;1.0
05108082;662770800000;1.0
05108081;662770800000;1.0
05080340;662770800000;1.0
05112035;663375600000;1.0
05147279;663894000000;1.0
05149075;663894000000;1.0
05083281;664498800000;1.0
05121910;664585200000;1.0
05098074;664758000000;1.0
05094379;664758000000;1.0
05172179;665017200000;1.0
05139248;665794800000;1.0
05065994;666399600000;1.0
05110102;667522800000;1.0
05088710;667522800000;1.0
05114128;667609200000;1.0
05186443;667695600000;1.0
05133539;668300400000;1.0
05091777;668646000000;1.0
05096175;669423600000;1.0
05100117;670629600000;1.0
05158273;670802400000;1.0
05064179;671320800000;1.0
05265855;671839200000;1.0
05110101;671925600000;1.0
05125633;672271200000;1.0
05099292;672616800000;1.0
05104107;673048800000;1.0
05106068;673826400000;1.0
05246219;674431200000;1.0
05090678;674431200000;1.0
05127640;675468000000;1.0
05154404;675468000000;1.0
05211384;675468000000;1.0
05187534;675468000000;1.0
05165672;675900000000;1.0
05129640;675900000000;1.0
05131641;675986400000;1.0
05221953;676159200000;1.0
05161795;676764000000;1.0
05169134;677368800000;1.0
05098076;677714400000;1.0
05177546;677887200000;1.0
05139249;678060000000;1.0
05112034;678060000000;1.0
05226871;678492000000;1.0
05145159;678924000000;1.0
05120036;679010400000;1.0
05236185;679096800000;1.0
05143362;679528800000;1.0
05137264;679615200000;1.0
05125634;679615200000;1.0
05181704;680220000000;1.0
05140380;680824800000;1.0
05176371;680997600000;1.0
05171005;681084000000;1.0
05174557;681429600000;1.0
05165674;681602400000;1.0
05139247;681948000000;1.0
05165671;682207200000;1.0
05251888;683848800000;1.0
05176372;684972000000;1.0
05131640;685144800000;1.0
05217215;685663200000;1.0
05242521;685749600000;1.0
05135211;686185200000;1.0
05188348;686271600000;1.0
05161790;686444400000;1.0
05230453;686444400000;1.0
05263697;686962800000;1.0
05201503;687654000000;1.0
05150889;687654000000;1.0
05183247;687740400000;1.0
05112033;687999600000;1.0
05183246;687999600000;1.0
05186445;688086000000;1.0
05296066;688258800000;1.0
05197722;688604400000;1.0
05213316;688863600000;1.0
05156384;689209200000;1.0
05142482;689209200000;1.0
05180153;689468400000;1.0
05180152;689468400000;1.0
05297783;689900400000;1.0
05174556;690591600000;1.0
05207412;690764400000;1.0
05190274;691110000000;1.0
05288063;691369200000;1.0
05085417;691542000000;1.0
05172897;692233200000;1.0
05203549;692319600000;1.0
05152511;692492400000;1.0
05192064;692838000000;1.0
05217216;693010800000;1.0
05242366;693442800000;1.0
05350268;693529200000;1.0
05259605;693788400000;1.0
05222721;693788400000;1.0
05203551;694047600000;1.0
05203550;694047600000;1.0
05180151;694047600000;1.0
05192065;694134000000;1.0
05213318;694306800000;1.0
05230501;695516400000;1.0
05222720;696121200000;1.0
05213317;696466800000;1.0
05236184;696726000000;1.0
05229827;697330800000;1.0
05316425;697676400000;1.0
05131642;697762800000;1.0
05244196;698454000000;1.0
05211383;699058800000;1.0
05267821;699231600000;1.0
05255902;700095600000;1.0
05317654;700268400000;1.0
05293698;700786800000;1.0
05263708;700959600000;1.0
05257081;701650800000;1.0
05343304;701650800000;1.0
05267727;703116000000;1.0
05169133;703202400000;1.0
05209809;703288800000;1.0
05280895;703720800000;1.0
05292110;703807200000;1.0
05366212;704325600000;1.0
05272511;704584800000;1.0
05337687;704930400000;1.0
05229812;705880800000;1.0
05259604;706831200000;1.0
05288062;706831200000;1.0
05305993;706917600000;1.0
05350164;707004000000;1.0
05236189;707090400000;1.0
05188349;707090400000;1.0
05292111;707954400000;1.0
05263698;708127200000;1.0
05377120;708213600000;1.0
05294100;709164000000;1.0
05320334;709250400000;1.0
05201517;709336800000;1.0
05356125;709336800000;1.0
05551679;709336800000;1.0
05284466;709509600000;1.0
05286015;709768800000;1.0
05263696;709768800000;1.0
05186444;709768800000;1.0
05299792;710028000000;1.0
05282611;710373600000;1.0
05248135;710546400000;1.0
05348277;710978400000;1.0
05290020;710978400000;1.0
05305994;710978400000;1.0
05255908;711151200000;1.0
05301935;711151200000;1.0
05322232;711756000000;1.0
05248136;714002400000;1.0
05287805;714175200000;1.0
05303909;714693600000;1.0
05326088;714866400000;1.0
05321464;715212000000;1.0
05398919;715212000000;1.0
05269504;715557600000;1.0
05314176;715903200000;1.0
05279494;715903200000;1.0
05360213;716076000000;1.0
05285249;716076000000;1.0
05286016;716594400000;1.0
05289770;716767200000;1.0
05353477;717721200000;1.0
05320335;717807600000;1.0
05321624;718326000000;1.0
05316280;718326000000;1.0
05241355;718412400000;1.0
05352177;718585200000;1.0
05279536;718585200000;1.0
05321466;719103600000;1.0
05297784;720054000000;1.0
05516256;720054000000;1.0
05310398;720399600000;1.0
05328162;720745200000;1.0
05326209;720831600000;1.0
05308051;721350000000;1.0
05279495;721954800000;1.0
05342032;722041200000;1.0
05299793;722473200000;1.0
05344130;722646000000;1.0
05330170;723078000000;1.0
05277413;723942000000;1.0
05314566;724546800000;1.0
05273265;724892400000;1.0
05338017;725065200000;1.0
05324014;725583600000;1.0
05269503;726102000000;1.0
05316279;726102000000;1.0
05413321;726793200000;1.0
05326087;726793200000;1.0
05316281;726793200000;1.0
05346195;726966000000;1.0
05377964;728262000000;1.0
05285554;728521200000;1.0
05289617;728521200000;1.0
05341543;728521200000;1.0
05354042;729385200000;1.0
05348278;729817200000;1.0
05556086;729990000000;1.0
05346196;731286000000;1.0
05348279;731804400000;1.0
05386979;732236400000;1.0
05375824;732322800000;1.0
05364085;732754800000;1.0
05388815;732927600000;1.0
05547175;733356000000;1.0
05344131;733356000000;1.0
05320336;733528800000;1.0
05413658;733528800000;1.0
05354043;733960800000;1.0
05328547;734133600000;1.0
05283752;734220000000;1.0
05417410;734738400000;1.0
05405127;734738400000;1.0
05445367;735170400000;1.0
05373610;735256800000;1.0
05467973;735343200000;1.0
05342034;735861600000;1.0
05388819;735948000000;1.0
05407186;735948000000;1.0
05451040;736380000000;1.0
05429627;736466400000;1.0
05279218;737330400000;1.0
05289251;737762400000;1.0
05421568;737935200000;1.0
05390910;738194400000;1.0
05447296;738367200000;1.0
05411245;738885600000;1.0
05441245;739749600000;1.0
05451037;740354400000;1.0
05449158;740959200000;1.0
05447297;741218400000;1.0
05443248;741304800000;1.0
05397106;741304800000;1.0
05382011;741477600000;1.0
05443250;741909600000;1.0
05460359;741909600000;1.0
05465213;742428000000;1.0
05388816;742514400000;1.0
05437442;742514400000;1.0
05393042;744328800000;1.0
05508798;745452000000;1.0
05390905;746056800000;1.0
05346203;746661600000;1.0
05484379;746834400000;1.0
05434661;747352800000;1.0
05449156;747525600000;1.0
05449167;748648800000;1.0
05348288;749084400000;1.0
05980676;749257200000;1.0
05374043;749343600000;1.0
05447262;749343600000;1.0
05409205;749430000000;1.0
05342033;749948400000;1.0
05437441;750380400000;1.0
05375825;750898800000;1.0
05447298;751503600000;1.0
05374042;751676400000;1.0
05441244;751676400000;1.0
05445368;751676400000;1.0
05382016;751849200000;1.0
05377965;752713200000;1.0
05419541;754700400000;1.0
05462266;754700400000;1.0
05382012;755132400000;1.0
05405126;755737200000;1.0
05429698;755910000000;1.0
05439206;755996400000;1.0
05466321;756082800000;1.0
05461469;756342000000;1.0
05464199;756601200000;1.0
05425837;756601200000;1.0
05533719;758415600000;1.0
05415385;759106800000;1.0
05449157;759970800000;1.0
05415092;760057200000;1.0
05492315;760230000000;1.0
05474221;761266800000;1.0
05435544;761353200000;1.0
05398918;761439600000;1.0
05443249;761526000000;1.0
05385340;763599600000;1.0
05478063;763599600000;1.0
05465947;763945200000;1.0
05452887;763945200000;1.0
05409202;763945200000;1.0
05409201;763945200000;1.0
05421567;764805600000;1.0
05558318;764892000000;1.0
05407081;765064800000;1.0
05489473;765669600000;1.0
05478091;765669600000;1.0
05464200;766360800000;1.0
05362200;766360800000;1.0
05499564;766360800000;1.0
05632587;766360800000;1.0
05518228;766620000000;1.0
05472181;766620000000;1.0
05516090;766965600000;1.0
05400475;767484000000;1.0
05520378;767484000000;1.0
05494270;768780000000;1.0
05508799;769298400000;1.0
05415386;769384800000;1.0
05435535;769644000000;1.0
05535996;771458400000;1.0
05421662;772236000000;1.0
05547177;772668000000;1.0
05478062;773013600000;1.0
05478061;773013600000;1.0
05501442;773359200000;1.0
05568917;773618400000;1.0
05435534;773877600000;1.0
05639083;774136800000;1.0
05497984;774223200000;1.0
05458323;774223200000;1.0
05462399;774223200000;1.0
05421699;774482400000;1.0
05531430;774741600000;1.0
05473420;774741600000;1.0
05540421;774741600000;1.0
05529298;775087200000;1.0
05464201;775432800000;1.0
05384634;775692000000;1.0
05503381;776901600000;1.0
05503380;777160800000;1.0
05490666;778111200000;1.0
05558615;778111200000;1.0
05510997;778197600000;1.0
05522586;778888800000;1.0
05519624;779493600000;1.0
05501148;779580000000;1.0
05492316;780012000000;1.0
05513839;780271200000;1.0
05549288;780534000000;1.0
05474285;780534000000;1.0
05474286;781484400000;1.0
05622360;782521200000;1.0
05540422;782953200000;1.0
05527256;783126000000;1.0
05511769;783558000000;1.0
05586964;783730800000;1.0
05544471;783903600000;1.0
05531437;784162800000;1.0
05462265;784162800000;1.0
05735516;784335600000;1.0
05558319;784854000000;1.0
05499803;785545200000;1.0
05607145;786063600000;1.0
05622268;786150000000;1.0
05501443;786322800000;1.0
05658422;787014000000;1.0
05673910;787273200000;1.0
05573231;787446000000;1.0
05547176;787446000000;1.0
05551682;787964400000;1.0
05551678;788050800000;1.0
05503379;788050800000;1.0
05493367;788137200000;1.0
05653429;788223600000;1.0
05564685;789606000000;1.0
05626333;789865200000;1.0
05522587;790556400000;1.0
05509645;791506800000;1.0
05639077;791766000000;1.0
05599008;791766000000;1.0
05632476;791852400000;1.0
05588644;792025200000;1.0
05657977;792198000000;1.0
05590871;792716400000;1.0
05551680;792975600000;1.0
05547178;793494000000;1.0
05551686;793494000000;1.0
05564684;793839600000;1.0
05489091;794012400000;1.0
06099452;794012400000;1.0
05522588;794530800000;1.0
05657978;794617200000;1.0
05823320;794703600000;1.0
05575463;795135600000;1.0
05527025;795135600000;1.0
05662318;795394800000;1.0
05667211;796086000000;1.0
05489969;796255200000;1.0
05531429;796428000000;1.0
05542655;796860000000;1.0
05489092;796946400000;1.0
05667210;797205600000;1.0
05577718;797464800000;1.0
05634632;797896800000;1.0
05673906;797896800000;1.0
05580038;797896800000;1.0
05562278;798674400000;1.0
05667212;798847200000;1.0
05480130;798933600000;1.0
05961110;799279200000;1.0
05634631;799452000000;1.0
05713565;799452000000;1.0
05551681;799624800000;1.0
05526748;799884000000;1.0
05573233;799970400000;1.0
05605267;799970400000;1.0
05752694;800143200000;1.0
05560594;800748000000;1.0
05556087;801439200000;1.0
05623722;801957600000;1.0
05613669;802130400000;1.0
05570875;802303200000;1.0
05556251;802303200000;1.0
05730695;802476000000;1.0
05733622;802476000000;1.0
05890344;802476000000;1.0
05628501;802476000000;1.0
05524873;802476000000;1.0
05544583;802562400000;1.0
05573232;802648800000;1.0
05538232;803858400000;1.0
05593148;803858400000;1.0
05722650;804463200000;1.0
06085913;804463200000;1.0
05754434;804895200000;1.0
05590828;804981600000;1.0
05597152;805413600000;1.0
05616113;805759200000;1.0
05592280;806623200000;1.0
05732939;807141600000;1.0
05816434;807746400000;1.0
05647582;808092000000;1.0
05660382;808092000000;1.0
05722031;808956000000;1.0
05734566;809301600000;1.0
05592881;809560800000;1.0
05644380;809820000000;1.0
05651537;810252000000;1.0
05819663;810338400000;1.0
05590442;810684000000;1.0
05614987;810943200000;1.0
05695181;810943200000;1.0
05704603;811548000000;1.0
05595379;811548000000;1.0
05772194;811720800000;1.0
05580039;811720800000;1.0
05655759;812242800000;1.0
05647583;812934000000;1.0
05785224;813279600000;1.0
05838574;813366000000;1.0
05639080;814575600000;1.0
05782465;814748400000;1.0
05584471;814748400000;1.0
05596932;814834800000;1.0
05653428;815007600000;1.0
05685528;815526000000;1.0
05700002;816044400000;1.0
05732940;816217200000;1.0
05845901;816217200000;1.0
05713566;816217200000;1.0
05634633;816994800000;1.0
05639079;817254000000;1.0
05605322;817254000000;1.0
05639078;817772400000;1.0
05730436;818377200000;1.0
05622359;818895600000;1.0
05690324;818895600000;1.0
05769405;819327600000;1.0
05667213;819586800000;1.0
05826868;819932400000;1.0
05761535;820710000000;1.0
05599009;821314800000;1.0
05716190;821314800000;1.0
05603492;821314800000;1.0
05609333;821314800000;1.0
05794926;821401200000;1.0
05720224;821746800000;1.0
05826869;821746800000;1.0
05810551;821919600000;1.0
05816773;822006000000;1.0
05615871;822610800000;1.0
05657976;822870000000;1.0
05777443;822956400000;1.0
05649695;823129200000;1.0
05678812;824252400000;1.0
05607146;824425200000;1.0
05699980;825375600000;1.0
05752154;825462000000;1.0
05704604;827103600000;1.0
05818724;827276400000;1.0
05630578;827708400000;1.0
05765459;827708400000;1.0
05749567;827881200000;1.0
05735515;828309600000;1.0
05848789;828655200000;1.0
05685529;828914400000;1.0
05717976;829260000000;1.0
05769404;829692000000;1.0
05797596;829692000000;1.0
05613670;829864800000;1.0
05992839;830210400000;1.0
05772198;830296800000;1.0
05707054;830728800000;1.0
05829953;830901600000;1.0
05722651;831074400000;1.0
05775222;831074400000;1.0
05657979;831074400000;1.0
05676056;831160800000;1.0
05695180;831247200000;1.0
05685530;831679200000;1.0
05743517;832024800000;1.0
05655760;832024800000;1.0
05707055;832543200000;1.0
05692440;832543200000;1.0
05996314;832716000000;1.0
05685532;832802400000;1.0
05924970;833407200000;1.0
05709376;833493600000;1.0
05724641;833839200000;1.0
05788226;834012000000;1.0
05752697;834012000000;1.0
05762328;834098400000;1.0
05876027;834616800000;1.0
05782464;835567200000;1.0
05779232;835567200000;1.0
05791641;835912800000;1.0
05662319;836085600000;1.0
05730056;836172000000;1.0
05769406;836258400000;1.0
06000894;836258400000;1.0
05746424;836344800000;1.0
06338603;837122400000;1.0
05853081;837122400000;1.0
06090467;837381600000;1.0
05918101;838591200000;1.0
05810346;839196000000;1.0
06176480;839368800000;1.0
05745590;839455200000;1.0
05628502;839455200000;1.0
05857670;839541600000;1.0
05642876;839800800000;1.0
05893824;839887200000;1.0
05887864;840751200000;1.0
05702097;841183200000;1.0
05678813;841356000000;1.0
05634630;841874400000;1.0
05772195;841960800000;1.0
05681035;842479200000;1.0
05685531;842479200000;1.0
05852765;842997600000;1.0
05769403;843170400000;1.0
05911416;843602400000;1.0
05758871;843602400000;1.0
05746162;843602400000;1.0
05709375;843602400000;1.0
05992838;843688800000;1.0
05777882;843688800000;1.0
05758251;844034400000;1.0
05823521;844293600000;1.0
05836576;844725600000;1.0
05820539;844812000000;1.0
05857669;844898400000;1.0
05871433;844984800000;1.0
05779233;845330400000;1.0
05971394;845416800000;1.0
05833232;845589600000;1.0
05702098;845589600000;1.0
05704602;845589600000;1.0
05709374;845589600000;1.0
05944304;845589600000;1.0
05735108;845935200000;1.0
05727725;845935200000;1.0
05758872;846021600000;1.0
05692740;846021600000;1.0
05833226;846194400000;1.0
05758873;846630000000;1.0
05810345;846630000000;1.0
05765823;846630000000;1.0
05746425;846802800000;1.0
05816715;847321200000;1.0
05782466;847407600000;1.0
05806842;847407600000;1.0
05791644;847407600000;1.0
05730435;848271600000;1.0
05730437;848271600000;1.0
05799935;848271600000;1.0
06895303;848271600000;1.0
05727781;848358000000;1.0
05738346;848444400000;1.0
05791642;848444400000;1.0
05860643;848617200000;1.0
05730438;848876400000;1.0
05732315;849049200000;1.0
05813667;849049200000;1.0
05762329;849740400000;1.0
06179287;851036400000;1.0
05964459;851641200000;1.0
06003853;851641200000;1.0
05855730;851641200000;1.0
05839048;852505200000;1.0
05782467;852678000000;1.0
05791643;853110000000;1.0
05735202;853455600000;1.0
05913099;854578800000;1.0
05836577;855010800000;1.0
06155552;856393200000;1.0
05765824;856479600000;1.0
05887863;856998000000;1.0
05897733;857084400000;1.0
05833107;857430000000;1.0
06105958;858121200000;1.0
05921537;858121200000;1.0
05836578;858898800000;1.0
05951000;859932000000;1.0
05881337;861141600000;1.0
06082725;861919200000;1.0
05988632;862178400000;1.0
06047960;862264800000;1.0
05848325;862351200000;1.0
06161827;862524000000;1.0
06199853;863042400000;1.0
05961115;863128800000;1.0
05924689;863128800000;1.0
06010129;863474400000;1.0
05890050;863474400000;1.0
05918871;863474400000;1.0
05971383;863474400000;1.0
05806850;863474400000;1.0
06089559;863560800000;1.0
05918879;863560800000;1.0
06010122;863733600000;1.0
05862754;864079200000;1.0
05878999;864252000000;1.0
05988620;865202400000;1.0
06004421;865461600000;1.0
05898592;866412000000;1.0
06029968;866498400000;1.0
06095510;866498400000;1.0
05902222;867016800000;1.0
05951004;867189600000;1.0
05988352;867880800000;1.0
05975182;868226400000;1.0
05791250;868485600000;1.0
05876029;869436000000;1.0
06152438;869608800000;1.0
05849140;869695200000;1.0
05938192;869695200000;1.0
05774778;870213600000;1.0
06203000;870213600000;1.0
06082724;870386400000;1.0
05848346;870904800000;1.0
05836579;871336800000;1.0
05884910;871855200000;1.0
05887532;872200800000;1.0
05947461;872460000000;1.0
05772197;872719200000;1.0
06017027;872719200000;1.0
05918729;872805600000;1.0
05899447;873151200000;1.0
05901949;873324000000;1.0
05975823;873928800000;1.0
05909814;874015200000;1.0
05819666;874274400000;1.0
06039317;874360800000;1.0
05953971;874965600000;1.0
06137590;875224800000;1.0
05967503;875829600000;1.0
06012890;875829600000;1.0
06102385;876175200000;1.0
05921538;876175200000;1.0
05915301;876261600000;1.0
05826158;876261600000;1.0
06027107;876261600000;1.0
06029026;876261600000;1.0
06171225;876261600000;1.0
05881352;876348000000;1.0
06006065;876434400000;1.0
05868838;876780000000;1.0
06788426;877039200000;1.0
06092804;877039200000;1.0
06017030;877471200000;1.0
06551228;877557600000;1.0
06022011;878166000000;1.0
06015145;878511600000;1.0
05909871;878684400000;1.0
05918872;879721200000;1.0
05874812;880066800000;1.0
05931460;880066800000;1.0
05899138;880066800000;1.0
06044546;880326000000;1.0
06273413;880671600000;1.0
06070023;881017200000;1.0
05938186;881103600000;1.0
05992840;881881200000;1.0
06422553;881881200000;1.0
05793298;882140400000;1.0
05911414;882918000000;1.0
06076817;883350000000;1.0
06089558;883350000000;1.0
06224054;883350000000;1.0
06241234;883350000000;1.0
06213456;883522800000;1.0
06599226;884041200000;1.0
05937757;884127600000;1.0
06341772;884300400000;1.0
06199850;884300400000;1.0
05975525;884300400000;1.0
05966579;884559600000;1.0
05905935;884818800000;1.0
06224048;885250800000;1.0
06109029;885855600000;1.0
06063229;886460400000;1.0
05997239;887238000000;1.0
05957652;887238000000;1.0
06092798;887756400000;1.0
06079706;887929200000;1.0
06088568;888447600000;1.0
06042672;888879600000;1.0
06244583;889398000000;1.0
06047642;889743600000;1.0
05938100;890780400000;1.0
06142461;890953200000;1.0
06120020;890953200000;1.0
05971384;890953200000;1.0
05895036;890953200000;1.0
06195958;891295200000;1.0
06142470;891986400000;1.0
06062555;892764000000;1.0
06056321;892764000000;1.0
06193227;893109600000;1.0
05941516;893282400000;1.0
05954323;893282400000;1.0
05975514;893282400000;1.0
05979888;893628000000;1.0
06024684;894319200000;1.0
06079705;894319200000;1.0
05964154;894405600000;1.0
06189880;894405600000;1.0
06257566;894405600000;1.0
06139003;894492000000;1.0
06129346;894578400000;1.0
06330999;895096800000;1.0
06964016;895528800000;1.0
06010123;895615200000;1.0
06158569;895615200000;1.0
06186494;895615200000;1.0
06109603;895615200000;1.0
06315107;895701600000;1.0
06168154;896133600000;1.0
06357736;896133600000;1.0
06168145;896392800000;1.0
06042098;896652000000;1.0
06145825;897429600000;1.0
06729376;897429600000;1.0
06227530;898552800000;1.0
06082259;899244000000;1.0
06336630;899330400000;1.0
06095740;899848800000;1.0
06139009;899848800000;1.0
06206358;900367200000;1.0
06209860;900540000000;1.0
06095511;901058400000;1.0
06305681;901058400000;1.0
06321935;901058400000;1.0
06019047;901576800000;1.0
07758034;901836000000;1.0
06044246;902354400000;1.0
06105861;902440800000;1.0
06126163;903391200000;1.0
06173949;904773600000;1.0
06406199;905378400000;1.0
06186498;905810400000;1.0
05954006;905983200000;1.0
06006669;905983200000;1.0
06390465;906674400000;1.0
06090030;907020000000;1.0
06116596;907192800000;1.0
06120015;907538400000;1.0
06500293;908316000000;1.0
06374077;908748000000;1.0
06145826;909007200000;1.0
06167326;909093600000;1.0
06517065;909356400000;1.0
06311968;909442800000;1.0
06234467;910047600000;1.0
06038974;910220400000;1.0
06196537;910566000000;1.0
06189879;910566000000;1.0
06192295;910652400000;1.0
06260837;910738800000;1.0
06142469;910738800000;1.0
06406013;910738800000;1.0
06203001;911257200000;1.0
06155551;911343600000;1.0
06024682;911775600000;1.0
06328298;912121200000;1.0
06249716;912121200000;1.0
06263814;912466800000;1.0
06296247;912466800000;1.0
06283354;913590000000;1.0
05992889;913676400000;1.0
06244584;913762800000;1.0
06016747;913762800000;1.0
06276677;913935600000;1.0
06027270;914194800000;1.0
06213457;914886000000;1.0
06394445;914972400000;1.0
06165116;916095600000;1.0
06304795;916700400000;1.0
06125730;916700400000;1.0
06402450;916786800000;1.0
06202005;918169200000;1.0
06352253;919206000000;1.0
06325585;919638000000;1.0
06237908;920329200000;1.0
06337970;920415600000;1.0
06293075;920847600000;1.0
06253057;920934000000;1.0
06129350;921020400000;1.0
06244590;921106800000;1.0
06315288;921452400000;1.0
06193457;922143600000;1.0
06199851;922230000000;1.0
06260838;922658400000;1.0
06439562;922658400000;1.0
06217271;922658400000;1.0
06357737;923608800000;1.0
06247692;923868000000;1.0
06193640;924040800000;1.0
06279892;924213600000;1.0
06273419;926460000000;1.0
06305680;926460000000;1.0
06161828;926460000000;1.0
06220592;926546400000;1.0
06217016;926546400000;1.0
06142354;926892000000;1.0
06142353;926978400000;1.0
06290220;926978400000;1.0
06250622;927151200000;1.0
06209864;927496800000;1.0
06227531;927583200000;1.0
06273411;928706400000;1.0
06131053;928879200000;1.0
06231045;929311200000;1.0
06234474;929916000000;1.0
06299154;930002400000;1.0
06321512;930002400000;1.0
06241232;930002400000;1.0
06257567;930175200000;1.0
06152439;930520800000;1.0
06308948;930607200000;1.0
06328297;930866400000;1.0
06241233;931212000000;1.0
06270068;931298400000;1.0
06193228;931471200000;1.0
06246926;931730400000;1.0
07104538;932335200000;1.0
06152034;932940000000;1.0
06240334;933026400000;1.0
06234466;933285600000;1.0
06394441;933717600000;1.0
06251054;933717600000;1.0
06336307;934149600000;1.0
06302388;934408800000;1.0
06283466;934495200000;1.0
06279891;934840800000;1.0
06634633;934927200000;1.0
06354059;935704800000;1.0
06325371;936050400000;1.0
06279899;936309600000;1.0
06223965;936828000000;1.0
06308945;936914400000;1.0
06283304;937346400000;1.0
06382615;937346400000;1.0
06349934;937346400000;1.0
06231039;937519200000;1.0
06092712;938124000000;1.0
06254088;938124000000;1.0
06206594;938642400000;1.0
06732011;938988000000;1.0
06575446;938988000000;1.0
06714835;938988000000;1.0
06727999;939074400000;1.0
06450934;939074400000;1.0
06325368;939333600000;1.0
06354582;939333600000;1.0
07055814;940802400000;1.0
06267366;940802400000;1.0
06223964;941061600000;1.0
06164511;941061600000;1.0
06568668;941148000000;1.0
06350096;941410800000;1.0
06264194;942015600000;1.0
06464819;942879600000;1.0
06873426;942966000000;1.0
06363851;943830000000;1.0
06155563;943916400000;1.0
06779790;944002800000;1.0
06371472;944002800000;1.0
06445975;944175600000;1.0
06419217;944434800000;1.0
06257142;944434800000;1.0
06098975;944521200000;1.0
06422552;944607600000;1.0
06825949;945298800000;1.0
06250625;945298800000;1.0
06247694;945385200000;1.0
06293544;945817200000;1.0
06364305;946335600000;1.0
06367793;946335600000;1.0
06311104;946422000000;1.0
06367794;946422000000;1.0
06327515;946422000000;1.0
06747749;946508400000;1.0
06229984;946940400000;1.0
06473760;947458800000;1.0
06334611;948150000000;1.0
06382616;948236400000;1.0
06823571;948668400000;1.0
06341771;948754800000;1.0
06270067;948927600000;1.0
06302389;948927600000;1.0
06375179;948927600000;1.0
06276267;949014000000;1.0
06471429;949014000000;1.0
06378409;949273200000;1.0
06718859;949359600000;1.0
06460843;949446000000;1.0
06446953;950223600000;1.0
06419218;950569200000;1.0
06929710;953334000000;1.0
07066368;953334000000;1.0
06361036;953506800000;1.0
06343785;953766000000;1.0
06375181;953766000000;1.0
06247691;955317600000;1.0
06731393;955317600000;1.0
06279890;955404000000;1.0
06386537;955576800000;1.0
06467763;956181600000;1.0
06213703;956786400000;1.0
06485010;957477600000;1.0
07333246;957477600000;1.0
06378861;957823200000;1.0
06402136;958082400000;1.0
06494661;958082400000;1.0
06447229;958082400000;1.0
06375180;958514400000;1.0
06502813;958946400000;1.0
06416082;959032800000;1.0
07173722;959032800000;1.0
06644642;959032800000;1.0
06502614;959032800000;1.0
06622999;959032800000;1.0
07007951;959292000000;1.0
06352252;959724000000;1.0
06592113;959810400000;1.0
06341773;960415200000;1.0
06398203;960501600000;1.0
06435092;960847200000;1.0
06427997;960847200000;1.0
06270073;961452000000;1.0
06561503;962143200000;1.0
06352251;962748000000;1.0
06311971;962834400000;1.0
06382614;962920800000;1.0
06227529;963180000000;1.0
06550385;963352800000;1.0
06339685;963439200000;1.0
06341934;963525600000;1.0
06381443;963525600000;1.0
06328299;963784800000;1.0
06371471;963957600000;1.0
06464449;964389600000;1.0
06421523;964735200000;1.0
06364590;965080800000;1.0
06367792;965599200000;1.0
06565500;965685600000;1.0
06539279;965944800000;1.0
06378751;966290400000;1.0
06199852;966463200000;1.0
06912061;966549600000;1.0
06402132;966808800000;1.0
06481711;967068000000;1.0
06412994;967154400000;1.0
06418357;967413600000;1.0
06447230;968364000000;1.0
06394442;968882400000;1.0
06796558;968968800000;1.0
06481704;969228000000;1.0
06332605;969228000000;1.0
06394730;969400800000;1.0
06659442;969400800000;1.0
06637996;969400800000;1.0
06575445;970178400000;1.0
06474633;970178400000;1.0
06332606;970178400000;1.0
06651539;970437600000;1.0
06347260;970696800000;1.0
06692208;970783200000;1.0
06311032;971215200000;1.0
06581971;971992800000;1.0
06748294;972252000000;1.0
06381442;972338400000;1.0
06390469;972860400000;1.0
06460844;972946800000;1.0
06460842;973033200000;1.0
06629690;973119600000;1.0
06298781;973206000000;1.0
06616135;973206000000;1.0
06994337;973810800000;1.0
06705982;974242800000;1.0
06685414;974674800000;1.0
06547229;974847600000;1.0
06980306;975106800000;1.0
06631897;975106800000;1.0
06530339;975106800000;1.0
06459880;975366000000;1.0
06612560;975452400000;1.0
06443450;975538800000;1.0
06513427;975625200000;1.0
06520496;976057200000;1.0
06324442;976489200000;1.0
06637739;976662000000;1.0
07113846;976834800000;1.0
06454255;977180400000;1.0
06439569;977180400000;1.0
06499731;977266800000;1.0
06502812;977958000000;1.0
06443447;978044400000;1.0
06409447;978994800000;1.0
06874774;979686000000;1.0
06877732;980204400000;1.0
06532356;980809200000;1.0
06550758;980895600000;1.0
06592114;981414000000;1.0
06322070;981500400000;1.0
06866459;983142000000;1.0
06581922;983142000000;1.0
06575447;983228400000;1.0
06592115;983228400000;1.0
06386812;983228400000;1.0
06572101;983401200000;1.0
06488804;983746800000;1.0
06349242;984006000000;1.0
06595131;984610800000;1.0
06547230;985042800000;1.0
06547501;985215600000;1.0
06467769;985215600000;1.0
06565075;985302000000;1.0
06547231;985644000000;1.0
06561504;985903200000;1.0
06578838;985903200000;1.0
06682285;985903200000;1.0
06550756;985903200000;1.0
06554267;985903200000;1.0
06923436;987026400000;1.0
06557842;987026400000;1.0
06419219;987372000000;1.0
06517064;987717600000;1.0
06930802;988149600000;1.0
06739817;988236000000;1.0
06557848;988236000000;1.0
07514646;988840800000;1.0
06519503;989186400000;1.0
06708967;989791200000;1.0
06546313;989964000000;1.0
06459858;991605600000;1.0
06457705;991778400000;1.0
07199898;991864800000;1.0
06588739;991951200000;1.0
06572093;993160800000;1.0
06527269;993160800000;1.0
06679028;993506400000;1.0
06755410;993765600000;1.0
06494449;994024800000;1.0
06561709;994024800000;1.0
06619583;994024800000;1.0
06481703;994370400000;1.0
06992990;994888800000;1.0
06705603;996098400000;1.0
07031001;996098400000;1.0
06809841;996098400000;1.0
06554266;996184800000;1.0
06550757;997135200000;1.0
06506008;997135200000;1.0
06547233;997221600000;1.0
06632059;997221600000;1.0
06601840;997308000000;1.0
06526256;997653600000;1.0
06685180;997653600000;1.0
07121540;997826400000;1.0
06966552;998258400000;1.0
07198260;998431200000;1.0
06402006;998863200000;1.0
06616134;999554400000;1.0
06988721;1000332000000;1.0
06978994;1000332000000;1.0
06726424;1000418400000;1.0
06712349;1000764000000;1.0
06817604;1001023200000;1.0
06577845;1001282400000;1.0
07044463;1001368800000;1.0
06730012;1001887200000;1.0
07133741;1001887200000;1.0
06568676;1003269600000;1.0
06615105;1003356000000;1.0
07063313;1003874400000;1.0
07073785;1003874400000;1.0
06406581;1003960800000;1.0
06776412;1003960800000;1.0
06549734;1004047200000;1.0
06565076;1004310000000;1.0
06607188;1004310000000;1.0
06568669;1004310000000;1.0
06688589;1004310000000;1.0
06983932;1005174000000;1.0
06802500;1005174000000;1.0
06948897;1005174000000;1.0
06901855;1005519600000;1.0
06820869;1005606000000;1.0
06669429;1006124400000;1.0
06843473;1006124400000;1.0
06769676;1006124400000;1.0
06910843;1006729200000;1.0
06945923;1006902000000;1.0
06450492;1006988400000;1.0
06575461;1007506800000;1.0
07014182;1007679600000;1.0
06572097;1007938800000;1.0
06793113;1007938800000;1.0
06824128;1008025200000;1.0
06827013;1008198000000;1.0
06648319;1008284400000;1.0
06542715;1008543600000;1.0
06871851;1008543600000;1.0
06749190;1008716400000;1.0
06673185;1008802800000;1.0
06869010;1009494000000;1.0
06717286;1009753200000;1.0
06955740;1010617200000;1.0
06612559;1011740400000;1.0
06644643;1012258800000;1.0
06694219;1012345200000;1.0
07749417;1012777200000;1.0
06561502;1013036400000;1.0
06802502;1013382000000;1.0
06601846;1014073200000;1.0
06634641;1014073200000;1.0
06641129;1014332400000;1.0
06981830;1014850800000;1.0
07033123;1014850800000;1.0
06659258;1015196400000;1.0
06726425;1015369200000;1.0
06941862;1015455600000;1.0
06651558;1015887600000;1.0
06644193;1015887600000;1.0
06674976;1015887600000;1.0
06699005;1016146800000;1.0
06655674;1016492400000;1.0
06746008;1016665200000;1.0
07090213;1016665200000;1.0
06840616;1017183600000;1.0
07040612;1017270000000;1.0
07222844;1017356400000;1.0
06740131;1017784800000;1.0
06895858;1017871200000;1.0
06685416;1018216800000;1.0
06688224;1018303200000;1.0
06698744;1018389600000;1.0
06682063;1018821600000;1.0
06708968;1019167200000;1.0
06899665;1019512800000;1.0
07724398;1021327200000;1.0
06789793;1022191200000;1.0
06793210;1022191200000;1.0
06769223;1022191200000;1.0
06793211;1022796000000;1.0
07264916;1023141600000;1.0
06886823;1023314400000;1.0
06689038;1023660000000;1.0
07014183;1024351200000;1.0
06616029;1024437600000;1.0
06893016;1024610400000;1.0
06631896;1024610400000;1.0
06612567;1024869600000;1.0
06691996;1024869600000;1.0
06695306;1024869600000;1.0
06764073;1024869600000;1.0
06739818;1024956000000;1.0
06857996;1025042400000;1.0
06729612;1025128800000;1.0
06866257;1025215200000;1.0
06705608;1025474400000;1.0
06644654;1025647200000;1.0
06669384;1026079200000;1.0
06698745;1026165600000;1.0
06698742;1026252000000;1.0
06712749;1026770400000;1.0
07487959;1026856800000;1.0
07147217;1026943200000;1.0
06973710;1026943200000;1.0
06913256;1027029600000;1.0
06991225;1027634400000;1.0
06672447;1027893600000;1.0
07137626;1027893600000;1.0
07690636;1028498400000;1.0
06666443;1028757600000;1.0
07249011;1029103200000;1.0
06746390;1029103200000;1.0
06619652;1029189600000;1.0
06719283;1029880800000;1.0
06830242;1029880800000;1.0
06661995;1029967200000;1.0
07494117;1029967200000;1.0
06942206;1030312800000;1.0
07014730;1030312800000;1.0
07431280;1030485600000;1.0
06896250;1030485600000;1.0
07544029;1030658400000;1.0
06715749;1030658400000;1.0
06845228;1031004000000;1.0
07021616;1031090400000;1.0
06899325;1031176800000;1.0
07324242;1031176800000;1.0
06767011;1031349600000;1.0
06796554;1031868000000;1.0
06730870;1032127200000;1.0
06796552;1032213600000;1.0
06736388;1032213600000;1.0
07261288;1032300000000;1.0
06719522;1032732000000;1.0
06957810;1032904800000;1.0
06793218;1032991200000;1.0
06725126;1033077600000;1.0
07008364;1033077600000;1.0
07048270;1033077600000;1.0
07214175;1033164000000;1.0
07156019;1033336800000;1.0
06892635;1033336800000;1.0
06899026;1033336800000;1.0
06886309;1033336800000;1.0
07096088;1033423200000;1.0
06834849;1033682400000;1.0
06773216;1033941600000;1.0
06682062;1033941600000;1.0
06991226;1033941600000;1.0
07201089;1034114400000;1.0
06690996;1034632800000;1.0
06769675;1034805600000;1.0
06910688;1034892000000;1.0
06783124;1035496800000;1.0
06746007;1035496800000;1.0
06708078;1035496800000;1.0
06755411;1035496800000;1.0
07102095;1036105200000;1.0
06860478;1036105200000;1.0
06820870;1036450800000;1.0
06698743;1036537200000;1.0
07007603;1036537200000;1.0
06705604;1037055600000;1.0
06722645;1037055600000;1.0
07401817;1037660400000;1.0
06832757;1037919600000;1.0
06666444;1038351600000;1.0
07082980;1038956400000;1.0
06773004;1039129200000;1.0
07673865;1039129200000;1.0
06817518;1039129200000;1.0
06821038;1039647600000;1.0
06971280;1039734000000;1.0
06827116;1040252400000;1.0
06868253;1040338800000;1.0
06687570;1040684400000;1.0
06687569;1040684400000;1.0
06691995;1040943600000;1.0
06726196;1041202800000;1.0
06921069;1042153200000;1.0
06595509;1042239600000;1.0
07404871;1042585200000;1.0
06695300;1043103600000;1.0
06886828;1043103600000;1.0
06880818;1043362800000;1.0
06802503;1043362800000;1.0
06805340;1043362800000;1.0
06676121;1043708400000;1.0
07029001;1043794800000;1.0
07137943;1043794800000;1.0
06887025;1043967600000;1.0
07153253;1043967600000;1.0
06926791;1044399600000;1.0
07063312;1044486000000;1.0
06857629;1044486000000;1.0
06978991;1044486000000;1.0
07100911;1044486000000;1.0
07036812;1044486000000;1.0
06829320;1044572400000;1.0
06776404;1044572400000;1.0
06889971;1044918000000;1.0
07137625;1044918000000;1.0
07018507;1045090800000;1.0
06722646;1045177200000;1.0
06722650;1045782000000;1.0
07100941;1046041200000;1.0
07275743;1046127600000;1.0
06735415;1046214000000;1.0
06769592;1046386800000;1.0
07080830;1046646000000;1.0
06730011;1046732400000;1.0
06814004;1046818800000;1.0
07134822;1047250800000;1.0
06918729;1047337200000;1.0
06966553;1047337200000;1.0
06733006;1047510000000;1.0
06810813;1047596400000;1.0
07232122;1047596400000;1.0
06910686;1047942000000;1.0
07431275;1048460400000;1.0
07207556;1048546800000;1.0
07077394;1048719600000;1.0
06994338;1048719600000;1.0
06799759;1048719600000;1.0
07097173;1048806000000;1.0
06779789;1049061600000;1.0
06904845;1049234400000;1.0
07134659;1049925600000;1.0
07055815;1049925600000;1.0
06918580;1050962400000;1.0
07216863;1051048800000;1.0
06827346;1051653600000;1.0
06827679;1051653600000;1.0
06817605;1051653600000;1.0
06764069;1051740000000;1.0
06948224;1051826400000;1.0
06908078;1052085600000;1.0
07077395;1052172000000;1.0
06994339;1052172000000;1.0
07012211;1052172000000;1.0
06814350;1052344800000;1.0
07210887;1052863200000;1.0
07017903;1052863200000;1.0
06997451;1053295200000;1.0
07021184;1053986400000;1.0
06783125;1054072800000;1.0
06779788;1054159200000;1.0
07052005;1054504800000;1.0
06764068;1054850400000;1.0
07048269;1054850400000;1.0
06915184;1055368800000;1.0
07337384;1055800800000;1.0
06796553;1055887200000;1.0
07431276;1055973600000;1.0
06907316;1055973600000;1.0
06908079;1056060000000;1.0
06802501;1056060000000;1.0
06969092;1056319200000;1.0
07080767;1056405600000;1.0
07318584;1056924000000;1.0
06966475;1056924000000;1.0
06997456;1058479200000;1.0
07182020;1059170400000;1.0
07207559;1059429600000;1.0
06905118;1059516000000;1.0
07516839;1059516000000;1.0
06830241;1059516000000;1.0
06886824;1059688800000;1.0
07072736;1060120800000;1.0
06851667;1061157600000;1.0
06830243;1061157600000;1.0
06981697;1061330400000;1.0
07111378;1061330400000;1.0
07374168;1061848800000;1.0
06929256;1062108000000;1.0
06819906;1062108000000;1.0
07111837;1062108000000;1.0
06885910;1062453600000;1.0
07014181;1062712800000;1.0
07175172;1063058400000;1.0
07093992;1063144800000;1.0
07408674;1063231200000;1.0
07093991;1063231200000;1.0
06976672;1063317600000;1.0
06889970;1064181600000;1.0
07328892;1064181600000;1.0
07000665;1064181600000;1.0
07063317;1064354400000;1.0
06887024;1065564000000;1.0
07101332;1065650400000;1.0
06997450;1065650400000;1.0
07360958;1065650400000;1.0
07291658;1066082400000;1.0
07448615;1066600800000;1.0
06991421;1066773600000;1.0
06773005;1067209200000;1.0
06916281;1067468400000;1.0
07104537;1067468400000;1.0
06991224;1067468400000;1.0
07581724;1067986800000;1.0
07454163;1068073200000;1.0
07213807;1068159600000;1.0
07197375;1068678000000;1.0
07032898;1069110000000;1.0
06898922;1069369200000;1.0
07090212;1069714800000;1.0
07523925;1070406000000;1.0
07364148;1070578800000;1.0
06895212;1070838000000;1.0
06845978;1070838000000;1.0
06848687;1070838000000;1.0
07513195;1071788400000;1.0
07021617;1072047600000;1.0
06860479;1072047600000;1.0
07246798;1072652400000;1.0
07017902;1073602800000;1.0
07052006;1073948400000;1.0
06996959;1074034800000;1.0
06916018;1075071600000;1.0
07182007;1075330800000;1.0
07748517;1075849200000;1.0
07789381;1075935600000;1.0
07360757;1076281200000;1.0
07008503;1076367600000;1.0
07281708;1077577200000;1.0
06997449;1077663600000;1.0
07080835;1077663600000;1.0
07007948;1077663600000;1.0
07165764;1078182000000;1.0
07192020;1078182000000;1.0
07108256;1078268400000;1.0
06863105;1078354800000;1.0
07240901;1078354800000;1.0
06962331;1078354800000;1.0
06978990;1078354800000;1.0
06901312;1079046000000;1.0
06851666;1079046000000;1.0
07077393;1079305200000;1.0
07207557;1079564400000;1.0
07287478;1080082800000;1.0
07255340;1080511200000;1.0
07574033;1080684000000;1.0
07384030;1081116000000;1.0
07661664;1081288800000;1.0
07192027;1081288800000;1.0
07419151;1081980000000;1.0
07237774;1081980000000;1.0
07296793;1082325600000;1.0
07172186;1083276000000;1.0
07500662;1083276000000;1.0
07121541;1083535200000;1.0
06971619;1083621600000;1.0
06983931;1084917600000;1.0
07624975;1085004000000;1.0
07172185;1085090400000;1.0
07178799;1085090400000;1.0
07325799;1085090400000;1.0
07537203;1086300000000;1.0
06978925;1086300000000;1.0
07665623;1087336800000;1.0
07267338;1087509600000;1.0
07429036;1088460000000;1.0
07396012;1088546400000;1.0
07341247;1089756000000;1.0
07120384;1089928800000;1.0
07255337;1090274400000;1.0
06964413;1090274400000;1.0
07306214;1090533600000;1.0
06926270;1091484000000;1.0
07503555;1092002400000;1.0
07711448;1092866400000;1.0
07175173;1093212000000;1.0
07000912;1093471200000;1.0
07185883;1093816800000;1.0
07011128;1094162400000;1.0
07766328;1094680800000;1.0
07451978;1094767200000;1.0
07392983;1095199200000;1.0
07284749;1095717600000;1.0
07416009;1096236000000;1.0
07413178;1096408800000;1.0
07419153;1096495200000;1.0
07486410;1096495200000;1.0
07024736;1097186400000;1.0
06997452;1097618400000;1.0
07451695;1097618400000;1.0
07287748;1097704800000;1.0
07380779;1097704800000;1.0
07284750;1098050400000;1.0
07234694;1098136800000;1.0
07284752;1098223200000;1.0
07017899;1098828000000;1.0
07344062;1099954800000;1.0
07354233;1100041200000;1.0
07000913;1100214000000;1.0
07111839;1100473200000;1.0
07152856;1100473200000;1.0
07328893;1100646000000;1.0
07571902;1100646000000;1.0
07221996;1100732400000;1.0
07674086;1102028400000;1.0
07272466;1102374000000;1.0
07417960;1102546800000;1.0
07406293;1102633200000;1.0
07300045;1102633200000;1.0
07159860;1102633200000;1.0
07172187;1102633200000;1.0
07172188;1102633200000;1.0
07172194;1102633200000;1.0
07134655;1102633200000;1.0
07306215;1102633200000;1.0
07175174;1102633200000;1.0
07043192;1102633200000;1.0
07203454;1102633200000;1.0
07506865;1102633200000;1.0
07296788;1102633200000;1.0
07150452;1102633200000;1.0
07520499;1102633200000;1.0
07192021;1102633200000;1.0
07286792;1102633200000;1.0
07249758;1103151600000;1.0
07409264;1103238000000;1.0
07240898;1103583600000;1.0
07661359;1104793200000;1.0
07387460;1104879600000;1.0
07392982;1105484400000;1.0
07306220;1105484400000;1.0
07306554;1105570800000;1.0
07281706;1106002800000;1.0
07318875;1106262000000;1.0
07204482;1106262000000;1.0
07431273;1106521200000;1.0
07815180;1107298800000;1.0
07568685;1107298800000;1.0
07341248;1108508400000;1.0
07300044;1108681200000;1.0
07231750;1108681200000;1.0
07419149;1109026800000;1.0
07431274;1109199600000;1.0
07147598;1109199600000;1.0
07594645;1109199600000;1.0
07374160;1110150000000;1.0
07248829;1110236400000;1.0
07410157;1110409200000;1.0
07651080;1110409200000;1.0
07396008;1110495600000;1.0
07281707;1110754800000;1.0
07441762;1110841200000;1.0
07762168;1111014000000;1.0
07591454;1111100400000;1.0
07621516;1111100400000;1.0
07427059;1111100400000;1.0
07520497;1111100400000;1.0
07328894;1111446000000;1.0
07407156;1111446000000;1.0
07222843;1111446000000;1.0
07354035;1111446000000;1.0
07185884;1111446000000;1.0
07344131;1111446000000;1.0
07134656;1111446000000;1.0
07306213;1111446000000;1.0
07243913;1111446000000;1.0
07364149;1111446000000;1.0
07300052;1111618800000;1.0
07396007;1111960800000;1.0
07780156;1112047200000;1.0
07413175;1112220000000;1.0
07389985;1112220000000;1.0
07686289;1112824800000;1.0
07422204;1113170400000;1.0
07300046;1113256800000;1.0
07523700;1113343200000;1.0
07571909;1113516000000;1.0
07577494;1113775200000;1.0
07314216;1113861600000;1.0
07277772;1113861600000;1.0
07201368;1113861600000;1.0
07413179;1113948000000;1.0
07438107;1114034400000;1.0
07326161;1114639200000;1.0
07765925;1114725600000;1.0
07451969;1115157600000;1.0
07628389;1115157600000;1.0
07108648;1115244000000;1.0
07464920;1115762400000;1.0
07137944;1116280800000;1.0
07413176;1116453600000;1.0
07198268;1117576800000;1.0
07134654;1117576800000;1.0
07775511;1118268000000;1.0
07673864;1119218400000;1.0
07677543;1119218400000;1.0
07325375;1119477600000;1.0
07389979;1119823200000;1.0
07530560;1120082400000;1.0
07152860;1120514400000;1.0
07232125;1120687200000;1.0
07135084;1120773600000;1.0
07267335;1121032800000;1.0
07293766;1121205600000;1.0
07850157;1121205600000;1.0
07288059;1121292000000;1.0
07303524;1121292000000;1.0
07429037;1121292000000;1.0
07413177;1121724000000;1.0
07198261;1122588000000;1.0
07739951;1122847200000;1.0
07413180;1123106400000;1.0
07140611;1123624800000;1.0
07516949;1123624800000;1.0
07753354;1123797600000;1.0
07404550;1124316000000;1.0
07624976;1124920800000;1.0
07398967;1125266400000;1.0
07637502;1125266400000;1.0
07654512;1126044000000;1.0
07490820;1126044000000;1.0
07134392;1126216800000;1.0
07191704;1126216800000;1.0
07416177;1126476000000;1.0
07490821;1126562400000;1.0
07537206;1126735200000;1.0
07556248;1126735200000;1.0
07506863;1126735200000;1.0
07668540;1127080800000;1.0
07761090;1127080800000;1.0
07738862;1127080800000;1.0
07672664;1127080800000;1.0
07665730;1127944800000;1.0
07520505;1127944800000;1.0
07527254;1128031200000;1.0
07396006;1128290400000;1.0
07458927;1128636000000;1.0
07452321;1128636000000;1.0
07802780;1128895200000;1.0
07222780;1129154400000;1.0
07660556;1130277600000;1.0
07404551;1130277600000;1.0
07325800;1130277600000;1.0
07434797;1130364000000;1.0
07455284;1130364000000;1.0
07607659;1130450400000;1.0
07451970;1130886000000;1.0
07546081;1131318000000;1.0
07748940;1131404400000;1.0
07111838;1131922800000;1.0
07413181;1132009200000;1.0
07497425;1132095600000;1.0
07568684;1132095600000;1.0
07172672;1132268400000;1.0
07793926;1132268400000;1.0
07264236;1133132400000;1.0
07264237;1133218800000;1.0
07607648;1133305200000;1.0
07503554;1133305200000;1.0
07611135;1133737200000;1.0
07258339;1133737200000;1.0
07819615;1133823600000;1.0
07611134;1134428400000;1.0
07588239;1134514800000;1.0
07547008;1134601200000;1.0
07604226;1135206000000;1.0
07533510;1135724400000;1.0
07406813;1135810800000;1.0
07533876;1135810800000;1.0
07549621;1136329200000;1.0
07658371;1136502000000;1.0
07233839;1137452400000;1.0
07469887;1137970800000;1.0
07520001;1138143600000;1.0
07458566;1138316400000;1.0
07451014;1138662000000;1.0
07758486;1138834800000;1.0
07445203;1139180400000;1.0
07434795;1139785200000;1.0
07540481;1139785200000;1.0
07331573;1139785200000;1.0
07694947;1140476400000;1.0
07588236;1140649200000;1.0
07510177;1141167600000;1.0
07654511;1141945200000;1.0
07753372;1141945200000;1.0
07461837;1142204400000;1.0
07510178;1142982000000;1.0
07809464;1143154800000;1.0
07699301;1143583200000;1.0
07158858;1143669600000;1.0
07582048;1143669600000;1.0
07854581;1144188000000;1.0
07618032;1144360800000;1.0
07530559;1144792800000;1.0
07658373;1144965600000;1.0
07401771;1145224800000;1.0
07494118;1146002400000;1.0
07333878;1146175200000;1.0
07547009;1146520800000;1.0
07556249;1147298400000;1.0
07607650;1147816800000;1.0
07584949;1148508000000;1.0
07419150;1148940000000;1.0
07523593;1149631200000;1.0
07631857;1149804000000;1.0
07380336;1150149600000;1.0
07195240;1150236000000;1.0
07354037;1150236000000;1.0
07635120;1150236000000;1.0
07497427;1150322400000;1.0
07497428;1150322400000;1.0
07484721;1150322400000;1.0
07500663;1150322400000;1.0
07556247;1150840800000;1.0
07588237;1151618400000;1.0
07604227;1152050400000;1.0
07503556;1152482400000;1.0
07429038;1153087200000;1.0
07497424;1153173600000;1.0
07497426;1153778400000;1.0
07500667;1153778400000;1.0
07588238;1153778400000;1.0
07543805;1154556000000;1.0
07434796;1154988000000;1.0
07588240;1155074400000;1.0
07613422;1155074400000;1.0
07461836;1155247200000;1.0
07520496;1155247200000;1.0
07472899;1156111200000;1.0
07527255;1156111200000;1.0
07669842;1156197600000;1.0
07527465;1156197600000;1.0
07604225;1156370400000;1.0
07575227;1156370400000;1.0
07529496;1156456800000;1.0
07404549;1156456800000;1.0
07575230;1156456800000;1.0
07484731;1156716000000;1.0
07681872;1156802400000;1.0
07540482;1156802400000;1.0
07431291;1156888800000;1.0
07677544;1156888800000;1.0
07703758;1156888800000;1.0
07631858;1156975200000;1.0
07658372;1157493600000;1.0
07644912;1157493600000;1.0
07738830;1157493600000;1.0
07562866;1157580000000;1.0
07556251;1157580000000;1.0
07581725;1157925600000;1.0
07748704;1158184800000;1.0
07775509;1158184800000;1.0
07568686;1158184800000;1.0
07661666;1158184800000;1.0
07431277;1158271200000;1.0
07744085;1158271200000;1.0
07637489;1158616800000;1.0
07650823;1158616800000;1.0
07556252;1158703200000;1.0
07722041;1158876000000;1.0
07402130;1159480800000;1.0
07588241;1159480800000;1.0
07857299;1159912800000;1.0
07644919;1160517600000;1.0
07475874;1160517600000;1.0
07726639;1160517600000;1.0
07607649;1160604000000;1.0
07637490;1160604000000;1.0
07819393;1160690400000;1.0
07331572;1160690400000;1.0
07611133;1160690400000;1.0
07458567;1161554400000;1.0
07344130;1161554400000;1.0
07441774;1161640800000;1.0
07581723;1161900000000;1.0
07597312;1162162800000;1.0
07854426;1162249200000;1.0
07285084;1162335600000;1.0
07354034;1162422000000;1.0
07597311;1162854000000;1.0
07407155;1162940400000;1.0
07628388;1163372400000;1.0
07354036;1163631600000;1.0
07775958;1163977200000;1.0
07726638;1163977200000;1.0
07628390;1163977200000;1.0
07389980;1164063600000;1.0
07431683;1164150000000;1.0
07690632;1164582000000;1.0
07731167;1164927600000;1.0
07681873;1165359600000;1.0
07618033;1165446000000;1.0
07571904;1165446000000;1.0
07703756;1165446000000;1.0
07690633;1165446000000;1.0
07296516;1165791600000;1.0
07789380;1165964400000;1.0
07841589;1166050800000;1.0
07673866;1166569200000;1.0
07665720;1166569200000;1.0
07731169;1166569200000;1.0
07673863;1166742000000;1.0
07740239;1166742000000;1.0
07740237;1166742000000;1.0
07758033;1167087600000;1.0
07520498;1167087600000;1.0
07762541;1167174000000;1.0
07699302;1167174000000;1.0
07798481;1167174000000;1.0
07380580;1168210800000;1.0
07686288;1169074800000;1.0
07604231;1170111600000;1.0
07747212;1170284400000;1.0
07699300;1170284400000;1.0
07717414;1170284400000;1.0
07467450;1170284400000;1.0
07690637;1170284400000;1.0
07717413;1170889200000;1.0
07422203;1171407600000;1.0
07832725;1171494000000;1.0
07506864;1171494000000;1.0
07442157;1171494000000;1.0
07775514;1172185200000;1.0
07722022;1172530800000;1.0
07517308;1172790000000;1.0
07740238;1172790000000;1.0
07410158;1173049200000;1.0
07806640;1173135600000;1.0
07850158;1173308400000;1.0
07722021;1173394800000;1.0
07568687;1173394800000;1.0
07556250;1173394800000;1.0
07753353;1173826800000;1.0
07631860;1174258800000;1.0
07597317;1174258800000;1.0
07410156;1174345200000;1.0
07694966;1175119200000;1.0
07823867;1175119200000;1.0
07850161;1175119200000;1.0
07530566;1175464800000;1.0
07780160;1175551200000;1.0
07717422;1176674400000;1.0
07373707;1177538400000;1.0
07690634;1177884000000;1.0
07850159;1177884000000;1.0
07611136;1178229600000;1.0
07618040;1179093600000;1.0
07784778;1179093600000;1.0
07731168;1179871200000;1.0
07712732;1180389600000;1.0
07661665;1180562400000;1.0
07762537;1181080800000;1.0
07702593;1181685600000;1.0
07537558;1182808800000;1.0
07618034;1182981600000;1.0
07448619;1183672800000;1.0
07568688;1183759200000;1.0
07648136;1183932000000;1.0
07756054;1184104800000;1.0
07620503;1184277600000;1.0
07758035;1184623200000;1.0
07472900;1184709600000;1.0
07845099;1185487200000;1.0
07467789;1186351200000;1.0
07775513;1187560800000;1.0
07857298;1187560800000;1.0
07571903;1187560800000;1.0
07758032;1189375200000;1.0
07828277;1189461600000;1.0
07537205;1189634400000;1.0
07472901;1189980000000;1.0
07850160;1190325600000;1.0
07850588;1190757600000;1.0
07631859;1191189600000;1.0
07537204;1191880800000;1.0
07810800;1191967200000;1.0
07793925;1192572000000;1.0
07673867;1192744800000;1.0
07494116;1193004000000;1.0
07621517;1193090400000;1.0
07762542;1194303600000;1.0
07699310;1195599600000;1.0
07813687;1196290800000;1.0
07857297;1196377200000;1.0
07690638;1196809200000;1.0
07762538;1196982000000;1.0
07475523;1197241200000;1.0
07477964;1198018800000;1.0
07607651;1198191600000;1.0
07798480;1198191600000;1.0
07537144;1198450800000;1.0
07690635;1198450800000;1.0
07802778;1198796400000;1.0
07789385;1199401200000;1.0
07775510;1200006000000;1.0
07726372;1200438000000;1.0
07753368;1200956400000;1.0
07703757;1201129200000;1.0
07802779;1201215600000;1.0
07552917;1202252400000;1.0
07673868;1202338800000;1.0
07845628;1202943600000;1.0
07635121;1202943600000;1.0
07784777;1202943600000;1.0
07543806;1203462000000;1.0
07575228;1203548400000;1.0
07466435;1203807600000;1.0
07566051;1204066800000;1.0
07693601;1204239600000;1.0
07832718;1204239600000;1.0
07578498;1204844400000;1.0
07802781;1204844400000;1.0
07845626;1204844400000;1.0
07744074;1204844400000;1.0
07591455;1205449200000;1.0
07828278;1205967600000;1.0
07559543;1206399600000;1.0
07789382;1206572400000;1.0
07815052;1207000800000;1.0
07832716;1207000800000;1.0
07832717;1207087200000;1.0
07717839;1207260000000;1.0
07789383;1207692000000;1.0
07819617;1207778400000;1.0
07766314;1207864800000;1.0
07744073;1208383200000;1.0
07850156;1208383200000;1.0
07580646;1208469600000;1.0
07722023;1208728800000;1.0
07770876;1208815200000;1.0
07798191;1210111200000;1.0
07490822;1210629600000;1.0
07739858;1211148000000;1.0
07841276;1211234400000;1.0
07744075;1211925600000;1.0
07855800;1212703200000;1.0
07726640;1212703200000;1.0
07845627;1212703200000;1.0
07510182;1212962400000;1.0
07523926;1213480800000;1.0
07828276;1213567200000;1.0
07832715;1213567200000;1.0
07665729;1213653600000;1.0
07699309;1213740000000;1.0
07661669;1214172000000;1.0
07669843;1214258400000;1.0
07850155;1214258400000;1.0
07766315;1214344800000;1.0
07849994;1214431200000;1.0
07651081;1215036000000;1.0
07837186;1215468000000;1.0
07823868;1215468000000;1.0
07694948;1215554400000;1.0
07584948;1215554400000;1.0
07784514;1215640800000;1.0
07758036;1216072800000;1.0
07578497;1216245600000;1.0
07766567;1216591200000;1.0
07744076;1216591200000;1.0
07706736;1217455200000;1.0
07575229;1217455200000;1.0
07681881;1218578400000;1.0
07644913;1219788000000;1.0
07673862;1220911200000;1.0
07780157;1220911200000;1.0
07857300;1220997600000;1.0
07815179;1221688800000;1.0
07857442;1224453600000;1.0
07669847;1225407600000;1.0
07762539;1226012400000;1.0
07798950;1226617200000;1.0
07619756;1226876400000;1.0
07712733;1227654000000;1.0
07762385;1228172400000;1.0
07780159;1229986800000;1.0
07607652;1231282800000;1.0
07762540;1232665200000;1.0
07802789;1234220400000;1.0
07826788;1236639600000;1.0
07726641;1237330800000;1.0
07789384;1239573600000;1.0
07780158;1240783200000;1.0
07802782;1244412000000;1.0
07845625;1245880800000;1.0
07775512;1249509600000;1.0
07762536;1253052000000;1.0
07802788;1260313200000;1.0
