id;ts;originality
03922404;-290307600000;1.0
03988883;-201488400000;1.0
03884030;-132973200000;1.0
04005566;-26269200000;1.0
03946468;-18061200000;1.0
03889038;-15037200000;1.0
04055220;18486000000;1.0
03924311;21078000000;1.0
03865565;30582000000;1.0
03947315;42850800000;1.0
03863310;42850800000;1.0
03968877;45183600000;1.0
03991449;45270000000;1.0
03952134;45788400000;1.0
03904793;46566000000;1.0
03860472;47602800000;1.0
03905831;56070000000;1.0
03929542;57970800000;1.0
03930205;67215600000;1.0
03921417;69894000000;1.0
03873388;72658800000;1.0
03868214;73782000000;1.0
03924310;76114800000;1.0
03949454;77238000000;1.0
03921419;77324400000;1.0
03864903;77324400000;1.0
04010056;77756400000;1.0
03874031;79570800000;1.0
03877214;79570800000;1.0
03874032;79743600000;1.0
03884169;79830000000;1.0
03880705;80348400000;1.0
03861133;82940400000;1.0
03928696;84668400000;1.0
03919028;85186800000;1.0
03927167;86310000000;1.0
03926548;87519600000;1.0
03864148;87519600000;1.0
03935046;89852400000;1.0
03897214;90457200000;1.0
03873389;90457200000;1.0
03874047;91148400000;1.0
03889035;91666800000;1.0
03911539;94431600000;1.0
03915629;94431600000;1.0
03917448;94950000000;1.0
03859695;95036400000;1.0
03885015;95554800000;1.0
03913504;96159600000;1.0
04025305;96246000000;1.0
03879823;96505200000;1.0
03862475;96591600000;1.0
03902953;97196400000;1.0
03863311;97196400000;1.0
03868749;97801200000;1.0
03905076;98665200000;1.0
03906755;99788400000;1.0
03882667;100134000000;1.0
03919748;100134000000;1.0
03899292;100220400000;1.0
03865678;100306800000;1.0
03874030;100393200000;1.0
04043009;100911600000;1.0
03863435;101430000000;1.0
03983608;101602800000;1.0
03943981;101862000000;1.0
03902644;101948400000;1.0
03918134;102726000000;1.0
03895420;102812400000;1.0
03862853;102812400000;1.0
03861176;103158000000;1.0
03965511;103330800000;1.0
04090002;103762800000;1.0
03879169;103849200000;1.0
03885597;104022000000;1.0
03874046;104454000000;1.0
03878178;104626800000;1.0
03859698;105145200000;1.0
03877120;105145200000;1.0
03885278;105922800000;1.0
03961401;106182000000;1.0
03925130;106527600000;1.0
03871205;106786800000;1.0
03965547;106786800000;1.0
03900652;106873200000;1.0
03886636;107046000000;1.0
03889327;107046000000;1.0
03890924;107478000000;1.0
03894906;107737200000;1.0
03894319;107737200000;1.0
03925976;107737200000;1.0
03859941;107996400000;1.0
03867746;108169200000;1.0
03959051;108687600000;1.0
03892019;108946800000;1.0
03885279;109206000000;1.0
03956806;109206000000;1.0
03906599;109378800000;1.0
03866279;109378800000;1.0
03871948;109551600000;1.0
03909477;109983600000;1.0
03878591;110156400000;1.0
03874156;110415600000;1.0
03885596;110674800000;1.0
03952385;110674800000;1.0
03878873;110761200000;1.0
03865564;111020400000;1.0
03864795;111020400000;1.0
04004330;111625200000;1.0
03920511;111625200000;1.0
03879820;111625200000;1.0
03971669;111711600000;1.0
03901014;111711600000;1.0
03901989;111970800000;1.0
03870241;112230000000;1.0
03887972;112230000000;1.0
03874958;112230000000;1.0
03980251;112230000000;1.0
03906130;112316400000;1.0
03908250;112834800000;1.0
03889326;113180400000;1.0
03880696;113439600000;1.0
03952121;113612400000;1.0
03869770;113785200000;1.0
03874965;114044400000;1.0
03975224;114303600000;1.0
03938306;114649200000;1.0
03880201;114735600000;1.0
03871196;114822000000;1.0
03882804;114994800000;1.0
03882578;115945200000;1.0
03899809;116031600000;1.0
03929543;116118000000;1.0
03947935;116463600000;1.0
03884429;116463600000;1.0
03913190;116463600000;1.0
03873255;116722800000;1.0
03917785;116722800000;1.0
03887969;116809200000;1.0
03918135;117068400000;1.0
03867745;117327600000;1.0
03875615;117759600000;1.0
03877118;117759600000;1.0
03879835;117846000000;1.0
03885277;118278000000;1.0
03908057;118450800000;1.0
03913191;118450800000;1.0
03898711;118623600000;1.0
03879822;118969200000;1.0
03875975;119055600000;1.0
03896529;119142000000;1.0
03931427;119228400000;1.0
03936555;119660400000;1.0
03946463;119833200000;1.0
03925865;120265200000;1.0
03879660;120265200000;1.0
03908247;120351600000;1.0
03921268;120351600000;1.0
03883333;120351600000;1.0
03866278;120351600000;1.0
03892021;120870000000;1.0
03887814;120956400000;1.0
03922736;121042800000;1.0
03916687;121042800000;1.0
03894320;121388400000;1.0
03911969;121388400000;1.0
03944166;121474800000;1.0
03946469;121561200000;1.0
03987136;121906800000;1.0
03896530;122252400000;1.0
03900680;122511600000;1.0
03866849;122511600000;1.0
03889328;122684400000;1.0
03916651;123289200000;1.0
03871946;123462000000;1.0
03872558;123721200000;1.0
03920866;123807600000;1.0
03911655;123894000000;1.0
03883960;124412400000;1.0
03881230;124585200000;1.0
03910320;124585200000;1.0
03879824;124585200000;1.0
03892020;124671600000;1.0
03953271;124930800000;1.0
03887970;125017200000;1.0
03893213;125103600000;1.0
03911538;125276400000;1.0
03938227;125708400000;1.0
03859697;125881200000;1.0
03859696;125881200000;1.0
03887971;125881200000;1.0
03902231;125881200000;1.0
03879819;125881200000;1.0
03926547;126313200000;1.0
03864796;126313200000;1.0
03870207;126745200000;1.0
03875677;126745200000;1.0
03929268;126831600000;1.0
03859778;127090800000;1.0
03898035;127090800000;1.0
03873043;127090800000;1.0
03935621;127350000000;1.0
03914835;127350000000;1.0
03874160;127350000000;1.0
03866267;127350000000;1.0
03882216;127436400000;1.0
03949041;127609200000;1.0
03859156;127609200000;1.0
03889034;127695600000;1.0
03908410;127954800000;1.0
03961650;128041200000;1.0
03863309;128300400000;1.0
03892951;128559600000;1.0
03894407;128559600000;1.0
03935622;128559600000;1.0
03901015;128559600000;1.0
03867810;128732400000;1.0
03894617;128732400000;1.0
03950132;128732400000;1.0
03914929;128732400000;1.0
03883718;128818800000;1.0
03875625;128905200000;1.0
03877121;129164400000;1.0
03916493;129164400000;1.0
03888095;129250800000;1.0
03899810;130028400000;1.0
03945186;130114800000;1.0
03925866;130460400000;1.0
03879821;130460400000;1.0
03959962;130633200000;1.0
03950583;130978800000;1.0
03958432;130978800000;1.0
03906597;131583600000;1.0
03986828;131670000000;1.0
03875883;131756400000;1.0
03874045;131929200000;1.0
03874044;131929200000;1.0
03971521;132188400000;1.0
03899614;132188400000;1.0
03938226;132361200000;1.0
03907187;132793200000;1.0
04042662;132793200000;1.0
03889616;132793200000;1.0
03898719;132966000000;1.0
03923587;133657200000;1.0
03887347;134002800000;1.0
03940532;134089200000;1.0
03909892;134780400000;1.0
03989448;134953200000;1.0
03955254;135385200000;1.0
03952933;135471600000;1.0
04018066;136162800000;1.0
03890422;136162800000;1.0
03910021;136422000000;1.0
03943734;136422000000;1.0
03969171;136681200000;1.0
03950133;137026800000;1.0
03902046;137026800000;1.0
03930291;137026800000;1.0
03900302;137113200000;1.0
03936916;137286000000;1.0
03883936;137372400000;1.0
03959826;137804400000;1.0
03939240;137890800000;1.0
03993805;137977200000;1.0
03943613;137977200000;1.0
03981651;138236400000;1.0
03869769;138495600000;1.0
03966522;138495600000;1.0
04138298;138582000000;1.0
03986824;138927600000;1.0
03950587;139014000000;1.0
03944452;139014000000;1.0
03921380;139186800000;1.0
03941530;139186800000;1.0
03905077;139186800000;1.0
03901289;139446000000;1.0
03956560;139618800000;1.0
03930086;140223600000;1.0
04086687;140310000000;1.0
03948702;140396400000;1.0
03908248;140655600000;1.0
04097974;140655600000;1.0
03981055;140655600000;1.0
03959054;140655600000;1.0
03881231;141001200000;1.0
04056593;141001200000;1.0
03881232;141433200000;1.0
03953913;141433200000;1.0
03940825;141519600000;1.0
03930293;141519600000;1.0
03908249;141606000000;1.0
03950831;141865200000;1.0
03978192;141865200000;1.0
03982374;141865200000;1.0
03973905;142038000000;1.0
04045847;142038000000;1.0
03964657;142038000000;1.0
03899811;142038000000;1.0
03971272;142470000000;1.0
03909891;142470000000;1.0
03915663;142470000000;1.0
03896536;142642800000;1.0
03994056;142642800000;1.0
03890681;142729200000;1.0
03909893;143074800000;1.0
04080694;143247600000;1.0
03960050;143247600000;1.0
03893412;143420400000;1.0
03892018;143766000000;1.0
03939636;143852400000;1.0
03927446;144025200000;1.0
03955256;144457200000;1.0
03949452;144543600000;1.0
03923588;144543600000;1.0
03945096;144889200000;1.0
03970231;144889200000;1.0
03954631;145234800000;1.0
03952555;145580400000;1.0
03973386;145666800000;1.0
03994052;145666800000;1.0
03938452;145839600000;1.0
03916494;145839600000;1.0
03906598;146098800000;1.0
03984594;146444400000;1.0
03953909;146444400000;1.0
03934312;146703600000;1.0
03968118;147049200000;1.0
03938225;147394800000;1.0
04047270;147481200000;1.0
03968541;147481200000;1.0
03940917;147567600000;1.0
03905075;147654000000;1.0
03921267;147999600000;1.0
03972127;148172400000;1.0
03944071;148172400000;1.0
03977059;148258800000;1.0
04001548;148863600000;1.0
04003774;148863600000;1.0
03945545;149122800000;1.0
03951321;149295600000;1.0
03921265;149727600000;1.0
03969800;149727600000;1.0
03912479;149814000000;1.0
04005569;149900400000;1.0
03972176;149986800000;1.0
03986013;149986800000;1.0
03930602;150073200000;1.0
03979930;150418800000;1.0
04003684;150505200000;1.0
03964141;150505200000;1.0
03919749;151023600000;1.0
03972096;151110000000;1.0
03962510;151110000000;1.0
03975565;151542000000;1.0
04128679;151542000000;1.0
03976525;151801200000;1.0
04005302;151801200000;1.0
04014085;151801200000;1.0
03958734;151801200000;1.0
03983610;151801200000;1.0
03928958;152233200000;1.0
03953161;152233200000;1.0
03955253;152406000000;1.0
04060999;152838000000;1.0
03939536;152924400000;1.0
04014648;153097200000;1.0
03962762;153356400000;1.0
03978559;153356400000;1.0
03962511;154220400000;1.0
03973906;154566000000;1.0
03940955;154652400000;1.0
04003524;154911600000;1.0
03922454;154911600000;1.0
03985997;155170800000;1.0
03952386;155430000000;1.0
03982310;155430000000;1.0
03982412;155775600000;1.0
04006515;155862000000;1.0
03934526;156034800000;1.0
04005230;156034800000;1.0
03958310;156034800000;1.0
03936337;156380400000;1.0
03961402;156380400000;1.0
03954635;156985200000;1.0
03966519;157330800000;1.0
03952554;157330800000;1.0
03935623;157590000000;1.0
03999940;157849200000;1.0
04011641;157849200000;1.0
03977057;158194800000;1.0
03913189;158194800000;1.0
04031596;158281200000;1.0
03973065;158540400000;1.0
04000551;158972400000;1.0
04019226;158972400000;1.0
03954394;158972400000;1.0
03994759;158972400000;1.0
03930357;159058800000;1.0
03949453;159404400000;1.0
03936918;159404400000;1.0
03960645;159490800000;1.0
03978560;160009200000;1.0
04036924;160095600000;1.0
04016329;160182000000;1.0
03940216;160268400000;1.0
03965548;160354800000;1.0
03955952;160354800000;1.0
03930292;160614000000;1.0
03974525;160873200000;1.0
03975807;160959600000;1.0
03971109;161218800000;1.0
03932163;161910000000;1.0
04022642;161910000000;1.0
04015038;162428400000;1.0
04003110;162428400000;1.0
03975484;162428400000;1.0
04017949;162687600000;1.0
03921266;162774000000;1.0
04016317;163292400000;1.0
04035881;163638000000;1.0
04127637;163897200000;1.0
04035883;163983600000;1.0
04016911;164242800000;1.0
03977058;164242800000;1.0
03979805;164502000000;1.0
03952126;164502000000;1.0
03968547;164502000000;1.0
03998916;164934000000;1.0
03999262;165020400000;1.0
03916649;165106800000;1.0
03971108;165452400000;1.0
03972703;165452400000;1.0
03997308;165452400000;1.0
04042737;165538800000;1.0
04073421;165625200000;1.0
03928899;165798000000;1.0
04003783;166057200000;1.0
03978561;166230000000;1.0
03994047;166402800000;1.0
03962730;166748400000;1.0
04001941;167266800000;1.0
04035884;167266800000;1.0
04036445;167266800000;1.0
04012809;167612400000;1.0
04009508;167958000000;1.0
04062993;167958000000;1.0
03967118;167958000000;1.0
04059668;168217200000;1.0
03956807;168217200000;1.0
03981129;168217200000;1.0
03970022;168649200000;1.0
04058874;168649200000;1.0
04038452;168649200000;1.0
03997950;168822000000;1.0
04016236;169081200000;1.0
03969799;169081200000;1.0
04010915;169167600000;1.0
03960478;169340400000;1.0
03970115;169426800000;1.0
03936917;169686000000;1.0
04033151;169686000000;1.0
04029939;169858800000;1.0
04007071;170377200000;1.0
04024003;170377200000;1.0
03970338;170895600000;1.0
04017580;170895600000;1.0
04012816;170895600000;1.0
03988882;171154800000;1.0
03974312;171500400000;1.0
04040139;172882800000;1.0
03986235;172969200000;1.0
03955255;173055600000;1.0
04023245;173401200000;1.0
04018557;173487600000;1.0
04051604;173487600000;1.0
03993105;173574000000;1.0
04012249;173574000000;1.0
04033709;173919600000;1.0
03994762;173919600000;1.0
04070738;174006000000;1.0
04007519;174265200000;1.0
04035464;174265200000;1.0
04095318;174610800000;1.0
04069657;174870000000;1.0
03971202;175215600000;1.0
04010523;175302000000;1.0
03999909;175734000000;1.0
04041586;175734000000;1.0
04010550;175734000000;1.0
03971685;175993200000;1.0
04026036;175993200000;1.0
04028870;176338800000;1.0
04014083;176425200000;1.0
04000342;176511600000;1.0
04059403;176598000000;1.0
04078889;176598000000;1.0
04015550;177030000000;1.0
03999971;177116400000;1.0
04007517;177116400000;1.0
04006758;177289200000;1.0
04024734;177289200000;1.0
03996969;177289200000;1.0
04007518;178153200000;1.0
03983609;178153200000;1.0
04040155;178239600000;1.0
03984970;178326000000;1.0
04042655;179103600000;1.0
04019228;179535600000;1.0
04009512;179535600000;1.0
04034579;179535600000;1.0
03998249;179622000000;1.0
04013407;179708400000;1.0
04004329;180226800000;1.0
04071387;180226800000;1.0
03977060;180313200000;1.0
04064214;180572400000;1.0
04019229;180658800000;1.0
03990732;180745200000;1.0
03983611;180745200000;1.0
04065538;180918000000;1.0
04035879;181177200000;1.0
04043718;181263600000;1.0
04015316;181350000000;1.0
04024611;181436400000;1.0
04024610;181436400000;1.0
04035880;181522800000;1.0
04033717;181782000000;1.0
04014645;181954800000;1.0
04027121;182127600000;1.0
04016715;182473200000;1.0
04081886;182473200000;1.0
04053678;182473200000;1.0
04025595;182559600000;1.0
04086575;182646000000;1.0
04046504;182991600000;1.0
04011640;182991600000;1.0
03974551;183682800000;1.0
04040154;183855600000;1.0
04032383;184287600000;1.0
03999970;185151600000;1.0
04040782;185151600000;1.0
04027232;185151600000;1.0
04016632;185497200000;1.0
04063338;185583600000;1.0
04036003;185670000000;1.0
04070815;186102000000;1.0
04008344;186361200000;1.0
04089720;186361200000;1.0
03994250;186620400000;1.0
04014489;186620400000;1.0
04003111;186793200000;1.0
04051287;187225200000;1.0
04048277;187830000000;1.0
04070235;188175600000;1.0
04014082;188175600000;1.0
04010529;188434800000;1.0
03999579;189126000000;1.0
04051580;189126000000;1.0
04051215;189212400000;1.0
04047271;189385200000;1.0
04131704;189385200000;1.0
04041585;189644400000;1.0
04050639;189644400000;1.0
04006760;189903600000;1.0
03978558;190249200000;1.0
04002013;190335600000;1.0
03990132;190594800000;1.0
04033741;190854000000;1.0
04016626;190940400000;1.0
04052242;191026800000;1.0
04052239;191199600000;1.0
04038840;191718000000;1.0
04003195;192063600000;1.0
04009513;192063600000;1.0
04006517;192150000000;1.0
04124420;192150000000;1.0
04084026;192409200000;1.0
04077752;192668400000;1.0
04064686;192668400000;1.0
04016631;192754800000;1.0
04015314;192841200000;1.0
04030169;192841200000;1.0
04015317;193446000000;1.0
03991448;193878000000;1.0
04013433;194482800000;1.0
04087242;194569200000;1.0
04015318;194742000000;1.0
04000550;195087600000;1.0
04092451;195087600000;1.0
04106166;195260400000;1.0
04069566;195433200000;1.0
04049851;195433200000;1.0
04014084;195692400000;1.0
04062093;195865200000;1.0
04075274;195951600000;1.0
04044437;196038000000;1.0
04066106;196297200000;1.0
04017948;196383600000;1.0
04025993;196470000000;1.0
04069563;197244000000;1.0
04024612;197244000000;1.0
04052238;197244000000;1.0
04040153;197762400000;1.0
04042989;197762400000;1.0
04133191;197848800000;1.0
04074405;197848800000;1.0
04075445;198280800000;1.0
04030170;198367200000;1.0
04085486;198712800000;1.0
04016790;199058400000;1.0
04050269;199404000000;1.0
04095317;199490400000;1.0
04100769;200095200000;1.0
04087237;200527200000;1.0
04083090;200613600000;1.0
04044089;200786400000;1.0
04053668;200872800000;1.0
04077097;201132000000;1.0
04041583;201391200000;1.0
04157605;201391200000;1.0
04051288;201391200000;1.0
04103944;201391200000;1.0
04030743;201736800000;1.0
04027466;201823200000;1.0
04109354;202082400000;1.0
04056926;202946400000;1.0
04037297;203637600000;1.0
04065955;203637600000;1.0
04091512;203637600000;1.0
04068358;203724000000;1.0
04075743;203724000000;1.0
04075746;203724000000;1.0
04067092;203724000000;1.0
04035219;203896800000;1.0
04103717;203896800000;1.0
04108299;204156000000;1.0
04069565;204156000000;1.0
04043010;204156000000;1.0
04088520;204156000000;1.0
04078202;204156000000;1.0
04067087;204156000000;1.0
04097976;204328800000;1.0
04047269;204415200000;1.0
04069562;204760800000;1.0
04096609;204760800000;1.0
04194037;204760800000;1.0
04122588;204933600000;1.0
04046171;204933600000;1.0
04115988;206143200000;1.0
04024698;206316000000;1.0
04044438;206575200000;1.0
04055039;206748000000;1.0
04085485;207180000000;1.0
04045981;207266400000;1.0
04088731;207352800000;1.0
04025994;207439200000;1.0
04026099;207439200000;1.0
04087506;208044000000;1.0
04025679;208130400000;1.0
04081856;208389600000;1.0
04032052;208389600000;1.0
04154889;208389600000;1.0
04089089;209599200000;1.0
04057350;209685600000;1.0
04051660;209685600000;1.0
04064605;209858400000;1.0
04030168;209944800000;1.0
04069775;210204000000;1.0
04051581;210204000000;1.0
04038811;210290400000;1.0
04081885;210376800000;1.0
04096302;210463200000;1.0
04095062;210549600000;1.0
04058968;210549600000;1.0
04053277;210549600000;1.0
04043008;210981600000;1.0
04021896;210981600000;1.0
04095947;211413600000;1.0
04113827;211586400000;1.0
04043108;211672800000;1.0
04045848;211759200000;1.0
04100725;212018400000;1.0
04075744;212018400000;1.0
04030651;212104800000;1.0
04147749;212191200000;1.0
04107369;212191200000;1.0
04057880;212277600000;1.0
04028081;212713200000;1.0
04041584;212799600000;1.0
04038729;213231600000;1.0
04080778;213404400000;1.0
04121311;213404400000;1.0
04097621;213490800000;1.0
04187343;213577200000;1.0
04080232;214009200000;1.0
04096612;214009200000;1.0
04047405;214009200000;1.0
04035882;214441200000;1.0
04038728;214786800000;1.0
04086688;215650800000;1.0
04059873;215737200000;1.0
04069564;215823600000;1.0
04096104;216428400000;1.0
04095312;216428400000;1.0
04033150;216428400000;1.0
04287246;216428400000;1.0
04160307;216946800000;1.0
04095622;217551600000;1.0
04073988;218070000000;1.0
04096685;218934000000;1.0
04100425;219366000000;1.0
04112560;219452400000;1.0
04115054;219452400000;1.0
04081887;219538800000;1.0
04103390;219884400000;1.0
04120078;220057200000;1.0
04068357;220489200000;1.0
04100659;220489200000;1.0
04109356;220748400000;1.0
04074511;220748400000;1.0
04119397;221698800000;1.0
04106900;222390000000;1.0
04058962;222476400000;1.0
04111646;222908400000;1.0
04095319;223081200000;1.0
04090832;223081200000;1.0
04078282;223167600000;1.0
04169981;223513200000;1.0
04145468;223513200000;1.0
04109355;223858800000;1.0
04138840;224118000000;1.0
04106896;224118000000;1.0
04175561;224377200000;1.0
04079602;224982000000;1.0
04134191;225068400000;1.0
04172172;225586800000;1.0
04112561;225586800000;1.0
04075745;225673200000;1.0
04177544;225932400000;1.0
04072557;225932400000;1.0
04107827;226710000000;1.0
04095320;226710000000;1.0
04137614;226796400000;1.0
04083091;227228400000;1.0
04082883;227314800000;1.0
04071394;227487600000;1.0
04081888;227919600000;1.0
04072173;228524400000;1.0
04071931;228610800000;1.0
04118183;228610800000;1.0
04119447;228952800000;1.0
04117578;229039200000;1.0
04156957;229903200000;1.0
04074404;230421600000;1.0
04090897;230508000000;1.0
04083172;231026400000;1.0
04115989;231372000000;1.0
04107828;231544800000;1.0
04096687;231544800000;1.0
04080772;231717600000;1.0
04081884;232149600000;1.0
04143197;232149600000;1.0
04096226;232236000000;1.0
04102065;232581600000;1.0
04105484;232581600000;1.0
04223057;232581600000;1.0
04077436;232840800000;1.0
04133087;232927200000;1.0
04109038;233186400000;1.0
04135280;233186400000;1.0
04110875;233186400000;1.0
04258457;233359200000;1.0
04221838;233359200000;1.0
04099307;233445600000;1.0
04085487;233445600000;1.0
04104770;233877600000;1.0
04137615;233964000000;1.0
04118529;234136800000;1.0
04109357;234396000000;1.0
04105381;234396000000;1.0
04133088;234482400000;1.0
04107908;234482400000;1.0
04144370;234482400000;1.0
04103054;235000800000;1.0
04107367;235260000000;1.0
04098444;235346400000;1.0
04112668;235346400000;1.0
04131713;235346400000;1.0
04119253;235605600000;1.0
04162564;236210400000;1.0
04144623;236210400000;1.0
04140827;236383200000;1.0
04108708;236556000000;1.0
04174799;236556000000;1.0
04152885;236556000000;1.0
04356603;236901600000;1.0
04140412;236988000000;1.0
04124432;237074400000;1.0
04140829;237160800000;1.0
04118842;237160800000;1.0
04103404;237420000000;1.0
04099393;237592800000;1.0
04118843;237592800000;1.0
04152480;237765600000;1.0
04109353;238024800000;1.0
04096611;238111200000;1.0
04097975;238111200000;1.0
04082328;238888800000;1.0
04124923;239407200000;1.0
04141121;239407200000;1.0
04118190;239407200000;1.0
04142279;239407200000;1.0
04148406;239493600000;1.0
04135511;239580000000;1.0
04140071;239925600000;1.0
04237180;240098400000;1.0
04175157;240444000000;1.0
04178705;240616800000;1.0
04142280;240616800000;1.0
04146663;240789600000;1.0
04123921;240789600000;1.0
04168298;241308000000;1.0
04110876;241394400000;1.0
04242862;241740000000;1.0
04123920;241826400000;1.0
04124924;241826400000;1.0
04198459;241826400000;1.0
04290832;241999200000;1.0
04144366;242344800000;1.0
04115907;242604000000;1.0
04157606;242604000000;1.0
04113535;242863200000;1.0
04163306;243036000000;1.0
04146417;243208800000;1.0
04147575;243208800000;1.0
04135353;243208800000;1.0
04132875;243468000000;1.0
04179776;243468000000;1.0
04156305;243468000000;1.0
04188691;243554400000;1.0
04138772;243640800000;1.0
04132821;243727200000;1.0
04125922;243727200000;1.0
04125923;244335600000;1.0
04188422;244422000000;1.0
04140563;244767600000;1.0
04189336;244854000000;1.0
04100323;245026800000;1.0
04120079;245372400000;1.0
04144023;245372400000;1.0
04186309;245545200000;1.0
04214508;245545200000;1.0
04099308;245631600000;1.0
04117656;245890800000;1.0
04145467;245890800000;1.0
04147507;246150000000;1.0
04145870;246150000000;1.0
04148676;246582000000;1.0
04155216;246582000000;1.0
04159619;246582000000;1.0
04145869;246582000000;1.0
04153660;246841200000;1.0
04169707;247186800000;1.0
04131138;247186800000;1.0
04307497;247878000000;1.0
04131978;247878000000;1.0
04185064;248050800000;1.0
04144911;248310000000;1.0
04157604;248655600000;1.0
04096610;248914800000;1.0
04165556;249260400000;1.0
04162563;249519600000;1.0
04161054;249692400000;1.0
04148179;249778800000;1.0
04136221;249865200000;1.0
04192048;249865200000;1.0
04154005;250210800000;1.0
04172748;250297200000;1.0
04152886;250297200000;1.0
04141120;250729200000;1.0
04199644;250815600000;1.0
04183123;250988400000;1.0
04223520;251420400000;1.0
04143506;251679600000;1.0
04148957;252111600000;1.0
04335588;252630000000;1.0
04270252;252630000000;1.0
04183985;252802800000;1.0
04311958;252889200000;1.0
04158253;253407600000;1.0
04178590;253839600000;1.0
04123832;254012400000;1.0
04256790;254012400000;1.0
04192047;254358000000;1.0
04217323;254530800000;1.0
04181247;254962800000;1.0
04144641;255135600000;1.0
04196562;255222000000;1.0
04148116;255567600000;1.0
04115908;255567600000;1.0
04170868;255567600000;1.0
04228123;256172400000;1.0
04158298;256172400000;1.0
04187586;256431600000;1.0
04161195;256431600000;1.0
04168197;256863600000;1.0
04153212;257641200000;1.0
04154267;258073200000;1.0
04170865;258332400000;1.0
04192046;258591600000;1.0
04175307;258850800000;1.0
04164805;258850800000;1.0
04152815;258850800000;1.0
04185367;258937200000;1.0
04184316;258937200000;1.0
04185364;259196400000;1.0
04209881;259282800000;1.0
04170676;259369200000;1.0
04172307;259455600000;1.0
04202569;259455600000;1.0
04162562;259455600000;1.0
04155380;259455600000;1.0
04167485;259887600000;1.0
04189811;259974000000;1.0
04208000;259974000000;1.0
04198735;259974000000;1.0
04205113;260060400000;1.0
04202719;261007200000;1.0
04171402;261266400000;1.0
04170673;261266400000;1.0
04212152;261352800000;1.0
04186781;261352800000;1.0
04189112;261871200000;1.0
04156308;261871200000;1.0
04242779;261957600000;1.0
04204301;262389600000;1.0
04172174;262476000000;1.0
04256228;262476000000;1.0
04229404;262562400000;1.0
04191218;262562400000;1.0
04408376;262562400000;1.0
04221345;262821600000;1.0
04247505;263167200000;1.0
04174664;263426400000;1.0
04141122;263426400000;1.0
04154410;263426400000;1.0
04199633;264117600000;1.0
04216735;264204000000;1.0
04219911;264636000000;1.0
04229890;264895200000;1.0
04211593;265413600000;1.0
04236319;265413600000;1.0
04236286;265500000000;1.0
04241479;265845600000;1.0
04186471;266450400000;1.0
04169399;266450400000;1.0
04147020;266796000000;1.0
04207759;267228000000;1.0
04251587;267400800000;1.0
04186470;267746400000;1.0
04193252;267832800000;1.0
04191010;267919200000;1.0
04274182;268869600000;1.0
04188983;269042400000;1.0
04244084;270079200000;1.0
04223822;270338400000;1.0
04203561;270684000000;1.0
04197343;270856800000;1.0
04229628;271288800000;1.0
04271570;271893600000;1.0
04197622;272152800000;1.0
04221031;272498400000;1.0
04187592;272844000000;1.0
04177957;273189600000;1.0
04197345;273794400000;1.0
04232435;273880800000;1.0
04201813;274485600000;1.0
04256247;274917600000;1.0
04172170;275004000000;1.0
04241481;275176800000;1.0
04282637;275176800000;1.0
04188690;275522400000;1.0
04217387;275522400000;1.0
04259393;276130800000;1.0
04199640;277081200000;1.0
04244173;277340400000;1.0
04217159;277340400000;1.0
04223427;277340400000;1.0
04304366;277686000000;1.0
04215805;277686000000;1.0
04235000;278204400000;1.0
04240187;278550000000;1.0
04169563;278550000000;1.0
04338776;279327600000;1.0
04206257;280018800000;1.0
04214352;280364400000;1.0
04254610;280364400000;1.0
04190695;281228400000;1.0
04180214;281746800000;1.0
04226010;281833200000;1.0
04477951;282524400000;1.0
04222223;282524400000;1.0
04206860;282783600000;1.0
04207730;283474800000;1.0
04249981;283474800000;1.0
04224372;283474800000;1.0
04268940;283734000000;1.0
04329763;284252400000;1.0
04263368;284338800000;1.0
04296535;284598000000;1.0
04241478;285375600000;1.0
04198835;285894000000;1.0
04188435;286412400000;1.0
04247270;286412400000;1.0
04261084;286412400000;1.0
04411562;286498800000;1.0
04288999;287017200000;1.0
04237591;287017200000;1.0
04221183;287276400000;1.0
04233716;287622000000;1.0
04189812;287967600000;1.0
04288893;288486000000;1.0
04320563;288831600000;1.0
04223063;289177200000;1.0
04181762;289436400000;1.0
04301578;289436400000;1.0
04248036;289695600000;1.0
04326322;290300400000;1.0
04249288;290646000000;1.0
04365394;290905200000;1.0
04188692;291250800000;1.0
04233349;291250800000;1.0
04356690;291250800000;1.0
04280260;291510000000;1.0
04259769;291510000000;1.0
04215455;291852000000;1.0
04229864;292024800000;1.0
04187593;292456800000;1.0
04226079;293061600000;1.0
04306642;293320800000;1.0
04199635;293407200000;1.0
04240188;293839200000;1.0
04244100;293839200000;1.0
04258094;293925600000;1.0
04258093;293925600000;1.0
04258097;293925600000;1.0
04227884;294012000000;1.0
04321735;294012000000;1.0
04351093;294012000000;1.0
04253299;294530400000;1.0
04301579;295480800000;1.0
04268941;295740000000;1.0
04327464;296085600000;1.0
04265849;296776800000;1.0
04316310;296776800000;1.0
04255231;298072800000;1.0
04276681;298764000000;1.0
04259770;299109600000;1.0
04309801;299368800000;1.0
04351092;299368800000;1.0
04355592;300578400000;1.0
04256537;300664800000;1.0
04281959;300924000000;1.0
04259994;300924000000;1.0
04301102;300924000000;1.0
04298122;301183200000;1.0
04241480;301528800000;1.0
04299015;301528800000;1.0
04315355;301788000000;1.0
04248927;302133600000;1.0
04309800;302392800000;1.0
04277531;302738400000;1.0
04285452;303948000000;1.0
04311000;304725600000;1.0
04290378;304898400000;1.0
04280641;305762400000;1.0
04276682;305935200000;1.0
04422225;306540000000;1.0
04285898;306712800000;1.0
04268292;306972000000;1.0
04245378;306972000000;1.0
04259394;307144800000;1.0
04295253;307231200000;1.0
04307496;307666800000;1.0
04273823;308271600000;1.0
04222264;308358000000;1.0
04306450;308790000000;1.0
04302968;308790000000;1.0
04290177;309567600000;1.0
04291555;309567600000;1.0
04309470;309567600000;1.0
04236323;309567600000;1.0
04277867;309740400000;1.0
04251904;310172400000;1.0
04370871;310345200000;1.0
04328804;311468400000;1.0
04320167;311814000000;1.0
04290278;311986800000;1.0
04276106;311986800000;1.0
04318210;312591600000;1.0
04346503;313110000000;1.0
04416041;313714800000;1.0
04300876;313801200000;1.0
04277297;313801200000;1.0
04323760;313887600000;1.0
04497095;313887600000;1.0
04499637;313974000000;1.0
04355445;313974000000;1.0
04350001;314319600000;1.0
04300968;314319600000;1.0
04314391;315010800000;1.0
04287647;315097200000;1.0
04378618;315183600000;1.0
04292367;315702000000;1.0
04293985;316047600000;1.0
04497097;316134000000;1.0
04297404;316220400000;1.0
04285100;316393200000;1.0
04418856;316652400000;1.0
04321736;316911600000;1.0
04270888;317257200000;1.0
04307566;317430000000;1.0
04376802;317516400000;1.0
04297095;317862000000;1.0
04284680;317862000000;1.0
04259768;318034800000;1.0
04327617;318034800000;1.0
04341829;318639600000;1.0
04266327;318812400000;1.0
04283454;318812400000;1.0
04292797;319244400000;1.0
04292868;320454000000;1.0
04376516;320454000000;1.0
04364983;320454000000;1.0
04280261;320886000000;1.0
04292360;321058800000;1.0
04298644;321145200000;1.0
04286395;321145200000;1.0
04313550;321145200000;1.0
04295251;321836400000;1.0
04287840;322095600000;1.0
04351874;322700400000;1.0
04365395;323046000000;1.0
04324353;323305200000;1.0
04280259;323906400000;1.0
04338090;324165600000;1.0
04331008;325116000000;1.0
04372499;325116000000;1.0
04267983;325720800000;1.0
04417375;325720800000;1.0
04316370;325807200000;1.0
04993130;325980000000;1.0
04357714;326066400000;1.0
04298153;326498400000;1.0
04338800;326584800000;1.0
04427107;326930400000;1.0
04334654;327016800000;1.0
04339856;327189600000;1.0
04297772;327708000000;1.0
04326527;328226400000;1.0
04345385;328831200000;1.0
04369555;329349600000;1.0
04295329;329436000000;1.0
04319388;329522400000;1.0
04295252;329522400000;1.0
04303706;329608800000;1.0
04315789;329695200000;1.0
04316311;329695200000;1.0
04330988;329954400000;1.0
04344211;330559200000;1.0
04345424;330559200000;1.0
04327855;330732000000;1.0
04407052;330818400000;1.0
04347649;330904800000;1.0
04332130;331164000000;1.0
04291442;331164000000;1.0
04346504;332114400000;1.0
04338282;332373600000;1.0
04352380;333064800000;1.0
04293518;333842400000;1.0
04319447;334533600000;1.0
04372346;335138400000;1.0
04391025;335397600000;1.0
04332585;335570400000;1.0
04409710;336088800000;1.0
04420861;336088800000;1.0
04341063;336088800000;1.0
04318407;336261600000;1.0
04404719;336693600000;1.0
04343071;337212000000;1.0
04332065;337816800000;1.0
04384393;337903200000;1.0
04391360;337903200000;1.0
04316312;338162400000;1.0
04408979;338594400000;1.0
04343146;339030000000;1.0
04340055;339202800000;1.0
04367771;339202800000;1.0
04355749;339202800000;1.0
04332761;339289200000;1.0
04342189;340844400000;1.0
04342581;341535600000;1.0
04343334;341622000000;1.0
04394128;341794800000;1.0
04432867;342918000000;1.0
04464816;343350000000;1.0
04399597;343436400000;1.0
04364157;343522800000;1.0
04567738;344041200000;1.0
04369087;344473200000;1.0
04345425;344818800000;1.0
04382321;345164400000;1.0
04404717;345337200000;1.0
04362260;345423600000;1.0
04324574;346028400000;1.0
04379189;346028400000;1.0
04369554;346460400000;1.0
04408377;347497200000;1.0
04372238;348102000000;1.0
04418726;348102000000;1.0
04380104;348447600000;1.0
04557689;349052400000;1.0
04364156;349052400000;1.0
04418451;349052400000;1.0
04393562;349052400000;1.0
04392286;349657200000;1.0
04356604;349657200000;1.0
04438553;350607600000;1.0
04359783;350780400000;1.0
04379799;351471600000;1.0
04340383;351471600000;1.0
04381021;351817200000;1.0
04331495;352076400000;1.0
04351118;352076400000;1.0
04434530;352594800000;1.0
04390566;352940400000;1.0
04417374;353113200000;1.0
04337578;353545200000;1.0
04404718;353718000000;1.0
04353158;354409200000;1.0
04639986;354924000000;1.0
04370784;355442400000;1.0
04376517;355960800000;1.0
04453298;356738400000;1.0
04365424;356911200000;1.0
04411051;357170400000;1.0
04466163;358380000000;1.0
04395804;358984800000;1.0
04361619;359157600000;1.0
04377889;359244000000;1.0
04408378;359244000000;1.0
04420108;359330400000;1.0
04372235;359676000000;1.0
04368612;359676000000;1.0
04337557;359762400000;1.0
04416040;359935200000;1.0
04526808;360280800000;1.0
04412371;361058400000;1.0
04395308;361144800000;1.0
04410015;362268000000;1.0
04375186;362354400000;1.0
04391030;362613600000;1.0
04375957;362872800000;1.0
04471514;363564000000;1.0
04468844;363823200000;1.0
04389364;364428000000;1.0
04453297;365205600000;1.0
04628848;365205600000;1.0
04463486;366415200000;1.0
04395537;367538400000;1.0
04456818;367624800000;1.0
04442573;368056800000;1.0
04369081;368056800000;1.0
04397140;368834400000;1.0
04415611;368920800000;1.0
04408445;369266400000;1.0
04408446;369612000000;1.0
04439903;369871200000;1.0
04424614;370044000000;1.0
04447489;370044000000;1.0
04392903;370216800000;1.0
04435883;370479600000;1.0
04455549;370566000000;1.0
04397703;370738800000;1.0
04421513;370825200000;1.0
04513485;371084400000;1.0
04401493;371430000000;1.0
04405395;371430000000;1.0
04521945;371430000000;1.0
04409059;371430000000;1.0
04490895;371775600000;1.0
04392285;372294000000;1.0
04436123;372639600000;1.0
04452035;372985200000;1.0
04414756;373244400000;1.0
04472220;374367600000;1.0
04357386;374713200000;1.0
04461060;374799600000;1.0
04425109;376009200000;1.0
04369215;376527600000;1.0
04390582;376786800000;1.0
04433018;376786800000;1.0
04427404;377218800000;1.0
04422224;377391600000;1.0
04461801;378342000000;1.0
04416936;378342000000;1.0
04409709;378601200000;1.0
04430780;379551600000;1.0
04497099;380156400000;1.0
04384018;380761200000;1.0
04472886;380761200000;1.0
04454189;381970800000;1.0
04436427;382057200000;1.0
04485535;382230000000;1.0
04495680;382748400000;1.0
04388365;383180400000;1.0
04667463;383958000000;1.0
04418789;384390000000;1.0
04522616;384562800000;1.0
04462143;384735600000;1.0
04467507;384735600000;1.0
04391086;384994800000;1.0
04404033;384994800000;1.0
04435239;385340400000;1.0
04437301;385858800000;1.0
04425392;385858800000;1.0
04535516;385858800000;1.0
04501046;386373600000;1.0
04528732;386546400000;1.0
04432296;386892000000;1.0
04432501;386892000000;1.0
04421584;387496800000;1.0
04447938;387583200000;1.0
04537227;388015200000;1.0
04412877;388188000000;1.0
04454637;388188000000;1.0
04557026;388620000000;1.0
04499639;388706400000;1.0
04400238;388879200000;1.0
04425691;388965600000;1.0
04407767;390693600000;1.0
04418104;391298400000;1.0
04388364;391989600000;1.0
04430852;394322400000;1.0
04496507;394408800000;1.0
04476167;394754400000;1.0
04477398;394754400000;1.0
04525705;394754400000;1.0
04411142;395445600000;1.0
04525905;395445600000;1.0
04517714;396223200000;1.0
04413391;397087200000;1.0
04476902;398037600000;1.0
04453296;398037600000;1.0
04498218;398037600000;1.0
04431684;399247200000;1.0
04457055;399506400000;1.0
04490894;399679200000;1.0
04497098;400197600000;1.0
04426414;400284000000;1.0
04444132;400456800000;1.0
04421566;401061600000;1.0
04426420;401061600000;1.0
04507832;401580000000;1.0
04462433;401666400000;1.0
04410579;401666400000;1.0
04481079;401666400000;1.0
04475693;401929200000;1.0
04528631;402102000000;1.0
04502195;402102000000;1.0
04452283;402102000000;1.0
04540610;402188400000;1.0
04528731;402188400000;1.0
04819458;402188400000;1.0
04543696;402188400000;1.0
04520539;402188400000;1.0
04458397;402188400000;1.0
04525906;402188400000;1.0
04499638;402188400000;1.0
04564985;402793200000;1.0
04535515;404348400000;1.0
04509452;404694000000;1.0
04472224;404694000000;1.0
04505013;404953200000;1.0
04442161;405212400000;1.0
04802268;406508400000;1.0
04452452;407113200000;1.0
04570311;407631600000;1.0
04451314;407718000000;1.0
04467506;407977200000;1.0
04798570;408236400000;1.0
04472234;408236400000;1.0
04510657;408236400000;1.0
04450607;408322800000;1.0
04506420;408322800000;1.0
04541825;409791600000;1.0
04503592;409964400000;1.0
04503593;410396400000;1.0
04467594;410396400000;1.0
04449652;410569200000;1.0
04520637;411001200000;1.0
04590113;411001200000;1.0
04590742;411951600000;1.0
04429002;412210800000;1.0
04432503;412210800000;1.0
04438621;412815600000;1.0
04644621;412815600000;1.0
04537583;414370800000;1.0
04507833;414975600000;1.0
04452607;415494000000;1.0
04522236;416530800000;1.0
04519116;416617200000;1.0
04519115;417049200000;1.0
04569471;417135600000;1.0
04476186;417736800000;1.0
04470252;418255200000;1.0
04517715;418600800000;1.0
04548628;418600800000;1.0
04566319;418600800000;1.0
04495714;419032800000;1.0
04513514;419724000000;1.0
04608736;421538400000;1.0
04446189;421538400000;1.0
04567075;422229600000;1.0
04482601;423180000000;1.0
04461740;423698400000;1.0
04573245;424303200000;1.0
04571582;424648800000;1.0
04465726;425167200000;1.0
04549494;425167200000;1.0
04450782;425253600000;1.0
04504538;426204000000;1.0
04769880;426376800000;1.0
04494922;426376800000;1.0
04575999;426981600000;1.0
04501039;427068000000;1.0
04545551;427068000000;1.0
04617208;427413600000;1.0
04530876;429487200000;1.0
04530869;430696800000;1.0
04876774;431215200000;1.0
04791812;431820000000;1.0
04485063;432424800000;1.0
04441947;432770400000;1.0
04594756;432856800000;1.0
04573856;432856800000;1.0
04578132;433116000000;1.0
04484459;433551600000;1.0
04492009;433638000000;1.0
04593521;433983600000;1.0
04805275;433983600000;1.0
04476079;434329200000;1.0
04586668;434329200000;1.0
04563799;434329200000;1.0
04685179;434847600000;1.0
04601785;436057200000;1.0
04536927;436402800000;1.0
04541154;436748400000;1.0
04481051;436748400000;1.0
04794678;437180400000;1.0
04631789;437266800000;1.0
04515328;437871600000;1.0
04691417;437958000000;1.0
04542619;438217200000;1.0
04523441;438303600000;1.0
04570312;438908400000;1.0
04546026;439426800000;1.0
04521931;439426800000;1.0
04468845;439686000000;1.0
04587153;439772400000;1.0
04629858;440031600000;1.0
04761864;440290800000;1.0
04529378;440636400000;1.0
04560347;440636400000;1.0
04565524;440636400000;1.0
04516298;440809200000;1.0
04669159;441932400000;1.0
04556601;442105200000;1.0
04589169;442710000000;1.0
04578141;442796400000;1.0
04521944;443660400000;1.0
04547934;444351600000;1.0
04527404;445561200000;1.0
04554715;446425200000;1.0
04555424;446425200000;1.0
04555425;446425200000;1.0
04554716;448671600000;1.0
04566163;448844400000;1.0
04558497;449100000000;1.0
04611410;449186400000;1.0
04765042;449704800000;1.0
04543697;450309600000;1.0
04823730;450309600000;1.0
04543690;451087200000;1.0
04557025;451173600000;1.0
04556440;451519200000;1.0
04549333;451519200000;1.0
04614969;451605600000;1.0
04656081;451605600000;1.0
04512065;451864800000;1.0
04515854;452124000000;1.0
04616543;452728800000;1.0
04571792;453074400000;1.0
04542060;453679200000;1.0
04576611;454802400000;1.0
04539242;455234400000;1.0
04539238;456012000000;1.0
04551591;456357600000;1.0
04620346;457308000000;1.0
04530137;457308000000;1.0
04545099;458517600000;1.0
04589173;459381600000;1.0
04513042;459381600000;1.0
04620571;459468000000;1.0
04567720;460245600000;1.0
04571793;460245600000;1.0
04571765;460677600000;1.0
04569107;460764000000;1.0
04555430;461455200000;1.0
04616769;462405600000;1.0
04512526;462492000000;1.0
04835956;462751200000;1.0
04597142;463096800000;1.0
04557968;463615200000;1.0
04598538;463960800000;1.0
04617218;464565600000;1.0
04596173;464997600000;1.0
04622253;466383600000;1.0
04529655;466815600000;1.0
04565735;466988400000;1.0
04569543;467852400000;1.0
04595438;468457200000;1.0
04547938;468457200000;1.0
04825517;469321200000;1.0
04592119;470617200000;1.0
04630340;470617200000;1.0
04610059;470962800000;1.0
04537819;471049200000;1.0
04554207;471481200000;1.0
04631791;471567600000;1.0
04621662;472345200000;1.0
04642261;472431600000;1.0
04536439;473900400000;1.0
04581886;475369200000;1.0
04837903;475887600000;1.0
04673137;477874800000;1.0
04660261;478998000000;1.0
04578307;479689200000;1.0
04628709;479948400000;1.0
04612688;480207600000;1.0
04633550;480898800000;1.0
04551892;480898800000;1.0
04858288;481240800000;1.0
04644622;481500000000;1.0
04847140;481759200000;1.0
04637206;481845600000;1.0
04591513;482536800000;1.0
04774673;482709600000;1.0
04736578;483055200000;1.0
04641404;483314400000;1.0
04656705;483314400000;1.0
04658483;483314400000;1.0
04574436;483573600000;1.0
04718152;483660000000;1.0
04667703;484178400000;1.0
04618531;484956000000;1.0
04631790;485474400000;1.0
04646989;485560800000;1.0
04641504;487288800000;1.0
04584829;487548000000;1.0
04644620;487548000000;1.0
04713655;487893600000;1.0
04645699;488412000000;1.0
04615167;488498400000;1.0
04756714;488757600000;1.0
04647490;490226400000;1.0
04741075;490226400000;1.0
04783887;490485600000;1.0
04806396;491436000000;1.0
04620345;492040800000;1.0
04665597;493855200000;1.0
04669158;493855200000;1.0
04581794;493941600000;1.0
04670953;494805600000;1.0
04586669;495324000000;1.0
04743472;495928800000;1.0
04693922;496533600000;1.0
04615717;496620000000;1.0
04664335;497487600000;1.0
04642860;498178800000;1.0
04651908;498438000000;1.0
04651393;498870000000;1.0
04632156;501116400000;1.0
04610060;501375600000;1.0
04654253;502066800000;1.0
04714096;502412400000;1.0
04724666;502498800000;1.0
04704311;502498800000;1.0
04697317;502498800000;1.0
04612237;503276400000;1.0
04690084;503881200000;1.0
04693071;503881200000;1.0
04656704;503881200000;1.0
04648240;504226800000;1.0
04610131;505350000000;1.0
04656703;505609200000;1.0
04726509;505954800000;1.0
04741087;505954800000;1.0
04748568;505954800000;1.0
04644619;506214000000;1.0
04691947;506646000000;1.0
04683624;506905200000;1.0
04637104;508028400000;1.0
04736499;509065200000;1.0
04680872;510361200000;1.0
04750964;511052400000;1.0
04660368;511052400000;1.0
04762581;512604000000;1.0
04710646;512863200000;1.0
04701980;512863200000;1.0
04662042;513208800000;1.0
04674273;513468000000;1.0
04724588;514159200000;1.0
04688502;514418400000;1.0
04759512;514504800000;1.0
04818318;515023200000;1.0
04799985;515023200000;1.0
04677831;515628000000;1.0
04773135;516492000000;1.0
04894276;516578400000;1.0
04679284;517010400000;1.0
04674437;517788000000;1.0
04780350;518392800000;1.0
04674271;519256800000;1.0
04701986;519516000000;1.0
04790052;519861600000;1.0
04805276;519948000000;1.0
04710701;520120800000;1.0
04646667;520120800000;1.0
04932108;520639200000;1.0
04720702;520639200000;1.0
04683625;520725600000;1.0
04695500;521330400000;1.0
04765041;521762400000;1.0
04760617;522367200000;1.0
04712290;522885600000;1.0
04649074;523144800000;1.0
04685178;523490400000;1.0
04691415;523490400000;1.0
04684359;523749600000;1.0
04735849;524440800000;1.0
04689947;524786400000;1.0
04769903;525650400000;1.0
04755260;526255200000;1.0
04675957;526600800000;1.0
04729151;526687200000;1.0
04667864;527119200000;1.0
04667380;527119200000;1.0
04760628;527119200000;1.0
04754619;527292000000;1.0
04723346;527896800000;1.0
04841607;528332400000;1.0
04715097;528678000000;1.0
04722121;528937200000;1.0
04765043;529801200000;1.0
04796340;530146800000;1.0
04794038;530233200000;1.0
04783364;530233200000;1.0
04701365;530319600000;1.0
04877470;530406000000;1.0
04726098;530492400000;1.0
04892557;530751600000;1.0
04712281;531010800000;1.0
04698250;531097200000;1.0
04763468;531356400000;1.0
04711191;531442800000;1.0
04774135;531442800000;1.0
04704321;531529200000;1.0
04707896;531529200000;1.0
04782565;533343600000;1.0
04760625;534726000000;1.0
04756063;534985200000;1.0
04809920;536886000000;1.0
04734997;538095600000;1.0
04783021;538354800000;1.0
04714182;538786800000;1.0
04784344;538873200000;1.0
04873844;540082800000;1.0
04707895;540082800000;1.0
04730371;540514800000;1.0
04773136;540514800000;1.0
04737241;540774000000;1.0
04794679;541378800000;1.0
04910837;542588400000;1.0
04775421;543452400000;1.0
04773607;543538800000;1.0
04976012;544053600000;1.0
04819310;544053600000;1.0
04761321;544226400000;1.0
04726987;544399200000;1.0
04771814;545263200000;1.0
04817880;545349600000;1.0
04789008;545522400000;1.0
04941240;546040800000;1.0
04921751;546127200000;1.0
04741366;546559200000;1.0
04741151;546732000000;1.0
04844969;547077600000;1.0
04809412;547164000000;1.0
04785510;547768800000;1.0
04765100;547855200000;1.0
04754527;547855200000;1.0
04835042;548028000000;1.0
04773137;549151200000;1.0
04764417;550101600000;1.0
04817678;550792800000;1.0
04807337;551656800000;1.0
04756062;551656800000;1.0
04833012;552088800000;1.0
04872323;552520800000;1.0
04851274;552520800000;1.0
04736500;552780000000;1.0
04815498;552866400000;1.0
04735842;553125600000;1.0
04782566;554594400000;1.0
04771518;554594400000;1.0
04831695;554680800000;1.0
04926520;554680800000;1.0
04768734;555199200000;1.0
04755421;555285600000;1.0
04829640;555804000000;1.0
04794767;555890400000;1.0
04805845;556322400000;1.0
04777859;556322400000;1.0
04793034;556495200000;1.0
04817675;557100000000;1.0
04953270;557704800000;1.0
04955117;557704800000;1.0
04854021;558050400000;1.0
04830915;558136800000;1.0
04798760;558136800000;1.0
04827582;558223200000;1.0
04777706;558568800000;1.0
04808467;558655200000;1.0
04814633;558828000000;1.0
04793036;559346400000;1.0
04759106;559432800000;1.0
04793035;559782000000;1.0
04768564;560127600000;1.0
04768336;560646000000;1.0
04787199;560732400000;1.0
04848411;561337200000;1.0
04790136;561596400000;1.0
04776162;561596400000;1.0
04774110;561942000000;1.0
04884325;562460400000;1.0
04818586;562978800000;1.0
04775579;563065200000;1.0
04845815;564015600000;1.0
04863029;564015600000;1.0
04815500;564015600000;1.0
04760629;564274800000;1.0
04918914;564361200000;1.0
04829757;564793200000;1.0
04817843;565311600000;1.0
04842915;565916400000;1.0
04926530;566175600000;1.0
05446952;566175600000;1.0
04870839;567126000000;1.0
04860411;567126000000;1.0
04836587;567212400000;1.0
04780363;567644400000;1.0
04833762;567817200000;1.0
04807431;568249200000;1.0
04908919;568422000000;1.0
04876775;569458800000;1.0
04854020;569545200000;1.0
04925726;569804400000;1.0
04829758;570409200000;1.0
04902564;570841200000;1.0
04953368;572050800000;1.0
04888234;572050800000;1.0
04869951;572050800000;1.0
04780359;572482800000;1.0
04867825;572569200000;1.0
04803762;572828400000;1.0
04852226;573087600000;1.0
04842925;573174000000;1.0
04854019;574038000000;1.0
04905737;574297200000;1.0
04939016;574642800000;1.0
04879170;574642800000;1.0
04931355;574642800000;1.0
04987665;574988400000;1.0
04916787;575161200000;1.0
04859509;575503200000;1.0
04850301;576108000000;1.0
05020199;576367200000;1.0
04879169;576712800000;1.0
04960630;576972000000;1.0
04880428;577404000000;1.0
04891873;577490400000;1.0
04870978;577922400000;1.0
04833758;577922400000;1.0
04878278;578268000000;1.0
04906520;578527200000;1.0
04876818;578700000000;1.0
04891872;579132000000;1.0
04866822;579218400000;1.0
04970764;579304800000;1.0
04894893;580082400000;1.0
04858287;580341600000;1.0
04850086;580687200000;1.0
04930198;581032800000;1.0
04916784;581724000000;1.0
04878279;581724000000;1.0
04931239;581724000000;1.0
04865083;583020000000;1.0
04881062;583020000000;1.0
05018255;583106400000;1.0
04850085;583365600000;1.0
04852225;583365600000;1.0
04916785;584056800000;1.0
04882025;584316000000;1.0
04891871;584316000000;1.0
04856152;584316000000;1.0
04890800;584661600000;1.0
04892515;584834400000;1.0
04868958;584834400000;1.0
04841606;584920800000;1.0
05104703;585266400000;1.0
04891040;585352800000;1.0
04985970;585525600000;1.0
04866821;585525600000;1.0
04934134;586130400000;1.0
04878280;586476000000;1.0
04922592;586648800000;1.0
04845962;586735200000;1.0
04894892;586735200000;1.0
05020198;587167200000;1.0
04931705;587944800000;1.0
04948549;588290400000;1.0
04893483;588463200000;1.0
04870728;588549600000;1.0
04894894;589672800000;1.0
04840838;589672800000;1.0
04921735;590191200000;1.0
04919980;590623200000;1.0
04891870;591318000000;1.0
04890368;591490800000;1.0
04924567;591577200000;1.0
04862566;591577200000;1.0
04893386;591577200000;1.0
04877570;591836400000;1.0
04941241;592182000000;1.0
04966333;592527600000;1.0
04884324;592614000000;1.0
04916783;592700400000;1.0
04908920;593305200000;1.0
04883709;593650800000;1.0
04832085;594428400000;1.0
04880177;594428400000;1.0
04897902;594601200000;1.0
04932109;594601200000;1.0
04863775;594860400000;1.0
04886687;596156400000;1.0
04935295;596934000000;1.0
04891262;597884400000;1.0
04885973;598057200000;1.0
04934133;598143600000;1.0
04924406;598489200000;1.0
04890775;598489200000;1.0
04881381;598575600000;1.0
04860412;599180400000;1.0
04864701;599180400000;1.0
04944751;599871600000;1.0
04926531;600476400000;1.0
05014404;600562800000;1.0
04912821;601081200000;1.0
04905355;601599600000;1.0
04868959;601599600000;1.0
04944077;601686000000;1.0
04916782;601858800000;1.0
04922593;602118000000;1.0
05102724;602204400000;1.0
04941242;602377200000;1.0
04899426;603500400000;1.0
05121530;603673200000;1.0
05229184;604278000000;1.0
04937925;604623600000;1.0
04912820;604796400000;1.0
04896407;604882800000;1.0
04956901;605142000000;1.0
04900632;605228400000;1.0
04991261;605833200000;1.0
04899532;606006000000;1.0
04936000;606438000000;1.0
04998566;606697200000;1.0
04896406;606952800000;1.0
04949442;607039200000;1.0
04876128;607298400000;1.0
04945618;607557600000;1.0
04965916;607730400000;1.0
05112421;607903200000;1.0
04922707;608421600000;1.0
05029374;608421600000;1.0
RE040362;608508000000;1.0
04967456;608508000000;1.0
04977654;608853600000;1.0
04979274;608853600000;1.0
04905356;609631200000;1.0
04902383;609717600000;1.0
04937926;610581600000;1.0
04972563;610668000000;1.0
04937924;610840800000;1.0
04965919;611186400000;1.0
04974301;611532000000;1.0
04969244;611877600000;1.0
05008991;611964000000;1.0
04974300;612482400000;1.0
04957784;612568800000;1.0
05003677;612568800000;1.0
05033172;612655200000;1.0
05016331;612655200000;1.0
04937106;612741600000;1.0
05001813;613000800000;1.0
04974302;613346400000;1.0
04944078;613346400000;1.0
04969322;613864800000;1.0
04903914;613951200000;1.0
05111760;614469600000;1.0
04984340;615160800000;1.0
05066447;615247200000;1.0
04965917;615592800000;1.0
04924566;615765600000;1.0
05000807;616024800000;1.0
05031289;616370400000;1.0
04995151;616629600000;1.0
04932107;616629600000;1.0
04951368;616888800000;1.0
04959894;616975200000;1.0
04985279;617407200000;1.0
04999890;617925600000;1.0
05003674;618012000000;1.0
04948649;618530400000;1.0
05005273;618703200000;1.0
04936001;619826400000;1.0
04945718;619999200000;1.0
05054174;620258400000;1.0
04955116;621036000000;1.0
04966017;621208800000;1.0
05084038;621554400000;1.0
04956902;621554400000;1.0
05000806;621640800000;1.0
04953271;622245600000;1.0
04980957;622332000000;1.0
05057173;622767600000;1.0
04949440;622940400000;1.0
05128117;623372400000;1.0
04989301;623977200000;1.0
04976018;624063600000;1.0
05008992;624150000000;1.0
05227224;624150000000;1.0
04949441;624236400000;1.0
04959895;624236400000;1.0
04948636;624236400000;1.0
05012564;624495600000;1.0
04987664;624668400000;1.0
05047109;625359600000;1.0
04935999;625705200000;1.0
04999891;625791600000;1.0
04948646;626396400000;1.0
05084823;626569200000;1.0
05022128;626569200000;1.0
05042722;626569200000;1.0
04962576;627174000000;1.0
04967457;627519600000;1.0
04972562;627692400000;1.0
05060347;627865200000;1.0
05083419;629334000000;1.0
04998331;630630000000;1.0
04972561;630630000000;1.0
04998942;630716400000;1.0
04984341;630716400000;1.0
05148663;631839600000;1.0
05077874;631926000000;1.0
04991264;632444400000;1.0
05004132;633135600000;1.0
04936086;633222000000;1.0
05052088;633308400000;1.0
05031666;633567600000;1.0
05027484;633567600000;1.0
04977653;633654000000;1.0
05027483;633740400000;1.0
05010631;634258800000;1.0
05014403;634345200000;1.0
05178193;634518000000;1.0
05005272;635122800000;1.0
05035033;635554800000;1.0
05046225;635727600000;1.0
05153056;636159600000;1.0
05040276;636159600000;1.0
04995150;636591600000;1.0
05084332;636937200000;1.0
05098764;637196400000;1.0
05142752;637542000000;1.0
05340609;637542000000;1.0
04999232;637542000000;1.0
05063099;637801200000;1.0
05003675;637887600000;1.0
05012563;637974000000;1.0
05079811;638575200000;1.0
05003676;638661600000;1.0
05025538;638748000000;1.0
05115544;639093600000;1.0
05101542;639093600000;1.0
05027486;639180000000;1.0
05099554;639266400000;1.0
05046224;639612000000;1.0
05060881;639612000000;1.0
05060105;640216800000;1.0
05035031;640821600000;1.0
05044052;640994400000;1.0
05108678;641167200000;1.0
05054173;641512800000;1.0
05053098;641512800000;1.0
05087499;642204000000;1.0
05143771;642290400000;1.0
05036568;643240800000;1.0
05116687;643413600000;1.0
05167745;643586400000;1.0
05069958;643932000000;1.0
05058241;644104800000;1.0
05081753;644104800000;1.0
05189769;644191200000;1.0
05018390;644191200000;1.0
05110517;644191200000;1.0
05060351;644450400000;1.0
05144731;644796000000;1.0
05135602;645055200000;1.0
05027485;645141600000;1.0
05175042;645228000000;1.0
05080952;645228000000;1.0
05105513;646610400000;1.0
05196037;646869600000;1.0
05038447;646869600000;1.0
05202077;647560800000;1.0
05058249;648079200000;1.0
04995141;648079200000;1.0
05042122;648252000000;1.0
05158821;648338400000;1.0
05081752;648338400000;1.0
05033173;648770400000;1.0
05070585;648856800000;1.0
05074015;648856800000;1.0
05238644;648943200000;1.0
05063646;649029600000;1.0
05198293;649029600000;1.0
05144730;649548000000;1.0
05023130;650584800000;1.0
05056442;650584800000;1.0
05106457;651103200000;1.0
05088441;651362400000;1.0
05181374;652053600000;1.0
05081754;652053600000;1.0
05079813;652658400000;1.0
05067215;652917600000;1.0
05111852;653176800000;1.0
05203186;653608800000;1.0
05111560;653868000000;1.0
05114087;653868000000;1.0
05136762;654300000000;1.0
05111672;654300000000;1.0
05107574;654300000000;1.0
05088523;654386400000;1.0
05074016;654386400000;1.0
05079812;655513200000;1.0
05093190;656550000000;1.0
05099555;656809200000;1.0
05109582;656809200000;1.0
05035110;657327600000;1.0
05137600;657414000000;1.0
05165152;657500400000;1.0
05144728;657500400000;1.0
05136761;657759600000;1.0
05217769;658018800000;1.0
05026603;658018800000;1.0
05105855;658018800000;1.0
05088168;658450800000;1.0
05084950;659574000000;1.0
05129131;659574000000;1.0
05092139;659660400000;1.0
05136860;659746800000;1.0
05061525;659746800000;1.0
05184381;659746800000;1.0
05056200;659746800000;1.0
05235733;659919600000;1.0
05146659;659919600000;1.0
05097574;660178800000;1.0
05132166;660178800000;1.0
05140722;660351600000;1.0
05177950;660438000000;1.0
05174231;661388400000;1.0
05136763;661474800000;1.0
05024390;661734000000;1.0
05172459;661734000000;1.0
05146651;661734000000;1.0
05174228;661734000000;1.0
05141780;662770800000;1.0
05117541;662857200000;1.0
05201103;663202800000;1.0
05094370;663202800000;1.0
05113563;663980400000;1.0
05153970;663980400000;1.0
05079046;663980400000;1.0
05254396;664758000000;1.0
05142750;665190000000;1.0
05156899;665362800000;1.0
05148586;665708400000;1.0
05142754;666399600000;1.0
05060350;666918000000;1.0
05165993;666918000000;1.0
05179750;667177200000;1.0
05142753;667522800000;1.0
05134759;667522800000;1.0
05221390;667695600000;1.0
05125135;668214000000;1.0
05184380;668214000000;1.0
05148665;668386800000;1.0
05182839;668991600000;1.0
05117542;668991600000;1.0
05220714;669337200000;1.0
05111851;670114800000;1.0
05157819;670201200000;1.0
05237945;670543200000;1.0
05214828;670543200000;1.0
05202170;671061600000;1.0
05215791;671061600000;1.0
05144729;671061600000;1.0
05187845;671320800000;1.0
05177832;671666400000;1.0
05206976;671839200000;1.0
05188265;671925600000;1.0
05163208;672530400000;1.0
05161283;672616800000;1.0
05293676;672616800000;1.0
05140729;673135200000;1.0
05297323;673740000000;1.0
05110481;673826400000;1.0
05157818;673826400000;1.0
05148584;673826400000;1.0
05226227;674431200000;1.0
05148585;674431200000;1.0
05114787;674949600000;1.0
05282298;675381600000;1.0
05204158;675554400000;1.0
05144732;676245600000;1.0
05151146;676504800000;1.0
05212858;676591200000;1.0
05301399;677368800000;1.0
05146660;677368800000;1.0
05213735;677714400000;1.0
05149981;678319200000;1.0
05198294;679788000000;1.0
05307547;680392800000;1.0
05253397;680479200000;1.0
05113564;680911200000;1.0
05274894;681084000000;1.0
05251676;681516000000;1.0
05102690;681948000000;1.0
05217770;682207200000;1.0
05174000;682639200000;1.0
05191680;682812000000;1.0
05229060;683848800000;1.0
05199141;684108000000;1.0
05172458;684367200000;1.0
05256477;684972000000;1.0
05227175;685058400000;1.0
05179769;685144800000;1.0
05153972;685663200000;1.0
05211709;686962800000;1.0
05242520;687135600000;1.0
05177840;687135600000;1.0
05249339;687135600000;1.0
05241730;687481200000;1.0
05311389;687481200000;1.0
05301401;688258800000;1.0
05328759;688950000000;1.0
05223197;688950000000;1.0
05223198;688950000000;1.0
05251363;689382000000;1.0
05134760;689382000000;1.0
05195225;689900400000;1.0
05275618;689986800000;1.0
05164249;690764400000;1.0
05153971;691110000000;1.0
05173360;691110000000;1.0
05148583;691110000000;1.0
05339502;691196400000;1.0
05203059;691628400000;1.0
05226217;691628400000;1.0
05228175;691628400000;1.0
05333364;691801200000;1.0
05198274;692233200000;1.0
05323523;692319600000;1.0
05312677;692406000000;1.0
05281441;692578800000;1.0
05239734;694047600000;1.0
05195313;694998000000;1.0
05311650;695257200000;1.0
05197945;695343600000;1.0
05284704;695430000000;1.0
05361467;695948400000;1.0
05416958;695948400000;1.0
05299719;696034800000;1.0
05149582;696121200000;1.0
05424117;696639600000;1.0
05707906;697676400000;1.0
05292573;697762800000;1.0
05365729;698022000000;1.0
05232132;698022000000;1.0
05200260;698022000000;1.0
05253404;698454000000;1.0
05197521;698886000000;1.0
05151320;698972400000;1.0
05218748;699836400000;1.0
05259098;700354800000;1.0
05211967;700354800000;1.0
05252386;700441200000;1.0
05235852;700786800000;1.0
05240750;701478000000;1.0
05165151;701478000000;1.0
05414914;701906400000;1.0
05330604;702079200000;1.0
05269994;702856800000;1.0
05205397;703202400000;1.0
05359758;703720800000;1.0
05216791;703980000000;1.0
05679438;703980000000;1.0
05274893;704066400000;1.0
05287605;705535200000;1.0
05414913;705621600000;1.0
05240764;705708000000;1.0
05317887;706399200000;1.0
05349728;706917600000;1.0
05375306;707954400000;1.0
05231742;707954400000;1.0
05251364;708040800000;1.0
05325572;709250400000;1.0
05443165;709509600000;1.0
05322581;709768800000;1.0
05355566;709941600000;1.0
05250351;709941600000;1.0
05234725;710028000000;1.0
05325571;710373600000;1.0
05287606;710460000000;1.0
05356680;711237600000;1.0
05287604;711928800000;1.0
05288003;711928800000;1.0
05348238;712274400000;1.0
05381594;712274400000;1.0
05282294;712533600000;1.0
05231743;712533600000;1.0
05386618;712792800000;1.0
05329680;712792800000;1.0
05307546;712879200000;1.0
05390399;712879200000;1.0
05216790;713570400000;1.0
05503928;714088800000;1.0
05491857;714175200000;1.0
05369858;714175200000;1.0
05382400;714348000000;1.0
05339503;714866400000;1.0
05382894;714866400000;1.0
05241844;714952800000;1.0
05231744;715471200000;1.0
05299513;715557600000;1.0
05433365;715903200000;1.0
05265314;715989600000;1.0
05210916;716508000000;1.0
05351373;717026400000;1.0
05341549;717199200000;1.0
05268076;717721200000;1.0
05324580;717807600000;1.0
05381592;717894000000;1.0
05289852;718326000000;1.0
05309615;718585200000;1.0
05282299;718585200000;1.0
05283113;719190000000;1.0
05241731;719449200000;1.0
05243742;719535600000;1.0
05331976;719622000000;1.0
05579566;720054000000;1.0
05343601;720054000000;1.0
05233736;720226800000;1.0
05261578;720399600000;1.0
05356582;721263600000;1.0
05269052;721350000000;1.0
05353486;721609200000;1.0
05277967;722127600000;1.0
05346565;723423600000;1.0
05320760;723682800000;1.0
05282779;723769200000;1.0
05343600;723855600000;1.0
05292581;724374000000;1.0
05355567;724633200000;1.0
05317790;724633200000;1.0
06024818;724892400000;1.0
05380582;725497200000;1.0
05284186;725670000000;1.0
05454142;725756400000;1.0
05400485;726274800000;1.0
05305504;727052400000;1.0
05337460;727570800000;1.0
05327622;727570800000;1.0
05377722;727657200000;1.0
05312660;727657200000;1.0
05313692;727657200000;1.0
05671518;727830000000;1.0
05353487;727916400000;1.0
05512354;727916400000;1.0
05294391;728002800000;1.0
05353845;728262000000;1.0
05423859;728521200000;1.0
05310590;728780400000;1.0
05351374;728780400000;1.0
05392500;728780400000;1.0
05341977;729126000000;1.0
05458960;729212400000;1.0
05459912;730076400000;1.0
05307844;730508400000;1.0
05359845;730681200000;1.0
05454145;730940400000;1.0
05296269;731113200000;1.0
05468523;732150000000;1.0
05301400;732150000000;1.0
05428877;732322800000;1.0
05327621;732495600000;1.0
05356055;732754800000;1.0
05425227;732841200000;1.0
05442935;732927600000;1.0
05317791;732927600000;1.0
05326009;733100400000;1.0
05273813;733356000000;1.0
05319831;733356000000;1.0
05437082;734133600000;1.0
05322088;734652000000;1.0
05350615;734738400000;1.0
05341188;735343200000;1.0
05290628;735343200000;1.0
05437239;735861600000;1.0
05355565;735948000000;1.0
05349991;736120800000;1.0
05295287;736552800000;1.0
05359757;736552800000;1.0
05375310;737071200000;1.0
05353485;737071200000;1.0
05373614;737157600000;1.0
05299345;737157600000;1.0
05446951;737676000000;1.0
05375311;737762400000;1.0
05365644;737762400000;1.0
05379501;738194400000;1.0
05447590;738194400000;1.0
05372004;738367200000;1.0
05296278;738453600000;1.0
05323518;738540000000;1.0
05288536;738540000000;1.0
06228460;738885600000;1.0
05341851;739144800000;1.0
05361609;739404000000;1.0
05419022;739404000000;1.0
05389202;739576800000;1.0
05360656;740095200000;1.0
05361468;740700000000;1.0
05414915;740786400000;1.0
05369860;741218400000;1.0
05384082;741304800000;1.0
05365222;741564000000;1.0
05369859;742168800000;1.0
05390400;742428000000;1.0
05451006;742600800000;1.0
05417902;743378400000;1.0
05411623;743810400000;1.0
05349729;744242400000;1.0
05408730;744328800000;1.0
05320900;744933600000;1.0
05388320;745538400000;1.0
05371928;746143200000;1.0
05381593;746661600000;1.0
05481787;746834400000;1.0
05379500;746920800000;1.0
06156562;747439200000;1.0
05407621;748216800000;1.0
05390708;748562400000;1.0
05414987;749343600000;1.0
05429864;749862000000;1.0
05371930;750466800000;1.0
05353488;750553200000;1.0
05361466;750898800000;1.0
05404626;751503600000;1.0
05414902;751762800000;1.0
05416960;751762800000;1.0
05398392;751849200000;1.0
05384944;752108400000;1.0
05481786;752281200000;1.0
05448811;752367600000;1.0
05514234;753318000000;1.0
05425162;753922800000;1.0
05430917;754527600000;1.0
05473802;754527600000;1.0
05494628;754700400000;1.0
05421070;754873200000;1.0
05359759;754873200000;1.0
05519924;755218800000;1.0
05454525;755218800000;1.0
05440793;755305200000;1.0
05437726;755737200000;1.0
05430916;755910000000;1.0
05387263;755996400000;1.0
05417754;756514800000;1.0
05372164;756601200000;1.0
05475904;757206000000;1.0
05388805;757551600000;1.0
05380580;757551600000;1.0
05450880;758242800000;1.0
05390556;758847600000;1.0
05540982;758934000000;1.0
05369861;759106800000;1.0
05664305;759366000000;1.0
05599603;759366000000;1.0
05547731;759452400000;1.0
05416961;759538800000;1.0
05413150;759970800000;1.0
05404625;760143600000;1.0
06300122;760230000000;1.0
05396689;760316400000;1.0
05411063;760575600000;1.0
05410788;760662000000;1.0
05467512;761180400000;1.0
05447100;761180400000;1.0
05410786;761353200000;1.0
05500281;761958000000;1.0
05532035;762390000000;1.0
05410787;762735600000;1.0
05439626;763599600000;1.0
05487859;763772400000;1.0
05438820;764204400000;1.0
05464685;764550000000;1.0
05387454;764805600000;1.0
05428969;764805600000;1.0
05509586;764805600000;1.0
05430918;764892000000;1.0
05721048;764978400000;1.0
05391345;765064800000;1.0
05394596;765064800000;1.0
05573841;765410400000;1.0
05448802;765669600000;1.0
05475887;766101600000;1.0
05445693;766274400000;1.0
05458944;766360800000;1.0
05428878;766620000000;1.0
05475905;766620000000;1.0
05485662;767570400000;1.0
05475909;768175200000;1.0
05477669;768175200000;1.0
05503893;769212000000;1.0
05423109;769212000000;1.0
05428876;769730400000;1.0
05558901;769903200000;1.0
05413849;770940000000;1.0
05609935;771026400000;1.0
05566434;771631200000;1.0
05435048;771631200000;1.0
05405650;772236000000;1.0
05497538;773013600000;1.0
05400486;773359200000;1.0
05454151;773618400000;1.0
05467513;773618400000;1.0
05475908;773618400000;1.0
05428884;774050400000;1.0
05469609;774223200000;1.0
05515585;775087200000;1.0
05513782;775087200000;1.0
05537811;775346400000;1.0
05477890;775346400000;1.0
05466339;775432800000;1.0
05507079;775778400000;1.0
05483730;776642400000;1.0
05564174;776642400000;1.0
05569865;776988000000;1.0
05419023;777592800000;1.0
05619849;777852000000;1.0
05433987;778197600000;1.0
05634249;778802400000;1.0
05545445;778975200000;1.0
05508775;778975200000;1.0
05558825;779061600000;1.0
05551134;779061600000;1.0
05528805;779061600000;1.0
05459913;779320800000;1.0
05448812;779320800000;1.0
05475906;779320800000;1.0
05477595;779320800000;1.0
05670234;779407200000;1.0
05499759;779580000000;1.0
05674587;779666400000;1.0
05471720;779925600000;1.0
05475903;779925600000;1.0
05885390;780098400000;1.0
05593746;780879600000;1.0
05802832;781138800000;1.0
05569528;781138800000;1.0
05526850;782607600000;1.0
05526656;782694000000;1.0
05488758;783126000000;1.0
05613285;783644400000;1.0
05545434;784249200000;1.0
05630262;784335600000;1.0
05478514;784422000000;1.0
05465467;784854000000;1.0
05653010;785199600000;1.0
05590449;785631600000;1.0
05604009;786322800000;1.0
05422159;786841200000;1.0
05517738;787186800000;1.0
05575048;787791600000;1.0
05545486;787878000000;1.0
05628098;788050800000;1.0
05515586;788137200000;1.0
05546880;788655600000;1.0
05564173;788655600000;1.0
05557831;789174000000;1.0
05637114;790297200000;1.0
05673727;790902000000;1.0
06174594;790988400000;1.0
05657520;791074800000;1.0
05531392;791506800000;1.0
05608954;791679600000;1.0
05616395;792370800000;1.0
05552206;792630000000;1.0
05478624;792716400000;1.0
05552097;793926000000;1.0
05671495;794185200000;1.0
05864931;794530800000;1.0
05511294;794530800000;1.0
05560557;794703600000;1.0
05569430;795049200000;1.0
05511295;795222000000;1.0
05553366;796255200000;1.0
05665043;796428000000;1.0
05575313;797551200000;1.0
05548881;797810400000;1.0
05632072;797810400000;1.0
05649344;797896800000;1.0
05513423;798156000000;1.0
05557862;798242400000;1.0
06310269;798674400000;1.0
05822971;798674400000;1.0
05492152;799020000000;1.0
05875653;799365600000;1.0
05549967;799538400000;1.0
05475907;799538400000;1.0
05589254;799797600000;1.0
05566433;799884000000;1.0
05519925;800056800000;1.0
05531001;800056800000;1.0
05601765;801266400000;1.0
05680684;801266400000;1.0
05591388;801266400000;1.0
05515700;801266400000;1.0
05515699;801266400000;1.0
05806154;801266400000;1.0
05553364;801871200000;1.0
05651168;801957600000;1.0
05568678;801957600000;1.0
05704101;802303200000;1.0
05504979;802476000000;1.0
05806155;802476000000;1.0
05643515;802562400000;1.0
05502879;802562400000;1.0
05630261;803167200000;1.0
05732748;803253600000;1.0
05590448;803944800000;1.0
05617902;804117600000;1.0
05533242;804290400000;1.0
05662250;804463200000;1.0
05814390;804463200000;1.0
05645782;804463200000;1.0
05598615;805068000000;1.0
05666797;805586400000;1.0
05634248;805672800000;1.0
05664307;806277600000;1.0
05707709;806709600000;1.0
05688577;806796000000;1.0
05660911;806882400000;1.0
05592725;806882400000;1.0
05619780;806968800000;1.0
05575049;809647200000;1.0
05618610;809647200000;1.0
05675879;809820000000;1.0
05609707;810165600000;1.0
05546643;810338400000;1.0
05575047;811375200000;1.0
05544397;811548000000;1.0
05647109;812070000000;1.0
05609947;812156400000;1.0
05566435;812242800000;1.0
05628097;812329200000;1.0
06029327;812761200000;1.0
05593533;812761200000;1.0
05590447;812934000000;1.0
05657794;813020400000;1.0
05877097;815353200000;1.0
05581858;815439600000;1.0
05766746;815612400000;1.0
05609950;815698800000;1.0
05826624;815871600000;1.0
05588194;815958000000;1.0
05628175;816130800000;1.0
05885020;816390000000;1.0
05820615;816994800000;1.0
05755086;817167600000;1.0
05617618;818809200000;1.0
05718109;818982000000;1.0
05603146;819673200000;1.0
05608955;819673200000;1.0
05704104;820018800000;1.0
05688257;820278000000;1.0
05688451;820623600000;1.0
05783505;820710000000;1.0
05770532;821314800000;1.0
05692278;822351600000;1.0
05718129;822524400000;1.0
05623748;822610800000;1.0
06178607;822870000000;1.0
05613643;823042800000;1.0
05945358;823042800000;1.0
05657797;823215600000;1.0
05772821;823474800000;1.0
05699596;823561200000;1.0
05661880;823906800000;1.0
05720323;824252400000;1.0
05581859;824425200000;1.0
05649345;824511600000;1.0
06130746;824857200000;1.0
05625934;825030000000;1.0
05577307;825548400000;1.0
05737815;825548400000;1.0
05682656;825548400000;1.0
05640745;825634800000;1.0
05665293;826239600000;1.0
05644825;826671600000;1.0
05667611;826930800000;1.0
05673466;826930800000;1.0
05715584;827708400000;1.0
05759929;827967600000;1.0
05697405;828054000000;1.0
06022818;828396000000;1.0
05727294;830988000000;1.0
05752549;831679200000;1.0
05701644;831765600000;1.0
05758483;831938400000;1.0
05753062;831938400000;1.0
05727937;832024800000;1.0
05636420;832802400000;1.0
05699657;832802400000;1.0
05671519;832802400000;1.0
05771674;833234400000;1.0
05794428;833320800000;1.0
05687461;833493600000;1.0
05758482;833839200000;1.0
05732544;833839200000;1.0
05657521;835221600000;1.0
05791135;835221600000;1.0
05701643;835826400000;1.0
05827597;835826400000;1.0
05737821;835912800000;1.0
05649343;835912800000;1.0
05733826;836344800000;1.0
05715707;836776800000;1.0
05802836;836776800000;1.0
05780099;836863200000;1.0
05664306;836863200000;1.0
05756149;837468000000;1.0
05839678;837468000000;1.0
06019140;837468000000;1.0
05806775;837468000000;1.0
05713113;837468000000;1.0
05705008;838072800000;1.0
05581857;838245600000;1.0
05693381;838936800000;1.0
05611127;839023200000;1.0
05659934;839800800000;1.0
05895623;839973600000;1.0
05732453;840060000000;1.0
05628176;840319200000;1.0
05792715;840578400000;1.0
05732454;840664800000;1.0
05673549;841010400000;1.0
06022447;841356000000;1.0
05762840;841788000000;1.0
05806157;841960800000;1.0
05913976;842220000000;1.0
05749400;842392800000;1.0
05775380;842392800000;1.0
05644818;842911200000;1.0
05787557;843429600000;1.0
05718022;843775200000;1.0
05727293;844207200000;1.0
05879455;844293600000;1.0
05891123;844380000000;1.0
05740593;844898400000;1.0
05826348;844898400000;1.0
05827256;844984800000;1.0
05778502;844984800000;1.0
05752301;844984800000;1.0
05753351;845416800000;1.0
05730388;845416800000;1.0
05775622;845416800000;1.0
05758395;845503200000;1.0
05699595;845589600000;1.0
05752300;846543600000;1.0
05873971;847926000000;1.0
05983469;848012400000;1.0
05870807;848012400000;1.0
05614274;848098800000;1.0
05698146;848098800000;1.0
05682655;848790000000;1.0
05737814;849049200000;1.0
05810214;850258800000;1.0
05804115;850431600000;1.0
05675878;850690800000;1.0
05776547;850690800000;1.0
05972473;850690800000;1.0
05794319;851036400000;1.0
05768756;851382000000;1.0
05860201;852159600000;1.0
05829109;852850800000;1.0
06119320;853110000000;1.0
05942179;853110000000;1.0
05896634;853110000000;1.0
05730012;853282800000;1.0
06066121;853974000000;1.0
05908689;854060400000;1.0
06079087;855097200000;1.0
05839606;855270000000;1.0
05919717;855270000000;1.0
05713399;855270000000;1.0
05822833;855529200000;1.0
05901544;855702000000;1.0
05737813;856738800000;1.0
05761778;856911600000;1.0
06041989;856998000000;1.0
05773120;857084400000;1.0
05727292;857516400000;1.0
05874373;858294000000;1.0
05958186;858726000000;1.0
06180051;859158000000;1.0
05890355;859244400000;1.0
05852941;859330800000;1.0
05735112;859503600000;1.0
06003216;859759200000;1.0
05935880;859759200000;1.0
05768877;860018400000;1.0
05813101;860623200000;1.0
05898981;860968800000;1.0
05802683;861314400000;1.0
05752302;861746400000;1.0
06105223;862351200000;1.0
05911942;862437600000;1.0
05913797;862437600000;1.0
06283952;862783200000;1.0
05806156;862956000000;1.0
05826315;863042400000;1.0
05832576;863128800000;1.0
05813102;863128800000;1.0
05797552;863560800000;1.0
07043804;864684000000;1.0
05839265;864856800000;1.0
05778501;864856800000;1.0
06048809;865288800000;1.0
06063717;865375200000;1.0
06014797;866412000000;1.0
05903962;866498400000;1.0
05867880;866584800000;1.0
05789328;866584800000;1.0
05972814;867189600000;1.0
05888916;867362400000;1.0
05780369;867621600000;1.0
05794427;867880800000;1.0
05822834;868140000000;1.0
05909750;868226400000;1.0
05833802;868312800000;1.0
05819383;868485600000;1.0
05802682;868572000000;1.0
06090465;868917600000;1.0
05864930;869004000000;1.0
05879487;869090400000;1.0
06265048;869436000000;1.0
05803134;870300000000;1.0
06032844;870300000000;1.0
05758394;870386400000;1.0
05810271;870645600000;1.0
05873152;871250400000;1.0
05909883;871250400000;1.0
06080471;871423200000;1.0
06008150;871855200000;1.0
06307953;871855200000;1.0
05987721;872719200000;1.0
05862575;873237600000;1.0
05791028;873237600000;1.0
05901422;873410400000;1.0
05893200;873410400000;1.0
05952075;873669600000;1.0
06140261;873842400000;1.0
05950290;874015200000;1.0
05879779;874274400000;1.0
05943748;874274400000;1.0
05822835;874447200000;1.0
05950412;874965600000;1.0
06155306;875138400000;1.0
05855125;875224800000;1.0
05875530;876175200000;1.0
05956827;877039200000;1.0
05996328;877471200000;1.0
05915699;877644000000;1.0
05870808;877644000000;1.0
06032341;877644000000;1.0
05874372;877993200000;1.0
05839176;878598000000;1.0
06122391;878857200000;1.0
06055710;879116400000;1.0
05943852;879289200000;1.0
06113825;879375600000;1.0
05887323;880066800000;1.0
06189189;880066800000;1.0
05964000;880326000000;1.0
06079454;880326000000;1.0
06023824;880498800000;1.0
06007653;880498800000;1.0
05928579;881017200000;1.0
05881440;881017200000;1.0
05884468;881190000000;1.0
06442809;881276400000;1.0
05933931;881276400000;1.0
06116292;881622000000;1.0
05991987;882313200000;1.0
05896633;882313200000;1.0
06032342;882745200000;1.0
05935881;882831600000;1.0
06041586;883522800000;1.0
06016583;883522800000;1.0
05997966;884646000000;1.0
05909884;884732400000;1.0
05937492;884905200000;1.0
06133553;885250800000;1.0
06112385;885423600000;1.0
05857249;885510000000;1.0
06055711;885855600000;1.0
05926970;886633200000;1.0
05946780;886633200000;1.0
05940945;887065200000;1.0
06021632;887238000000;1.0
05960525;887238000000;1.0
06029328;887756400000;1.0
05970592;887756400000;1.0
06520184;888274800000;1.0
06108879;888274800000;1.0
06088892;888361200000;1.0
06076345;888447600000;1.0
05950289;888793200000;1.0
06009606;889052400000;1.0
06642160;889052400000;1.0
06040003;889052400000;1.0
06019799;889138800000;1.0
05983952;889743600000;1.0
05943745;890348400000;1.0
06134759;890953200000;1.0
05887322;891468000000;1.0
06112384;891813600000;1.0
06053216;891986400000;1.0
05974777;893109600000;1.0
06014854;893282400000;1.0
05979030;893368800000;1.0
06293210;893368800000;1.0
06311377;893714400000;1.0
06029926;893714400000;1.0
06012205;893973600000;1.0
06027783;894405600000;1.0
06327759;894492000000;1.0
06107218;894837600000;1.0
06115859;894924000000;1.0
05894643;894924000000;1.0
06207601;895442400000;1.0
06009605;895788000000;1.0
05956826;895788000000;1.0
05956828;896306400000;1.0
05962086;896652000000;1.0
06247215;896824800000;1.0
06350504;896824800000;1.0
05992472;897861600000;1.0
06159880;897861600000;1.0
05908793;898034400000;1.0
06161269;898034400000;1.0
05983470;898812000000;1.0
05976453;899071200000;1.0
06185475;900367200000;1.0
06156681;900540000000;1.0
06000439;900540000000;1.0
06055712;900540000000;1.0
06689870;900540000000;1.0
06085395;901836000000;1.0
06056022;902354400000;1.0
06183583;902872800000;1.0
06076242;902959200000;1.0
06016850;903045600000;1.0
06145348;903477600000;1.0
05901423;903650400000;1.0
06038847;904168800000;1.0
06131785;904168800000;1.0
06138448;904255200000;1.0
06079086;904514400000;1.0
05939176;904600800000;1.0
06528139;905205600000;1.0
06183436;905464800000;1.0
06131419;905724000000;1.0
06105224;906933600000;1.0
06170302;907106400000;1.0
06055714;907106400000;1.0
06094790;907192800000;1.0
06083556;907279200000;1.0
06112386;907884000000;1.0
06148490;908316000000;1.0
06109016;908402400000;1.0
06012654;908488800000;1.0
06016851;908488800000;1.0
06432202;908834400000;1.0
06298538;909007200000;1.0
06000208;909093600000;1.0
05930878;909093600000;1.0
06032335;909615600000;1.0
06258739;909702000000;1.0
06554963;909961200000;1.0
06109557;910220400000;1.0
06753063;910306800000;1.0
06126102;910652400000;1.0
06244031;911862000000;1.0
06161370;912380400000;1.0
06003215;912466800000;1.0
06301937;912553200000;1.0
06511566;912639600000;1.0
06440192;913158000000;1.0
06047452;913244400000;1.0
06094791;913935600000;1.0
06123477;913935600000;1.0
06192667;914194800000;1.0
06039282;914194800000;1.0
06270623;914281200000;1.0
06340507;914281200000;1.0
06151764;914454000000;1.0
06092563;914886000000;1.0
06173480;914886000000;1.0
05970583;915490800000;1.0
06082412;915577200000;1.0
06579391;916354800000;1.0
06056714;916959600000;1.0
05970591;917218800000;1.0
06055709;917478000000;1.0
06065504;917564400000;1.0
06199359;917564400000;1.0
06164054;918601200000;1.0
06148598;918687600000;1.0
06112381;919292400000;1.0
06248417;919983600000;1.0
06120715;920415600000;1.0
06128913;920502000000;1.0
06129882;921106800000;1.0
06263882;921452400000;1.0
06283165;921538800000;1.0
05970593;921798000000;1.0
06023823;922057200000;1.0
06134758;922057200000;1.0
06767602;922402800000;1.0
06000112;922831200000;1.0
06015070;923263200000;1.0
06115893;923436000000;1.0
06240608;923868000000;1.0
06627032;924040800000;1.0
06032340;924127200000;1.0
06375889;924213600000;1.0
06131254;924472800000;1.0
06272831;924645600000;1.0
06169044;925250400000;1.0
06012206;925250400000;1.0
06195856;925768800000;1.0
06199787;925941600000;1.0
06105624;926460000000;1.0
06158097;926546400000;1.0
06065194;926546400000;1.0
06192560;926978400000;1.0
05964015;927237600000;1.0
06061885;927842400000;1.0
06145176;927842400000;1.0
06052878;927842400000;1.0
06233796;928792800000;1.0
06163943;928879200000;1.0
06168743;929397600000;1.0
06049956;929656800000;1.0
06088891;929916000000;1.0
06152187;929916000000;1.0
06168747;929916000000;1.0
06089280;929916000000;1.0
06350336;930002400000;1.0
06105222;930088800000;1.0
06314627;930607200000;1.0
06112387;930866400000;1.0
06233797;931816800000;1.0
06058583;932076000000;1.0
06125515;932508000000;1.0
06175996;932594400000;1.0
06102079;932680800000;1.0
06432234;932940000000;1.0
06131778;933026400000;1.0
06242370;933199200000;1.0
06502289;933717600000;1.0
06299573;933890400000;1.0
06509074;934495200000;1.0
06280841;934927200000;1.0
06076243;935704800000;1.0
06141843;935704800000;1.0
06186995;935964000000;1.0
06418598;936136800000;1.0
06321427;936828000000;1.0
06302308;937173600000;1.0
06233798;938556000000;1.0
06119319;938556000000;1.0
06306234;938728800000;1.0
06203743;938728800000;1.0
06209304;938988000000;1.0
06315934;938988000000;1.0
06393817;939074400000;1.0
06151763;939247200000;1.0
06440341;939247200000;1.0
06199250;939679200000;1.0
06253429;939679200000;1.0
06348072;939765600000;1.0
06509079;939852000000;1.0
06265207;940284000000;1.0
06354069;940543200000;1.0
06523968;940802400000;1.0
06253431;940802400000;1.0
06156426;940975200000;1.0
06149437;941148000000;1.0
06092268;942188400000;1.0
06324738;942706800000;1.0
06073660;942879600000;1.0
06376396;942879600000;1.0
06134757;942879600000;1.0
06240609;942879600000;1.0
06138336;943311600000;1.0
06314628;944089200000;1.0
06073434;946249200000;1.0
06423165;946335600000;1.0
06430788;946508400000;1.0
06321425;946508400000;1.0
06249939;947026800000;1.0
06405418;947199600000;1.0
06292989;947804400000;1.0
06305059;949359600000;1.0
06365091;949446000000;1.0
06301759;949446000000;1.0
06311376;949878000000;1.0
06478829;949964400000;1.0
06444292;950223600000;1.0
06301760;950482800000;1.0
06521554;951174000000;1.0
06237203;951433200000;1.0
06397444;951433200000;1.0
06332253;951778800000;1.0
06199249;952470000000;1.0
06406650;952642800000;1.0
06223783;953074800000;1.0
06338187;953247600000;1.0
06163944;953506800000;1.0
06588080;954367200000;1.0
06395041;954367200000;1.0
06571441;954799200000;1.0
06375773;955490400000;1.0
06237819;956786400000;1.0
06729356;956786400000;1.0
06289700;957736800000;1.0
06632755;957823200000;1.0
06230376;958082400000;1.0
06233795;958082400000;1.0
06260247;958082400000;1.0
06716775;958082400000;1.0
06195855;958341600000;1.0
06554029;959292000000;1.0
06543105;959292000000;1.0
06360413;959637600000;1.0
06454975;959724000000;1.0
06351877;959724000000;1.0
06735832;959810400000;1.0
06481071;960242400000;1.0
06592069;960242400000;1.0
06412140;960242400000;1.0
06375111;960415200000;1.0
06413452;960501600000;1.0
06230377;961020000000;1.0
07000296;961020000000;1.0
06568049;961020000000;1.0
06447703;961624800000;1.0
06253430;961711200000;1.0
06301750;962056800000;1.0
06282765;962316000000;1.0
06478996;962834400000;1.0
06247504;962920800000;1.0
06471906;963180000000;1.0
06412154;963957600000;1.0
06470543;964130400000;1.0
06370746;964130400000;1.0
06195857;964648800000;1.0
06746974;964994400000;1.0
06836937;965426400000;1.0
06671936;965685600000;1.0
06405417;966204000000;1.0
06423393;966549600000;1.0
06594874;967500000000;1.0
06823568;967672800000;1.0
06838043;967759200000;1.0
06868593;967759200000;1.0
06305058;968277600000;1.0
06370747;968796000000;1.0
06389665;969314400000;1.0
06490771;970005600000;1.0
06893522;970092000000;1.0
06279213;970092000000;1.0
06422118;970610400000;1.0
06334586;970610400000;1.0
06723208;970696800000;1.0
06543106;970696800000;1.0
06438812;970783200000;1.0
06374470;970783200000;1.0
06266856;971128800000;1.0
06298529;971301600000;1.0
06550115;971647200000;1.0
06671937;971733600000;1.0
06481072;971992800000;1.0
06681461;971992800000;1.0
06595843;972946800000;1.0
06643901;973033200000;1.0
06564438;973551600000;1.0
06295706;974156400000;1.0
06609278;974415600000;1.0
06487762;974761200000;1.0
06887486;975970800000;1.0
06537473;976230000000;1.0
06564437;976489200000;1.0
06750166;977266800000;1.0
06308388;978476400000;1.0
06378179;978649200000;1.0
06668435;978994800000;1.0
06460233;978994800000;1.0
06836938;979340400000;1.0
06311375;979686000000;1.0
06669799;979858800000;1.0
06751831;980204400000;1.0
06282764;980204400000;1.0
06539597;980722800000;1.0
06269525;981414000000;1.0
06485566;981500400000;1.0
06887410;981586800000;1.0
06502288;981673200000;1.0
06412155;982105200000;1.0
06669878;982278000000;1.0
06321426;983142000000;1.0
06663806;983314800000;1.0
06524503;983487600000;1.0
06449819;983487600000;1.0
06764971;983487600000;1.0
06609277;983487600000;1.0
06401314;983746800000;1.0
06839945;983833200000;1.0
06421891;983919600000;1.0
06385827;984610800000;1.0
06560832;985129200000;1.0
06427300;985129200000;1.0
06499345;985215600000;1.0
06381817;985302000000;1.0
06430789;985557600000;1.0
06740385;985730400000;1.0
06491794;985816800000;1.0
07039991;986508000000;1.0
06536087;986767200000;1.0
06378180;986940000000;1.0
06592790;986940000000;1.0
06308506;986940000000;1.0
06957474;987199200000;1.0
06308537;987544800000;1.0
06524493;987717600000;1.0
06442810;988149600000;1.0
06343410;988149600000;1.0
06449820;988322400000;1.0
06427299;988322400000;1.0
06511011;988927200000;1.0
06513748;988927200000;1.0
06692541;989964000000;1.0
06397443;990396000000;1.0
06401315;991260000000;1.0
06695941;991260000000;1.0
06385826;991260000000;1.0
06415484;991692000000;1.0
07100253;992296800000;1.0
06687564;992383200000;1.0
06374469;992383200000;1.0
06353985;993160800000;1.0
06739024;993420000000;1.0
06726975;993420000000;1.0
06583074;993420000000;1.0
06823569;993679200000;1.0
06439269;993679200000;1.0
06715191;993679200000;1.0
06334243;994284000000;1.0
06363593;994370400000;1.0
06367130;994370400000;1.0
06347440;994370400000;1.0
06360412;994370400000;1.0
06694581;994716000000;1.0
06546605;994716000000;1.0
06385825;994975200000;1.0
06502290;995493600000;1.0
06398895;995493600000;1.0
06696374;995839200000;1.0
06737004;996530400000;1.0
06606771;996530400000;1.0
06660218;996530400000;1.0
06743519;996789600000;1.0
06877196;996789600000;1.0
06735835;996789600000;1.0
06634070;996789600000;1.0
06596210;997048800000;1.0
06543104;998431200000;1.0
06872352;998431200000;1.0
07003856;998517600000;1.0
06397442;998863200000;1.0
06381818;998949600000;1.0
06385828;998949600000;1.0
06736917;999208800000;1.0
06651419;999640800000;1.0
07732357;1000418400000;1.0
06539596;1001023200000;1.0
06726809;1001455200000;1.0
07501082;1001541600000;1.0
06704980;1001628000000;1.0
06889409;1001887200000;1.0
06790796;1002232800000;1.0
06767498;1002578400000;1.0
06743392;1002837600000;1.0
06776943;1003356000000;1.0
06658709;1003442400000;1.0
07178210;1003442400000;1.0
06578244;1004047200000;1.0
06637085;1004047200000;1.0
07020940;1004310000000;1.0
06622359;1004396400000;1.0
07185405;1004482800000;1.0
06709623;1004569200000;1.0
06752890;1004569200000;1.0
06673204;1005865200000;1.0
06598276;1006210800000;1.0
06811849;1006297200000;1.0
06782589;1006988400000;1.0
06739025;1006988400000;1.0
07197795;1007506800000;1.0
06564436;1007593200000;1.0
06881288;1008025200000;1.0
06872273;1008025200000;1.0
07356892;1008630000000;1.0
06592713;1008630000000;1.0
06875473;1008716400000;1.0
06824635;1008716400000;1.0
06796115;1008716400000;1.0
06405416;1008802800000;1.0
06748632;1008889200000;1.0
06834417;1009321200000;1.0
06654992;1009494000000;1.0
06519820;1010703600000;1.0
RE038769;1011654000000;1.0
06470713;1011740400000;1.0
06694582;1013382000000;1.0
07437807;1013468400000;1.0
06557223;1013727600000;1.0
06715189;1014764400000;1.0
06523234;1014850800000;1.0
07585440;1014937200000;1.0
06581257;1015455600000;1.0
06770240;1015542000000;1.0
06579396;1015542000000;1.0
07132025;1015628400000;1.0
06618503;1015801200000;1.0
06516502;1015887600000;1.0
06647601;1015974000000;1.0
06637084;1016146800000;1.0
06866068;1016492400000;1.0
07069628;1016578800000;1.0
06655559;1016665200000;1.0
06561230;1017010800000;1.0
06702927;1017183600000;1.0
07201777;1017270000000;1.0
06776878;1017698400000;1.0
06725884;1017784800000;1.0
06629340;1017957600000;1.0
06776319;1018821600000;1.0
06748633;1019080800000;1.0
06785937;1019599200000;1.0
06634068;1019599200000;1.0
06763559;1019685600000;1.0
06704979;1020117600000;1.0
06837278;1020376800000;1.0
07150083;1020376800000;1.0
06854166;1020808800000;1.0
06732413;1020895200000;1.0
07047608;1021500000000;1.0
06568050;1022018400000;1.0
07293336;1022191200000;1.0
06735837;1022623200000;1.0
06726976;1022623200000;1.0
07039997;1022709600000;1.0
06814107;1022796000000;1.0
06748634;1023141600000;1.0
06964749;1023141600000;1.0
06725512;1023228000000;1.0
06557224;1023919200000;1.0
06668436;1024264800000;1.0
06841492;1024956000000;1.0
07310858;1024956000000;1.0
06770867;1025128800000;1.0
06857170;1025128800000;1.0
06836939;1025215200000;1.0
07318263;1025215200000;1.0
RE039554;1025647200000;1.0
06918164;1026770400000;1.0
07504062;1026770400000;1.0
07275291;1026856800000;1.0
06739023;1026943200000;1.0
06901970;1027461600000;1.0
07037866;1028498400000;1.0
07168140;1028757600000;1.0
07138167;1029103200000;1.0
06842953;1029189600000;1.0
06897071;1029189600000;1.0
06775887;1029794400000;1.0
06890166;1029880800000;1.0
07329623;1030658400000;1.0
06826813;1031004000000;1.0
06584659;1031090400000;1.0
07008889;1031263200000;1.0
06625853;1032213600000;1.0
06859983;1032300000000;1.0
06701591;1032472800000;1.0
06634069;1032818400000;1.0
07353575;1033077600000;1.0
07285240;1033336800000;1.0
07005038;1033682400000;1.0
06684468;1033941600000;1.0
07210206;1034200800000;1.0
07309667;1034200800000;1.0
06735836;1034287200000;1.0
06811870;1034632800000;1.0
06568051;1034632800000;1.0
06810918;1034719200000;1.0
07308743;1035151200000;1.0
06641829;1035237600000;1.0
06708381;1036364400000;1.0
07183231;1036623600000;1.0
07191500;1036623600000;1.0
06780357;1036710000000;1.0
06722000;1037746800000;1.0
06989125;1037833200000;1.0
07055227;1038265200000;1.0
06987075;1038524400000;1.0
06854167;1039388400000;1.0
06913720;1039474800000;1.0
06855392;1039647600000;1.0
07036197;1039734000000;1.0
06735833;1040079600000;1.0
06718603;1040166000000;1.0
06666234;1040338800000;1.0
06958103;1040598000000;1.0
07022201;1040598000000;1.0
07086128;1040943600000;1.0
06865784;1041202800000;1.0
06921569;1041462000000;1.0
06735834;1041548400000;1.0
06881468;1042153200000;1.0
06701592;1043103600000;1.0
06983519;1043190000000;1.0
07096575;1044572400000;1.0
07127785;1044918000000;1.0
06845550;1046386800000;1.0
06834418;1046386800000;1.0
06883193;1046818800000;1.0
07101504;1046991600000;1.0
07025915;1048201200000;1.0
06983555;1048460400000;1.0
07047606;1048719600000;1.0
07500296;1048806000000;1.0
06848151;1049061600000;1.0
06862781;1049148000000;1.0
07013541;1049666400000;1.0
07350279;1049752800000;1.0
07082654;1052258400000;1.0
07160183;1052344800000;1.0
07124483;1052690400000;1.0
06770172;1053036000000;1.0
06773553;1053036000000;1.0
07017244;1053468000000;1.0
07404921;1053554400000;1.0
07393434;1053554400000;1.0
07306703;1053640800000;1.0
07047607;1053986400000;1.0
07091395;1054504800000;1.0
07107740;1054591200000;1.0
06851164;1055714400000;1.0
07367093;1056578400000;1.0
07026048;1057010400000;1.0
07622408;1057010400000;1.0
07303656;1057096800000;1.0
06832419;1057183200000;1.0
06802110;1059343200000;1.0
06779368;1060552800000;1.0
07185406;1062540000000;1.0
06779236;1063231200000;1.0
06948531;1064181600000;1.0
07131171;1064354400000;1.0
07076848;1064527200000;1.0
07181817;1064527200000;1.0
07103946;1064527200000;1.0
06983520;1064527200000;1.0
07107659;1064527200000;1.0
07059027;1064527200000;1.0
06823570;1064786400000;1.0
06826814;1064786400000;1.0
07395588;1064872800000;1.0
07392575;1065477600000;1.0
07350724;1065477600000;1.0
06782590;1065736800000;1.0
06779237;1066082400000;1.0
06832418;1066773600000;1.0
07270777;1066773600000;1.0
06880319;1067382000000;1.0
07065844;1067554800000;1.0
07029555;1068591600000;1.0
06751830;1068591600000;1.0
07120977;1069196400000;1.0
07152287;1069196400000;1.0
07398583;1069369200000;1.0
07210205;1069801200000;1.0
06785940;1070233200000;1.0
06877197;1070838000000;1.0
07381307;1071442800000;1.0
07426775;1071615600000;1.0
07309685;1071788400000;1.0
07282253;1071788400000;1.0
07194788;1072134000000;1.0
07194789;1072134000000;1.0
07040354;1073257200000;1.0
06908524;1073343600000;1.0
06810565;1073862000000;1.0
07484276;1073948400000;1.0
07240408;1074034800000;1.0
07412756;1076022000000;1.0
07763324;1076540400000;1.0
07114227;1076972400000;1.0
06796010;1077231600000;1.0
06932120;1077490800000;1.0
07213309;1077577200000;1.0
07169246;1078700400000;1.0
07690092;1078873200000;1.0
07013542;1079478000000;1.0
07611594;1080082800000;1.0
07752723;1080770400000;1.0
07767120;1080856800000;1.0
07384591;1082066400000;1.0
06978524;1082066400000;1.0
07323244;1083016800000;1.0
07331089;1083103200000;1.0
06981394;1083276000000;1.0
07229531;1084312800000;1.0
07182483;1084399200000;1.0
07761964;1084399200000;1.0
07310859;1084399200000;1.0
06880212;1085695200000;1.0
06902231;1086040800000;1.0
07174612;1086732000000;1.0
07237308;1086818400000;1.0
06908018;1087336800000;1.0
07467445;1087423200000;1.0
07120975;1087509600000;1.0
06948221;1087855200000;1.0
07563401;1088114400000;1.0
07571524;1089151200000;1.0
06971661;1090274400000;1.0
06973807;1090533600000;1.0
07356893;1091052000000;1.0
06883213;1092261600000;1.0
07251872;1092607200000;1.0
07267745;1094162400000;1.0
07310860;1094162400000;1.0
07232468;1094508000000;1.0
07858544;1094767200000;1.0
07480969;1094767200000;1.0
07000295;1096495200000;1.0
07367094;1096840800000;1.0
07346967;1096840800000;1.0
07509714;1097100000000;1.0
07306704;1097791200000;1.0
07073538;1098136800000;1.0
07278191;1098914400000;1.0
07422660;1099263600000;1.0
06926044;1099263600000;1.0
07657982;1099522800000;1.0
07062824;1100214000000;1.0
07191501;1100214000000;1.0
07714065;1100473200000;1.0
07520037;1102460400000;1.0
D0527298;1102546800000;1.0
07069629;1103065200000;1.0
07413789;1103238000000;1.0
07247212;1103583600000;1.0
07103945;1104706800000;1.0
07290314;1107817200000;1.0
07127784;1108422000000;1.0
07387758;1108508400000;1.0
07276132;1109026800000;1.0
07039990;1109113200000;1.0
07461438;1109718000000;1.0
07120976;1110150000000;1.0
07059026;1110409200000;1.0
07107658;1111014000000;1.0
07807590;1111446000000;1.0
07601284;1112738400000;1.0
07406755;1112824800000;1.0
07455800;1112824800000;1.0
07562426;1112911200000;1.0
07155787;1113861600000;1.0
07430790;1114466400000;1.0
07587798;1115589600000;1.0
07188397;1116367200000;1.0
07826997;1116799200000;1.0
07207094;1117058400000;1.0
07631406;1117144800000;1.0
07731814;1117144800000;1.0
07159318;1117490400000;1.0
07337512;1117576800000;1.0
06974520;1118786400000;1.0
07273578;1119045600000;1.0
07516525;1119218400000;1.0
07743476;1119477600000;1.0
07168141;1119823200000;1.0
07409753;1119909600000;1.0
07152288;1120687200000;1.0
07562424;1122242400000;1.0
07562427;1122242400000;1.0
07086130;1122242400000;1.0
07114226;1122933600000;1.0
07197796;1123020000000;1.0
07194790;1125439200000;1.0
07131172;1125439200000;1.0
07373705;1125957600000;1.0
07500294;1126303200000;1.0
07260875;1126476000000;1.0
07478463;1127685600000;1.0
07484277;1128549600000;1.0
07707699;1128895200000;1.0
07185404;1130104800000;1.0
07168456;1130277600000;1.0
07086129;1130364000000;1.0
07640637;1130799600000;1.0
07690093;1130972400000;1.0
07818853;1131058800000;1.0
07325283;1131490800000;1.0
07820945;1132009200000;1.0
07618508;1132700400000;1.0
07832940;1133218800000;1.0
07251871;1135810800000;1.0
07441315;1137452400000;1.0
07628114;1137538800000;1.0
07234212;1137625200000;1.0
07428772;1139180400000;1.0
07284306;1139871600000;1.0
07380323;1140044400000;1.0
07281622;1141081200000;1.0
07527281;1141945200000;1.0
07770271;1141945200000;1.0
07568266;1142463600000;1.0
07117571;1143154800000;1.0
07552519;1143496800000;1.0
07331090;1144274400000;1.0
07448118;1145397600000;1.0
07228604;1146175200000;1.0
07493679;1146175200000;1.0
07523531;1147125600000;1.0
07802529;1147730400000;1.0
07845380;1149112800000;1.0
07213313;1149804000000;1.0
07631405;1150149600000;1.0
07296328;1151445600000;1.0
07500295;1152050400000;1.0
07380317;1152482400000;1.0
07234213;1154901600000;1.0
07181816;1154901600000;1.0
07260873;1154901600000;1.0
07178211;1154901600000;1.0
07735203;1155679200000;1.0
07641768;1156456800000;1.0
07500292;1156716000000;1.0
07603755;1156802400000;1.0
07191580;1157407200000;1.0
07331091;1158271200000;1.0
07334303;1158789600000;1.0
07386925;1159912800000;1.0
07536761;1161122400000;1.0
07308744;1161900000000;1.0
07370395;1162335600000;1.0
07674356;1163631600000;1.0
07260874;1164150000000;1.0
07526845;1164150000000;1.0
07645521;1165186800000;1.0
07779521;1166742000000;1.0
07246418;1167174000000;1.0
07475465;1167260400000;1.0
07666160;1167346800000;1.0
07441314;1170025200000;1.0
07673573;1170198000000;1.0
07677189;1170198000000;1.0
07788775;1170716400000;1.0
07426776;1170802800000;1.0
07386924;1170975600000;1.0
07850899;1171321200000;1.0
07421766;1171494000000;1.0
07454817;1172790000000;1.0
07722743;1174345200000;1.0
07467446;1175032800000;1.0
07523532;1176069600000;1.0
07472463;1180648800000;1.0
07735204;1181512800000;1.0
07325284;1183586400000;1.0
07759264;1185228000000;1.0
07530150;1186092000000;1.0
07815887;1186351200000;1.0
07785444;1188338400000;1.0
07802749;1192744800000;1.0
07814627;1193698800000;1.0
07500293;1196118000000;1.0
07854816;1200265200000;1.0
07475459;1200351600000;1.0
07832067;1200956400000;1.0
07770269;1200956400000;1.0
07513021;1204153200000;1.0
07562425;1206572400000;1.0
07549202;1206572400000;1.0
07770270;1208383200000;1.0
07814626;1210284000000;1.0
07581294;1214776800000;1.0
07669303;1215381600000;1.0
07770272;1220911200000;1.0
07810308;1222207200000;1.0
07854048;1223244000000;1.0
07806360;1224194400000;1.0
07614127;1227049200000;1.0
07669304;1228258800000;1.0
07748092;1235948400000;1.0
07712197;1241042400000;1.0
07850741;1242597600000;1.0
07832068;1246312800000;1.0
07845055;1256770800000;1.0
07799864;1258498800000;1.0
07814625;1272319200000;1.0
