id;ts;originality
03893689;-54003600000;1.0
03859704;-15728400000;1.0
04071280;28767600000;1.0
03860294;64105200000;1.0
03883181;71276400000;1.0
03871708;71708400000;1.0
03877754;74386800000;1.0
03885615;76719600000;1.0
03865170;76719600000;1.0
03860295;86396400000;1.0
03895667;87174000000;1.0
03861752;88038000000;1.0
03870371;88815600000;1.0
03876255;90457200000;1.0
03930526;93135600000;1.0
03874736;94258800000;1.0
03858942;95036400000;1.0
03897111;96505200000;1.0
03860297;97714800000;1.0
04005907;97887600000;1.0
03883182;101516400000;1.0
03890010;103417200000;1.0
03894776;103762800000;1.0
03866978;103849200000;1.0
03862779;105058800000;1.0
03944285;106959600000;1.0
03905649;107564400000;1.0
03880219;109206000000;1.0
03897977;109465200000;1.0
03915511;109810800000;1.0
03921745;112230000000;1.0
03871709;112230000000;1.0
03882885;112402800000;1.0
03869175;113094000000;1.0
03860296;113094000000;1.0
03891276;113094000000;1.0
03891341;114044400000;1.0
03881778;116722800000;1.0
03876257;116722800000;1.0
03907369;116809200000;1.0
03860293;117068400000;1.0
03883180;118278000000;1.0
03924898;118278000000;1.0
03877504;118278000000;1.0
03890009;118450800000;1.0
03888545;120178800000;1.0
03909065;120697200000;1.0
03888281;121042800000;1.0
03880441;121561200000;1.0
03893690;122252400000;1.0
03874054;123375600000;1.0
03952820;123721200000;1.0
03885834;123980400000;1.0
03897113;124326000000;1.0
03871710;124326000000;1.0
03882919;124585200000;1.0
03897112;125708400000;1.0
03915502;127350000000;1.0
03896868;127609200000;1.0
03873161;128559600000;1.0
03866977;128559600000;1.0
03905086;128559600000;1.0
03884527;129164400000;1.0
03907053;129250800000;1.0
03893708;129337200000;1.0
03948563;129769200000;1.0
03939020;129769200000;1.0
03894775;130028400000;1.0
03894777;130114800000;1.0
03873162;130114800000;1.0
03876256;130114800000;1.0
03874055;130719600000;1.0
03905089;130719600000;1.0
03915504;131151600000;1.0
03909067;131929200000;1.0
03869174;133398000000;1.0
03910336;133570800000;1.0
03918762;133743600000;1.0
03868147;134262000000;1.0
03936061;134348400000;1.0
03901554;134607600000;1.0
03894774;134866800000;1.0
03934632;135212400000;1.0
03862778;135385200000;1.0
03922106;135817200000;1.0
03879089;135817200000;1.0
03909066;136422000000;1.0
03918763;136422000000;1.0
03907370;136594800000;1.0
03910638;137286000000;1.0
03912333;138236400000;1.0
03933397;138409200000;1.0
03895844;138409200000;1.0
03870372;138409200000;1.0
03918186;138927600000;1.0
03873160;139100400000;1.0
03976116;139446000000;1.0
03917352;139446000000;1.0
03997217;139618800000;1.0
03913981;139705200000;1.0
03890008;140655600000;1.0
03963361;140742000000;1.0
03915503;141433200000;1.0
03912332;141606000000;1.0
03952786;141865200000;1.0
03999268;142210800000;1.0
03893688;142210800000;1.0
03977454;142210800000;1.0
03923295;142470000000;1.0
03885814;142470000000;1.0
03904197;142815600000;1.0
03931871;143074800000;1.0
03967856;143161200000;1.0
03942839;144370800000;1.0
03905648;144889200000;1.0
03907372;145148400000;1.0
03934936;145580400000;1.0
03913943;146098800000;1.0
03953075;147394800000;1.0
03960047;147913200000;1.0
03913980;147913200000;1.0
03950076;148086000000;1.0
03937528;148777200000;1.0
03987409;149382000000;1.0
03967857;150332400000;1.0
03939946;150591600000;1.0
04003630;150678000000;1.0
03950033;151023600000;1.0
03997018;151023600000;1.0
03931998;151714800000;1.0
03913982;151714800000;1.0
03958833;152233200000;1.0
03967879;152492400000;1.0
03918764;152492400000;1.0
03950032;153356400000;1.0
03960409;154566000000;1.0
03968996;154738800000;1.0
03930683;154738800000;1.0
04007968;155257200000;1.0
03976302;155343600000;1.0
03965708;155430000000;1.0
03989305;156121200000;1.0
03922018;156553200000;1.0
03907371;156985200000;1.0
03947070;157244400000;1.0
03977728;157590000000;1.0
03989307;158194800000;1.0
03966260;158281200000;1.0
03995909;158367600000;1.0
03986750;159404400000;1.0
03970346;159750000000;1.0
03915266;160009200000;1.0
03937262;160873200000;1.0
03957100;160873200000;1.0
03955852;161218800000;1.0
03973801;161478000000;1.0
03933392;161910000000;1.0
04094550;162082800000;1.0
03961826;163292400000;1.0
04009911;163378800000;1.0
04017348;163638000000;1.0
03924928;163810800000;1.0
03982788;163897200000;1.0
03995938;164242800000;1.0
03985393;164502000000;1.0
03993357;164502000000;1.0
03988039;164588400000;1.0
03998494;164588400000;1.0
03988040;165452400000;1.0
04135766;166057200000;1.0
04036530;166057200000;1.0
03997016;166834800000;1.0
03969034;167007600000;1.0
04002371;167266800000;1.0
04071279;167266800000;1.0
03998258;167871600000;1.0
04019782;168217200000;1.0
04030753;168217200000;1.0
03994355;169686000000;1.0
04027919;169945200000;1.0
03985949;170636400000;1.0
04054335;171759600000;1.0
03985392;172105200000;1.0
04018482;172364400000;1.0
03961827;172450800000;1.0
04037924;172450800000;1.0
04040671;172710000000;1.0
04046184;173055600000;1.0
03989306;173919600000;1.0
04007967;173919600000;1.0
04054324;174092400000;1.0
04049320;174092400000;1.0
03988038;174524400000;1.0
04035028;174524400000;1.0
03978277;175734000000;1.0
03967855;175734000000;1.0
04067600;175820400000;1.0
03953074;176338800000;1.0
03985391;177807600000;1.0
04040672;177894000000;1.0
04120536;178239600000;1.0
04008923;178844400000;1.0
04021077;179103600000;1.0
04033627;179362800000;1.0
04040582;179449200000;1.0
03990747;179449200000;1.0
04047770;180572400000;1.0
04039226;180572400000;1.0
04004838;180658800000;1.0
04003444;181522800000;1.0
04046425;181522800000;1.0
03969002;182041200000;1.0
04043685;182127600000;1.0
04003604;182473200000;1.0
03979154;182473200000;1.0
03993356;182473200000;1.0
04013499;182559600000;1.0
04027549;182646000000;1.0
04018298;183250800000;1.0
04060009;183250800000;1.0
04000926;183942000000;1.0
04023511;184806000000;1.0
04034995;184978800000;1.0
03992025;185410800000;1.0
04035027;185670000000;1.0
04076263;185670000000;1.0
04029423;186015600000;1.0
04016947;186620400000;1.0
04013146;186966000000;1.0
04004837;187225200000;1.0
04012078;187225200000;1.0
04043374;188002800000;1.0
04072357;188434800000;1.0
04036408;188607600000;1.0
04010986;189212400000;1.0
04077455;189644400000;1.0
04047764;190422000000;1.0
04054322;190594800000;1.0
04181169;190594800000;1.0
04067621;190940400000;1.0
04040670;191026800000;1.0
04030754;191026800000;1.0
04068898;191113200000;1.0
04073540;191631600000;1.0
04079958;191718000000;1.0
04058344;194569200000;1.0
04100247;194742000000;1.0
04049319;195951600000;1.0
04045046;196297200000;1.0
04046433;196297200000;1.0
04039199;196383600000;1.0
04105255;196383600000;1.0
04045096;196898400000;1.0
04039233;196898400000;1.0
03995461;197071200000;1.0
04017123;197244000000;1.0
04059229;198453600000;1.0
04111618;199058400000;1.0
04072358;199490400000;1.0
04046339;200095200000;1.0
04109343;200527200000;1.0
04019789;200527200000;1.0
04047800;200786400000;1.0
04150553;201477600000;1.0
04088372;201477600000;1.0
04043603;202428000000;1.0
04070066;203032800000;1.0
04099788;203896800000;1.0
04074408;204156000000;1.0
04146992;204415200000;1.0
04109549;204760800000;1.0
04076319;205106400000;1.0
04070065;205624800000;1.0
04124051;205711200000;1.0
04035040;205711200000;1.0
04061400;205970400000;1.0
04131321;207266400000;1.0
04105254;207525600000;1.0
04118073;207784800000;1.0
04056172;208735200000;1.0
04095846;209858400000;1.0
04096919;210463200000;1.0
04083606;211154400000;1.0
04035026;211586400000;1.0
04072373;211672800000;1.0
04047727;211759200000;1.0
04131322;212018400000;1.0
04123111;212277600000;1.0
04082377;212364000000;1.0
04093311;212626800000;1.0
04093299;212886000000;1.0
04074942;213231600000;1.0
04090737;213490800000;1.0
04146274;213577200000;1.0
04054323;214009200000;1.0
04035895;214614000000;1.0
04093312;214700400000;1.0
04080003;215132400000;1.0
04094376;215391600000;1.0
04090744;215910000000;1.0
04114952;215996400000;1.0
04082363;217551600000;1.0
04130320;218070000000;1.0
04108535;218415600000;1.0
04116489;219279600000;1.0
04129345;219279600000;1.0
04129336;219279600000;1.0
04090751;219279600000;1.0
04084857;219884400000;1.0
04128254;220575600000;1.0
04108497;220662000000;1.0
04127305;221698800000;1.0
04065186;221785200000;1.0
04184531;221871600000;1.0
04135764;222908400000;1.0
04114953;222908400000;1.0
04131323;222908400000;1.0
04129474;223686000000;1.0
04090283;223772400000;1.0
04082170;224722800000;1.0
04103563;224982000000;1.0
04135765;225414000000;1.0
04166653;225414000000;1.0
04063783;225414000000;1.0
04066375;225414000000;1.0
04056285;226882800000;1.0
04110141;226882800000;1.0
04123076;228524400000;1.0
04285573;228952800000;1.0
04090570;228952800000;1.0
04181365;228952800000;1.0
04106172;229039200000;1.0
04213234;229298400000;1.0
04074910;229816800000;1.0
04135763;231112800000;1.0
04371213;231976800000;1.0
04150854;231976800000;1.0
04140368;231976800000;1.0
04149754;232322400000;1.0
04089610;232322400000;1.0
04121871;232840800000;1.0
04127306;233186400000;1.0
04098540;233272800000;1.0
04102423;233445600000;1.0
04165094;234396000000;1.0
04155415;234655200000;1.0
04162105;236210400000;1.0
04192396;236210400000;1.0
04379597;236210400000;1.0
04106816;236296800000;1.0
04138160;236383200000;1.0
04116490;236383200000;1.0
04165131;237074400000;1.0
04165904;237679200000;1.0
04123112;238024800000;1.0
04229047;238284000000;1.0
04178043;238284000000;1.0
04102443;241048800000;1.0
04146273;241653600000;1.0
04135229;241912800000;1.0
04153267;242344800000;1.0
04299051;242604000000;1.0
04153302;243727200000;1.0
04158468;243727200000;1.0
04159832;244076400000;1.0
04170384;244335600000;1.0
04242385;245026800000;1.0
04155601;245458800000;1.0
04154488;245458800000;1.0
04217944;246582000000;1.0
04190092;247359600000;1.0
04142569;247446000000;1.0
04164358;247878000000;1.0
04183572;247964400000;1.0
04164251;248310000000;1.0
04037925;248914800000;1.0
04179162;249260400000;1.0
04133583;249778800000;1.0
04183587;249778800000;1.0
04171149;250124400000;1.0
04200326;251334000000;1.0
04223753;251334000000;1.0
04173992;251506800000;1.0
04174871;252630000000;1.0
04201396;253926000000;1.0
04153497;254012400000;1.0
04181364;254098800000;1.0
04170369;254358000000;1.0
04153303;255913200000;1.0
04167294;256258800000;1.0
04140198;256863600000;1.0
04169630;257641200000;1.0
04195947;257727600000;1.0
04161869;258159600000;1.0
04150859;258937200000;1.0
04145095;259282800000;1.0
04208073;259801200000;1.0
04203617;260146800000;1.0
04252377;260575200000;1.0
04183418;261007200000;1.0
04223951;261093600000;1.0
04223952;261352800000;1.0
04204478;261698400000;1.0
04173374;261784800000;1.0
04193639;261957600000;1.0
04219240;262389600000;1.0
04353586;263080800000;1.0
04283091;265845600000;1.0
04243269;265932000000;1.0
04244413;266018400000;1.0
04165777;267314400000;1.0
04226479;267400800000;1.0
04191427;267660000000;1.0
04171851;267919200000;1.0
04209230;268264800000;1.0
04214792;268869600000;1.0
04168016;269474400000;1.0
04172620;270079200000;1.0
04201448;270424800000;1.0
04246947;270424800000;1.0
04243270;270684000000;1.0
04269451;271029600000;1.0
04226478;271288800000;1.0
04185848;271461600000;1.0
04178041;272671200000;1.0
04227827;272844000000;1.0
04180293;273103200000;1.0
04229117;273189600000;1.0
04218097;274485600000;1.0
04218098;274658400000;1.0
04190297;275522400000;1.0
04202582;275695200000;1.0
04214941;276130800000;1.0
04273345;276130800000;1.0
04235275;276476400000;1.0
04190133;276822000000;1.0
04234236;276822000000;1.0
04256346;277426800000;1.0
04240670;277426800000;1.0
04219241;277426800000;1.0
04213654;277945200000;1.0
04194810;277945200000;1.0
04209052;277945200000;1.0
04247127;277945200000;1.0
04220372;279154800000;1.0
04210367;279154800000;1.0
04193640;279327600000;1.0
04218099;279414000000;1.0
04290283;279932400000;1.0
04257497;280105200000;1.0
04504095;280364400000;1.0
04178042;280710000000;1.0
04179163;280969200000;1.0
04231619;280969200000;1.0
04226304;281142000000;1.0
04203481;282178800000;1.0
04261589;282351600000;1.0
04203382;282438000000;1.0
04248453;282438000000;1.0
04192626;282524400000;1.0
04241776;285375600000;1.0
04275930;285807600000;1.0
04258815;286412400000;1.0
04275931;286498800000;1.0
04256349;286585200000;1.0
04193466;287276400000;1.0
04296939;287362800000;1.0
04249783;287708400000;1.0
04397345;289177200000;1.0
04361360;289436400000;1.0
04266832;289782000000;1.0
04231670;290214000000;1.0
04251476;290386800000;1.0
04293189;290732400000;1.0
04225191;291510000000;1.0
04278265;291938400000;1.0
04229048;292197600000;1.0
04270805;292197600000;1.0
04299310;292456800000;1.0
04232907;293320800000;1.0
04299425;294012000000;1.0
04226308;294271200000;1.0
04295685;294271200000;1.0
04221435;294271200000;1.0
04217002;294530400000;1.0
04220373;294530400000;1.0
04282952;295826400000;1.0
04280736;296344800000;1.0
04277107;296776800000;1.0
04256348;297295200000;1.0
04275932;297640800000;1.0
04266831;298591200000;1.0
04295510;299455200000;1.0
04291921;299714400000;1.0
04235476;300405600000;1.0
04235271;300664800000;1.0
04302872;300664800000;1.0
04246691;301528800000;1.0
04330914;301615200000;1.0
04355578;301615200000;1.0
04273460;302133600000;1.0
04289376;302133600000;1.0
04240483;302306400000;1.0
04261622;302306400000;1.0
04269423;302392800000;1.0
04364594;302911200000;1.0
04268091;303084000000;1.0
04289323;303084000000;1.0
04222425;303516000000;1.0
04278297;304120800000;1.0
04281945;304207200000;1.0
04257651;304207200000;1.0
04261621;304552800000;1.0
04263954;304898400000;1.0
04253514;305416800000;1.0
04315360;306021600000;1.0
04274465;306021600000;1.0
04330045;306108000000;1.0
04379596;306108000000;1.0
04300803;306108000000;1.0
04317579;306540000000;1.0
04221436;306712800000;1.0
04217003;307580400000;1.0
04274679;307753200000;1.0
04252378;307839600000;1.0
04302129;308358000000;1.0
04242169;308444400000;1.0
04246950;308444400000;1.0
04241954;308530800000;1.0
04269452;308962800000;1.0
04328997;308962800000;1.0
04256347;309049200000;1.0
04279603;309135600000;1.0
04253510;309394800000;1.0
04363347;310172400000;1.0
04290654;310604400000;1.0
04244588;310604400000;1.0
04316637;311468400000;1.0
04280348;311814000000;1.0
04319785;311986800000;1.0
04262967;312591600000;1.0
04370895;312764400000;1.0
04247151;313369200000;1.0
04325422;313887600000;1.0
04247152;314233200000;1.0
04310200;314319600000;1.0
04291922;314492400000;1.0
04351407;314578800000;1.0
04286824;314578800000;1.0
04280293;315010800000;1.0
04312410;315097200000;1.0
04286825;316047600000;1.0
04279446;317602800000;1.0
04305490;317602800000;1.0
04313618;317862000000;1.0
04294490;318639600000;1.0
04351569;319244400000;1.0
04298910;319762800000;1.0
04337003;320540400000;1.0
04350196;320540400000;1.0
04352528;320626800000;1.0
04337953;321231600000;1.0
04353428;321577200000;1.0
04306604;321836400000;1.0
04324119;322095600000;1.0
04360213;323391600000;1.0
04371362;323478000000;1.0
04422795;323992800000;1.0
04295779;323992800000;1.0
04397504;324511200000;1.0
04388771;324511200000;1.0
04354711;325116000000;1.0
04331210;325375200000;1.0
04378868;325375200000;1.0
04319618;325720800000;1.0
04306751;325720800000;1.0
04305621;325807200000;1.0
04294491;325893600000;1.0
04295686;326325600000;1.0
04348061;326412000000;1.0
04363520;326412000000;1.0
04335899;326498400000;1.0
04371212;326584800000;1.0
04333688;326671200000;1.0
04317597;326930400000;1.0
04317596;327621600000;1.0
04388841;328226400000;1.0
04392681;328485600000;1.0
04305622;328831200000;1.0
04364608;328831200000;1.0
04355848;328831200000;1.0
04344653;329090400000;1.0
04268090;329349600000;1.0
04341425;329436000000;1.0
04350394;330904800000;1.0
04314964;330904800000;1.0
04346940;331768800000;1.0
04360222;331768800000;1.0
04344655;332028000000;1.0
04345360;332028000000;1.0
04357053;332978400000;1.0
04316638;332978400000;1.0
04345795;333324000000;1.0
04324414;333669600000;1.0
04438979;333928800000;1.0
04363521;334447200000;1.0
04341001;334792800000;1.0
04339859;335397600000;1.0
04318436;335484000000;1.0
04317479;335484000000;1.0
04323414;335656800000;1.0
04300804;335743200000;1.0
04389945;336693600000;1.0
04383787;337903200000;1.0
04376606;338162400000;1.0
04351568;339289200000;1.0
04358148;340326000000;1.0
04387930;340326000000;1.0
04366992;341190000000;1.0
04390191;341449200000;1.0
04383716;341535600000;1.0
04396232;342658800000;1.0
04363502;342658800000;1.0
04381874;342658800000;1.0
04371214;343263600000;1.0
04361359;344473200000;1.0
04351382;344559600000;1.0
04361358;345078000000;1.0
04376554;349311600000;1.0
04422490;350607600000;1.0
04382635;350866800000;1.0
04354407;351212400000;1.0
04427097;351385200000;1.0
04398770;351730800000;1.0
04447091;351730800000;1.0
04343338;351903600000;1.0
04344654;352681200000;1.0
04392690;352940400000;1.0
04401311;353026800000;1.0
04405179;354837600000;1.0
04452327;355096800000;1.0
04440414;355356000000;1.0
04473258;355701600000;1.0
04385785;356911200000;1.0
04360083;356911200000;1.0
04588542;357775200000;1.0
04408803;357775200000;1.0
04417651;357948000000;1.0
04405032;358034400000;1.0
04352525;358034400000;1.0
04639044;358984800000;1.0
04410201;359157600000;1.0
04422692;359676000000;1.0
04387494;359676000000;1.0
04427238;360540000000;1.0
04402390;361144800000;1.0
04572584;362095200000;1.0
04433857;362872800000;1.0
04400037;363477600000;1.0
04573510;363823200000;1.0
04580846;364773600000;1.0
04466670;364773600000;1.0
04358162;365205600000;1.0
04400038;365810400000;1.0
04496183;366847200000;1.0
04473129;367020000000;1.0
04463990;367452000000;1.0
04488774;367711200000;1.0
04412976;368748000000;1.0
04417766;368920800000;1.0
04453776;369007200000;1.0
04401144;369352800000;1.0
04463961;370652400000;1.0
04418962;370825200000;1.0
04431043;372034800000;1.0
04457559;372294000000;1.0
04413860;372898800000;1.0
04436133;373849200000;1.0
04420190;373849200000;1.0
04410217;374713200000;1.0
04408804;375318000000;1.0
04467404;375922800000;1.0
04417462;376268400000;1.0
04421821;377737200000;1.0
04380480;377737200000;1.0
04425004;377996400000;1.0
04461515;378342000000;1.0
04532097;378342000000;1.0
04405006;378342000000;1.0
04457560;379206000000;1.0
04411329;379551600000;1.0
04432427;379551600000;1.0
04482189;379638000000;1.0
04455732;379897200000;1.0
04424981;380761200000;1.0
04447092;380847600000;1.0
04736988;381970800000;1.0
04723818;382230000000;1.0
04416926;382662000000;1.0
04434864;382662000000;1.0
04486052;383180400000;1.0
04448456;384044400000;1.0
04363522;384390000000;1.0
04449756;384476400000;1.0
04405180;384994800000;1.0
04444435;384994800000;1.0
04422660;385772400000;1.0
04361980;385858800000;1.0
04453583;385858800000;1.0
04441762;387410400000;1.0
04427237;388015200000;1.0
04437536;388879200000;1.0
04523790;389311200000;1.0
04488761;389829600000;1.0
04448455;390088800000;1.0
04503944;390693600000;1.0
04489988;391730400000;1.0
04471999;391989600000;1.0
04512382;391989600000;1.0
04440411;393112800000;1.0
04682640;393458400000;1.0
04508392;394063200000;1.0
04497521;394063200000;1.0
04606581;394236000000;1.0
04424842;395272800000;1.0
04511182;396050400000;1.0
04452493;396223200000;1.0
04462639;396655200000;1.0
04447093;397692000000;1.0
04426116;397864800000;1.0
04515411;398296800000;1.0
04511184;398383200000;1.0
04470637;399592800000;1.0
04504094;400975200000;1.0
04512614;401061600000;1.0
04465321;401320800000;1.0
04466503;401666400000;1.0
05035314;402015600000;1.0
04440451;402015600000;1.0
04456308;402102000000;1.0
04464150;402188400000;1.0
04477121;402188400000;1.0
04531754;402188400000;1.0
04470638;402188400000;1.0
04460219;402188400000;1.0
04478458;405039600000;1.0
04496016;405730800000;1.0
04487456;406335600000;1.0
04842338;407372400000;1.0
04580652;407372400000;1.0
04531785;407372400000;1.0
04554961;407458800000;1.0
04512613;407631600000;1.0
04522268;407977200000;1.0
04489955;408150000000;1.0
04491340;408582000000;1.0
04501450;408927600000;1.0
04573745;409878000000;1.0
04483729;409878000000;1.0
04477120;410396400000;1.0
04473257;410396400000;1.0
04592452;411260400000;1.0
04458952;412470000000;1.0
04529251;412988400000;1.0
04577909;412988400000;1.0
04470663;413161200000;1.0
04576415;414111600000;1.0
04538657;414198000000;1.0
04530620;414284400000;1.0
04538332;414370800000;1.0
04475634;414975600000;1.0
04542569;414975600000;1.0
04564243;415234800000;1.0
04531786;415321200000;1.0
04470639;415321200000;1.0
04521059;416012400000;1.0
04434830;416012400000;1.0
04529023;416444400000;1.0
04529254;416617200000;1.0
04483407;416703600000;1.0
04483214;417049200000;1.0
04526425;418255200000;1.0
04505314;418514400000;1.0
04537449;418514400000;1.0
04527839;419810400000;1.0
04533184;421020000000;1.0
04518204;421279200000;1.0
04474385;422661600000;1.0
04526249;422661600000;1.0
04989920;422834400000;1.0
04487455;422834400000;1.0
04466623;423266400000;1.0
04529253;424044000000;1.0
04457561;425167200000;1.0
04530542;425685600000;1.0
04498709;425772000000;1.0
04462640;426463200000;1.0
04511183;426722400000;1.0
04535957;427327200000;1.0
04591210;429487200000;1.0
04615423;429832800000;1.0
04603868;430005600000;1.0
04483400;431128800000;1.0
04540220;431647200000;1.0
04544010;432338400000;1.0
04624038;432511200000;1.0
04527648;432511200000;1.0
04461514;432770400000;1.0
04533183;432770400000;1.0
04565539;432770400000;1.0
04582448;433029600000;1.0
04530543;433378800000;1.0
04576301;433724400000;1.0
04563042;434329200000;1.0
04556258;434847600000;1.0
04500111;435366000000;1.0
04564056;435366000000;1.0
04547021;435538800000;1.0
04443039;435538800000;1.0
04591212;435798000000;1.0
04564242;435970800000;1.0
04562903;436575600000;1.0
04546512;438908400000;1.0
04514013;440031600000;1.0
04529252;441327600000;1.0
04509239;441327600000;1.0
04582338;443314800000;1.0
04577734;443401200000;1.0
04473139;444006000000;1.0
04544209;444265200000;1.0
04622731;446684400000;1.0
04544425;447462000000;1.0
04535827;447462000000;1.0
04603915;447462000000;1.0
04592595;447894000000;1.0
04852948;447894000000;1.0
04639046;448066800000;1.0
04618187;450655200000;1.0
04534438;450914400000;1.0
04596425;451605600000;1.0
04515198;452124000000;1.0
04822108;453333600000;1.0
04536038;454284000000;1.0
04573338;454629600000;1.0
04559462;454716000000;1.0
04567633;455148000000;1.0
04589702;455493600000;1.0
04552194;455752800000;1.0
04620616;456012000000;1.0
04602823;456530400000;1.0
04606436;456616800000;1.0
04583787;456703200000;1.0
04627667;456962400000;1.0
04557526;457912800000;1.0
04571025;458517600000;1.0
04640377;458517600000;1.0
04606582;459381600000;1.0
04603025;459554400000;1.0
04582107;459640800000;1.0
04558727;460332000000;1.0
04523789;460936800000;1.0
04585276;461196000000;1.0
04671575;461455200000;1.0
04595242;462060000000;1.0
04586757;462060000000;1.0
04567973;462751200000;1.0
04592596;463183200000;1.0
04588232;463356000000;1.0
04602822;463356000000;1.0
04589252;464220000000;1.0
04561481;464220000000;1.0
04643484;465084000000;1.0
04645267;465170400000;1.0
04597353;465519600000;1.0
04591211;466383600000;1.0
04632415;467852400000;1.0
04650257;467852400000;1.0
04666169;467852400000;1.0
04603916;468198000000;1.0
04566563;469321200000;1.0
04715460;469753200000;1.0
04626036;470012400000;1.0
04593953;471481200000;1.0
04571005;471481200000;1.0
04632464;472172400000;1.0
04732428;473468400000;1.0
04649978;473900400000;1.0
04634189;475369200000;1.0
04640330;475974000000;1.0
04850410;477097200000;1.0
04585277;477615600000;1.0
04641890;477874800000;1.0
04664290;478134000000;1.0
04603914;478738800000;1.0
04598952;478998000000;1.0
04610482;478998000000;1.0
04721342;478998000000;1.0
04733707;479948400000;1.0
04702527;480121200000;1.0
04598918;481500000000;1.0
04989657;481759200000;1.0
04770220;481759200000;1.0
04627666;482104800000;1.0
04669787;482364000000;1.0
04621872;483055200000;1.0
04819991;483573600000;1.0
04602665;483573600000;1.0
04674356;483746400000;1.0
04621873;485128800000;1.0
04702528;485388000000;1.0
04674759;485474400000;1.0
04619137;485733600000;1.0
04648487;487548000000;1.0
04729605;487807200000;1.0
04681647;487893600000;1.0
04674757;488412000000;1.0
04620602;489016800000;1.0
04645269;489794400000;1.0
04662482;489967200000;1.0
04603871;491176800000;1.0
04752079;491608800000;1.0
04729455;491781600000;1.0
04632202;492904800000;1.0
04704058;493423200000;1.0
04606390;493509600000;1.0
04641850;493855200000;1.0
04660893;494546400000;1.0
04638891;494546400000;1.0
04632465;494805600000;1.0
04636007;494805600000;1.0
04679861;495324000000;1.0
04720149;495324000000;1.0
04641878;495842400000;1.0
04678239;496274400000;1.0
04906050;496274400000;1.0
04659148;496274400000;1.0
04708398;496360800000;1.0
04700763;497228400000;1.0
04601519;497228400000;1.0
04648853;497660400000;1.0
04682820;498265200000;1.0
04639045;499388400000;1.0
04626037;499388400000;1.0
04635695;499561200000;1.0
04683930;499561200000;1.0
04699432;499906800000;1.0
04735038;500079600000;1.0
04637665;500598000000;1.0
04773889;500684400000;1.0
04666216;501116400000;1.0
04620749;501202800000;1.0
04668122;501289200000;1.0
04707034;501721200000;1.0
04682393;501721200000;1.0
04679860;502412400000;1.0
04685743;502930800000;1.0
04664252;502930800000;1.0
04709967;503103600000;1.0
04666215;503535600000;1.0
04697628;503535600000;1.0
04645268;503794800000;1.0
04655469;504140400000;1.0
04749234;504140400000;1.0
04690462;506214000000;1.0
04723870;506214000000;1.0
04643696;507164400000;1.0
04700813;507250800000;1.0
04679862;507423600000;1.0
04699433;507510000000;1.0
04906051;507510000000;1.0
04716993;507855600000;1.0
04703977;509151600000;1.0
04693520;509324400000;1.0
04688823;509583600000;1.0
05026122;510793200000;1.0
04745993;510966000000;1.0
04657057;510966000000;1.0
04699434;511398000000;1.0
04702526;511398000000;1.0
04738338;512002800000;1.0
04696520;512262000000;1.0
04695099;513900000000;1.0
04741578;514418400000;1.0
04657309;514504800000;1.0
04673064;514764000000;1.0
04691934;515800800000;1.0
04740038;515887200000;1.0
04725100;518392800000;1.0
04744606;518738400000;1.0
04687218;519861600000;1.0
04735459;519861600000;1.0
04699431;520120800000;1.0
04792080;520207200000;1.0
04840399;522021600000;1.0
04678197;522280800000;1.0
04818030;522540000000;1.0
04735460;523058400000;1.0
04890889;523144800000;1.0
04708397;524181600000;1.0
04707035;524181600000;1.0
04754791;524268000000;1.0
04718732;524440800000;1.0
04770432;524440800000;1.0
04772074;525304800000;1.0
04782876;526687200000;1.0
04747438;527378400000;1.0
04738490;527724000000;1.0
04755006;527983200000;1.0
04743070;528332400000;1.0
04805941;528418800000;1.0
04682821;528418800000;1.0
04804233;529110000000;1.0
04765688;529110000000;1.0
04786113;530406000000;1.0
04763957;531356400000;1.0
04818029;532306800000;1.0
04729604;532652400000;1.0
04790362;532738800000;1.0
04708400;533516400000;1.0
04787680;533862000000;1.0
04793659;533948400000;1.0
04761040;534380400000;1.0
04768839;534639600000;1.0
04765646;535590000000;1.0
04749235;537145200000;1.0
04784441;537490800000;1.0
04771901;537663600000;1.0
04822109;538095600000;1.0
04786115;538182000000;1.0
04807939;538354800000;1.0
04801178;538354800000;1.0
04840599;538873200000;1.0
04715660;539218800000;1.0
04760891;539218800000;1.0
04728154;539391600000;1.0
04757868;539996400000;1.0
04712838;540687600000;1.0
04759638;541206000000;1.0
04783880;541292400000;1.0
04790605;541378800000;1.0
04798418;541897200000;1.0
04832651;541983600000;1.0
04775190;541983600000;1.0
04832414;542242800000;1.0
04708399;542242800000;1.0
04854357;542502000000;1.0
04764153;542847600000;1.0
04762374;542847600000;1.0
04832413;542934000000;1.0
04836261;543798000000;1.0
04793658;544140000000;1.0
04856849;544658400000;1.0
04789206;544658400000;1.0
04768838;545004000000;1.0
04763392;545004000000;1.0
04810039;545349600000;1.0
04755005;546645600000;1.0
04776640;547077600000;1.0
04729606;547941600000;1.0
04781419;547941600000;1.0
04786114;548546400000;1.0
04836615;548978400000;1.0
04830400;549237600000;1.0
04835829;549237600000;1.0
04805681;549583200000;1.0
05048848;550447200000;1.0
04909523;550447200000;1.0
04792191;550706400000;1.0
04951962;550965600000;1.0
04909576;551311200000;1.0
04800939;552520800000;1.0
04763920;552693600000;1.0
04773711;553384800000;1.0
04805747;553989600000;1.0
04777887;553989600000;1.0
04844551;554076000000;1.0
04844552;554335200000;1.0
04818033;554421600000;1.0
04770011;554594400000;1.0
04826253;555026400000;1.0
04811991;555544800000;1.0
04787679;555804000000;1.0
04938540;557013600000;1.0
04818032;558568800000;1.0
05145197;558568800000;1.0
05035273;559173600000;1.0
04817765;559260000000;1.0
04812094;559432800000;1.0
05045261;560041200000;1.0
04858297;560386800000;1.0
04818031;561250800000;1.0
04824177;562460400000;1.0
04790552;562806000000;1.0
04850411;563151600000;1.0
04895415;563410800000;1.0
04880279;564793200000;1.0
04811992;565570800000;1.0
04874206;565830000000;1.0
04813507;565830000000;1.0
04854646;566175600000;1.0
04792020;566521200000;1.0
04896740;566780400000;1.0
04842339;567039600000;1.0
04818034;567644400000;1.0
04834464;567903600000;1.0
04787681;568249200000;1.0
04858998;568854000000;1.0
04870736;569545200000;1.0
04943121;569545200000;1.0
04950102;570236400000;1.0
04884851;570322800000;1.0
04895414;570668400000;1.0
04821824;570927600000;1.0
04825524;570927600000;1.0
04836260;571446000000;1.0
04878527;571446000000;1.0
04810040;572223600000;1.0
04861113;572742000000;1.0
04919491;572828400000;1.0
04838616;573260400000;1.0
04847971;573433200000;1.0
04822111;574038000000;1.0
04844492;575503200000;1.0
04896899;575589600000;1.0
04818041;576108000000;1.0
04784440;576712800000;1.0
04915436;576885600000;1.0
04919489;577490400000;1.0
04889205;577576800000;1.0
04821388;577663200000;1.0
04971498;577663200000;1.0
04887835;578613600000;1.0
04828328;578613600000;1.0
04826252;578872800000;1.0
04863207;579391200000;1.0
04917162;579909600000;1.0
04861538;579996000000;1.0
04966419;581205600000;1.0
04856619;581551200000;1.0
04905605;581637600000;1.0
04823900;581810400000;1.0
04869556;582760800000;1.0
04881783;582933600000;1.0
04880280;583365600000;1.0
04889394;583711200000;1.0
04917441;584143200000;1.0
04929032;584575200000;1.0
04869633;584748000000;1.0
04898429;585784800000;1.0
04986608;585957600000;1.0
04895887;586648800000;1.0
04880281;586648800000;1.0
04910053;587685600000;1.0
04900097;588290400000;1.0
04893877;588290400000;1.0
04936634;588463200000;1.0
04896921;589068000000;1.0
05107914;590277600000;1.0
04943139;590623200000;1.0
04972010;590796000000;1.0
04896922;591231600000;1.0
05065510;591577200000;1.0
04885834;591922800000;1.0
04919490;592614000000;1.0
04930843;592786800000;1.0
04881842;593046000000;1.0
04930844;593046000000;1.0
04906052;593650800000;1.0
04925250;594255600000;1.0
04925248;595465200000;1.0
04900095;595465200000;1.0
04913500;595551600000;1.0
04890701;595724400000;1.0
04900096;595810800000;1.0
04929031;596070000000;1.0
04964287;597625200000;1.0
04917442;598057200000;1.0
04869084;598057200000;1.0
04941408;598143600000;1.0
04995674;601081200000;1.0
04932451;601772400000;1.0
04898403;601858800000;1.0
04929030;602118000000;1.0
04902074;602118000000;1.0
04923252;602290800000;1.0
04917440;602463600000;1.0
04961611;602722800000;1.0
04955099;602809200000;1.0
04901826;602982000000;1.0
04932724;602982000000;1.0
04944562;603586800000;1.0
04950035;604191600000;1.0
04943101;604278000000;1.0
04887917;604537200000;1.0
04887685;604537200000;1.0
04893713;604882800000;1.0
05056630;605228400000;1.0
04906053;605487600000;1.0
04957328;605919600000;1.0
04960159;606438000000;1.0
04983430;606438000000;1.0
04944370;606952800000;1.0
04936598;607039200000;1.0
04976498;607125600000;1.0
04926952;607212000000;1.0
04944563;607212000000;1.0
04913979;607557600000;1.0
04969693;607557600000;1.0
04953272;607644000000;1.0
04982990;608335200000;1.0
04974909;608421600000;1.0
04925249;608508000000;1.0
04991909;608853600000;1.0
04982998;609112800000;1.0
04997235;609544800000;1.0
04917394;609717600000;1.0
04883324;609976800000;1.0
05098272;609976800000;1.0
04955669;610149600000;1.0
04986605;611186400000;1.0
05024297;611272800000;1.0
04976497;611359200000;1.0
04986606;611877600000;1.0
04971495;611964000000;1.0
04971397;612050400000;1.0
04962968;613000800000;1.0
04913610;613346400000;1.0
04995679;613346400000;1.0
04950036;613605600000;1.0
05064250;613692000000;1.0
04978176;614469600000;1.0
04955670;614556000000;1.0
04969245;615765600000;1.0
04946228;616111200000;1.0
04995675;616197600000;1.0
05078454;616629600000;1.0
05154490;617320800000;1.0
04943071;617925600000;1.0
05078453;618184800000;1.0
05002163;618789600000;1.0
05092661;620258400000;1.0
04943122;620431200000;1.0
04919566;620604000000;1.0
04979262;621036000000;1.0
05022712;621468000000;1.0
04969692;621727200000;1.0
05022333;622681200000;1.0
04978174;623026800000;1.0
05046785;623026800000;1.0
05027508;623026800000;1.0
05026106;623026800000;1.0
05005912;623286000000;1.0
04995673;623286000000;1.0
04998780;623286000000;1.0
05005913;623372400000;1.0
05294189;623545200000;1.0
05058958;623977200000;1.0
04991698;624236400000;1.0
05048646;624841200000;1.0
05061013;624841200000;1.0
04984851;625186800000;1.0
05011232;625878000000;1.0
04981329;625964400000;1.0
05205617;626310000000;1.0
05011233;626914800000;1.0
05052758;627174000000;1.0
05035190;627260400000;1.0
05071684;627519600000;1.0
04978175;627692400000;1.0
05039172;627692400000;1.0
05031966;627865200000;1.0
05080444;628297200000;1.0
05100205;629074800000;1.0
05088662;629334000000;1.0
04963115;629938800000;1.0
05020621;630025200000;1.0
05073315;630025200000;1.0
05004030;630198000000;1.0
05018566;630284400000;1.0
05002342;630802800000;1.0
05048897;630889200000;1.0
04943171;631494000000;1.0
04986607;633049200000;1.0
05018795;633135600000;1.0
04971396;633567600000;1.0
05056870;633740400000;1.0
05246275;634258800000;1.0
05028058;634258800000;1.0
05033564;635468400000;1.0
05090776;635468400000;1.0
05014392;635468400000;1.0
05031965;635727600000;1.0
05012849;635727600000;1.0
05048367;635986800000;1.0
05042882;636246000000;1.0
04990000;636678000000;1.0
05020861;636850800000;1.0
05072536;636937200000;1.0
05071196;636937200000;1.0
05100206;637282800000;1.0
05033522;637455600000;1.0
05110190;637542000000;1.0
05046784;637887600000;1.0
05083841;638146800000;1.0
05114166;638146800000;1.0
05018794;638402400000;1.0
05032029;638402400000;1.0
05024488;638661600000;1.0
05000518;639007200000;1.0
05064249;639612000000;1.0
05042880;639698400000;1.0
05022710;639871200000;1.0
05058959;640303200000;1.0
05002407;640389600000;1.0
05012575;640562400000;1.0
05029885;641080800000;1.0
05083597;641772000000;1.0
05028093;642290400000;1.0
05067776;642636000000;1.0
05056872;642808800000;1.0
05087103;643413600000;1.0
05104197;643413600000;1.0
05016944;643500000000;1.0
05092192;643932000000;1.0
05031967;644450400000;1.0
05141291;645055200000;1.0
05056871;646610400000;1.0
04998448;646956000000;1.0
05104202;647128800000;1.0
05048898;647215200000;1.0
05104198;647215200000;1.0
05104200;647215200000;1.0
05161861;647474400000;1.0
05088799;647474400000;1.0
05320420;647560800000;1.0
05022672;647647200000;1.0
05090778;647733600000;1.0
05115746;649029600000;1.0
05029946;649461600000;1.0
05128085;650066400000;1.0
05029945;650066400000;1.0
05096264;650066400000;1.0
05117885;650152800000;1.0
05046579;650498400000;1.0
05083842;651103200000;1.0
05022711;651103200000;1.0
05011231;651276000000;1.0
05090777;651276000000;1.0
05066071;651448800000;1.0
05135289;651708000000;1.0
05048185;651967200000;1.0
05080443;651967200000;1.0
05167439;652053600000;1.0
05042881;652572000000;1.0
05088798;653695200000;1.0
05104201;654472800000;1.0
05121809;654472800000;1.0
05098168;654735600000;1.0
05170713;655426800000;1.0
05054859;655426800000;1.0
05056974;655599600000;1.0
05073217;656118000000;1.0
05121972;656550000000;1.0
05070810;656809200000;1.0
05104199;656895600000;1.0
05118125;657154800000;1.0
05105308;657759600000;1.0
05143391;658537200000;1.0
05096263;658623600000;1.0
05131727;658710000000;1.0
05234260;659055600000;1.0
05083803;659919600000;1.0
05111549;659919600000;1.0
05163320;660524400000;1.0
05213176;660524400000;1.0
05071197;660783600000;1.0
05061014;660870000000;1.0
05121808;661042800000;1.0
05050935;661129200000;1.0
05147479;662252400000;1.0
05108157;663462000000;1.0
05078326;664671600000;1.0
05135330;665190000000;1.0
05152584;665622000000;1.0
05222785;665622000000;1.0
05107968;666313200000;1.0
05188428;666313200000;1.0
05201378;666918000000;1.0
05188429;667177200000;1.0
05150949;668127600000;1.0
05129672;668646000000;1.0
05100161;668732400000;1.0
05069462;669596400000;1.0
05287768;670028400000;1.0
05106113;670629600000;1.0
05135288;671061600000;1.0
05149116;671407200000;1.0
05123711;671752800000;1.0
05125443;671752800000;1.0
05112112;671752800000;1.0
05106109;671752800000;1.0
05186676;671839200000;1.0
05120113;671925600000;1.0
05174633;672012000000;1.0
05100247;672530400000;1.0
05129709;673135200000;1.0
05237505;673221600000;1.0
05223058;673740000000;1.0
05232233;674431200000;1.0
05184874;674431200000;1.0
05139314;674690400000;1.0
05143427;674776800000;1.0
05161860;674863200000;1.0
05205615;675036000000;1.0
05145277;675554400000;1.0
05133591;675554400000;1.0
05360261;675640800000;1.0
05188278;675900000000;1.0
05121973;676159200000;1.0
05108156;676504800000;1.0
05096265;676591200000;1.0
05116106;676850400000;1.0
05225010;677887200000;1.0
05174634;678060000000;1.0
05129710;678405600000;1.0
05190355;678664800000;1.0
05174839;678664800000;1.0
05143426;678924000000;1.0
05386894;679010400000;1.0
05171074;679183200000;1.0
05284386;679528800000;1.0
05211213;679615200000;1.0
05253849;679874400000;1.0
05163740;680133600000;1.0
05193884;680479200000;1.0
05147112;680738400000;1.0
05284096;681429600000;1.0
05236249;681516000000;1.0
05220869;681516000000;1.0
05238297;682552800000;1.0
05129711;682639200000;1.0
05236028;682639200000;1.0
05401079;683157600000;1.0
05087062;683244000000;1.0
05165708;683330400000;1.0
05209550;683503200000;1.0
05226673;683503200000;1.0
05163739;683848800000;1.0
05156443;684108000000;1.0
05253688;684626400000;1.0
05165762;684972000000;1.0
05303985;685576800000;1.0
05186521;685663200000;1.0
05131726;686185200000;1.0
05209623;686530800000;1.0
05197786;686530800000;1.0
05174680;687135600000;1.0
05332295;688086000000;1.0
05215324;688863600000;1.0
05181767;688950000000;1.0
05209050;689209200000;1.0
05281003;689468400000;1.0
05263770;689468400000;1.0
05186269;689468400000;1.0
05281911;689554800000;1.0
05195561;689554800000;1.0
05190354;690073200000;1.0
05259430;691196400000;1.0
05209701;691714800000;1.0
05197785;692233200000;1.0
05435629;692838000000;1.0
05171068;692924400000;1.0
05217322;693442800000;1.0
05188430;693529200000;1.0
05167440;694652400000;1.0
05222786;694998000000;1.0
05192117;695257200000;1.0
05205616;695948400000;1.0
05254187;696207600000;1.0
05466049;696466800000;1.0
05249845;696639600000;1.0
05142936;696812400000;1.0
05249846;697158000000;1.0
05211448;697417200000;1.0
05259632;697849200000;1.0
05242000;697935600000;1.0
05248013;697935600000;1.0
05199536;697935600000;1.0
05240055;698022000000;1.0
05340206;698367600000;1.0
05313996;699490800000;1.0
05282503;699577200000;1.0
05199727;699577200000;1.0
05323867;699836400000;1.0
05232270;699836400000;1.0
05228756;700182000000;1.0
05228755;700182000000;1.0
05251965;700268400000;1.0
05205614;700441200000;1.0
05398625;700441200000;1.0
05242214;701305200000;1.0
05257455;701478000000;1.0
05325932;701650800000;1.0
05188389;702511200000;1.0
05284383;702856800000;1.0
05171067;702856800000;1.0
05249879;703116000000;1.0
05219441;703461600000;1.0
05195807;703720800000;1.0
05316377;704498400000;1.0
05180266;704584800000;1.0
05233725;704930400000;1.0
05281004;705535200000;1.0
05248019;705535200000;1.0
05226690;706831200000;1.0
05269593;707004000000;1.0
05224961;707090400000;1.0
06019378;707349600000;1.0
05365786;707695200000;1.0
05271663;707695200000;1.0
05277479;708127200000;1.0
05275472;708213600000;1.0
05234259;708818400000;1.0
05282673;709164000000;1.0
05271664;709509600000;1.0
05326157;709768800000;1.0
05246238;709855200000;1.0
05277478;710373600000;1.0
05277450;710460000000;1.0
05255874;710632800000;1.0
05275471;710978400000;1.0
05228754;711064800000;1.0
05236248;711151200000;1.0
05297855;711237600000;1.0
05226691;711237600000;1.0
05513861;711928800000;1.0
05337587;712188000000;1.0
05232069;712360800000;1.0
05634271;712360800000;1.0
05281005;712533600000;1.0
05303992;712533600000;1.0
05249847;713138400000;1.0
05257855;713397600000;1.0
05312166;713397600000;1.0
05447362;713397600000;1.0
05246082;713656800000;1.0
05267888;714002400000;1.0
05408854;714088800000;1.0
05312164;714607200000;1.0
05294187;715212000000;1.0
05328252;715212000000;1.0
05303940;715903200000;1.0
05273345;715989600000;1.0
05286092;715989600000;1.0
05362173;716680800000;1.0
05332294;717026400000;1.0
05301778;717026400000;1.0
05303800;717199200000;1.0
05286093;718239600000;1.0
05335706;718585200000;1.0
05297854;719449200000;1.0
05215356;719535600000;1.0
05344219;719708400000;1.0
05290094;720226800000;1.0
05271665;720745200000;1.0
05326128;721350000000;1.0
05390985;721609200000;1.0
05312165;721609200000;1.0
05275473;723769200000;1.0
05294188;724892400000;1.0
05277480;725497200000;1.0
05367909;726361200000;1.0
05291763;726361200000;1.0
05362075;726706800000;1.0
05253928;726706800000;1.0
05478141;726706800000;1.0
05309967;727052400000;1.0
05291130;727916400000;1.0
05339660;728175600000;1.0
05355807;728175600000;1.0
05362134;728521200000;1.0
05388623;728866800000;1.0
05590890;729039600000;1.0
05383715;729212400000;1.0
05320417;729385200000;1.0
05324100;729385200000;1.0
05450337;729817200000;1.0
05316376;730076400000;1.0
05303463;730940400000;1.0
05398999;730940400000;1.0
05542752;731286000000;1.0
05433306;731804400000;1.0
05380071;732150000000;1.0
05411286;732236400000;1.0
05486053;732322800000;1.0
05324099;732409200000;1.0
05350221;732409200000;1.0
05361493;734306400000;1.0
05320418;734565600000;1.0
05445439;735170400000;1.0
05375542;735256800000;1.0
05271633;735256800000;1.0
05292182;735256800000;1.0
05358355;735516000000;1.0
05390941;735775200000;1.0
05295304;735948000000;1.0
05487592;736120800000;1.0
05333939;737157600000;1.0
05310250;737330400000;1.0
05312844;737330400000;1.0
05356209;737762400000;1.0
05460017;737935200000;1.0
05456477;738972000000;1.0
05393078;738972000000;1.0
05479868;739490400000;1.0
05536098;739663200000;1.0
05358313;739749600000;1.0
05358314;739749600000;1.0
05499864;740181600000;1.0
05368371;740613600000;1.0
05340201;741391200000;1.0
05402865;741477600000;1.0
05437352;741477600000;1.0
05308152;741909600000;1.0
05354391;741909600000;1.0
05409048;742514400000;1.0
05379866;743119200000;1.0
05492353;743378400000;1.0
05401080;743378400000;1.0
05458401;743637600000;1.0
05372407;743896800000;1.0
05318353;743896800000;1.0
05361454;744242400000;1.0
05348379;744328800000;1.0
05360045;744847200000;1.0
05415463;744847200000;1.0
05380070;744847200000;1.0
05494390;744933600000;1.0
05494337;745192800000;1.0
05314241;745797600000;1.0
05441334;746229600000;1.0
05377735;746316000000;1.0
05393134;746316000000;1.0
05558406;746402400000;1.0
05409255;746834400000;1.0
05324073;746920800000;1.0
05368370;747007200000;1.0
05476275;748044000000;1.0
05390947;748130400000;1.0
05383716;748130400000;1.0
05435632;748821600000;1.0
05392872;749430000000;1.0
05383539;749689200000;1.0
05383538;749689200000;1.0
05494339;749948400000;1.0
05433511;749948400000;1.0
05401037;750034800000;1.0
05452945;750380400000;1.0
05388330;750380400000;1.0
05443277;750639600000;1.0
05374072;750898800000;1.0
05364172;750898800000;1.0
05393128;750898800000;1.0
05346288;750898800000;1.0
05492391;751158000000;1.0
05352026;751158000000;1.0
05380103;751503600000;1.0
05345676;751676400000;1.0
05427398;751849200000;1.0
05372406;752108400000;1.0
05431486;752281200000;1.0
05366279;752281200000;1.0
05423195;752281200000;1.0
05478140;753318000000;1.0
05350220;753922800000;1.0
05390769;754268400000;1.0
05483907;755132400000;1.0
05509726;755478000000;1.0
05441286;755823600000;1.0
05419619;756082800000;1.0
05464276;757551600000;1.0
05435633;757551600000;1.0
05429423;757897200000;1.0
05548896;757897200000;1.0
05505525;758156400000;1.0
05411287;758156400000;1.0
05407255;758156400000;1.0
05431485;758329200000;1.0
05464277;758847600000;1.0
05476272;758934000000;1.0
05411320;759106800000;1.0
05460433;759106800000;1.0
05490720;759625200000;1.0
05421642;759625200000;1.0
05542753;759625200000;1.0
05470086;759711600000;1.0
05503466;760057200000;1.0
05429421;760662000000;1.0
05536075;760748400000;1.0
05460254;760748400000;1.0
05385356;760834800000;1.0
05573310;761439600000;1.0
05452381;761526000000;1.0
05417476;761526000000;1.0
05507333;761871600000;1.0
05407218;761958000000;1.0
05380075;761958000000;1.0
05388528;762044400000;1.0
05443582;762390000000;1.0
05435631;762390000000;1.0
05560687;762476400000;1.0
05494336;762994800000;1.0
05503465;763254000000;1.0
05366278;763599600000;1.0
05466050;763772400000;1.0
05591386;763858800000;1.0
05451001;764550000000;1.0
05489113;764978400000;1.0
05531024;765064800000;1.0
05507566;766015200000;1.0
05549315;766015200000;1.0
05465985;766188000000;1.0
05492436;766274400000;1.0
05454628;766620000000;1.0
05492390;766792800000;1.0
05435630;767311200000;1.0
05531510;767484000000;1.0
05457886;768434400000;1.0
05454583;768520800000;1.0
05468055;768780000000;1.0
05429422;768780000000;1.0
05415464;769039200000;1.0
05626401;769125600000;1.0
05520445;769212000000;1.0
05564793;769212000000;1.0
05423599;769384800000;1.0
05542750;769903200000;1.0
05529386;769989600000;1.0
05542751;770421600000;1.0
05458223;771026400000;1.0
05518302;771458400000;1.0
05494335;771458400000;1.0
05538329;771717600000;1.0
05588715;772063200000;1.0
05578154;772063200000;1.0
05484192;772149600000;1.0
05485898;772236000000;1.0
05494338;772408800000;1.0
05533794;772408800000;1.0
05466051;772927200000;1.0
05452944;773359200000;1.0
05573311;773359200000;1.0
05527101;773359200000;1.0
05490342;774050400000;1.0
05490719;774482400000;1.0
05454627;774655200000;1.0
05685616;775087200000;1.0
05494340;776642400000;1.0
05549360;776901600000;1.0
05511894;777247200000;1.0
05397139;777679200000;1.0
05451097;777765600000;1.0
05482358;777765600000;1.0
05601343;778284000000;1.0
05515957;778975200000;1.0
05492211;779061600000;1.0
05536033;779407200000;1.0
05551763;779407200000;1.0
05492393;779580000000;1.0
05560685;779580000000;1.0
05536074;780012000000;1.0
05603553;780098400000;1.0
05531511;780271200000;1.0
05529323;780271200000;1.0
05567019;780271200000;1.0
05630654;780534000000;1.0
05671932;781225200000;1.0
05529385;781830000000;1.0
05503464;781916400000;1.0
05499834;782089200000;1.0
05560629;782348400000;1.0
05692810;782434800000;1.0
05573309;782694000000;1.0
05494341;782953200000;1.0
05547308;782953200000;1.0
05538059;782953200000;1.0
05470133;783039600000;1.0
05552759;783730800000;1.0
05495809;784162800000;1.0
05527050;784162800000;1.0
05590743;784162800000;1.0
05540485;784422000000;1.0
05509725;784940400000;1.0
05518265;785026800000;1.0
05538330;785026800000;1.0
05613739;785113200000;1.0
05526661;786063600000;1.0
05551761;786927600000;1.0
05630891;787186800000;1.0
05507370;787446000000;1.0
05622412;787618800000;1.0
05538114;787791600000;1.0
05759647;788482800000;1.0
05647642;788569200000;1.0
05597056;788742000000;1.0
05482305;789346800000;1.0
05464243;789951600000;1.0
05518096;790383600000;1.0
05564790;790556400000;1.0
05673925;790642800000;1.0
05697677;790815600000;1.0
05560686;790902000000;1.0
05632528;790902000000;1.0
05785390;791506800000;1.0
05489147;791506800000;1.0
05570764;791593200000;1.0
05673976;792802800000;1.0
05573606;792889200000;1.0
06164678;792975600000;1.0
06237960;793839600000;1.0
05664845;793926000000;1.0
05595423;793926000000;1.0
05647643;794012400000;1.0
05553927;794098800000;1.0
05527100;794185200000;1.0
05590992;794617200000;1.0
05528891;794790000000;1.0
05676429;795049200000;1.0
05520407;795654000000;1.0
05658053;795999600000;1.0
05655784;796255200000;1.0
05655785;796255200000;1.0
05551762;796255200000;1.0
05702162;796514400000;1.0
05568830;796860000000;1.0
05511857;797205600000;1.0
05632529;798156000000;1.0
05531508;798242400000;1.0
05797661;799020000000;1.0
05492392;799279200000;1.0
05533793;799279200000;1.0
05475572;799365600000;1.0
05580074;799538400000;1.0
05853225;799624800000;1.0
05584949;799711200000;1.0
05636905;799797600000;1.0
05544945;800143200000;1.0
05584537;800143200000;1.0
05601342;800229600000;1.0
05551530;800661600000;1.0
05692809;800748000000;1.0
05603517;800920800000;1.0
05795034;801266400000;1.0
05638591;801266400000;1.0
05667280;801352800000;1.0
05785351;801957600000;1.0
05566969;801957600000;1.0
05560619;802044000000;1.0
05553878;802044000000;1.0
05575539;802303200000;1.0
05499832;802303200000;1.0
05597213;802389600000;1.0
05564791;802389600000;1.0
05501510;802389600000;1.0
05524972;802476000000;1.0
05577809;802476000000;1.0
05568030;802476000000;1.0
05584628;803080800000;1.0
05636906;804031200000;1.0
05567020;804117600000;1.0
05630652;804204000000;1.0
05551349;804376800000;1.0
05898997;804722400000;1.0
05549331;805327200000;1.0
05659989;805586400000;1.0
05599409;805672800000;1.0
05611292;805932000000;1.0
05711393;806191200000;1.0
05558407;806277600000;1.0
05667235;806796000000;1.0
05620235;806882400000;1.0
05595392;807141600000;1.0
05704692;807228000000;1.0
05642796;807314400000;1.0
05707114;807746400000;1.0
05564792;807832800000;1.0
05660447;808005600000;1.0
05653511;808351200000;1.0
05669619;809042400000;1.0
05718485;809301600000;1.0
05641208;809474400000;1.0
05639147;810165600000;1.0
05810452;810252000000;1.0
05718438;810424800000;1.0
05598605;810597600000;1.0
05632364;810597600000;1.0
05575540;810770400000;1.0
05577810;810943200000;1.0
05757084;811116000000;1.0
05765928;811461600000;1.0
05649716;812156400000;1.0
05590935;812329200000;1.0
05829844;812674800000;1.0
05603555;812934000000;1.0
05653512;813452400000;1.0
05580093;813798000000;1.0
05586632;814662000000;1.0
05758887;815612400000;1.0
05800024;816908400000;1.0
05725284;817599600000;1.0
05664329;817686000000;1.0
05651591;817686000000;1.0
05676352;817772400000;1.0
05676227;817858800000;1.0
05733015;818031600000;1.0
05689882;818377200000;1.0
05647126;818377200000;1.0
05651590;818636400000;1.0
05632829;818722800000;1.0
05769432;818809200000;1.0
05720530;818982000000;1.0
05775458;818982000000;1.0
05752746;818982000000;1.0
05658054;820018800000;1.0
05580092;821746800000;1.0
05692811;822697200000;1.0
05901970;824425200000;1.0
05669672;824770800000;1.0
05645324;824770800000;1.0
05639146;824857200000;1.0
05653510;824857200000;1.0
05603554;824857200000;1.0
05695257;824857200000;1.0
05873640;825375600000;1.0
05839814;825894000000;1.0
05882026;826498800000;1.0
05584359;826671600000;1.0
05791672;826671600000;1.0
05884923;826671600000;1.0
05651589;827881200000;1.0
05813687;828914400000;1.0
05673482;828914400000;1.0
05887952;829519200000;1.0
05667281;830728800000;1.0
05595422;830728800000;1.0
05676430;831074400000;1.0
06142490;831333600000;1.0
05873600;831420000000;1.0
05795036;832024800000;1.0
05727850;832284000000;1.0
05891115;832543200000;1.0
05795037;832802400000;1.0
05690395;832888800000;1.0
05842750;833407200000;1.0
05630653;833666400000;1.0
05601299;833752800000;1.0
05851056;833752800000;1.0
05741019;833925600000;1.0
05772288;834444000000;1.0
05853226;834444000000;1.0
05823555;834616800000;1.0
05716060;834962400000;1.0
05772223;835048800000;1.0
05915274;835308000000;1.0
05899253;835308000000;1.0
05676428;835567200000;1.0
05823635;835826400000;1.0
05810453;836863200000;1.0
05788334;837036000000;1.0
05908519;837122400000;1.0
05899474;837122400000;1.0
05718499;837381600000;1.0
05716106;837381600000;1.0
05733016;837468000000;1.0
05707113;837554400000;1.0
05647828;837640800000;1.0
05651588;837727200000;1.0
05734142;837727200000;1.0
05865277;838072800000;1.0
05772287;838245600000;1.0
05881835;838332000000;1.0
05711581;838764000000;1.0
05785332;838850400000;1.0
05871262;839282400000;1.0
05664847;839628000000;1.0
05718484;839973600000;1.0
05794713;840060000000;1.0
05791741;840060000000;1.0
05839796;840146400000;1.0
05797660;840405600000;1.0
05664846;840664800000;1.0
05785395;840751200000;1.0
06200411;841096800000;1.0
05845973;841183200000;1.0
06024415;841788000000;1.0
05707069;841788000000;1.0
05863103;841960800000;1.0
05667326;842047200000;1.0
05695212;842565600000;1.0
05716107;842911200000;1.0
05806878;842911200000;1.0
05813258;842997600000;1.0
05806936;842997600000;1.0
05652677;843084000000;1.0
05921633;843084000000;1.0
05772801;843429600000;1.0
06000484;843602400000;1.0
05690375;843688800000;1.0
05782540;844034400000;1.0
05762405;844034400000;1.0
05722734;844034400000;1.0
05836591;844984800000;1.0
05829757;844984800000;1.0
05938293;844984800000;1.0
05769507;845503200000;1.0
05788335;845503200000;1.0
05634694;845676000000;1.0
05816595;845848800000;1.0
05725285;846021600000;1.0
05839795;846108000000;1.0
05800023;846194400000;1.0
05791742;846194400000;1.0
05820225;846457200000;1.0
05853227;846630000000;1.0
05959205;846630000000;1.0
05884980;846716400000;1.0
05752794;847062000000;1.0
05893569;847407600000;1.0
05700062;847839600000;1.0
05803552;847839600000;1.0
05791743;847839600000;1.0
05988324;847926000000;1.0
05772285;848530800000;1.0
05951114;849049200000;1.0
05845972;849049200000;1.0
05902017;849222000000;1.0
05855416;849481200000;1.0
05797659;849567600000;1.0
05906419;849740400000;1.0
05826684;849826800000;1.0
05954405;850086000000;1.0
05823293;850172400000;1.0
05785391;850172400000;1.0
05752745;850172400000;1.0
05641365;850345200000;1.0
06131923;850863600000;1.0
05755008;850950000000;1.0
05941606;851036400000;1.0
05785389;851036400000;1.0
05720529;851036400000;1.0
05716105;851641200000;1.0
05806935;851900400000;1.0
05882087;852246000000;1.0
05915703;852764400000;1.0
05884982;852764400000;1.0
05727660;853282800000;1.0
05882088;853369200000;1.0
05810377;853801200000;1.0
05918707;854060400000;1.0
05769584;854665200000;1.0
05797658;855010800000;1.0
05823544;855183600000;1.0
05823634;855270000000;1.0
06205664;855788400000;1.0
05800022;855788400000;1.0
05772286;855874800000;1.0
05820224;856306800000;1.0
06039407;856479600000;1.0
05931477;856479600000;1.0
05934763;856738800000;1.0
06012986;856825200000;1.0
05873636;857430000000;1.0
05921635;857602800000;1.0
05879013;858121200000;1.0
05860707;858207600000;1.0
05884981;858639600000;1.0
05873637;858726000000;1.0
05899538;859158000000;1.0
05829137;859330800000;1.0
05871286;859417200000;1.0
05879059;859417200000;1.0
05722735;859845600000;1.0
05794340;859932000000;1.0
05810450;860018400000;1.0
05826948;860018400000;1.0
05832609;860104800000;1.0
05788254;860364000000;1.0
05961132;860364000000;1.0
05899539;860709600000;1.0
06095535;861141600000;1.0
05967618;861314400000;1.0
05853228;861314400000;1.0
05931543;861314400000;1.0
05988763;861314400000;1.0
05931269;861573600000;1.0
05964469;861832800000;1.0
06024418;861919200000;1.0
05779323;861919200000;1.0
05915796;862264800000;1.0
05890773;862264800000;1.0
06059378;862437600000;1.0
05961186;862524000000;1.0
05842749;862524000000;1.0
06035913;863042400000;1.0
06095291;863128800000;1.0
05893614;863560800000;1.0
05795097;864079200000;1.0
05813678;864338400000;1.0
05899537;864684000000;1.0
05829843;864684000000;1.0
05957542;864943200000;1.0
05868036;865548000000;1.0
06102489;865807200000;1.0
05897172;865893600000;1.0
06030051;866152800000;1.0
05988764;866412000000;1.0
06086161;866584800000;1.0
05941105;866671200000;1.0
06227622;866757600000;1.0
05909931;867016800000;1.0
05967619;867189600000;1.0
06033612;867362400000;1.0
05927820;867708000000;1.0
05906418;867708000000;1.0
06007158;867708000000;1.0
05759276;868053600000;1.0
06109796;868399200000;1.0
06102091;868485600000;1.0
05957494;868485600000;1.0
06085815;868485600000;1.0
05860708;868572000000;1.0
06224165;868572000000;1.0
05922151;868572000000;1.0
05957541;868831200000;1.0
05992943;869090400000;1.0
05795035;869176800000;1.0
06183047;869176800000;1.0
05833324;869608800000;1.0
06536111;869608800000;1.0
05875550;869608800000;1.0
05884983;869695200000;1.0
05803553;870127200000;1.0
06036278;870213600000;1.0
06042192;870213600000;1.0
05984422;870300000000;1.0
06168242;870386400000;1.0
06318533;870386400000;1.0
06068349;870645600000;1.0
05902018;870732000000;1.0
05863166;870732000000;1.0
06033032;870818400000;1.0
05865560;870904800000;1.0
05971496;870991200000;1.0
05810451;871250400000;1.0
05941607;871855200000;1.0
06089675;871941600000;1.0
06106077;872114400000;1.0
06170918;872200800000;1.0
06152537;872460000000;1.0
06003954;872460000000;1.0
06068344;872546400000;1.0
05992942;872632800000;1.0
05942068;872805600000;1.0
05950784;873237600000;1.0
06142578;873324000000;1.0
06024413;873324000000;1.0
06082829;873324000000;1.0
05947795;873669600000;1.0
05975645;873669600000;1.0
05938292;873669600000;1.0
05895166;873842400000;1.0
06024414;874360800000;1.0
05947565;874360800000;1.0
06076896;874533600000;1.0
06213561;874620000000;1.0
06065812;874879200000;1.0
06260931;874965600000;1.0
05938291;874965600000;1.0
06120104;875829600000;1.0
06120103;875829600000;1.0
06143097;876261600000;1.0
06027176;876780000000;1.0
05876080;876952800000;1.0
06109411;877039200000;1.0
05992913;877471200000;1.0
06139113;877471200000;1.0
05957543;877557600000;1.0
05876099;877644000000;1.0
05979992;877906800000;1.0
06000762;877906800000;1.0
05938294;877993200000;1.0
05820203;878166000000;1.0
05918946;878252400000;1.0
05899536;878684400000;1.0
05918947;878770800000;1.0
05990258;879116400000;1.0
05985072;879116400000;1.0
05826949;879289200000;1.0
05873145;879375600000;1.0
05875519;879375600000;1.0
06068347;879375600000;1.0
05897170;880066800000;1.0
05944390;880498800000;1.0
05897171;880498800000;1.0
06022081;880930800000;1.0
05971497;881103600000;1.0
05975647;881103600000;1.0
05964008;881622000000;1.0
05988762;881708400000;1.0
06030049;882140400000;1.0
06032768;882399600000;1.0
06022275;882486000000;1.0
06036279;882745200000;1.0
06030052;882918000000;1.0
06017097;883350000000;1.0
05890567;884559600000;1.0
06070947;884646000000;1.0
06068343;884905200000;1.0
06280096;884905200000;1.0
06164729;884905200000;1.0
06000763;885510000000;1.0
05997105;885855600000;1.0
06068346;885942000000;1.0
06036281;886028400000;1.0
06095543;886719600000;1.0
06145632;887151600000;1.0
06135568;887842800000;1.0
06158819;887929200000;1.0
06003888;888188400000;1.0
06017096;888188400000;1.0
06102488;888447600000;1.0
05997103;888879600000;1.0
06249722;889570800000;1.0
05979993;889657200000;1.0
05971495;889657200000;1.0
06237662;889743600000;1.0
06050648;889743600000;1.0
06010196;890002800000;1.0
06095617;890002800000;1.0
05988656;890002800000;1.0
05979920;890262000000;1.0
06244669;891381600000;1.0
06076288;891468000000;1.0
06089674;891554400000;1.0
05984423;891554400000;1.0
06029986;891813600000;1.0
05984421;891813600000;1.0
06132008;892418400000;1.0
06152538;892764000000;1.0
06033119;893023200000;1.0
05924705;893023200000;1.0
06003956;893109600000;1.0
06019435;893282400000;1.0
06099084;893368800000;1.0
06062651;893628000000;1.0
06070946;893800800000;1.0
06148941;893887200000;1.0
05921634;893887200000;1.0
06079789;893973600000;1.0
06074014;894405600000;1.0
06003955;894578400000;1.0
06033033;895010400000;1.0
06039406;895010400000;1.0
06042195;895010400000;1.0
06105645;895096800000;1.0
05967242;895183200000;1.0
05947613;895442400000;1.0
06139040;895615200000;1.0
05967212;895701600000;1.0
05957544;895788000000;1.0
06042193;895788000000;1.0
06036419;896392800000;1.0
05997102;896392800000;1.0
06149244;896392800000;1.0
06106075;896738400000;1.0
06024416;896911200000;1.0
06170920;896911200000;1.0
06230848;896997600000;1.0
06026877;896997600000;1.0
06004064;897084000000;1.0
05988761;897343200000;1.0
06010197;897429600000;1.0
05979994;897602400000;1.0
06042194;897948000000;1.0
05997104;898725600000;1.0
05975646;898725600000;1.0
06022082;898898400000;1.0
06068348;899244000000;1.0
06059374;899762400000;1.0
06460939;899935200000;1.0
06132006;900453600000;1.0
06119746;901231200000;1.0
06257676;901231200000;1.0
06059300;901663200000;1.0
06286907;901836000000;1.0
06036280;901836000000;1.0
06105981;902095200000;1.0
06081419;902095200000;1.0
05931544;902354400000;1.0
06189978;902872800000;1.0
06132007;902959200000;1.0
06491127;903045600000;1.0
06030050;903304800000;1.0
06022083;903564000000;1.0
06065813;903909600000;1.0
06364078;904168800000;1.0
06138730;904514400000;1.0
06045195;904514400000;1.0
06109701;904600800000;1.0
06202458;904773600000;1.0
05967552;904860000000;1.0
06019149;905205600000;1.0
06099082;905724000000;1.0
06036371;906069600000;1.0
06048036;906588000000;1.0
06170919;906588000000;1.0
06052901;906674400000;1.0
06024417;907106400000;1.0
06152825;907711200000;1.0
06135569;907711200000;1.0
06059377;907711200000;1.0
06216832;907711200000;1.0
06090194;907797600000;1.0
06106074;908316000000;1.0
06199662;908748000000;1.0
06113112;909093600000;1.0
06102168;909093600000;1.0
06099083;909093600000;1.0
06173975;909356400000;1.0
06152539;909442800000;1.0
06120106;909442800000;1.0
06045196;909615600000;1.0
06244668;909702000000;1.0
06089671;909702000000;1.0
06769743;909702000000;1.0
06039408;909961200000;1.0
06346159;909961200000;1.0
06116700;910047600000;1.0
06152541;910134000000;1.0
06202960;910306800000;1.0
06039405;910566000000;1.0
06073347;910652400000;1.0
06296322;910652400000;1.0
06220674;911170800000;1.0
06059376;911170800000;1.0
06068345;911257200000;1.0
06092968;911516400000;1.0
06122996;911516400000;1.0
06048035;911775600000;1.0
06170544;911948400000;1.0
06139116;912466800000;1.0
06196637;912639600000;1.0
06158820;912639600000;1.0
06189977;912726000000;1.0
06102487;912985200000;1.0
06296319;912985200000;1.0
06325462;913071600000;1.0
06128952;913071600000;1.0
06364421;913158000000;1.0
06074016;913244400000;1.0
06520595;913590000000;1.0
06129797;913590000000;1.0
06086162;913590000000;1.0
06099167;913676400000;1.0
06048037;913762800000;1.0
06508518;913762800000;1.0
06168243;914194800000;1.0
06279630;914367600000;1.0
06126243;914886000000;1.0
06196638;914886000000;1.0
06120105;915490800000;1.0
06139115;915577200000;1.0
06074015;915750000000;1.0
06257674;916095600000;1.0
06109635;916182000000;1.0
06196727;916959600000;1.0
06299264;917391600000;1.0
06149245;918082800000;1.0
06135571;919119600000;1.0
06217125;919119600000;1.0
06196563;919638000000;1.0
06331771;919724400000;1.0
06188215;919724400000;1.0
06293630;919897200000;1.0
06234581;919983600000;1.0
06056369;920415600000;1.0
06106076;920502000000;1.0
06044968;920588400000;1.0
06059375;920588400000;1.0
06339323;922744800000;1.0
06343428;922744800000;1.0
06135570;922917600000;1.0
06139114;923608800000;1.0
06386252;924040800000;1.0
06216758;924472800000;1.0
06095717;924818400000;1.0
06116701;925077600000;1.0
06179388;925164000000;1.0
06249954;925336800000;1.0
06315109;925336800000;1.0
06155651;925423200000;1.0
06179387;925682400000;1.0
06113196;925855200000;1.0
06167994;925855200000;1.0
06082746;926287200000;1.0
06142579;926373600000;1.0
06196639;926546400000;1.0
06241321;926546400000;1.0
06264230;927237600000;1.0
06068350;927669600000;1.0
06148945;927669600000;1.0
06089672;927756000000;1.0
06257677;927756000000;1.0
06273516;927842400000;1.0
06148968;928188000000;1.0
06176553;928188000000;1.0
06145936;928447200000;1.0
06241322;928447200000;1.0
06089673;928792800000;1.0
06206479;928879200000;1.0
06174984;929311200000;1.0
06257675;929484000000;1.0
06247760;929916000000;1.0
06213563;930088800000;1.0
06293565;930088800000;1.0
06276760;930520800000;1.0
06267450;930607200000;1.0
06296320;930693600000;1.0
06257679;930780000000;1.0
06299259;930866400000;1.0
06260929;931298400000;1.0
06193324;931471200000;1.0
06341825;931471200000;1.0
06203114;931471200000;1.0
06315366;931730400000;1.0
06357833;931730400000;1.0
06234580;931816800000;1.0
06145937;931816800000;1.0
06213562;931816800000;1.0
06494543;931903200000;1.0
06209697;931989600000;1.0
06250721;932076000000;1.0
06193323;932508000000;1.0
06224167;932594400000;1.0
06406043;933285600000;1.0
06398312;933631200000;1.0
06260595;933717600000;1.0
06364426;933804000000;1.0
06596370;933890400000;1.0
06176554;934149600000;1.0
06238007;934408800000;1.0
06070948;934408800000;1.0
06145938;934754400000;1.0
06254195;934754400000;1.0
06253891;934754400000;1.0
06193322;934927200000;1.0
06299258;935618400000;1.0
06152540;936136800000;1.0
06309026;936309600000;1.0
06332653;936655200000;1.0
06238008;936741600000;1.0
06357500;936828000000;1.0
06247562;937173600000;1.0
06598640;937173600000;1.0
06554036;937346400000;1.0
06231127;937432800000;1.0
06155650;937951200000;1.0
06267451;937951200000;1.0
06257678;938037600000;1.0
06126242;938469600000;1.0
06454363;938642400000;1.0
06260930;938642400000;1.0
06321859;938728800000;1.0
06485109;939333600000;1.0
06186598;939333600000;1.0
06238005;939679200000;1.0
06193320;940543200000;1.0
06224166;940543200000;1.0
06189979;941061600000;1.0
06190102;941148000000;1.0
06318809;941148000000;1.0
06217220;941148000000;1.0
06231130;941410800000;1.0
06533362;941583600000;1.0
06234582;941583600000;1.0
06237953;941670000000;1.0
06250722;942102000000;1.0
06250814;942188400000;1.0
06412879;942188400000;1.0
06238006;942361200000;1.0
06267453;942361200000;1.0
06267452;942361200000;1.0
06283556;942706800000;1.0
06193325;942793200000;1.0
06485106;942966000000;1.0
06325463;943311600000;1.0
06309110;943916400000;1.0
06238009;944434800000;1.0
06231129;944607600000;1.0
06402253;945385200000;1.0
06315091;945385200000;1.0
06254196;945730800000;1.0
06286908;946249200000;1.0
06464399;946249200000;1.0
06364425;946422000000;1.0
06454362;946508400000;1.0
06247761;947545200000;1.0
06456477;947718000000;1.0
06364424;948841200000;1.0
06273515;948841200000;1.0
06273658;948927600000;1.0
06352314;949273200000;1.0
06511133;949273200000;1.0
06354669;949273200000;1.0
06264283;949273200000;1.0
06267394;949273200000;1.0
06280001;949359600000;1.0
06206125;949446000000;1.0
06273519;949446000000;1.0
06409278;949446000000;1.0
06254194;949446000000;1.0
06244666;949532400000;1.0
06357834;950137200000;1.0
06345868;950137200000;1.0
06523909;950655600000;1.0
06375274;950828400000;1.0
06349994;950828400000;1.0
06193321;951174000000;1.0
06491351;951174000000;1.0
06416136;951260400000;1.0
06322156;951346800000;1.0
06244667;951433200000;1.0
06264285;951433200000;1.0
06227623;951433200000;1.0
06250431;951865200000;1.0
06340210;952038000000;1.0
06402258;952297200000;1.0
06318810;952297200000;1.0
06325461;952556400000;1.0
06913322;952556400000;1.0
06394556;952988400000;1.0
06283557;953161200000;1.0
06260681;953161200000;1.0
06431658;953247600000;1.0
06309028;953247600000;1.0
06481804;953506800000;1.0
06419325;953506800000;1.0
06336515;953679600000;1.0
06286906;953852400000;1.0
06312059;954108000000;1.0
06302494;954453600000;1.0
06346061;954453600000;1.0
06460938;954799200000;1.0
06231128;954885600000;1.0
06273517;954972000000;1.0
06312058;954972000000;1.0
06293629;954972000000;1.0
06428114;955404000000;1.0
06402384;955490400000;1.0
06527073;955490400000;1.0
06398313;955490400000;1.0
06340065;955663200000;1.0
06305755;955922400000;1.0
06328320;956095200000;1.0
06276759;956181600000;1.0
06170628;956181600000;1.0
06485188;956268000000;1.0
06406100;956613600000;1.0
06474385;956786400000;1.0
06290304;957304800000;1.0
06390563;957823200000;1.0
06273520;957996000000;1.0
06464304;958428000000;1.0
06360800;960156000000;1.0
06413626;960415200000;1.0
06322157;960501600000;1.0
06286910;960501600000;1.0
06367885;960501600000;1.0
06254193;960501600000;1.0
06273518;960760800000;1.0
06354667;960847200000;1.0
06315368;961538400000;1.0
06386643;961711200000;1.0
06439670;961711200000;1.0
06416135;962316000000;1.0
06322153;962316000000;1.0
06315367;962316000000;1.0
06227624;962316000000;1.0
06378955;962575200000;1.0
06482140;962834400000;1.0
06293631;962920800000;1.0
06398236;963266400000;1.0
06543559;963957600000;1.0
06726292;964648800000;1.0
06443463;964735200000;1.0
06309027;964735200000;1.0
06467519;965080800000;1.0
06309025;965167200000;1.0
06357765;965253600000;1.0
06450585;965253600000;1.0
06343843;965340000000;1.0
06322155;965685600000;1.0
06467853;965772000000;1.0
06270167;965858400000;1.0
06286909;966290400000;1.0
06296321;966290400000;1.0
06364422;966549600000;1.0
06422758;966549600000;1.0
06371569;966549600000;1.0
06322158;966808800000;1.0
06564912;966895200000;1.0
06336685;967586400000;1.0
06517165;967759200000;1.0
06402256;968104800000;1.0
06374493;968104800000;1.0
06382381;968191200000;1.0
06494544;968277600000;1.0
06478521;968277600000;1.0
06209204;968364000000;1.0
06357562;968623200000;1.0
06439672;968623200000;1.0
06419327;969314400000;1.0
06473967;969314400000;1.0
06322154;969487200000;1.0
06443531;969487200000;1.0
06402254;969573600000;1.0
06347839;969832800000;1.0
06398311;970092000000;1.0
06422369;970092000000;1.0
06364423;970178400000;1.0
06361121;971301600000;1.0
06425642;971388000000;1.0
06378954;971647200000;1.0
06648421;971647200000;1.0
06676227;971820000000;1.0
07044562;971906400000;1.0
06419326;971992800000;1.0
06422655;971992800000;1.0
06543857;971992800000;1.0
06279695;972338400000;1.0
06412878;972511200000;1.0
06371571;972511200000;1.0
06890038;972597600000;1.0
06331036;972946800000;1.0
06425640;972946800000;1.0
06612657;973033200000;1.0
06629735;973033200000;1.0
06431664;973119600000;1.0
06390564;973206000000;1.0
06286572;973292400000;1.0
06371570;973638000000;1.0
06467852;973724400000;1.0
06471301;974156400000;1.0
06402255;974329200000;1.0
06443529;974329200000;1.0
06536849;974674800000;1.0
06553831;975366000000;1.0
06520597;975711600000;1.0
06409281;975884400000;1.0
06386642;975970800000;1.0
06435622;976057200000;1.0
06817679;976057200000;1.0
06547341;976143600000;1.0
06497314;976143600000;1.0
06447071;976143600000;1.0
06450226;976143600000;1.0
06523659;976489200000;1.0
06679634;976748400000;1.0
06302493;976748400000;1.0
06357557;977266800000;1.0
06553666;977266800000;1.0
06443528;977353200000;1.0
06354670;977353200000;1.0
06450225;977439600000;1.0
06375273;977439600000;1.0
06435621;977785200000;1.0
06578678;978476400000;1.0
06464305;978994800000;1.0
06439671;979081200000;1.0
06511132;979254000000;1.0
06497460;979599600000;1.0
06626501;979686000000;1.0
06401895;979686000000;1.0
06470936;979772400000;1.0
06386644;979858800000;1.0
06499591;980118000000;1.0
06447072;980377200000;1.0
06428115;980463600000;1.0
06497042;980722800000;1.0
06422656;980809200000;1.0
06364073;980895600000;1.0
07494192;980982000000;1.0
06382736;981500400000;1.0
06598939;981586800000;1.0
06457781;981673200000;1.0
06382734;981673200000;1.0
06491350;981673200000;1.0
07213815;981932400000;1.0
06425641;982018800000;1.0
06637827;982105200000;1.0
06428112;982105200000;1.0
06443466;982278000000;1.0
06378953;982623600000;1.0
06471221;982710000000;1.0
06487886;982710000000;1.0
06598941;982710000000;1.0
06672679;982796400000;1.0
06550798;983142000000;1.0
06443532;983228400000;1.0
06474746;983228400000;1.0
06450582;983228400000;1.0
06568766;983314800000;1.0
06409283;983487600000;1.0
06619852;983746800000;1.0
06422657;983833200000;1.0
06464303;983833200000;1.0
06443530;984006000000;1.0
06488289;984092400000;1.0
06612656;984438000000;1.0
07044179;984438000000;1.0
06330937;984610800000;1.0
06497459;984697200000;1.0
06530624;984697200000;1.0
06457501;985042800000;1.0
06557875;985129200000;1.0
06585330;985302000000;1.0
06547338;985557600000;1.0
07052424;985816800000;1.0
06913323;985816800000;1.0
07118182;986248800000;1.0
06450583;986508000000;1.0
06533364;987372000000;1.0
06779852;987631200000;1.0
06520594;987717600000;1.0
06471303;987717600000;1.0
06698776;987976800000;1.0
06609764;988322400000;1.0
06557947;988322400000;1.0
06454361;988581600000;1.0
06406101;988581600000;1.0
06447073;988754400000;1.0
06637828;988840800000;1.0
06412803;988927200000;1.0
06357925;989272800000;1.0
06502308;989532000000;1.0
07025844;989791200000;1.0
06409280;989791200000;1.0
06889543;989877600000;1.0
06402257;989964000000;1.0
06499810;989964000000;1.0
06428116;990396000000;1.0
06582029;990741600000;1.0
06575539;991087200000;1.0
06485108;991260000000;1.0
06523841;991260000000;1.0
06688355;991260000000;1.0
06367883;991346400000;1.0
06382735;991346400000;1.0
06533009;991692000000;1.0
06517168;991692000000;1.0
06409277;991778400000;1.0
06561591;991864800000;1.0
06605884;991864800000;1.0
06546892;991864800000;1.0
06354668;992296800000;1.0
06398232;992296800000;1.0
06729695;992296800000;1.0
06443533;992901600000;1.0
06581444;993074400000;1.0
06550510;993160800000;1.0
06409284;993420000000;1.0
06471302;993506400000;1.0
06609765;993506400000;1.0
06899401;993592800000;1.0
06431659;993765600000;1.0
06540306;993765600000;1.0
06666303;994111200000;1.0
06450584;994284000000;1.0
06773077;994716000000;1.0
06634720;994716000000;1.0
06561592;994802400000;1.0
06527346;994802400000;1.0
06598296;994888800000;1.0
06488342;994975200000;1.0
06478387;994975200000;1.0
06915880;995234400000;1.0
06655747;995580000000;1.0
06520596;996012000000;1.0
06736464;996012000000;1.0
06524011;996184800000;1.0
06457780;996444000000;1.0
06619823;996530400000;1.0
06485044;996616800000;1.0
06702397;996616800000;1.0
06588474;996703200000;1.0
06550869;996789600000;1.0
06557684;996789600000;1.0
06485107;997048800000;1.0
06409279;997048800000;1.0
06554370;997135200000;1.0
06428113;997221600000;1.0
06485110;997653600000;1.0
06523660;997740000000;1.0
06406038;997740000000;1.0
06800033;997912800000;1.0
06547339;998344800000;1.0
06367884;998517600000;1.0
06474432;998863200000;1.0
06701763;998863200000;1.0
07025428;998949600000;1.0
06926370;999468000000;1.0
06425639;999640800000;1.0
06585331;999727200000;1.0
06588852;1000072800000;1.0
06517167;1000072800000;1.0
06767071;1000072800000;1.0
06412525;1000245600000;1.0
06783192;1000418400000;1.0
06877820;1000677600000;1.0
06857707;1000936800000;1.0
06763865;1001023200000;1.0
06682152;1001368800000;1.0
06431657;1001628000000;1.0
07374250;1001887200000;1.0
06561593;1001973600000;1.0
06543858;1001973600000;1.0
06674620;1002146400000;1.0
06508517;1002578400000;1.0
06568767;1002664800000;1.0
06575536;1003096800000;1.0
06983998;1003096800000;1.0
06637834;1003096800000;1.0
06715845;1003183200000;1.0
06592188;1003874400000;1.0
06588861;1003960800000;1.0
06692084;1003960800000;1.0
06641229;1003960800000;1.0
06565159;1003960800000;1.0
06712371;1004914800000;1.0
06612658;1005087600000;1.0
06464302;1005087600000;1.0
06679561;1005174000000;1.0
06568764;1005260400000;1.0
06722478;1005606000000;1.0
06554371;1005606000000;1.0
06672681;1006297200000;1.0
06604589;1006556400000;1.0
06880682;1006815600000;1.0
06585329;1006902000000;1.0
06588853;1006988400000;1.0
06409282;1007074800000;1.0
06663190;1007506800000;1.0
06547340;1007593200000;1.0
06394203;1007593200000;1.0
06726291;1007679600000;1.0
06550868;1007938800000;1.0
06565158;1007938800000;1.0
06502906;1007938800000;1.0
06607250;1008630000000;1.0
06991297;1008802800000;1.0
06773165;1008889200000;1.0
06857708;1008889200000;1.0
06715975;1009321200000;1.0
06520598;1009407600000;1.0
06652037;1010012400000;1.0
06637835;1010530800000;1.0
06837549;1010617200000;1.0
06715842;1010703600000;1.0
06488341;1011222000000;1.0
06598942;1011654000000;1.0
06641228;1011913200000;1.0
06616157;1012172400000;1.0
06659480;1012172400000;1.0
06604794;1012777200000;1.0
06715843;1012777200000;1.0
06676298;1012950000000;1.0
06517166;1013036400000;1.0
07041186;1013554800000;1.0
06688704;1013554800000;1.0
06561594;1013727600000;1.0
06568765;1013727600000;1.0
06663189;1013727600000;1.0
06454062;1014073200000;1.0
06666526;1014073200000;1.0
06557946;1014073200000;1.0
06609719;1014246000000;1.0
06718634;1014332400000;1.0
06719028;1014332400000;1.0
06619758;1014591600000;1.0
06533363;1014678000000;1.0
06965304;1014678000000;1.0
06876311;1014764400000;1.0
06811003;1014850800000;1.0
06527347;1015282800000;1.0
06935005;1015282800000;1.0
06637833;1015282800000;1.0
06890039;1015369200000;1.0
06641225;1015369200000;1.0
06523910;1015455600000;1.0
06595597;1015542000000;1.0
06652036;1015801200000;1.0
07536765;1015887600000;1.0
06675850;1016060400000;1.0
07032338;1016665200000;1.0
06536848;1016751600000;1.0
06592189;1016751600000;1.0
06517169;1017097200000;1.0
06986553;1017183600000;1.0
06742613;1017356400000;1.0
06672770;1017612000000;1.0
06637829;1017698400000;1.0
06572199;1017784800000;1.0
06676226;1017871200000;1.0
06574865;1017957600000;1.0
06572198;1018216800000;1.0
06575538;1018216800000;1.0
07306065;1018821600000;1.0
06672678;1018908000000;1.0
06726289;1018908000000;1.0
06595596;1019512800000;1.0
06685276;1019685600000;1.0
06676223;1019685600000;1.0
07111911;1019772000000;1.0
06591956;1020031200000;1.0
06736007;1020117600000;1.0
06799811;1020204000000;1.0
06749209;1020204000000;1.0
07070337;1020376800000;1.0
06575535;1020808800000;1.0
06752471;1021240800000;1.0
07152643;1021845600000;1.0
07559521;1021932000000;1.0
06785962;1022104800000;1.0
06634665;1022104800000;1.0
06609763;1022104800000;1.0
06598940;1022191200000;1.0
07093839;1022536800000;1.0
06698845;1022536800000;1.0
06626503;1022796000000;1.0
06629736;1022796000000;1.0
06655748;1022796000000;1.0
06754957;1022796000000;1.0
06578930;1023055200000;1.0
06641224;1023228000000;1.0
06916072;1023400800000;1.0
06644756;1023832800000;1.0
06666525;1024264800000;1.0
06637830;1024264800000;1.0
06688636;1024524000000;1.0
06578931;1024610400000;1.0
06679563;1024956000000;1.0
06679562;1025215200000;1.0
06575537;1025215200000;1.0
06776459;1025215200000;1.0
06659567;1025474400000;1.0
06637831;1025560800000;1.0
06758535;1025647200000;1.0
06672676;1025647200000;1.0
06672677;1025820000000;1.0
06702398;1026165600000;1.0
06589125;1026252000000;1.0
06874794;1026338400000;1.0
06921137;1026424800000;1.0
06623086;1026684000000;1.0
06663188;1026684000000;1.0
06637943;1026943200000;1.0
06641227;1027029600000;1.0
06869150;1027029600000;1.0
06626502;1027288800000;1.0
06669305;1027288800000;1.0
07210746;1027375200000;1.0
06783190;1027461600000;1.0
06655061;1027461600000;1.0
06641226;1027461600000;1.0
06702399;1027461600000;1.0
06719374;1027634400000;1.0
07204503;1027893600000;1.0
06854812;1028152800000;1.0
06758532;1028239200000;1.0
06719375;1028239200000;1.0
06709066;1028239200000;1.0
06880597;1028584800000;1.0
06679560;1028671200000;1.0
06892841;1028671200000;1.0
06722743;1028844000000;1.0
06676228;1028844000000;1.0
06938964;1029103200000;1.0
06910742;1029103200000;1.0
06715776;1029103200000;1.0
06928737;1029448800000;1.0
06783189;1029448800000;1.0
06595595;1029448800000;1.0
06857786;1029708000000;1.0
07040714;1029880800000;1.0
06712432;1030053600000;1.0
06831321;1030053600000;1.0
06755484;1030312800000;1.0
06820475;1030312800000;1.0
06698557;1030399200000;1.0
07249775;1030572000000;1.0
06851759;1030572000000;1.0
06848526;1030658400000;1.0
07832939;1031004000000;1.0
06886893;1031263200000;1.0
07066557;1031522400000;1.0
06857835;1031695200000;1.0
06536550;1032127200000;1.0
06793293;1032213600000;1.0
06682150;1032300000000;1.0
06688619;1032300000000;1.0
06702350;1032300000000;1.0
06669374;1032472800000;1.0
06682151;1032818400000;1.0
06802570;1033077600000;1.0
06846047;1033336800000;1.0
06729694;1033596000000;1.0
06783188;1033682400000;1.0
06637832;1033941600000;1.0
RE038779;1033941600000;1.0
06820669;1033941600000;1.0
07051845;1034200800000;1.0
06896335;1034200800000;1.0
06913324;1034200800000;1.0
06698846;1034632800000;1.0
06808186;1034719200000;1.0
06672680;1034805600000;1.0
06796618;1034892000000;1.0
06793294;1035237600000;1.0
06758533;1035496800000;1.0
06669306;1035496800000;1.0
06663187;1035496800000;1.0
06761417;1036018800000;1.0
06851817;1036364400000;1.0
06685275;1036450800000;1.0
06736463;1036710000000;1.0
06739674;1036710000000;1.0
06929332;1038351600000;1.0
06991298;1038351600000;1.0
07484813;1038524400000;1.0
07260879;1038524400000;1.0
06848752;1038524400000;1.0
06708994;1038870000000;1.0
06826817;1038870000000;1.0
06808050;1039042800000;1.0
06953227;1039042800000;1.0
06935646;1039129200000;1.0
06752470;1039388400000;1.0
06889802;1039734000000;1.0
06736462;1039993200000;1.0
06796617;1040166000000;1.0
06676224;1040252400000;1.0
06715844;1040598000000;1.0
06796345;1040943600000;1.0
06692086;1040943600000;1.0
06889989;1041202800000;1.0
06817680;1041202800000;1.0
06935704;1041202800000;1.0
06752187;1041202800000;1.0
06811228;1041289200000;1.0
06880898;1041548400000;1.0
06789445;1041807600000;1.0
06880897;1042066800000;1.0
06846046;1042412400000;1.0
06761486;1042498800000;1.0
06758534;1042585200000;1.0
06644757;1042585200000;1.0
06863353;1043017200000;1.0
07059686;1043190000000;1.0
07361296;1043362800000;1.0
06702396;1043362800000;1.0
06702395;1043362800000;1.0
07097730;1043622000000;1.0
06789854;1043794800000;1.0
06829825;1043967600000;1.0
06722680;1044486000000;1.0
06896336;1044486000000;1.0
07048341;1044486000000;1.0
06896334;1044572400000;1.0
06752469;1044831600000;1.0
06802569;1045090800000;1.0
06722744;1045609200000;1.0
06869149;1045609200000;1.0
07413261;1045609200000;1.0
06871914;1045695600000;1.0
06676225;1046041200000;1.0
06886894;1046300400000;1.0
07125084;1046386800000;1.0
07252470;1046732400000;1.0
06820942;1046732400000;1.0
06783191;1047337200000;1.0
06935024;1047596400000;1.0
06938962;1047855600000;1.0
06854569;1047942000000;1.0
06755483;1048028400000;1.0
06692085;1048114800000;1.0
07290838;1048114800000;1.0
06843536;1048201200000;1.0
07021414;1048546800000;1.0
06874856;1048546800000;1.0
06821208;1048633200000;1.0
06942302;1049061600000;1.0
06799810;1049234400000;1.0
06688703;1049234400000;1.0
06992891;1049234400000;1.0
07000995;1050444000000;1.0
06860346;1050444000000;1.0
07458648;1050616800000;1.0
06997519;1051048800000;1.0
07032980;1051048800000;1.0
07004700;1051221600000;1.0
07631946;1051480800000;1.0
07147073;1051567200000;1.0
06935667;1051653600000;1.0
06953225;1051826400000;1.0
06767070;1052085600000;1.0
06871915;1052085600000;1.0
06874941;1052085600000;1.0
06779853;1052172000000;1.0
06869151;1052258400000;1.0
07192098;1052258400000;1.0
06860568;1052344800000;1.0
06758531;1052517600000;1.0
06971173;1052776800000;1.0
06886987;1052776800000;1.0
07159697;1052863200000;1.0
06742849;1053036000000;1.0
07011317;1053295200000;1.0
06948782;1053468000000;1.0
06886616;1053468000000;1.0
06974194;1054764000000;1.0
06938658;1055109600000;1.0
06776458;1055196000000;1.0
07219452;1055282400000;1.0
06932434;1055368800000;1.0
06886891;1055368800000;1.0
07093909;1055455200000;1.0
06923230;1055455200000;1.0
07536813;1055541600000;1.0
06848750;1055800800000;1.0
06918637;1055973600000;1.0
06726290;1055973600000;1.0
06955509;1056060000000;1.0
07717526;1056060000000;1.0
06948781;1056319200000;1.0
07407045;1056405600000;1.0
07181844;1056578400000;1.0
06868880;1057010400000;1.0
06820668;1057528800000;1.0
07066558;1057615200000;1.0
07021431;1057701600000;1.0
06767069;1058133600000;1.0
06866344;1058306400000;1.0
07625030;1058306400000;1.0
07011321;1058479200000;1.0
06866345;1058738400000;1.0
07014274;1058824800000;1.0
06962369;1058911200000;1.0
06918467;1058997600000;1.0
06805413;1058997600000;1.0
06966612;1058997600000;1.0
07083239;1059084000000;1.0
06926297;1059602400000;1.0
06991300;1059602400000;1.0
06886892;1059688800000;1.0
06926371;1059948000000;1.0
06899400;1060034400000;1.0
07021720;1060207200000;1.0
06921138;1060639200000;1.0
06776460;1060898400000;1.0
06899402;1061157600000;1.0
06921094;1061244000000;1.0
07427111;1061244000000;1.0
06883569;1061330400000;1.0
07152708;1061330400000;1.0
06889549;1061503200000;1.0
07011376;1061762400000;1.0
07044481;1061762400000;1.0
07341317;1061848800000;1.0
06733088;1061935200000;1.0
07287611;1062108000000;1.0
06783143;1062626400000;1.0
07086705;1062626400000;1.0
06929331;1062712800000;1.0
07100995;1062972000000;1.0
06892778;1063058400000;1.0
07070246;1063231200000;1.0
07182408;1063317600000;1.0
07448696;1063576800000;1.0
06848751;1063576800000;1.0
07249804;1063922400000;1.0
06918182;1063922400000;1.0
07004504;1063922400000;1.0
06938963;1064181600000;1.0
06991296;1064354400000;1.0
06872425;1064440800000;1.0
06890040;1064613600000;1.0
06863357;1065045600000;1.0
07013940;1065132000000;1.0
07114785;1065132000000;1.0
06910743;1065391200000;1.0
06953226;1065391200000;1.0
06959789;1065477600000;1.0
06983778;1065650400000;1.0
06820943;1066082400000;1.0
07025427;1066255200000;1.0
06969124;1066600800000;1.0
07204562;1066600800000;1.0
06969125;1066687200000;1.0
06880247;1066860000000;1.0
07195399;1066946400000;1.0
06786559;1066946400000;1.0
06862808;1067382000000;1.0
07093633;1067382000000;1.0
06994405;1067468400000;1.0
07226133;1067468400000;1.0
07137183;1067468400000;1.0
07121367;1067900400000;1.0
07175003;1068073200000;1.0
06932435;1068159600000;1.0
07044563;1068159600000;1.0
07178239;1068159600000;1.0
07042304;1068418800000;1.0
07228629;1068418800000;1.0
06796406;1069023600000;1.0
07249805;1069023600000;1.0
07044561;1069110000000;1.0
07104300;1069196400000;1.0
07607740;1069369200000;1.0
07090308;1069628400000;1.0
07040713;1069628400000;1.0
07090309;1069714800000;1.0
07063391;1069801200000;1.0
07004549;1070319600000;1.0
07044565;1070406000000;1.0
06926369;1070578800000;1.0
07144089;1070924400000;1.0
07281769;1071183600000;1.0
06857709;1071529200000;1.0
07163227;1071615600000;1.0
07014272;1071702000000;1.0
07168768;1071702000000;1.0
06942303;1071788400000;1.0
07192097;1071788400000;1.0
06978866;1072047600000;1.0
07066556;1072652400000;1.0
07096902;1072652400000;1.0
06932436;1072825200000;1.0
07427113;1072825200000;1.0
07258403;1073257200000;1.0
06981749;1073343600000;1.0
06877819;1073602800000;1.0
07357460;1073862000000;1.0
06902240;1074207600000;1.0
06998001;1074553200000;1.0
06936980;1074639600000;1.0
07044564;1075158000000;1.0
06983999;1075244400000;1.0
07360951;1075244400000;1.0
07090307;1075330800000;1.0
07021721;1075417200000;1.0
07040640;1075762800000;1.0
07229137;1075762800000;1.0
07757402;1075935600000;1.0
06944007;1076022000000;1.0
06905177;1076281200000;1.0
07032979;1076367600000;1.0
06945609;1076626800000;1.0
07233221;1076972400000;1.0
06991299;1077058800000;1.0
07614437;1077145200000;1.0
07029075;1077231600000;1.0
07156890;1078095600000;1.0
07025426;1078095600000;1.0
07585032;1078268400000;1.0
07628518;1078441200000;1.0
06916073;1078700400000;1.0
07121631;1078700400000;1.0
07216938;1078786800000;1.0
07059684;1079478000000;1.0
07393063;1079564400000;1.0
07097259;1079564400000;1.0
07014273;1079910000000;1.0
06979060;1079996400000;1.0
06971722;1080169200000;1.0
07661311;1080342000000;1.0
07331638;1080511200000;1.0
07213888;1080770400000;1.0
07070245;1080770400000;1.0
07258402;1080770400000;1.0
07073871;1080856800000;1.0
07131706;1081116000000;1.0
07686050;1081202400000;1.0
07357459;1081461600000;1.0
07165815;1081720800000;1.0
07275575;1082584800000;1.0
07029074;1083016800000;1.0
07108333;1083103200000;1.0
06955405;1083276000000;1.0
07108335;1083276000000;1.0
07059685;1083276000000;1.0
07131705;1083708000000;1.0
07121632;1083708000000;1.0
07134732;1083794400000;1.0
07237329;1084140000000;1.0
07029073;1084744800000;1.0
07311329;1085004000000;1.0
07104611;1085090400000;1.0
07252344;1085090400000;1.0
07036891;1085522400000;1.0
07108332;1085608800000;1.0
07093908;1085608800000;1.0
07063392;1085695200000;1.0
07018000;1085695200000;1.0
07455165;1085695200000;1.0
07351171;1086127200000;1.0
07090306;1086300000000;1.0
07125083;1086300000000;1.0
07527114;1086904800000;1.0
07178880;1087250400000;1.0
06948246;1087423200000;1.0
07182409;1087768800000;1.0
07093632;1087768800000;1.0
07520056;1087855200000;1.0
07140695;1088114400000;1.0
07140696;1088114400000;1.0
07240969;1088114400000;1.0
07234783;1088719200000;1.0
07182410;1089064800000;1.0
07111851;1089583200000;1.0
07108334;1089842400000;1.0
07131670;1090188000000;1.0
07346984;1090188000000;1.0
07193855;1090533600000;1.0
07055915;1090879200000;1.0
06913050;1091397600000;1.0
07195322;1091570400000;1.0
07219707;1091656800000;1.0
07221441;1091743200000;1.0
06903920;1091743200000;1.0
07614706;1091743200000;1.0
07484812;1092002400000;1.0
RE039528;1092952800000;1.0
07594567;1092952800000;1.0
07628457;1092952800000;1.0
07083238;1093212000000;1.0
07264316;1093557600000;1.0
07137487;1093557600000;1.0
07204561;1093816800000;1.0
07267410;1094076000000;1.0
06994189;1094508000000;1.0
07364490;1094594400000;1.0
07237631;1094680800000;1.0
07175240;1094680800000;1.0
07309110;1094767200000;1.0
07347503;1095112800000;1.0
07117909;1095199200000;1.0
06964454;1095285600000;1.0
07475762;1095372000000;1.0
07726370;1096495200000;1.0
07334846;1097013600000;1.0
07694705;1097186400000;1.0
07264315;1097186400000;1.0
07013758;1097618400000;1.0
07509739;1098050400000;1.0
07185955;1098136800000;1.0
07108336;1098136800000;1.0
07270382;1098309600000;1.0
07219778;1099000800000;1.0
07410222;1099954800000;1.0
RE039781;1100473200000;1.0
07237326;1100473200000;1.0
07607837;1102287600000;1.0
07093910;1102460400000;1.0
07077480;1103065200000;1.0
07300116;1103065200000;1.0
07147289;1103238000000;1.0
07744165;1103238000000;1.0
07219410;1103497200000;1.0
07086706;1103583600000;1.0
07552786;1103670000000;1.0
07044272;1103670000000;1.0
07213889;1104793200000;1.0
07296860;1104793200000;1.0
07166054;1105052400000;1.0
07370872;1105311600000;1.0
07377598;1105311600000;1.0
07121394;1105398000000;1.0
07252347;1105484400000;1.0
07055914;1105570800000;1.0
07694706;1106089200000;1.0
07441842;1106089200000;1.0
07111909;1106262000000;1.0
07354114;1106780400000;1.0
07108331;1106780400000;1.0
07137671;1106780400000;1.0
07673539;1107212400000;1.0
07318628;1107298800000;1.0
07314254;1107471600000;1.0
07717525;1107817200000;1.0
07377597;1108422000000;1.0
07102860;1108594800000;1.0
07347511;1108594800000;1.0
07287819;1109026800000;1.0
07347502;1109804400000;1.0
07396087;1110409200000;1.0
07159952;1110754800000;1.0
07210748;1110841200000;1.0
07252348;1110841200000;1.0
07690668;1111359600000;1.0
07393062;1111446000000;1.0
07393064;1111446000000;1.0
07140694;1112047200000;1.0
07223458;1112047200000;1.0
07347505;1112047200000;1.0
07416261;1112220000000;1.0
07556112;1112565600000;1.0
07216743;1112652000000;1.0
07210747;1113516000000;1.0
07279078;1114380000000;1.0
07540569;1114380000000;1.0
07475892;1114639200000;1.0
07377596;1114725600000;1.0
07300117;1115157600000;1.0
07490406;1115157600000;1.0
07568558;1115676000000;1.0
07147550;1115676000000;1.0
07540570;1115676000000;1.0
07631944;1115762400000;1.0
07303239;1115762400000;1.0
07243749;1115762400000;1.0
07334617;1115848800000;1.0
07574292;1116367200000;1.0
07334805;1116540000000;1.0
07704009;1116799200000;1.0
07351000;1116885600000;1.0
07789178;1116885600000;1.0
07597404;1116885600000;1.0
07306292;1117144800000;1.0
07661255;1118268000000;1.0
07273258;1118354400000;1.0
07461904;1118959200000;1.0
07360846;1119304800000;1.0
07237849;1119391200000;1.0
07226132;1119477600000;1.0
07347504;1119996000000;1.0
07179026;1120082400000;1.0
07156470;1120600800000;1.0
07374249;1120773600000;1.0
07309109;1121292000000;1.0
07591592;1121983200000;1.0
07231949;1121983200000;1.0
07111910;1122415200000;1.0
07278693;1122933600000;1.0
07303240;1123106400000;1.0
07431404;1123192800000;1.0
07311363;1124056800000;1.0
07372373;1124834400000;1.0
07664576;1125007200000;1.0
07185901;1125266400000;1.0
07686312;1125352800000;1.0
07425041;1125439200000;1.0
07767046;1125612000000;1.0
07487862;1126044000000;1.0
07571784;1126216800000;1.0
07213890;1126476000000;1.0
07314255;1127253600000;1.0
07472966;1127253600000;1.0
07360847;1127340000000;1.0
07347438;1127426400000;1.0
07413260;1127426400000;1.0
07246860;1128376800000;1.0
07669870;1129068000000;1.0
07503630;1129154400000;1.0
07367745;1129672800000;1.0
07374251;1129759200000;1.0
07407033;1129845600000;1.0
07314256;1130104800000;1.0
07758250;1130364000000;1.0
07412866;1130450400000;1.0
07314524;1130713200000;1.0
07357461;1130713200000;1.0
07699531;1130799600000;1.0
07284801;1130799600000;1.0
07331639;1131058800000;1.0
07387303;1131404400000;1.0
07331637;1131663600000;1.0
07427110;1132009200000;1.0
07487811;1132095600000;1.0
07426949;1132700400000;1.0
07434892;1132873200000;1.0
07328908;1133218800000;1.0
07407354;1134082800000;1.0
07284584;1134082800000;1.0
07367632;1134514800000;1.0
07093907;1134601200000;1.0
07537290;1134687600000;1.0
07524093;1134687600000;1.0
07270204;1135119600000;1.0
07427112;1135638000000;1.0
07192096;1135638000000;1.0
07254041;1135897200000;1.0
07566101;1136242800000;1.0
07093697;1136242800000;1.0
07784185;1136761200000;1.0
07448457;1137020400000;1.0
07445297;1137625200000;1.0
07445105;1137711600000;1.0
07665746;1138230000000;1.0
07442146;1138575600000;1.0
07559145;1138748400000;1.0
07587825;1138748400000;1.0
07438366;1138834800000;1.0
07559612;1138834800000;1.0
07824107;1139266800000;1.0
07270381;1139526000000;1.0
07441786;1139958000000;1.0
07374248;1141081200000;1.0
07469973;1141167600000;1.0
07464994;1141340400000;1.0
07481497;1141340400000;1.0
07469913;1142377200000;1.0
07134731;1142550000000;1.0
07416259;1143068400000;1.0
07600824;1143068400000;1.0
07344198;1143410400000;1.0
07540361;1143496800000;1.0
07575106;1143496800000;1.0
07650696;1143669600000;1.0
07390067;1144188000000;1.0
07562940;1144965600000;1.0
07562942;1144965600000;1.0
07419226;1145397600000;1.0
07478885;1145484000000;1.0
07597405;1145484000000;1.0
07488044;1145916000000;1.0
07651172;1146520800000;1.0
07708124;1146607200000;1.0
07438367;1147039200000;1.0
07506878;1147039200000;1.0
07669941;1147298400000;1.0
07431405;1147298400000;1.0
07270334;1147644000000;1.0
07413259;1147730400000;1.0
07472967;1147989600000;1.0
07568771;1148248800000;1.0
07273259;1148335200000;1.0
07341316;1148335200000;1.0
07290839;1148940000000;1.0
07690505;1148940000000;1.0
07644616;1149199200000;1.0
07464995;1150149600000;1.0
07343991;1150322400000;1.0
07311318;1150322400000;1.0
07537034;1150668000000;1.0
07516821;1150668000000;1.0
07757332;1150754400000;1.0
07488046;1151445600000;1.0
07325821;1151445600000;1.0
07481498;1152050400000;1.0
07562755;1152223200000;1.0
07198333;1152223200000;1.0
07434891;1152482400000;1.0
RE040888;1153346400000;1.0
07661767;1153346400000;1.0
07530643;1153432800000;1.0
07445296;1153692000000;1.0
07661766;1155506400000;1.0
07387346;1155765600000;1.0
07530644;1156197600000;1.0
07546910;1156197600000;1.0
07506940;1156802400000;1.0
07354113;1156888800000;1.0
07712841;1157407200000;1.0
07594437;1157580000000;1.0
07686403;1157666400000;1.0
07658450;1157925600000;1.0
07425006;1157925600000;1.0
07603776;1158012000000;1.0
07416260;1158530400000;1.0
07437812;1158789600000;1.0
07566102;1159480800000;1.0
07797832;1159567200000;1.0
07635170;1160517600000;1.0
07448695;1161295200000;1.0
07758131;1161554400000;1.0
07494145;1161900000000;1.0
07712842;1162162800000;1.0
07631948;1162422000000;1.0
07584659;1162508400000;1.0
07350877;1162508400000;1.0
07562941;1163026800000;1.0
07543894;1164927600000;1.0
07543895;1166050800000;1.0
07631947;1166569200000;1.0
07684027;1166655600000;1.0
07467829;1166655600000;1.0
07452037;1167087600000;1.0
07448694;1168902000000;1.0
07445034;1168988400000;1.0
07753815;1169161200000;1.0
07628417;1169161200000;1.0
07712840;1169506800000;1.0
07547076;1169593200000;1.0
07537291;1170284400000;1.0
07562939;1170284400000;1.0
07356904;1170630000000;1.0
07588834;1170975600000;1.0
07669871;1171580400000;1.0
07628416;1172012400000;1.0
07377595;1172617200000;1.0
07530645;1172703600000;1.0
07571966;1172790000000;1.0
07523998;1173135600000;1.0
07681958;1173308400000;1.0
07731301;1173913200000;1.0
07547077;1173999600000;1.0
07481499;1175032800000;1.0
07621355;1175119200000;1.0
07431403;1175551200000;1.0
07475950;1175810400000;1.0
07740036;1176415200000;1.0
07614707;1176760800000;1.0
07556321;1177279200000;1.0
07578563;1177452000000;1.0
07484609;1177538400000;1.0
07686313;1177538400000;1.0
07413350;1177624800000;1.0
07581794;1178316000000;1.0
07766143;1179266400000;1.0
07581795;1179266400000;1.0
07597403;1179698400000;1.0
07510248;1179957600000;1.0
07722128;1180389600000;1.0
07413262;1180994400000;1.0
07559404;1181685600000;1.0
07845657;1181858400000;1.0
07726454;1182117600000;1.0
07648211;1182204000000;1.0
07854301;1182463200000;1.0
07726371;1182895200000;1.0
07730978;1183327200000;1.0
07651173;1183413600000;1.0
07651171;1184536800000;1.0
07784878;1184623200000;1.0
07552977;1185400800000;1.0
07585031;1185400800000;1.0
07654546;1185746400000;1.0
07766387;1186005600000;1.0
07708353;1186956000000;1.0
07703958;1187820000000;1.0
07658455;1187906400000;1.0
07699405;1187906400000;1.0
07390068;1188165600000;1.0
07631945;1188252000000;1.0
07726746;1188252000000;1.0
07658452;1188424800000;1.0
07775108;1188856800000;1.0
07703859;1190066400000;1.0
07673946;1190325600000;1.0
07658451;1190930400000;1.0
07611211;1193176800000;1.0
07562943;1193958000000;1.0
07673947;1194476400000;1.0
07731300;1195167600000;1.0
07798575;1195513200000;1.0
07621601;1195599600000;1.0
07488045;1196204400000;1.0
07695073;1196290800000;1.0
07716833;1196377200000;1.0
07699404;1197500400000;1.0
07658262;1199919600000;1.0
07677676;1199919600000;1.0
07802363;1200265200000;1.0
07798261;1200956400000;1.0
07537289;1201129200000;1.0
07740324;1201215600000;1.0
07763825;1202943600000;1.0
07850252;1203030000000;1.0
07775610;1203548400000;1.0
07753453;1204153200000;1.0
07780243;1204498800000;1.0
07735937;1205103600000;1.0
07654548;1205190000000;1.0
07804395;1205881200000;1.0
07775540;1206313200000;1.0
07641289;1206399600000;1.0
07735936;1206399600000;1.0
07441841;1207087200000;1.0
07722129;1208296800000;1.0
07452036;1208469600000;1.0
07731299;1209333600000;1.0
07690410;1209506400000;1.0
07669940;1210284000000;1.0
07775604;1210629600000;1.0
07779877;1211839200000;1.0
07712843;1212012000000;1.0
07665807;1212530400000;1.0
07784876;1213567200000;1.0
07806485;1213653600000;1.0
07802804;1214776800000;1.0
07559416;1214776800000;1.0
07815261;1215036000000;1.0
07841669;1215554400000;1.0
07618099;1216332000000;1.0
07748790;1217455200000;1.0
07775605;1218578400000;1.0
07850251;1220565600000;1.0
07740325;1220911200000;1.0
07823981;1221775200000;1.0
07722059;1222293600000;1.0
07673482;1222984800000;1.0
07784877;1226271600000;1.0
07806484;1226962800000;1.0
07845217;1228086000000;1.0
07832812;1228777200000;1.0
07703858;1229641200000;1.0
07641288;1229900400000;1.0
07731214;1233270000000;1.0
07854438;1236034800000;1.0
07708352;1236726000000;1.0
07677677;1241560800000;1.0
07753454;1245189600000;1.0
07703717;1250028000000;1.0
07841670;1264633200000;1.0
