id;ts;originality
04292915;-110077200000;1.0
03860031;-14432400000;1.0
03968997;946800000;1.0
03917354;26694000000;1.0
03925189;33951600000;1.0
03948565;38530800000;1.0
03878946;45788400000;1.0
03865547;49503600000;1.0
03942842;50022000000;1.0
03934937;54774000000;1.0
03904248;63500400000;1.0
03976332;64623600000;1.0
03987937;66265200000;1.0
03989310;66524400000;1.0
03901555;73782000000;1.0
03870375;76546800000;1.0
03989311;78706800000;1.0
03890011;79570800000;1.0
03861753;80175600000;1.0
03871712;80521200000;1.0
03869042;83545200000;1.0
03876261;86396400000;1.0
03907515;86828400000;1.0
03863990;88124400000;1.0
03870374;88902000000;1.0
03876260;89334000000;1.0
03967860;89506800000;1.0
03912474;90111600000;1.0
03905349;92530800000;1.0
03871826;94431600000;1.0
03865439;94431600000;1.0
03887330;95295600000;1.0
03868028;96246000000;1.0
03858714;96505200000;1.0
03868071;97196400000;1.0
03885606;97369200000;1.0
03902762;98319600000;1.0
03904255;99010800000;1.0
03874740;99183600000;1.0
03884528;100393200000;1.0
03858943;100825200000;1.0
03876258;100998000000;1.0
03868032;101516400000;1.0
03871711;101516400000;1.0
03878287;101602800000;1.0
03870250;102121200000;1.0
03874860;102207600000;1.0
03881530;102639600000;1.0
03883010;102726000000;1.0
03873163;103158000000;1.0
03868148;104367600000;1.0
03900391;104626800000;1.0
03874569;104626800000;1.0
03876853;104626800000;1.0
03899214;104713200000;1.0
03924901;105231600000;1.0
03862707;105318000000;1.0
03874560;105663600000;1.0
03877241;105836400000;1.0
03867773;106786800000;1.0
03865254;106786800000;1.0
03938677;106873200000;1.0
03881425;107564400000;1.0
03867954;108169200000;1.0
03866628;108860400000;1.0
03884401;109551600000;1.0
03873164;110761200000;1.0
03907170;111020400000;1.0
04059310;111625200000;1.0
03951461;113007600000;1.0
03897978;113180400000;1.0
03874739;113526000000;1.0
03861599;113785200000;1.0
03902647;114044400000;1.0
03953078;114217200000;1.0
03868964;114735600000;1.0
03896942;114822000000;1.0
03955486;114994800000;1.0
03867064;115254000000;1.0
03874733;115426800000;1.0
03892372;115513200000;1.0
03961639;116463600000;1.0
03918585;116550000000;1.0
04162811;116722800000;1.0
03876352;117068400000;1.0
03861830;117068400000;1.0
03930377;117068400000;1.0
03924899;117414000000;1.0
03957674;117414000000;1.0
03930684;118969200000;1.0
03893691;119142000000;1.0
03867593;121474800000;1.0
03923343;121647600000;1.0
03889830;121906800000;1.0
03863428;122079600000;1.0
04030642;122166000000;1.0
03937522;122252400000;1.0
03950034;122857200000;1.0
03918116;123202800000;1.0
03902682;123375600000;1.0
03922019;123462000000;1.0
03937521;123721200000;1.0
03905650;123721200000;1.0
04030635;123807600000;1.0
03886972;123980400000;1.0
03874737;124412400000;1.0
03890508;125881200000;1.0
03909068;126486000000;1.0
03994824;127004400000;1.0
03902761;127695600000;1.0
03929379;128732400000;1.0
03870070;128818800000;1.0
03876259;128905200000;1.0
03929261;129164400000;1.0
03874738;129250800000;1.0
03907374;129769200000;1.0
03981417;129769200000;1.0
03858763;130028400000;1.0
03931974;130114800000;1.0
04007694;130114800000;1.0
03938848;130460400000;1.0
03977729;130460400000;1.0
03866769;130546800000;1.0
03907134;131151600000;1.0
03910523;131238000000;1.0
03938912;131324400000;1.0
03933393;131583600000;1.0
03888434;132188400000;1.0
03942561;132188400000;1.0
03880297;132361200000;1.0
03869843;132361200000;1.0
03863808;132966000000;1.0
03947236;133052400000;1.0
03868149;133052400000;1.0
03884373;133138800000;1.0
04032193;133657200000;1.0
03893557;133743600000;1.0
03888433;133743600000;1.0
04009803;134002800000;1.0
03980136;134348400000;1.0
03881775;134607600000;1.0
03885835;134607600000;1.0
03865280;134780400000;1.0
03933280;134866800000;1.0
03949953;135212400000;1.0
03870373;135212400000;1.0
03981541;135212400000;1.0
03920039;135471600000;1.0
03885631;135558000000;1.0
03916542;135817200000;1.0
03945683;135903600000;1.0
03942841;135903600000;1.0
03888188;136076400000;1.0
03920116;136422000000;1.0
03901462;136681200000;1.0
03892336;137372400000;1.0
03900041;137631600000;1.0
03944118;137631600000;1.0
03893474;137804400000;1.0
03906972;138236400000;1.0
03940184;138322800000;1.0
03931914;139446000000;1.0
03930450;139446000000;1.0
03920542;139532400000;1.0
03926203;139618800000;1.0
03947071;139791600000;1.0
03923342;140050800000;1.0
04033470;140310000000;1.0
03880177;140655600000;1.0
03918706;141260400000;1.0
03885684;141519600000;1.0
03964793;141865200000;1.0
03962128;142210800000;1.0
04113247;142210800000;1.0
03945505;142470000000;1.0
03924900;142642800000;1.0
03982789;143161200000;1.0
03976232;143679600000;1.0
04187043;143766000000;1.0
03953076;143766000000;1.0
03885757;143852400000;1.0
03862780;143938800000;1.0
03913795;144284400000;1.0
03950147;145148400000;1.0
03950146;145148400000;1.0
04035288;145148400000;1.0
03907366;145407600000;1.0
03907373;146098800000;1.0
04013544;146271600000;1.0
03964512;146703600000;1.0
03897228;146876400000;1.0
03915505;146962800000;1.0
03976329;147913200000;1.0
03940243;147913200000;1.0
03977730;148518000000;1.0
03921533;148690800000;1.0
03899131;149122800000;1.0
03960277;149727600000;1.0
03933394;150073200000;1.0
03937283;151196400000;1.0
03907231;151628400000;1.0
03949908;151887600000;1.0
03930685;152406000000;1.0
03931999;152751600000;1.0
03945682;152751600000;1.0
03961772;152751600000;1.0
03967761;152751600000;1.0
03941425;152751600000;1.0
03955853;153010800000;1.0
03910299;153702000000;1.0
03952889;153961200000;1.0
03980024;153961200000;1.0
03980212;154134000000;1.0
03958722;154134000000;1.0
04013321;154220400000;1.0
03979152;154306800000;1.0
03989308;154652400000;1.0
03967858;154738800000;1.0
04095643;154911600000;1.0
03961643;155170800000;1.0
03951462;155430000000;1.0
03968998;155516400000;1.0
03964693;156985200000;1.0
03954303;156985200000;1.0
03948466;157244400000;1.0
04013551;158367600000;1.0
03963415;158540400000;1.0
03941426;159145200000;1.0
04017270;159404400000;1.0
04027688;159577200000;1.0
04018671;159750000000;1.0
04165820;160182000000;1.0
04017039;160268400000;1.0
03989147;160268400000;1.0
04005908;160614000000;1.0
04004615;160700400000;1.0
03975057;160873200000;1.0
03972567;160959600000;1.0
03968634;161910000000;1.0
03942840;161910000000;1.0
03971531;162082800000;1.0
03980208;162514800000;1.0
04011668;163033200000;1.0
03973802;163292400000;1.0
04057399;163378800000;1.0
03982627;163724400000;1.0
03976264;163810800000;1.0
03940091;163810800000;1.0
04173530;164847600000;1.0
03966262;164847600000;1.0
03995910;165020400000;1.0
03977540;165798000000;1.0
03955593;165798000000;1.0
03982790;165798000000;1.0
03985394;166057200000;1.0
03941070;166230000000;1.0
03975850;166316400000;1.0
03999487;166662000000;1.0
03985316;166834800000;1.0
04008924;167007600000;1.0
03993359;167266800000;1.0
03968999;167612400000;1.0
04030639;167871600000;1.0
03952667;167871600000;1.0
04009913;168044400000;1.0
03995754;168130800000;1.0
04037335;168476400000;1.0
03975058;169081200000;1.0
03953077;169254000000;1.0
04034870;169340400000;1.0
03948564;169686000000;1.0
04033151;169686000000;1.0
03995771;169686000000;1.0
04015880;169858800000;1.0
04058986;169858800000;1.0
03970547;169945200000;1.0
04017269;169945200000;1.0
03993184;169945200000;1.0
04092046;170377200000;1.0
04009788;170463600000;1.0
04013196;170895600000;1.0
04108077;171500400000;1.0
04033811;171500400000;1.0
04078964;171500400000;1.0
04010551;171586800000;1.0
03993358;171673200000;1.0
04131320;171673200000;1.0
04015754;171759600000;1.0
04014576;172364400000;1.0
04058223;172364400000;1.0
03969834;172450800000;1.0
04014578;172796400000;1.0
04000927;172969200000;1.0
04131319;172969200000;1.0
03976331;173055600000;1.0
03966261;173314800000;1.0
04015751;173487600000;1.0
04000701;173574000000;1.0
04035030;173919600000;1.0
04024655;173919600000;1.0
03994701;174092400000;1.0
03995775;174092400000;1.0
04007969;174524400000;1.0
04057295;175129200000;1.0
04010981;175129200000;1.0
04007842;175302000000;1.0
04006868;175734000000;1.0
04019783;175734000000;1.0
04053184;175906800000;1.0
03990748;176079600000;1.0
03970159;176338800000;1.0
03995777;176511600000;1.0
03999806;176943600000;1.0
04003530;177116400000;1.0
04026606;177807600000;1.0
04082364;178326000000;1.0
04006938;178326000000;1.0
04037992;178498800000;1.0
04029364;179103600000;1.0
04042099;179708400000;1.0
04047644;179967600000;1.0
04016994;180054000000;1.0
03999690;180140400000;1.0
04045092;180572400000;1.0
04022218;180572400000;1.0
04028009;180745200000;1.0
04008865;180831600000;1.0
04049405;180918000000;1.0
04043718;181263600000;1.0
04027760;181263600000;1.0
04016053;181350000000;1.0
03976330;181350000000;1.0
04023713;181522800000;1.0
04025122;181522800000;1.0
04035029;181954800000;1.0
04013371;182041200000;1.0
04052108;182041200000;1.0
04033628;182473200000;1.0
04104889;182473200000;1.0
04027920;182473200000;1.0
04019720;182646000000;1.0
04004349;183078000000;1.0
04019641;183078000000;1.0
03977811;183250800000;1.0
04023500;183250800000;1.0
04039431;183250800000;1.0
04005806;184201200000;1.0
04032082;184201200000;1.0
04004753;184460400000;1.0
04018484;184546800000;1.0
03989309;184892400000;1.0
04026437;185410800000;1.0
04042190;185583600000;1.0
04087133;185583600000;1.0
04015731;185670000000;1.0
04027407;186015600000;1.0
03994532;186188400000;1.0
03998405;186188400000;1.0
04050741;186361200000;1.0
04002372;186620400000;1.0
04029362;187225200000;1.0
04096731;187225200000;1.0
04034869;187225200000;1.0
04104035;187484400000;1.0
04029365;188434800000;1.0
04024822;188434800000;1.0
04061401;188521200000;1.0
04087214;188607600000;1.0
04060458;188607600000;1.0
04036408;188607600000;1.0
04024944;188607600000;1.0
04043775;189039600000;1.0
04071170;189039600000;1.0
04076320;189039600000;1.0
04030755;189212400000;1.0
04039105;191199600000;1.0
04022512;191458800000;1.0
04060282;191718000000;1.0
04006846;191804400000;1.0
04042666;192063600000;1.0
04009912;192150000000;1.0
04114956;192322800000;1.0
04021078;192409200000;1.0
04049321;192668400000;1.0
04082367;193359600000;1.0
04167235;193359600000;1.0
04037877;193878000000;1.0
04027833;193878000000;1.0
04025121;194137200000;1.0
03996026;194223600000;1.0
04014577;194482800000;1.0
04067616;194482800000;1.0
04108193;195087600000;1.0
04049255;195087600000;1.0
04118074;195692400000;1.0
04045091;195778800000;1.0
04072109;196038000000;1.0
04075947;196038000000;1.0
04108498;196297200000;1.0
04029238;196556400000;1.0
04014256;196642800000;1.0
04054507;197848800000;1.0
04055315;198280800000;1.0
04102056;198972000000;1.0
04059311;199404000000;1.0
04023688;199576800000;1.0
04093062;199922400000;1.0
04083607;200095200000;1.0
04036531;200527200000;1.0
04023280;200700000000;1.0
04076150;200872800000;1.0
04030893;201391200000;1.0
04071452;201477600000;1.0
04033518;201736800000;1.0
04055280;202428000000;1.0
04094810;202428000000;1.0
04094551;202514400000;1.0
04073244;202600800000;1.0
04027464;204156000000;1.0
04060181;204760800000;1.0
04106817;204933600000;1.0
04067623;204933600000;1.0
04082205;205106400000;1.0
04129337;205538400000;1.0
04065076;205711200000;1.0
04027921;206229600000;1.0
04062596;206575200000;1.0
04045086;206834400000;1.0
04085975;207439200000;1.0
04029363;208044000000;1.0
04018483;208562400000;1.0
04088373;208562400000;1.0
04066298;208735200000;1.0
04060223;209080800000;1.0
04091940;209167200000;1.0
04082513;209599200000;1.0
04049247;209599200000;1.0
04090645;209599200000;1.0
04078498;209944800000;1.0
04108500;210290400000;1.0
04082368;210549600000;1.0
04041959;210981600000;1.0
04059246;210981600000;1.0
04047677;211413600000;1.0
04086706;211586400000;1.0
04109861;211672800000;1.0
04095776;212104800000;1.0
04058274;212277600000;1.0
04085976;212626800000;1.0
04036532;212626800000;1.0
04232632;213231600000;1.0
04087134;213318000000;1.0
04077612;213490800000;1.0
04098412;213922800000;1.0
04058227;213922800000;1.0
04063572;214700400000;1.0
04078703;214700400000;1.0
04125194;215132400000;1.0
04115929;215218800000;1.0
04108499;215391600000;1.0
04099457;215650800000;1.0
04057155;215910000000;1.0
04097243;215910000000;1.0
04050742;215910000000;1.0
04105256;215910000000;1.0
04116367;215996400000;1.0
04067622;215996400000;1.0
04122003;216428400000;1.0
04060281;216428400000;1.0
04084628;216514800000;1.0
04072359;217033200000;1.0
04037805;217033200000;1.0
04098568;217465200000;1.0
04109966;217551600000;1.0
04108079;217638000000;1.0
04146370;217810800000;1.0
04074921;218070000000;1.0
04049394;218242800000;1.0
04086064;218674800000;1.0
04076321;218674800000;1.0
04106533;218847600000;1.0
04084769;219020400000;1.0
04116368;219538800000;1.0
04094552;220057200000;1.0
04211505;220143600000;1.0
04081201;220489200000;1.0
04165260;220662000000;1.0
04099789;220662000000;1.0
04104171;220748400000;1.0
04081110;221094000000;1.0
04109394;221266800000;1.0
04106210;221353200000;1.0
04231689;221871600000;1.0
04170385;222044400000;1.0
04111492;222994800000;1.0
04113148;223081200000;1.0
04068397;223686000000;1.0
04132450;223772400000;1.0
04277416;224982000000;1.0
04162784;225068400000;1.0
04165132;225932400000;1.0
04140349;225932400000;1.0
04084770;226537200000;1.0
04142685;226537200000;1.0
04105537;226537200000;1.0
04097092;226710000000;1.0
04123114;226710000000;1.0
04114785;226710000000;1.0
04179340;226882800000;1.0
04111493;227314800000;1.0
04278366;227487600000;1.0
04082366;227487600000;1.0
04315705;227487600000;1.0
04280419;227746800000;1.0
04098541;228006000000;1.0
04155602;228006000000;1.0
04129339;228006000000;1.0
04101174;228092400000;1.0
04155367;228697200000;1.0
04240768;229212000000;1.0
04113202;229212000000;1.0
04138047;229557600000;1.0
04172618;230162400000;1.0
04134300;230767200000;1.0
04095847;230767200000;1.0
04134466;231372000000;1.0
04082365;231544800000;1.0
04089515;231717600000;1.0
04145087;231717600000;1.0
04175570;232063200000;1.0
04089563;232149600000;1.0
04102278;232149600000;1.0
04116491;232236000000;1.0
04089053;232581600000;1.0
04149756;233186400000;1.0
04114954;233186400000;1.0
04174001;233359200000;1.0
04094651;233445600000;1.0
04131072;233445600000;1.0
04186772;233877600000;1.0
04149755;233877600000;1.0
04115070;233964000000;1.0
04118075;233964000000;1.0
04127950;234050400000;1.0
04154484;234136800000;1.0
04114955;234482400000;1.0
04135767;235000800000;1.0
04182243;235778400000;1.0
04144618;235778400000;1.0
04114835;235951200000;1.0
04171852;236210400000;1.0
04147392;236469600000;1.0
04375335;236469600000;1.0
04166419;236469600000;1.0
04138162;236901600000;1.0
04098675;237074400000;1.0
04127397;237420000000;1.0
04156546;237420000000;1.0
04185941;237506400000;1.0
04171853;237765600000;1.0
04136911;237765600000;1.0
04101175;237765600000;1.0
04172539;238024800000;1.0
04305740;238629600000;1.0
04289428;239320800000;1.0
04129338;239493600000;1.0
04144021;239839200000;1.0
04138161;239925600000;1.0
04109903;240444000000;1.0
04153304;240444000000;1.0
04165134;240530400000;1.0
04154485;240530400000;1.0
04135684;240616800000;1.0
04169632;240789600000;1.0
04149685;241048800000;1.0
04158469;241048800000;1.0
04216082;241135200000;1.0
04174868;241308000000;1.0
04353667;241394400000;1.0
04135685;241912800000;1.0
04085977;241912800000;1.0
04114748;242431200000;1.0
04140350;243036000000;1.0
04129411;243122400000;1.0
04193737;243727200000;1.0
04123113;244076400000;1.0
04165133;244076400000;1.0
04152029;244422000000;1.0
04173188;244681200000;1.0
04185942;244940400000;1.0
04177647;244940400000;1.0
04131318;245372400000;1.0
04143921;245545200000;1.0
04159897;245545200000;1.0
04157796;245890800000;1.0
04176885;246150000000;1.0
04239421;246236400000;1.0
04149684;246582000000;1.0
04163583;246582000000;1.0
04169508;246582000000;1.0
04154486;246582000000;1.0
04221507;247446000000;1.0
04236654;247705200000;1.0
04160567;247878000000;1.0
04152254;247964400000;1.0
04184793;248050800000;1.0
04200413;248310000000;1.0
04188160;248914800000;1.0
04138163;248914800000;1.0
04145453;249087600000;1.0
04169631;249260400000;1.0
04154370;249260400000;1.0
04210801;249692400000;1.0
04172535;250124400000;1.0
04174921;250124400000;1.0
04178113;250124400000;1.0
04159824;250124400000;1.0
04168864;250383600000;1.0
04183702;250470000000;1.0
04159151;250902000000;1.0
04180354;250988400000;1.0
04127307;251074800000;1.0
04208153;251679600000;1.0
04159150;251679600000;1.0
04157848;252025200000;1.0
04236851;252802800000;1.0
04163582;252889200000;1.0
04151935;253148400000;1.0
04164359;253321200000;1.0
04143922;253407600000;1.0
04182586;253494000000;1.0
04165135;254358000000;1.0
04197037;254358000000;1.0
04162106;255222000000;1.0
04220425;255567600000;1.0
04130300;255567600000;1.0
04212566;255740400000;1.0
04189261;255740400000;1.0
04180186;255740400000;1.0
04231688;255826800000;1.0
04160618;256172400000;1.0
04197873;256172400000;1.0
04207081;256518000000;1.0
04180353;256518000000;1.0
04221506;256950000000;1.0
04153427;257036400000;1.0
04176987;258591600000;1.0
04182245;258764400000;1.0
04179371;259196400000;1.0
04219288;259196400000;1.0
04205929;259196400000;1.0
04175662;259369200000;1.0
04146195;259801200000;1.0
04278365;259974000000;1.0
04211506;260488800000;1.0
04357257;260661600000;1.0
04165845;260661600000;1.0
04273478;260661600000;1.0
04356105;260661600000;1.0
04200099;260748000000;1.0
04165822;261007200000;1.0
04201504;261352800000;1.0
04206610;261352800000;1.0
04214844;261612000000;1.0
04179232;261698400000;1.0
04200414;261784800000;1.0
04199282;261784800000;1.0
04200412;261871200000;1.0
04200950;261957600000;1.0
04195954;261957600000;1.0
04187044;262389600000;1.0
04200208;262389600000;1.0
04178114;262821600000;1.0
04184792;262821600000;1.0
04175893;263080800000;1.0
04191500;263426400000;1.0
04203689;263599200000;1.0
04189262;263685600000;1.0
04264239;264031200000;1.0
04223044;264376800000;1.0
04378182;264636000000;1.0
04219290;265327200000;1.0
04178662;265845600000;1.0
04172617;266018400000;1.0
04185783;266450400000;1.0
04189260;267055200000;1.0
04217212;267055200000;1.0
04208251;267055200000;1.0
04182383;267400800000;1.0
04209304;268005600000;1.0
04242098;268264800000;1.0
04184274;268437600000;1.0
04176988;268869600000;1.0
04245932;268956000000;1.0
04170074;269042400000;1.0
04199281;269560800000;1.0
04199280;269820000000;1.0
04215954;270165600000;1.0
04191499;270165600000;1.0
04201499;270338400000;1.0
04219110;270338400000;1.0
04255072;270684000000;1.0
04178231;270684000000;1.0
04178233;270684000000;1.0
04200415;270943200000;1.0
04189263;271375200000;1.0
04284369;271461600000;1.0
04229861;271548000000;1.0
04171925;272152800000;1.0
04202673;272152800000;1.0
04175892;273794400000;1.0
04194859;274053600000;1.0
04249839;274485600000;1.0
04227863;274917600000;1.0
04232829;275090400000;1.0
04175872;275781600000;1.0
04280782;275781600000;1.0
04221509;275781600000;1.0
04189259;276130800000;1.0
04451182;276130800000;1.0
04215824;276217200000;1.0
04273477;276217200000;1.0
04099688;276303600000;1.0
04234272;276476400000;1.0
04205468;278290800000;1.0
04250657;278550000000;1.0
04354778;278550000000;1.0
04236852;278722800000;1.0
04227451;279154800000;1.0
04229125;279759600000;1.0
04264240;280364400000;1.0
04272028;280364400000;1.0
04212331;281314800000;1.0
04234106;281314800000;1.0
04205931;281574000000;1.0
04210519;281746800000;1.0
04212333;281833200000;1.0
04270558;282178800000;1.0
04219340;282438000000;1.0
04365915;282438000000;1.0
04207018;282524400000;1.0
04237619;282524400000;1.0
04244562;282783600000;1.0
04324091;282783600000;1.0
04247227;282870000000;1.0
04422810;282956400000;1.0
04239420;282956400000;1.0
04220426;283474800000;1.0
04247230;283734000000;1.0
04217218;284079600000;1.0
04223700;284079600000;1.0
04264243;284252400000;1.0
04221508;284252400000;1.0
04242015;284598000000;1.0
04289437;284943600000;1.0
04252478;285202800000;1.0
04259032;285202800000;1.0
04222859;285375600000;1.0
04261117;285980400000;1.0
04269548;286066800000;1.0
04411562;286498800000;1.0
04219289;286585200000;1.0
04225272;287276400000;1.0
04227316;287276400000;1.0
04245933;287362800000;1.0
04221510;287362800000;1.0
04215956;287794800000;1.0
04227835;288399600000;1.0
04263927;288399600000;1.0
04256418;288572400000;1.0
04243346;288918000000;1.0
04205930;289090800000;1.0
04234273;289090800000;1.0
04238891;290300400000;1.0
04235563;290646000000;1.0
04230426;290732400000;1.0
04239423;290905200000;1.0
04300446;290991600000;1.0
04264244;291250800000;1.0
04247228;291852000000;1.0
04245934;292543200000;1.0
04206555;292716000000;1.0
04251365;292802400000;1.0
04436459;293666400000;1.0
04203688;293666400000;1.0
04242007;294271200000;1.0
04329105;294271200000;1.0
04265592;295048800000;1.0
04227836;295135200000;1.0
04243352;295135200000;1.0
04251169;295221600000;1.0
04264212;295480800000;1.0
04415297;295480800000;1.0
04260298;295740000000;1.0
04301943;295740000000;1.0
04216914;296258400000;1.0
04234274;296344800000;1.0
04309269;296863200000;1.0
04231687;297036000000;1.0
04248551;297036000000;1.0
04248552;297036000000;1.0
04304508;297381600000;1.0
04245936;297900000000;1.0
04245935;297986400000;1.0
04253591;298504800000;1.0
04277205;298591200000;1.0
04259031;298677600000;1.0
04437799;299109600000;1.0
04352605;299368800000;1.0
04242038;299455200000;1.0
04278367;299973600000;1.0
04290908;300060000000;1.0
04251170;300319200000;1.0
04253782;300578400000;1.0
04240769;300578400000;1.0
04261672;300578400000;1.0
04253824;300664800000;1.0
04325495;300924000000;1.0
04235293;300924000000;1.0
04264242;301615200000;1.0
04239424;301701600000;1.0
04316681;302133600000;1.0
04265572;302911200000;1.0
04252479;303516000000;1.0
04284371;303516000000;1.0
04278240;303602400000;1.0
04257723;304034400000;1.0
04249838;304207200000;1.0
04264241;304552800000;1.0
04289429;304898400000;1.0
04234271;305244000000;1.0
04286524;305244000000;1.0
04231686;305330400000;1.0
04374540;305503200000;1.0
04263944;306021600000;1.0
04275836;306367200000;1.0
04266581;306540000000;1.0
04279549;306972000000;1.0
04316680;307580400000;1.0
04264238;307666800000;1.0
04239422;307839600000;1.0
04275976;307839600000;1.0
04306643;307926000000;1.0
04253783;308271600000;1.0
04335982;308876400000;1.0
04338187;309394800000;1.0
04281946;309740400000;1.0
04282006;309740400000;1.0
04614283;309999600000;1.0
04317532;309999600000;1.0
04262034;310086000000;1.0
04258005;310172400000;1.0
04265573;310604400000;1.0
04284370;310863600000;1.0
04286935;310863600000;1.0
04284032;311295600000;1.0
04314669;311295600000;1.0
04284372;311814000000;1.0
04322184;313196400000;1.0
04320559;313369200000;1.0
04293250;313628400000;1.0
04286527;313628400000;1.0
04346822;313887600000;1.0
04256419;313974000000;1.0
04286822;313974000000;1.0
04280706;314233200000;1.0
04301880;314319600000;1.0
04321877;314578800000;1.0
04285617;315010800000;1.0
04326866;315010800000;1.0
04300726;315097200000;1.0
04318643;315183600000;1.0
04372337;316047600000;1.0
04279556;316393200000;1.0
04316505;316393200000;1.0
04312607;316998000000;1.0
04313699;318121200000;1.0
04337902;318207600000;1.0
04306359;319071600000;1.0
04280251;319158000000;1.0
04433943;319158000000;1.0
04287725;319244400000;1.0
04290555;319417200000;1.0
04296970;319417200000;1.0
04305688;319762800000;1.0
04347032;319762800000;1.0
04341492;319762800000;1.0
04305210;319849200000;1.0
04344723;320281200000;1.0
04247229;320281200000;1.0
04325660;320367600000;1.0
04358226;320540400000;1.0
04286910;320540400000;1.0
04293249;320886000000;1.0
04492294;320886000000;1.0
04299518;320886000000;1.0
04324511;321145200000;1.0
04298229;321145200000;1.0
04296695;321231600000;1.0
04312608;321490800000;1.0
04355929;321490800000;1.0
04320995;322441200000;1.0
04325573;322441200000;1.0
04347022;323906400000;1.0
04352604;323906400000;1.0
04344580;324511200000;1.0
04362442;324511200000;1.0
04343575;324684000000;1.0
04334370;324770400000;1.0
04265737;325288800000;1.0
04334806;325720800000;1.0
04352331;325807200000;1.0
04353668;325807200000;1.0
04348139;325893600000;1.0
04372478;327103200000;1.0
04313700;327103200000;1.0
04355928;327794400000;1.0
04261705;327880800000;1.0
04302134;327880800000;1.0
04470729;328485600000;1.0
04358227;328744800000;1.0
04345859;328744800000;1.0
04343574;329004000000;1.0
04319782;329090400000;1.0
04351373;329349600000;1.0
04437796;329522400000;1.0
04352606;329608800000;1.0
04551040;330040800000;1.0
04294592;330300000000;1.0
04367598;330300000000;1.0
04360295;330732000000;1.0
04328057;330818400000;1.0
04355930;331336800000;1.0
04348158;331768800000;1.0
04335994;331768800000;1.0
04505214;331941600000;1.0
04386719;331941600000;1.0
04372710;332114400000;1.0
04345527;332373600000;1.0
04288074;332373600000;1.0
04299683;332632800000;1.0
04362443;332719200000;1.0
04372338;333064800000;1.0
04553881;333151200000;1.0
04611955;333151200000;1.0
04430030;333669600000;1.0
04618292;334533600000;1.0
04354775;334533600000;1.0
04354776;334879200000;1.0
04615648;334965600000;1.0
04352603;335138400000;1.0
04376601;335397600000;1.0
04390281;335397600000;1.0
04322221;335656800000;1.0
04361973;335743200000;1.0
04359383;336002400000;1.0
04345858;336002400000;1.0
04345702;336002400000;1.0
04343511;336261600000;1.0
04458601;336348000000;1.0
04365764;336348000000;1.0
04361079;336693600000;1.0
04375358;336693600000;1.0
04367685;337212000000;1.0
04356078;337212000000;1.0
04369006;337471200000;1.0
04360294;337557600000;1.0
04352608;337989600000;1.0
04378183;338076000000;1.0
04379663;338421600000;1.0
04316682;338421600000;1.0
04379664;338508000000;1.0
04391528;338680800000;1.0
04306387;338767200000;1.0
04376602;339030000000;1.0
04354777;339030000000;1.0
04372713;339375600000;1.0
04367988;339807600000;1.0
04315704;339807600000;1.0
04362441;341103600000;1.0
04363574;341622000000;1.0
04363573;341708400000;1.0
04340323;341708400000;1.0
04371101;341794800000;1.0
04381161;341794800000;1.0
04306629;342054000000;1.0
04367987;342054000000;1.0
04338049;342658800000;1.0
04377356;343609200000;1.0
04430029;343609200000;1.0
04367989;343609200000;1.0
04369005;344214000000;1.0
04304105;344473200000;1.0
04340347;344473200000;1.0
04363575;344559600000;1.0
04398828;344818800000;1.0
04389142;344818800000;1.0
04372751;345078000000;1.0
04364665;345078000000;1.0
04352607;345337200000;1.0
04423987;345423600000;1.0
04368678;345682800000;1.0
04395165;346028400000;1.0
04449862;346287600000;1.0
04578001;346892400000;1.0
04352267;347065200000;1.0
04359298;347583600000;1.0
04379106;347842800000;1.0
04394895;348102000000;1.0
04346730;348274800000;1.0
04568224;348879600000;1.0
04381898;348879600000;1.0
04368742;349398000000;1.0
04409746;350175600000;1.0
04371294;350262000000;1.0
04373838;350866800000;1.0
04398852;351212400000;1.0
04373276;351212400000;1.0
04344843;351385200000;1.0
04349280;351385200000;1.0
04391860;351730800000;1.0
04377172;351817200000;1.0
04371309;351903600000;1.0
04408943;352076400000;1.0
04373887;352335600000;1.0
04453866;352335600000;1.0
04435122;352335600000;1.0
04406663;352940400000;1.0
04411560;353286000000;1.0
04389143;353545200000;1.0
04382723;353718000000;1.0
04372712;353718000000;1.0
04405265;353718000000;1.0
04371295;353804400000;1.0
04381924;353890800000;1.0
04395166;354322800000;1.0
04411388;354409200000;1.0
04405240;354837600000;1.0
04392439;354837600000;1.0
04399757;354924000000;1.0
04451183;355010400000;1.0
04382725;355096800000;1.0
04411390;355356000000;1.0
04391561;355960800000;1.0
04417832;356047200000;1.0
04425075;356565600000;1.0
04397591;356738400000;1.0
04382724;357429600000;1.0
04388026;357429600000;1.0
04376600;358034400000;1.0
04388035;358120800000;1.0
04410106;358466400000;1.0
04427133;358466400000;1.0
04432771;358725600000;1.0
04548001;358984800000;1.0
04444229;358984800000;1.0
04457423;358984800000;1.0
04439072;359330400000;1.0
04411561;359330400000;1.0
04423988;359676000000;1.0
04481019;359676000000;1.0
04327055;359848800000;1.0
04395164;359848800000;1.0
04411674;360280800000;1.0
04459070;360280800000;1.0
04387914;360799200000;1.0
04356779;360799200000;1.0
04363571;360972000000;1.0
04451184;361144800000;1.0
04422809;361404000000;1.0
04403374;361576800000;1.0
04449644;361663200000;1.0
04412762;362268000000;1.0
04413935;362613600000;1.0
04455111;362613600000;1.0
04430028;363823200000;1.0
04413934;364428000000;1.0
04402635;364428000000;1.0
04433946;364514400000;1.0
04388871;364773600000;1.0
04372711;365292000000;1.0
04475819;365378400000;1.0
04416666;365378400000;1.0
04440543;366242400000;1.0
04363572;366588000000;1.0
04455149;366588000000;1.0
04405289;366588000000;1.0
04428703;367797600000;1.0
04400131;368056800000;1.0
04425058;368748000000;1.0
04412761;368748000000;1.0
04387852;369007200000;1.0
04415296;369266400000;1.0
04430248;369525600000;1.0
04466761;369871200000;1.0
04433947;369957600000;1.0
04575284;370044000000;1.0
04385852;370216800000;1.0
04413933;370216800000;1.0
04436456;370479600000;1.0
04564319;371430000000;1.0
04442865;372466800000;1.0
04469135;372466800000;1.0
04394259;372985200000;1.0
04615825;373244400000;1.0
04411935;373503600000;1.0
04473326;373762800000;1.0
04457648;374108400000;1.0
04456406;374713200000;1.0
04436457;374799600000;1.0
04455288;375058800000;1.0
04411389;375663600000;1.0
04444531;376009200000;1.0
04409918;376095600000;1.0
04422565;376527600000;1.0
04474511;376614000000;1.0
04473327;376700400000;1.0
04439200;377132400000;1.0
04394790;378514800000;1.0
04461601;379206000000;1.0
04437797;379897200000;1.0
04432676;379897200000;1.0
04476611;380242800000;1.0
04449863;380242800000;1.0
04470704;380329200000;1.0
04489862;380502000000;1.0
04407613;380502000000;1.0
04459071;380761200000;1.0
04465409;380934000000;1.0
04457434;381366000000;1.0
04461700;381538800000;1.0
04449861;382057200000;1.0
04491442;382230000000;1.0
04413932;382748400000;1.0
04469268;382748400000;1.0
04408886;382748400000;1.0
04544306;382834800000;1.0
04416567;382834800000;1.0
04437798;383180400000;1.0
04466759;383180400000;1.0
04455110;383180400000;1.0
04420279;383180400000;1.0
04465418;383439600000;1.0
04416568;383439600000;1.0
04407436;383439600000;1.0
04492497;384130800000;1.0
04500445;384562800000;1.0
04493548;385945200000;1.0
04381897;386200800000;1.0
04462739;386287200000;1.0
04470730;386460000000;1.0
04459069;386805600000;1.0
04668130;386805600000;1.0
04500229;387064800000;1.0
04466760;387410400000;1.0
04500228;387669600000;1.0
04470727;387669600000;1.0
04496076;387756000000;1.0
04498906;387756000000;1.0
04484852;388015200000;1.0
04507022;388101600000;1.0
04437609;388188000000;1.0
04462777;388188000000;1.0
04466073;388620000000;1.0
04417901;388792800000;1.0
04439073;388965600000;1.0
04455112;389224800000;1.0
04482275;389224800000;1.0
04432675;389224800000;1.0
04441887;389397600000;1.0
04462550;389484000000;1.0
04483646;389570400000;1.0
04465497;390434400000;1.0
04462796;390607200000;1.0
04462719;391039200000;1.0
04488838;391039200000;1.0
04773796;391298400000;1.0
04525105;391730400000;1.0
04511364;391730400000;1.0
04511291;391903200000;1.0
04462721;392248800000;1.0
04475848;392248800000;1.0
04392760;392421600000;1.0
04415338;392508000000;1.0
04486126;392594400000;1.0
04502819;392853600000;1.0
04480947;392853600000;1.0
04473328;392853600000;1.0
04465410;393026400000;1.0
04490078;393112800000;1.0
04479920;393717600000;1.0
04504182;394063200000;1.0
04493593;394149600000;1.0
04490077;394840800000;1.0
04480593;395013600000;1.0
04497345;395359200000;1.0
04482367;395532000000;1.0
04735301;395618400000;1.0
04396397;395877600000;1.0
04521139;395877600000;1.0
04453865;396050400000;1.0
04535326;396050400000;1.0
04480948;396050400000;1.0
04484843;396482400000;1.0
04466558;397087200000;1.0
04432674;397346400000;1.0
04514114;397778400000;1.0
04883390;398296800000;1.0
04502820;398296800000;1.0
04488837;398901600000;1.0
04740112;399247200000;1.0
04440528;399247200000;1.0
04526121;399506400000;1.0
04529106;399765600000;1.0
04462140;400197600000;1.0
04436528;401061600000;1.0
04505623;401061600000;1.0
04492589;401320800000;1.0
04444532;401320800000;1.0
04525107;401493600000;1.0
04477210;401580000000;1.0
04473016;401580000000;1.0
04502868;401929200000;1.0
04465016;402015600000;1.0
04465239;402015600000;1.0
04482276;402015600000;1.0
04500231;402102000000;1.0
04475924;402102000000;1.0
04594028;402188400000;1.0
04475849;402188400000;1.0
04449880;402188400000;1.0
04472062;404694000000;1.0
04500038;404953200000;1.0
04515503;405298800000;1.0
04453864;405558000000;1.0
04498819;405558000000;1.0
04766938;406162800000;1.0
04497598;406508400000;1.0
04462722;406940400000;1.0
04555254;407458800000;1.0
04463769;408150000000;1.0
04506815;408236400000;1.0
04501518;408322800000;1.0
04479362;408322800000;1.0
04502215;409186800000;1.0
04511292;409186800000;1.0
04840727;409186800000;1.0
04436458;409359600000;1.0
04506704;409791600000;1.0
04491138;411174000000;1.0
04504177;411260400000;1.0
04503786;411346800000;1.0
04501286;411865200000;1.0
04508474;411951600000;1.0
04512688;412470000000;1.0
04474327;412556400000;1.0
04518286;412902000000;1.0
04497605;413161200000;1.0
04553698;413420400000;1.0
04516888;414198000000;1.0
04508473;414716400000;1.0
04514189;414889200000;1.0
04846608;415321200000;1.0
04592679;416012400000;1.0
04501205;416098800000;1.0
04462720;416098800000;1.0
04545714;416185200000;1.0
04512687;417049200000;1.0
04529335;417135600000;1.0
04529336;418428000000;1.0
04529348;418428000000;1.0
04535801;418514400000;1.0
04478253;418600800000;1.0
04620656;418860000000;1.0
04504277;419032800000;1.0
04546902;419032800000;1.0
04526584;419032800000;1.0
04497599;419551200000;1.0
04832539;419637600000;1.0
04537224;419724000000;1.0
04536121;419810400000;1.0
04495024;420069600000;1.0
04472091;420069600000;1.0
04445809;420069600000;1.0
04611759;420156000000;1.0
04497120;420242400000;1.0
04441853;420328800000;1.0
04528848;421020000000;1.0
04496367;421020000000;1.0
04486101;421279200000;1.0
04531862;421538400000;1.0
04563635;421884000000;1.0
04525173;421970400000;1.0
04564190;422488800000;1.0
04526111;422488800000;1.0
04486100;422661600000;1.0
04533280;422748000000;1.0
04690591;422834400000;1.0
04529337;423180000000;1.0
04765377;423698400000;1.0
04519427;424389600000;1.0
04479743;424476000000;1.0
04519810;424648800000;1.0
04780028;425772000000;1.0
04494959;425772000000;1.0
04522340;425858400000;1.0
04662798;426376800000;1.0
04540120;426981600000;1.0
04560094;426981600000;1.0
04530462;427413600000;1.0
04561805;427586400000;1.0
04645514;427586400000;1.0
04552568;427672800000;1.0
04572726;427932000000;1.0
04538941;427932000000;1.0
04516887;428104800000;1.0
04468232;428104800000;1.0
04500230;428191200000;1.0
04597487;428191200000;1.0
04543017;428536800000;1.0
04462808;428796000000;1.0
04555385;430092000000;1.0
04538364;430610400000;1.0
04509862;430956000000;1.0
04550952;431128800000;1.0
04526208;431215200000;1.0
04563123;432165600000;1.0
04527346;432338400000;1.0
04561806;432770400000;1.0
04564317;433116000000;1.0
04554721;433378800000;1.0
04553882;434070000000;1.0
04517099;434329200000;1.0
04554956;434761200000;1.0
04556173;435193200000;1.0
04616960;435452400000;1.0
04605329;435884400000;1.0
04580927;436143600000;1.0
04569161;436662000000;1.0
04561807;436662000000;1.0
04506834;437007600000;1.0
04606677;437266800000;1.0
04542775;437612400000;1.0
04552489;437612400000;1.0
04557637;437785200000;1.0
04543018;437871600000;1.0
04559719;438390000000;1.0
04552573;438994800000;1.0
04591075;439081200000;1.0
04599092;439772400000;1.0
04480560;439772400000;1.0
04525106;440118000000;1.0
04826362;440377200000;1.0
04699210;440722800000;1.0
04582454;441500400000;1.0
04646759;442191600000;1.0
04664139;442710000000;1.0
04506865;442796400000;1.0
04580928;443228400000;1.0
04532860;443228400000;1.0
04540421;443919600000;1.0
04545410;444265200000;1.0
04545704;444265200000;1.0
04600129;444265200000;1.0
04548147;444351600000;1.0
04564318;444351600000;1.0
04588330;444524400000;1.0
04530290;444610800000;1.0
04548529;445474800000;1.0
04536104;445474800000;1.0
04536105;445474800000;1.0
04505716;445647600000;1.0
04534653;445734000000;1.0
04641864;445734000000;1.0
04546612;446166000000;1.0
04574705;446684400000;1.0
04597510;447030000000;1.0
04880147;447462000000;1.0
04599017;447548400000;1.0
04603810;447548400000;1.0
04562968;448498800000;1.0
04563196;448498800000;1.0
04521130;448671600000;1.0
04579482;448671600000;1.0
04557636;449100000000;1.0
04610283;449704800000;1.0
04621952;449791200000;1.0
04557638;450050400000;1.0
04568225;450655200000;1.0
04547099;450655200000;1.0
04589592;451000800000;1.0
04620577;451692000000;1.0
04597694;451864800000;1.0
04536186;452296800000;1.0
04596497;452383200000;1.0
04573504;453074400000;1.0
04583883;453420000000;1.0
04540317;453592800000;1.0
04551042;453592800000;1.0
04595319;455148000000;1.0
04561808;455148000000;1.0
04582254;455320800000;1.0
04541144;455407200000;1.0
04554941;455752800000;1.0
04609309;455752800000;1.0
04551041;455752800000;1.0
04583884;455839200000;1.0
04578002;455839200000;1.0
04553880;456357600000;1.0
04498818;456444000000;1.0
04573830;456616800000;1.0
04645035;456616800000;1.0
04586853;457567200000;1.0
04586852;457567200000;1.0
04595318;457826400000;1.0
04572712;457826400000;1.0
04610575;457826400000;1.0
04616961;457826400000;1.0
04593727;457912800000;1.0
04521268;458172000000;1.0
04587985;458258400000;1.0
04662800;458517600000;1.0
04568223;458863200000;1.0
04570552;459036000000;1.0
04552069;460591200000;1.0
04599015;460936800000;1.0
04707162;460936800000;1.0
04624369;461282400000;1.0
04583885;461368800000;1.0
04618295;462146400000;1.0
04521165;462751200000;1.0
04702747;464392800000;1.0
04704134;464392800000;1.0
04660772;464997600000;1.0
04738748;465084000000;1.0
04622918;465170400000;1.0
04583487;466988400000;1.0
04620997;467074800000;1.0
04637760;467247600000;1.0
04619562;467420400000;1.0
04637418;467506800000;1.0
04576097;468198000000;1.0
04615649;468457200000;1.0
04593630;469148400000;1.0
04607987;470271600000;1.0
04613259;470444400000;1.0
04593722;470962800000;1.0
04685842;470962800000;1.0
04830547;471222000000;1.0
04573800;471481200000;1.0
04599249;471654000000;1.0
04621953;471826800000;1.0
04655943;471826800000;1.0
04933072;472086000000;1.0
04660271;472172400000;1.0
04630975;472172400000;1.0
04646943;472345200000;1.0
04560307;472345200000;1.0
04609134;473641200000;1.0
04552490;473900400000;1.0
04595317;474159600000;1.0
04681484;474678000000;1.0
04610574;474764400000;1.0
04576526;474850800000;1.0
04564371;475282800000;1.0
04693394;475369200000;1.0
04714505;476060400000;1.0
04618294;476060400000;1.0
04640219;476406000000;1.0
04618293;476406000000;1.0
04677917;477183600000;1.0
04661243;477788400000;1.0
04615647;477788400000;1.0
04676742;478134000000;1.0
04560032;478134000000;1.0
04668131;478134000000;1.0
04701080;478738800000;1.0
04659262;478738800000;1.0
04687381;480639600000;1.0
04681676;480812400000;1.0
04642223;481240800000;1.0
04601617;481932000000;1.0
04605342;481932000000;1.0
04646941;482364000000;1.0
04563112;482364000000;1.0
04678377;482709600000;1.0
04579320;482968800000;1.0
04701185;483314400000;1.0
04706697;483314400000;1.0
04655647;483919200000;1.0
04600603;484437600000;1.0
04634451;484524000000;1.0
04662799;485128800000;1.0
04587002;485474400000;1.0
04808042;485560800000;1.0
04661024;486079200000;1.0
04674922;486338400000;1.0
04666347;486770400000;1.0
04586854;487375200000;1.0
04669921;487807200000;1.0
04582455;487893600000;1.0
04648779;488412000000;1.0
04653964;488671200000;1.0
04732512;488757600000;1.0
04638945;489708000000;1.0
04666726;489794400000;1.0
04599016;489967200000;1.0
04573849;490485600000;1.0
04695207;490485600000;1.0
04661025;491004000000;1.0
04968188;491004000000;1.0
04657444;491004000000;1.0
04685840;491781600000;1.0
04697962;491781600000;1.0
04646910;492040800000;1.0
04642944;492127200000;1.0
04678119;492645600000;1.0
04619561;493336800000;1.0
04586443;493423200000;1.0
04648754;494028000000;1.0
04721420;494546400000;1.0
04753296;496274400000;1.0
04662543;496274400000;1.0
04661046;496533600000;1.0
04769127;496882800000;1.0
04659293;497228400000;1.0
04715749;497660400000;1.0
04758117;498351600000;1.0
04711607;498783600000;1.0
04679704;499302000000;1.0
04696608;499302000000;1.0
04692628;499474800000;1.0
04710066;499647600000;1.0
04692169;500598000000;1.0
04684295;500684400000;1.0
04660959;500770800000;1.0
04627156;501202800000;1.0
04701981;501289200000;1.0
04685843;501721200000;1.0
04705220;501721200000;1.0
04738770;501721200000;1.0
04710098;501894000000;1.0
04670954;501894000000;1.0
04685476;503017200000;1.0
04669922;503535600000;1.0
04655677;503535600000;1.0
04705432;503794800000;1.0
04682915;503794800000;1.0
04695205;503881200000;1.0
04703868;504140400000;1.0
04812085;504745200000;1.0
04665956;505004400000;1.0
04807814;505090800000;1.0
04789569;505090800000;1.0
04692068;505522800000;1.0
04637473;506214000000;1.0
04699548;506646000000;1.0
04659263;506646000000;1.0
04671708;506732400000;1.0
04653963;507250800000;1.0
04696179;508028400000;1.0
04687079;508633200000;1.0
04661026;508719600000;1.0
04708534;509065200000;1.0
04653777;509238000000;1.0
04759775;509324400000;1.0
04688588;509583600000;1.0
04676826;509583600000;1.0
04715722;509583600000;1.0
04767243;509756400000;1.0
04963065;511138800000;1.0
04824295;511570800000;1.0
04685841;512002800000;1.0
04666346;512002800000;1.0
04917546;512175600000;1.0
04694740;512262000000;1.0
04676402;512949600000;1.0
04710067;513381600000;1.0
04684155;513554400000;1.0
04735731;513813600000;1.0
04695206;513813600000;1.0
04704851;514504800000;1.0
04696432;514764000000;1.0
04812086;515887200000;1.0
04764058;515973600000;1.0
04705433;515973600000;1.0
04730955;516319200000;1.0
04664160;516405600000;1.0
04781494;516578400000;1.0
04753353;517528800000;1.0
04765780;517615200000;1.0
04765781;517701600000;1.0
04764057;517788000000;1.0
04666462;517788000000;1.0
04756646;518220000000;1.0
04726715;518652000000;1.0
04721419;518652000000;1.0
04689173;518738400000;1.0
04784755;518738400000;1.0
04687408;518824800000;1.0
04673080;518911200000;1.0
04715750;519516000000;1.0
04806056;521071200000;1.0
04753565;521071200000;1.0
04704054;521071200000;1.0
04790708;521935200000;1.0
04798516;522021600000;1.0
04826361;522280800000;1.0
04747814;522453600000;1.0
04722276;523231200000;1.0
04702182;523576800000;1.0
04799830;523749600000;1.0
04926217;524095200000;1.0
04747524;524354400000;1.0
04803034;524872800000;1.0
04797038;524872800000;1.0
04862649;525564000000;1.0
04884924;525650400000;1.0
04732513;525650400000;1.0
04687382;526255200000;1.0
04740114;526255200000;1.0
04746250;526600800000;1.0
04743143;526860000000;1.0
04710068;527119200000;1.0
04738569;527205600000;1.0
04749313;527292000000;1.0
04728250;527378400000;1.0
04699068;527724000000;1.0
04730957;527724000000;1.0
04740113;527810400000;1.0
04671707;527896800000;1.0
04723387;528937200000;1.0
04729513;529282800000;1.0
04818152;529628400000;1.0
04784533;529628400000;1.0
04787783;529714800000;1.0
04773797;529887600000;1.0
04684296;530492400000;1.0
04738289;531097200000;1.0
04693189;531356400000;1.0
04702664;531442800000;1.0
04793744;531442800000;1.0
04676699;531529200000;1.0
04773960;531615600000;1.0
04744701;531702000000;1.0
04758119;532134000000;1.0
04735241;532566000000;1.0
04840253;532652400000;1.0
04702181;533170800000;1.0
04805626;533343600000;1.0
04776731;533343600000;1.0
04733619;533775600000;1.0
04770565;533948400000;1.0
04722641;533948400000;1.0
04730956;534034800000;1.0
04770344;534380400000;1.0
04780027;534553200000;1.0
04878785;534553200000;1.0
04764056;535330800000;1.0
04848940;536194800000;1.0
04820086;536886000000;1.0
04744702;537404400000;1.0
04834590;537490800000;1.0
04762684;537490800000;1.0
04717289;537750000000;1.0
04955989;538354800000;1.0
04708535;538700400000;1.0
04773522;538700400000;1.0
04758118;538959600000;1.0
04834589;539478000000;1.0
04741196;539823600000;1.0
04917544;539996400000;1.0
04775267;540082800000;1.0
04738608;540169200000;1.0
04769873;541119600000;1.0
04768684;541119600000;1.0
04826360;541206000000;1.0
04765779;541292400000;1.0
04808043;541638000000;1.0
04738287;541724400000;1.0
04790692;541810800000;1.0
04734110;541897200000;1.0
04732113;542242800000;1.0
04724035;542329200000;1.0
04813817;542588400000;1.0
04860687;542847600000;1.0
04720215;542847600000;1.0
04747731;542934000000;1.0
04789272;542934000000;1.0
04821495;543452400000;1.0
04917545;543798000000;1.0
04817540;544226400000;1.0
04872786;544658400000;1.0
04715748;544658400000;1.0
04718796;544744800000;1.0
04749312;544917600000;1.0
04776730;544917600000;1.0
04779765;545263200000;1.0
04928739;545349600000;1.0
04770566;545436000000;1.0
04815414;545868000000;1.0
04834004;546645600000;1.0
04793743;546645600000;1.0
04784561;546732000000;1.0
04832537;546818400000;1.0
04762148;546818400000;1.0
04846377;547077600000;1.0
04718795;548287200000;1.0
04852994;548632800000;1.0
04801044;549064800000;1.0
04834587;549151200000;1.0
04747732;549669600000;1.0
04809602;550101600000;1.0
04822214;550447200000;1.0
04834586;551052000000;1.0
04874130;551397600000;1.0
04850703;551484000000;1.0
04823989;551570400000;1.0
04799831;551916000000;1.0
04863316;552088800000;1.0
04865492;552088800000;1.0
04863317;552175200000;1.0
04834544;552520800000;1.0
04824294;552780000000;1.0
04842449;553125600000;1.0
04863076;553125600000;1.0
04748817;553125600000;1.0
04844340;553816800000;1.0
04823396;553816800000;1.0
04793529;553903200000;1.0
04846605;555717600000;1.0
04887936;555717600000;1.0
04913597;555717600000;1.0
04743936;555890400000;1.0
04827967;556322400000;1.0
04813818;556840800000;1.0
04828434;557359200000;1.0
04844665;557704800000;1.0
04768090;558050400000;1.0
04756647;558050400000;1.0
04836039;558223200000;1.0
04850750;558741600000;1.0
05002229;558828000000;1.0
04844663;558914400000;1.0
04830545;558914400000;1.0
05127772;558914400000;1.0
04834588;558914400000;1.0
04877419;558914400000;1.0
04869622;558914400000;1.0
04792235;559173600000;1.0
04792263;559173600000;1.0
04844664;559173600000;1.0
04909556;559260000000;1.0
04848974;559519200000;1.0
04802796;559868400000;1.0
04881862;559954800000;1.0
04881856;560386800000;1.0
04793742;560386800000;1.0
04830287;560473200000;1.0
04762668;560732400000;1.0
04871284;561078000000;1.0
04848975;561078000000;1.0
04787782;561078000000;1.0
04756427;561164400000;1.0
04856941;561682800000;1.0
04904128;561682800000;1.0
04859316;562287600000;1.0
04838738;562374000000;1.0
04829626;563410800000;1.0
04850751;564793200000;1.0
04884925;565570800000;1.0
04832538;565916400000;1.0
04816682;566694000000;1.0
04850749;566780400000;1.0
04820052;567212400000;1.0
04860928;567298800000;1.0
04878784;567644400000;1.0
04830546;567817200000;1.0
04829724;568854000000;1.0
04843969;568940400000;1.0
04851110;569026800000;1.0
04770611;569113200000;1.0
04960350;569199600000;1.0
04859120;569199600000;1.0
04872785;569804400000;1.0
04883362;570236400000;1.0
04843983;570754800000;1.0
04850752;570754800000;1.0
04828435;570754800000;1.0
04904574;571618800000;1.0
04874273;571964400000;1.0
04830043;572482800000;1.0
04915547;572655600000;1.0
04880148;572828400000;1.0
04801210;574297200000;1.0
04927582;574556400000;1.0
04854783;574556400000;1.0
04886401;576712800000;1.0
04939816;576885600000;1.0
04993882;577317600000;1.0
04995765;577317600000;1.0
04884923;577490400000;1.0
04838071;578181600000;1.0
04940368;578181600000;1.0
04909676;578181600000;1.0
04881397;578527200000;1.0
04861200;578700000000;1.0
04872598;579218400000;1.0
04889139;579736800000;1.0
04902173;580082400000;1.0
04903419;580428000000;1.0
04932594;580428000000;1.0
04936715;581205600000;1.0
04848941;581551200000;1.0
04887400;581896800000;1.0
05002615;582156000000;1.0
04904127;582760800000;1.0
05129766;582847200000;1.0
05106240;582847200000;1.0
04943190;582847200000;1.0
04934876;582847200000;1.0
04900200;582933600000;1.0
04927298;583020000000;1.0
04860959;583020000000;1.0
04838169;583020000000;1.0
04893966;583538400000;1.0
04941778;583711200000;1.0
04901503;584575200000;1.0
04867615;585266400000;1.0
04911340;585352800000;1.0
04983189;585784800000;1.0
04853112;585784800000;1.0
04940367;586648800000;1.0
04881855;587080800000;1.0
04953135;587772000000;1.0
04836250;588376800000;1.0
04863104;588376800000;1.0
04892123;588463200000;1.0
05000624;589068000000;1.0
05083710;589500000000;1.0
04913598;589500000000;1.0
04919303;589586400000;1.0
04944636;589586400000;1.0
04896968;590104800000;1.0
04936153;590623200000;1.0
04944635;590968800000;1.0
04946317;591404400000;1.0
04932513;591922800000;1.0
04859121;592527600000;1.0
04865491;592527600000;1.0
04890960;592527600000;1.0
04930942;592527600000;1.0
04930691;592527600000;1.0
04990034;592614000000;1.0
04883406;592786800000;1.0
04963392;593391600000;1.0
04900345;593391600000;1.0
04900199;593391600000;1.0
04993881;593391600000;1.0
04947903;593391600000;1.0
04934281;593910000000;1.0
04970830;594342000000;1.0
04948303;594428400000;1.0
04906144;594601200000;1.0
04938636;595465200000;1.0
04941777;595638000000;1.0
05037244;595810800000;1.0
04930941;596070000000;1.0
04990033;596156400000;1.0
04974646;596242800000;1.0
04940535;596674800000;1.0
04903901;596674800000;1.0
04971482;597020400000;1.0
04988240;597279600000;1.0
04953749;597279600000;1.0
04930943;597279600000;1.0
05098230;598230000000;1.0
05030037;598489200000;1.0
04934569;598489200000;1.0
04885012;600994800000;1.0
04930944;601513200000;1.0
04934875;601599600000;1.0
04875811;601686000000;1.0
05017053;601686000000;1.0
04989763;601772400000;1.0
05053203;601772400000;1.0
04893656;602118000000;1.0
04946322;602377200000;1.0
04948302;602463600000;1.0
04934877;602722800000;1.0
04997681;602895600000;1.0
04953792;603068400000;1.0
04971481;603068400000;1.0
04938848;603327600000;1.0
05018440;603414000000;1.0
04974998;604018800000;1.0
04875574;604278000000;1.0
04904126;604278000000;1.0
05022793;604537200000;1.0
04976356;604623600000;1.0
04889452;604623600000;1.0
04947802;604710000000;1.0
04954020;605746800000;1.0
04875810;606351600000;1.0
05006018;606610800000;1.0
05074342;607557600000;1.0
04945956;607557600000;1.0
05015126;607816800000;1.0
04941295;608335200000;1.0
04909273;608421600000;1.0
04948013;608508000000;1.0
04993886;609112800000;1.0
04955761;609372000000;1.0
04984939;609976800000;1.0
04898208;610236000000;1.0
05098667;610322400000;1.0
04952100;611359200000;1.0
04941779;611445600000;1.0
05024561;612050400000;1.0
04964575;612482400000;1.0
05028174;612568800000;1.0
04978253;612741600000;1.0
05039017;612741600000;1.0
04993885;613000800000;1.0
04973203;613000800000;1.0
04978252;613173600000;1.0
04884723;613173600000;1.0
04911824;613173600000;1.0
04978251;613260000000;1.0
04938637;613346400000;1.0
05000358;613605600000;1.0
04989784;613692000000;1.0
04955762;613778400000;1.0
04976288;614469600000;1.0
04995427;614469600000;1.0
05030054;614556000000;1.0
05009551;614815200000;1.0
05006019;615074400000;1.0
04973202;615592800000;1.0
04993887;615679200000;1.0
05035543;616024800000;1.0
04936870;616284000000;1.0
04936716;616716000000;1.0
04964502;617925600000;1.0
04945661;618444000000;1.0
04944637;619048800000;1.0
05017052;619135200000;1.0
05209607;619912800000;1.0
04952099;620258400000;1.0
05009550;620431200000;1.0
04997318;620517600000;1.0
05000623;620949600000;1.0
04917143;621122400000;1.0
05044837;621727200000;1.0
04974277;621727200000;1.0
04946338;622072800000;1.0
05033914;623026800000;1.0
05149229;623372400000;1.0
05203485;623977200000;1.0
04936031;624150000000;1.0
04976755;624754800000;1.0
05078548;625100400000;1.0
05173007;625100400000;1.0
05071290;625446000000;1.0
05020689;625446000000;1.0
05033915;625446000000;1.0
05038975;625446000000;1.0
04995966;626050800000;1.0
05039258;626482800000;1.0
05156102;627174000000;1.0
04940131;627174000000;1.0
05037246;627519600000;1.0
04975100;627606000000;1.0
04975000;627692400000;1.0
04974999;627692400000;1.0
04996538;628210800000;1.0
05037247;628297200000;1.0
05040929;628383600000;1.0
05069243;628383600000;1.0
05154545;628470000000;1.0
04944347;628729200000;1.0
04986456;628815600000;1.0
05022794;628988400000;1.0
05011339;628988400000;1.0
05005612;629593200000;1.0
05020943;629938800000;1.0
05017054;630198000000;1.0
05028009;630284400000;1.0
05071289;630716400000;1.0
05056962;630716400000;1.0
04998845;630889200000;1.0
05025158;631494000000;1.0
04993883;632444400000;1.0
05029835;633135600000;1.0
05015127;633222000000;1.0
05028173;633740400000;1.0
05004377;633826800000;1.0
05107981;633913200000;1.0
04998850;634518000000;1.0
04993884;634777200000;1.0
04992006;634950000000;1.0
05065858;635122800000;1.0
04995645;635468400000;1.0
05018910;635986800000;1.0
05076737;636073200000;1.0
05037245;636332400000;1.0
04988239;636591600000;1.0
05044836;636937200000;1.0
05049007;637196400000;1.0
05009552;637196400000;1.0
05042209;637196400000;1.0
05048761;637369200000;1.0
04984610;637455600000;1.0
05191961;638146800000;1.0
05163787;638920800000;1.0
05076501;639352800000;1.0
05094403;639352800000;1.0
05049008;639784800000;1.0
05062741;639871200000;1.0
05002084;639871200000;1.0
05018909;639957600000;1.0
05042178;639957600000;1.0
05042169;640389600000;1.0
05061145;640476000000;1.0
05100264;640476000000;1.0
05024466;640821600000;1.0
05132917;640821600000;1.0
05080534;640821600000;1.0
05087155;640994400000;1.0
05067857;641167200000;1.0
05108513;641685600000;1.0
05120165;641685600000;1.0
05051040;641772000000;1.0
05044872;642117600000;1.0
05027835;642376800000;1.0
05143697;642808800000;1.0
05296015;642981600000;1.0
05145253;643240800000;1.0
05110393;644450400000;1.0
05143485;645055200000;1.0
05067856;645055200000;1.0
05114281;645919200000;1.0
05035317;646264800000;1.0
05078579;646351200000;1.0
05104230;646610400000;1.0
05139370;646869600000;1.0
05225089;646956000000;1.0
05125583;647474400000;1.0
05007772;647560800000;1.0
05108233;648079200000;1.0
05096096;648079200000;1.0
05078549;648338400000;1.0
05083704;649893600000;1.0
05106241;650584800000;1.0
05074718;651880800000;1.0
05114280;651880800000;1.0
05100266;651880800000;1.0
05114078;652053600000;1.0
05090900;652399200000;1.0
05069582;652399200000;1.0
05078776;652485600000;1.0
05106238;652485600000;1.0
05118226;652917600000;1.0
05054965;652917600000;1.0
05209387;653781600000;1.0
05096337;653868000000;1.0
05103879;654386400000;1.0
05052445;654386400000;1.0
05020858;654472800000;1.0
05073259;654735600000;1.0
05082148;655426800000;1.0
05156500;655513200000;1.0
05042237;655513200000;1.0
05147152;656118000000;1.0
05064315;656636400000;1.0
05069583;656895600000;1.0
05119993;657154800000;1.0
05150990;657327600000;1.0
05102118;657414000000;1.0
05083391;657846000000;1.0
05145293;657932400000;1.0
05092714;658710000000;1.0
05064314;658969200000;1.0
05131792;659919600000;1.0
05096336;659919600000;1.0
05160222;659919600000;1.0
05118224;661042800000;1.0
05180257;661129200000;1.0
05106239;661129200000;1.0
05090330;662166000000;1.0
05165826;663375600000;1.0
05091082;663375600000;1.0
05051041;663548400000;1.0
05092526;663894000000;1.0
05193942;663980400000;1.0
05122016;664066800000;1.0
05060984;664498800000;1.0
05100265;664498800000;1.0
05150991;664671600000;1.0
05103981;664671600000;1.0
05147153;664758000000;1.0
05212891;664758000000;1.0
05127773;665017200000;1.0
05150822;665190000000;1.0
05190082;666918000000;1.0
05117533;666918000000;1.0
05178496;667522800000;1.0
05143486;667782000000;1.0
05145292;668041200000;1.0
05088860;668386800000;1.0
05054966;668646000000;1.0
05199767;668732400000;1.0
05184730;668905200000;1.0
05110366;669337200000;1.0
05156499;669337200000;1.0
05156498;670543200000;1.0
05188296;670543200000;1.0
05215228;670802400000;1.0
05147154;671061600000;1.0
05205677;671407200000;1.0
05163667;671752800000;1.0
05125771;671839200000;1.0
05178196;671925600000;1.0
05143256;672271200000;1.0
05098229;672962400000;1.0
05299890;672962400000;1.0
05133636;672962400000;1.0
05147155;673135200000;1.0
05167472;673221600000;1.0
05177888;674172000000;1.0
05143521;674258400000;1.0
05242059;675554400000;1.0
05215222;676591200000;1.0
05140759;676850400000;1.0
05222840;677455200000;1.0
05209170;677800800000;1.0
05118225;677887200000;1.0
05127439;678664800000;1.0
05163786;678751200000;1.0
05354152;678924000000;1.0
05176475;679615200000;1.0
05223199;679615200000;1.0
05147030;680392800000;1.0
05147156;680738400000;1.0
05205991;680824800000;1.0
05129167;680824800000;1.0
05139175;681084000000;1.0
05246189;681084000000;1.0
05129459;681343200000;1.0
05161919;681429600000;1.0
05213271;681688800000;1.0
05209609;682034400000;1.0
05275440;682207200000;1.0
05255830;682293600000;1.0
05170949;682293600000;1.0
05224243;682293600000;1.0
05232314;682639200000;1.0
05191966;683330400000;1.0
05190415;683848800000;1.0
05129765;684367200000;1.0
05195850;684367200000;1.0
05188264;684367200000;1.0
05190416;684626400000;1.0
05282573;684972000000;1.0
05205019;685058400000;1.0
05217329;685144800000;1.0
05217328;685144800000;1.0
05192170;685144800000;1.0
05234292;685144800000;1.0
05181807;685663200000;1.0
05226213;685663200000;1.0
05199245;686271600000;1.0
05226567;686444400000;1.0
05197162;686790000000;1.0
05284388;686962800000;1.0
05215412;687135600000;1.0
05248222;687481200000;1.0
05155976;687567600000;1.0
05209608;687740400000;1.0
05172497;688345200000;1.0
05169267;689209200000;1.0
05269636;689900400000;1.0
05195851;689900400000;1.0
05211514;689986800000;1.0
05288024;690073200000;1.0
05167471;690418800000;1.0
05195852;690418800000;1.0
05181804;691196400000;1.0
05174689;692233200000;1.0
05213450;692578800000;1.0
05210935;693183600000;1.0
05226758;693442800000;1.0
05284405;693788400000;1.0
05174320;694393200000;1.0
05213451;694911600000;1.0
05332337;695343600000;1.0
05248227;696812400000;1.0
05181805;697071600000;1.0
05181806;697071600000;1.0
05226759;697158000000;1.0
05211513;698022000000;1.0
05199826;698022000000;1.0
05316179;698540400000;1.0
05190140;699145200000;1.0
05186166;699663600000;1.0
05258137;700095600000;1.0
05269461;700441200000;1.0
05205489;701046000000;1.0
05360297;701478000000;1.0
05252008;701650800000;1.0
05309703;701906400000;1.0
05288111;702511200000;1.0
05294218;702770400000;1.0
05287586;702770400000;1.0
05207536;703116000000;1.0
05273584;703202400000;1.0
05269635;703288800000;1.0
05236285;703288800000;1.0
05236286;703288800000;1.0
05429575;703893600000;1.0
05201877;704066400000;1.0
05247722;704066400000;1.0
05355962;704066400000;1.0
05228168;704412000000;1.0
05248228;704584800000;1.0
05269638;704930400000;1.0
05252007;704930400000;1.0
05215221;705189600000;1.0
05277492;705276000000;1.0
05186110;705535200000;1.0
05188486;705621600000;1.0
05244317;705880800000;1.0
05269463;706485600000;1.0
05269637;706485600000;1.0
05240355;706485600000;1.0
05238332;706917600000;1.0
05265983;707436000000;1.0
05224802;707608800000;1.0
05294217;708213600000;1.0
05323939;708213600000;1.0
05215261;708645600000;1.0
05192450;708732000000;1.0
05232315;708732000000;1.0
05238154;708818400000;1.0
05322074;709941600000;1.0
05324142;710373600000;1.0
05285735;711064800000;1.0
05304017;711237600000;1.0
05238333;711842400000;1.0
05312231;712879200000;1.0
05388704;714607200000;1.0
05307998;715384800000;1.0
05236287;715471200000;1.0
05246314;715903200000;1.0
05469994;715989600000;1.0
05403128;716421600000;1.0
05326194;717199200000;1.0
05340241;717721200000;1.0
05299891;717894000000;1.0
05271427;719449200000;1.0
05246097;719622000000;1.0
05226775;719708400000;1.0
05301534;720140400000;1.0
05222529;720399600000;1.0
05226757;720831600000;1.0
05299888;720918000000;1.0
05242250;721263600000;1.0
05238400;722041200000;1.0
05356280;722559600000;1.0
05318408;722646000000;1.0
05519420;724892400000;1.0
05320457;725583600000;1.0
05299889;725583600000;1.0
05265984;725583600000;1.0
05323819;726361200000;1.0
05372277;726793200000;1.0
05328301;727398000000;1.0
05271695;727570800000;1.0
05505566;727657200000;1.0
05433559;727657200000;1.0
05427491;728002800000;1.0
05324143;728175600000;1.0
05335828;728866800000;1.0
05273562;729471600000;1.0
05375730;730681200000;1.0
05378089;730940400000;1.0
05329660;731113200000;1.0
05443162;732409200000;1.0
05304027;732841200000;1.0
05326009;733100400000;1.0
05407139;733356000000;1.0
05386857;733442400000;1.0
05387058;733528800000;1.0
05494381;734047200000;1.0
05379706;734133600000;1.0
05417524;734565600000;1.0
05350260;734652000000;1.0
05310291;734738400000;1.0
05473114;734738400000;1.0
05363778;734824800000;1.0
05346101;735170400000;1.0
05353967;735256800000;1.0
05356243;735343200000;1.0
05567090;735429600000;1.0
05374141;736034400000;1.0
05407305;736034400000;1.0
05314094;736034400000;1.0
05364208;736380000000;1.0
05357688;736466400000;1.0
05437521;737244000000;1.0
05464310;737848800000;1.0
05286451;737935200000;1.0
05356577;737935200000;1.0
05487229;738540000000;1.0
05368417;738540000000;1.0
05341856;739749600000;1.0
05788425;740700000000;1.0
05478173;740872800000;1.0
05421678;741218400000;1.0
05738467;741218400000;1.0
05337795;741304800000;1.0
05551553;741909600000;1.0
05322393;742600800000;1.0
05470191;742600800000;1.0
05447394;743032800000;1.0
05386900;746229600000;1.0
05402876;746748000000;1.0
05381886;746748000000;1.0
05456556;746920800000;1.0
05538286;747352800000;1.0
05568755;748044000000;1.0
05381779;748130400000;1.0
05518344;748735200000;1.0
05467923;748735200000;1.0
05474111;751244400000;1.0
05466096;752108400000;1.0
05477953;752713200000;1.0
05345969;753318000000;1.0
05397062;753404400000;1.0
05390827;753663600000;1.0
05429156;754009200000;1.0
05484237;755478000000;1.0
05567919;756514800000;1.0
05474401;757033200000;1.0
05390501;758329200000;1.0
05350257;758329200000;1.0
05489166;758415600000;1.0
05573356;758502000000;1.0
05478174;758502000000;1.0
05582493;758847600000;1.0
05564868;759106800000;1.0
05385434;760057200000;1.0
05478172;761266800000;1.0
05487624;761526000000;1.0
05465822;761871600000;1.0
05538365;761871600000;1.0
05542789;761871600000;1.0
05516239;761871600000;1.0
05522555;762476400000;1.0
05562369;762994800000;1.0
05806397;763081200000;1.0
05524768;763686000000;1.0
05547331;763772400000;1.0
05487228;763772400000;1.0
05558474;764805600000;1.0
05382117;764805600000;1.0
05433924;765064800000;1.0
05421148;765151200000;1.0
05829649;765496800000;1.0
05503505;766188000000;1.0
05525015;766274400000;1.0
05472023;766706400000;1.0
06221318;766792800000;1.0
05378047;766792800000;1.0
05392722;767484000000;1.0
05501552;767570400000;1.0
05392996;767829600000;1.0
05556238;768175200000;1.0
05429278;768434400000;1.0
05562368;769125600000;1.0
05405219;769212000000;1.0
05511730;769212000000;1.0
05518545;769298400000;1.0
05542612;769298400000;1.0
05505567;769644000000;1.0
05615701;769730400000;1.0
05538162;769816800000;1.0
05458264;769903200000;1.0
05622457;770508000000;1.0
05442836;771026400000;1.0
05501553;771112800000;1.0
05535791;771199200000;1.0
05564630;771544800000;1.0
05462351;772063200000;1.0
05544983;772927200000;1.0
05507601;772927200000;1.0
05515795;773618400000;1.0
05549421;773964000000;1.0
05622458;774136800000;1.0
05505584;774741600000;1.0
05697488;775000800000;1.0
05702209;775173600000;1.0
05431410;775692000000;1.0
05536118;775778400000;1.0
05558473;776901600000;1.0
05611647;777074400000;1.0
05492453;777074400000;1.0
05490745;777506400000;1.0
05491913;777592800000;1.0
05575595;777765600000;1.0
05590984;777765600000;1.0
05540521;777765600000;1.0
05553980;777852000000;1.0
05564441;778456800000;1.0
05562591;778888800000;1.0
05769573;779407200000;1.0
05645381;779407200000;1.0
05562367;780271200000;1.0
05558472;781398000000;1.0
05615987;781398000000;1.0
05556237;781484400000;1.0
05507602;782089200000;1.0
05503198;782089200000;1.0
05451125;782694000000;1.0
06024304;782953200000;1.0
05540257;782953200000;1.0
05443333;783298800000;1.0
05584612;783730800000;1.0
05499898;783903600000;1.0
05478193;783903600000;1.0
05634744;783990000000;1.0
05538366;784767600000;1.0
05681132;784940400000;1.0
05540253;784940400000;1.0
05752788;786150000000;1.0
05573048;786582000000;1.0
05655853;787359600000;1.0
05468299;789606000000;1.0
05697116;790470000000;1.0
05669741;790556400000;1.0
05570812;790902000000;1.0
05531484;791420400000;1.0
05660506;791766000000;1.0
05529222;792975600000;1.0
05542790;793494000000;1.0
05575225;793839600000;1.0
05615832;794185200000;1.0
05667342;794530800000;1.0
05518529;795049200000;1.0
05570977;795049200000;1.0
05641250;795135600000;1.0
05522328;795222000000;1.0
05598647;795308400000;1.0
05518343;795999600000;1.0
05575596;795999600000;1.0
05678971;796172400000;1.0
05707198;797119200000;1.0
05549422;797205600000;1.0
05630547;798328800000;1.0
05593252;798674400000;1.0
05567091;799365600000;1.0
05480268;799970400000;1.0
05695070;800143200000;1.0
05863155;800834400000;1.0
05553599;801180000000;1.0
05593059;801871200000;1.0
05702655;802044000000;1.0
05562366;802389600000;1.0
05549423;802389600000;1.0
05556236;802476000000;1.0
05615980;802562400000;1.0
05722802;802648800000;1.0
05590916;803512800000;1.0
05588787;803772000000;1.0
05636947;804895200000;1.0
05497987;805932000000;1.0
05641339;806796000000;1.0
05647697;806796000000;1.0
05618136;807487200000;1.0
05647696;808696800000;1.0
05636946;809906400000;1.0
05651643;809992800000;1.0
05539958;810943200000;1.0
05568884;810943200000;1.0
05714043;811029600000;1.0
05871619;811029600000;1.0
05636710;811116000000;1.0
05967704;811720800000;1.0
05795388;812156400000;1.0
05529247;812156400000;1.0
05580193;812156400000;1.0
05678959;812329200000;1.0
05613510;813279600000;1.0
05660215;814748400000;1.0
05718539;816217200000;1.0
05836722;816908400000;1.0
05645379;816994800000;1.0
05636921;817686000000;1.0
05671869;818031600000;1.0
05634713;818118000000;1.0
05725124;818722800000;1.0
05711640;819241200000;1.0
05722801;819500400000;1.0
05709507;819586800000;1.0
05656305;819673200000;1.0
05645380;819759600000;1.0
05584615;820018800000;1.0
05634636;821314800000;1.0
05718461;821746800000;1.0
05657704;822351600000;1.0
05611648;822610800000;1.0
05706931;824857200000;1.0
05655677;824943600000;1.0
05642977;825375600000;1.0
05584614;825462000000;1.0
05704733;825634800000;1.0
05775851;825634800000;1.0
05727909;826066800000;1.0
05718017;826239600000;1.0
05669740;826671600000;1.0
05676494;826758000000;1.0
05695302;826844400000;1.0
05775852;826844400000;1.0
05584613;827449200000;1.0
05735644;827708400000;1.0
05741093;829519200000;1.0
05901966;829519200000;1.0
05647514;829951200000;1.0
05630680;830124000000;1.0
05725332;830728800000;1.0
05725160;830728800000;1.0
05700112;830815200000;1.0
05690450;830815200000;1.0
05819373;831333600000;1.0
05864485;832543200000;1.0
05651483;832888800000;1.0
05630679;832888800000;1.0
05749684;833752800000;1.0
05785464;833839200000;1.0
05709506;834098400000;1.0
05813801;835912800000;1.0
05813061;836517600000;1.0
05803673;836949600000;1.0
05765728;836949600000;1.0
05639188;837208800000;1.0
05795108;837468000000;1.0
05779398;837986400000;1.0
05718176;838591200000;1.0
05906858;839368800000;1.0
05908032;839541600000;1.0
05846031;840060000000;1.0
05853108;840146400000;1.0
05628588;840232800000;1.0
05595461;840405600000;1.0
05836721;841356000000;1.0
05765491;841874400000;1.0
05788163;842306400000;1.0
05749682;842306400000;1.0
06015246;842392800000;1.0
05810475;842824800000;1.0
05791829;842824800000;1.0
05765971;843516000000;1.0
05800578;843688800000;1.0
05758992;844034400000;1.0
05749683;844034400000;1.0
05882372;844207200000;1.0
05727908;844207200000;1.0
05720306;844380000000;1.0
05839669;844639200000;1.0
05904303;844725600000;1.0
05833287;844898400000;1.0
05685640;844984800000;1.0
05882149;845330400000;1.0
05842818;845330400000;1.0
05855456;845416800000;1.0
05919377;846716400000;1.0
06000995;847234800000;1.0
05791073;847753200000;1.0
05810902;848530800000;1.0
06036408;848876400000;1.0
05638940;848962800000;1.0
06260734;850431600000;1.0
05769572;850777200000;1.0
05931609;850777200000;1.0
05769571;851295600000;1.0
05934205;851295600000;1.0
05846275;851986800000;1.0
05955037;851986800000;1.0
05924823;852505200000;1.0
05853266;853455600000;1.0
05927908;854406000000;1.0
05993117;854406000000;1.0
06062773;854665200000;1.0
05810516;854665200000;1.0
05947647;854665200000;1.0
06033156;856220400000;1.0
05915887;856306800000;1.0
06068025;856479600000;1.0
06079547;856825200000;1.0
05947646;856825200000;1.0
05769286;858121200000;1.0
05741094;858812400000;1.0
06010280;859158000000;1.0
05865568;859417200000;1.0
06000884;859417200000;1.0
05820306;859845600000;1.0
05868528;859845600000;1.0
06012875;859932000000;1.0
06050750;860623200000;1.0
05738022;860709600000;1.0
05791830;863042400000;1.0
06012876;863388000000;1.0
05935283;863733600000;1.0
05931610;863992800000;1.0
05851493;864252000000;1.0
05713494;864684000000;1.0
06079911;864943200000;1.0
05829134;865461600000;1.0
05871308;865807200000;1.0
05984590;865807200000;1.0
05931611;865980000000;1.0
05951211;866412000000;1.0
06058567;866498400000;1.0
05839721;867103200000;1.0
05992772;867189600000;1.0
05888027;867189600000;1.0
06145247;867362400000;1.0
06123486;867362400000;1.0
06088968;867621600000;1.0
05944455;868312800000;1.0
05873680;869781600000;1.0
05918764;870040800000;1.0
06089794;870991200000;1.0
05997220;871250400000;1.0
05871027;871855200000;1.0
05980163;871855200000;1.0
05878679;871855200000;1.0
05947040;871855200000;1.0
05915312;872805600000;1.0
06053668;872805600000;1.0
06036407;873237600000;1.0
05941520;873237600000;1.0
06042107;873237600000;1.0
06056483;873842400000;1.0
06503026;874015200000;1.0
06036406;874274400000;1.0
06039513;874274400000;1.0
06039512;874533600000;1.0
06024208;874533600000;1.0
05862821;874965600000;1.0
05953892;875052000000;1.0
06089795;875829600000;1.0
05899641;876780000000;1.0
06155558;876866400000;1.0
05913642;878857200000;1.0
06068428;878857200000;1.0
05846029;880326000000;1.0
05846030;880326000000;1.0
06220056;880498800000;1.0
06109837;880498800000;1.0
05948341;881017200000;1.0
06155751;881794800000;1.0
05884126;882399600000;1.0
06074085;882572400000;1.0
05980735;882745200000;1.0
06200071;882745200000;1.0
06135676;882831600000;1.0
06089796;884127600000;1.0
06030152;884214000000;1.0
06082934;884300400000;1.0
05931093;884905200000;1.0
05988867;884905200000;1.0
06627174;885423600000;1.0
06062774;885423600000;1.0
06074136;885855600000;1.0
05996171;886028400000;1.0
05980164;886460400000;1.0
06146058;887670000000;1.0
06068429;887842800000;1.0
06034342;887929200000;1.0
06017180;887929200000;1.0
07269475;888793200000;1.0
06024518;888966000000;1.0
06276877;889657200000;1.0
06082923;890002800000;1.0
06296423;890089200000;1.0
05933920;892072800000;1.0
06045299;892418400000;1.0
06220790;892764000000;1.0
05947645;893282400000;1.0
05988436;893368800000;1.0
05964420;893887200000;1.0
05964551;893973600000;1.0
06202576;893973600000;1.0
06106202;894232800000;1.0
06152656;894837600000;1.0
06047652;894924000000;1.0
06224297;895096800000;1.0
05988631;895528800000;1.0
06176647;895701600000;1.0
05951006;895788000000;1.0
06398462;896824800000;1.0
06142714;897861600000;1.0
06085939;897948000000;1.0
06102629;898034400000;1.0
06073818;898207200000;1.0
06039510;898466400000;1.0
06053667;898552800000;1.0
06146057;898725600000;1.0
06250852;899762400000;1.0
05988951;899762400000;1.0
05953567;899935200000;1.0
06039511;899935200000;1.0
05979343;900540000000;1.0
06070758;901231200000;1.0
06158926;901749600000;1.0
06042307;901749600000;1.0
06116821;902095200000;1.0
06116822;902095200000;1.0
06120216;902095200000;1.0
06170819;902268000000;1.0
06213289;902268000000;1.0
05984591;902354400000;1.0
06074135;902440800000;1.0
06017446;902440800000;1.0
06247877;902959200000;1.0
06183169;902959200000;1.0
06216876;903564000000;1.0
06095742;905292000000;1.0
06210080;905464800000;1.0
06203249;907020000000;1.0
06247876;907538400000;1.0
06241428;907538400000;1.0
06120211;907711200000;1.0
06110242;908229600000;1.0
06197266;909529200000;1.0
06040553;909615600000;1.0
06155752;910134000000;1.0
06044693;910825200000;1.0
06139226;910825200000;1.0
06152310;911170800000;1.0
06287056;911516400000;1.0
06241427;911516400000;1.0
06318935;911775600000;1.0
06224298;912121200000;1.0
06352393;912985200000;1.0
06203250;913676400000;1.0
06210081;914367600000;1.0
06089489;914454000000;1.0
06445309;915058800000;1.0
06478514;916095600000;1.0
06345936;917218800000;1.0
06221001;917305200000;1.0
06360880;917564400000;1.0
06227770;918082800000;1.0
06234723;918687600000;1.0
06197080;919378800000;1.0
06079461;920329200000;1.0
06250853;920502000000;1.0
06296424;921020400000;1.0
06220791;921106800000;1.0
06170768;921193200000;1.0
06149495;921452400000;1.0
06293735;921798000000;1.0
06371711;921798000000;1.0
06238145;922744800000;1.0
06213690;922744800000;1.0
06085389;923004000000;1.0
06231273;924127200000;1.0
06273647;924472800000;1.0
06467497;924645600000;1.0
06413020;924645600000;1.0
06220793;925336800000;1.0
06053436;925423200000;1.0
06263802;925423200000;1.0
06290266;926632800000;1.0
06244788;928274400000;1.0
06190094;928274400000;1.0
06453644;929311200000;1.0
06213307;929397600000;1.0
06332740;929656800000;1.0
06287055;930002400000;1.0
06264404;931298400000;1.0
06325572;931730400000;1.0
06062398;932508000000;1.0
06827529;933285600000;1.0
06263883;933544800000;1.0
06116284;933890400000;1.0
06267540;933890400000;1.0
06257806;934236000000;1.0
06336775;934408800000;1.0
06109488;934495200000;1.0
06161784;934495200000;1.0
06257804;934495200000;1.0
06234722;934927200000;1.0
06045298;936309600000;1.0
06334653;936741600000;1.0
06251152;936914400000;1.0
06309144;936914400000;1.0
06223387;937432800000;1.0
06089378;937778400000;1.0
06113003;937864800000;1.0
06227769;937951200000;1.0
06170976;938383200000;1.0
06336774;938556000000;1.0
06227768;938642400000;1.0
06266945;938728800000;1.0
06435779;938988000000;1.0
06402500;939938400000;1.0
06343897;940284000000;1.0
06244075;940543200000;1.0
06220792;940802400000;1.0
06267539;941148000000;1.0
06398007;941583600000;1.0
06261030;941670000000;1.0
06257805;941756400000;1.0
06250851;942102000000;1.0
06116820;942793200000;1.0
06322295;942879600000;1.0
06312207;944002800000;1.0
06419217;944434800000;1.0
06443613;944607600000;1.0
06276826;944607600000;1.0
06290435;945212400000;1.0
06254315;945212400000;1.0
06293736;945385200000;1.0
06612785;945644400000;1.0
06315501;946249200000;1.0
06290434;946508400000;1.0
06276564;947631600000;1.0
06428245;947631600000;1.0
06332739;948150000000;1.0
06368029;948668400000;1.0
06409434;949014000000;1.0
06368028;949100400000;1.0
06585263;949446000000;1.0
06350086;950137200000;1.0
06375841;950569200000;1.0
06386800;950569200000;1.0
06488449;951433200000;1.0
06505483;951433200000;1.0
06528800;952038000000;1.0
06305884;952038000000;1.0
06491479;952988400000;1.0
06375393;953074800000;1.0
06379086;953506800000;1.0
06308375;953593200000;1.0
06755009;953852400000;1.0
06371125;954108000000;1.0
06449576;954280800000;1.0
06454497;954799200000;1.0
06368027;954972000000;1.0
06561691;955058400000;1.0
06338598;955317600000;1.0
06279329;955663200000;1.0
06367396;956268000000;1.0
06494151;956613600000;1.0
06402436;956872800000;1.0
06217261;957132000000;1.0
06368026;957391200000;1.0
06394708;957823200000;1.0
06468006;957909600000;1.0
06666627;959205600000;1.0
06547097;959292000000;1.0
06663325;959724000000;1.0
06343896;960156000000;1.0
06365858;960328800000;1.0
06364579;961020000000;1.0
06398461;961020000000;1.0
06210079;961106400000;1.0
06994497;961365600000;1.0
06357971;961365600000;1.0
06428246;961624800000;1.0
06299387;961711200000;1.0
06415909;962920800000;1.0
06447215;963180000000;1.0
06749374;963871200000;1.0
06354770;964044000000;1.0
06283680;964735200000;1.0
06409274;964994400000;1.0
06454495;965944800000;1.0
06443671;965944800000;1.0
06325571;965944800000;1.0
06299341;965944800000;1.0
06447216;966463200000;1.0
06374992;966981600000;1.0
06468005;967068000000;1.0
06516810;967068000000;1.0
06244833;967154400000;1.0
06812847;967154400000;1.0
06416051;968623200000;1.0
06383301;968796000000;1.0
06494646;969400800000;1.0
06454496;970178400000;1.0
06514014;970178400000;1.0
06494645;970437600000;1.0
06296425;970610400000;1.0
06361253;970696800000;1.0
06325103;970783200000;1.0
06485284;971647200000;1.0
06470737;971733600000;1.0
06595735;972252000000;1.0
06571573;972424800000;1.0
06386799;972511200000;1.0
06382881;972597600000;1.0
06283679;973119600000;1.0
06412524;974415600000;1.0
06461086;975366000000;1.0
06508610;976057200000;1.0
06354789;976230000000;1.0
06568882;976230000000;1.0
06585259;977094000000;1.0
06443669;977439600000;1.0
06273648;978044400000;1.0
06290433;978044400000;1.0
06601365;978649200000;1.0
06394733;979254000000;1.0
06685401;979772400000;1.0
06533504;979858800000;1.0
06655878;980118000000;1.0
06398463;980204400000;1.0
06361041;980377200000;1.0
06402437;980722800000;1.0
06416261;980809200000;1.0
06595350;980982000000;1.0
06461087;981414000000;1.0
06345935;981673200000;1.0
06425714;982018800000;1.0
06579041;982623600000;1.0
06330813;982710000000;1.0
06443670;982796400000;1.0
06419425;983314800000;1.0
06398464;983746800000;1.0
06514015;984006000000;1.0
06892063;984524400000;1.0
06461085;984697200000;1.0
06357361;984697200000;1.0
06935813;984697200000;1.0
06676365;984697200000;1.0
06435338;984956400000;1.0
06447217;985557600000;1.0
06669435;985730400000;1.0
06840468;985816800000;1.0
06591974;986335200000;1.0
06412421;986508000000;1.0
06412422;986508000000;1.0
06471447;986767200000;1.0
06390736;987026400000;1.0
06382880;987026400000;1.0
07104734;987372000000;1.0
06484902;988668000000;1.0
06474912;988668000000;1.0
06840715;988927200000;1.0
06345650;990482400000;1.0
06378443;990568800000;1.0
06582161;990655200000;1.0
06575347;991778400000;1.0
06971822;991864800000;1.0
06582160;991864800000;1.0
06557598;992210400000;1.0
06609871;992815200000;1.0
06729660;992815200000;1.0
06860989;992988000000;1.0
06592302;993160800000;1.0
06619889;993420000000;1.0
06971786;993506400000;1.0
06619525;993592800000;1.0
06564924;994629600000;1.0
06382882;994802400000;1.0
06630633;994975200000;1.0
06575668;995234400000;1.0
07104385;995580000000;1.0
06565290;995580000000;1.0
06454141;996012000000;1.0
06588989;996184800000;1.0
06715610;996184800000;1.0
06609857;997135200000;1.0
06588988;997653600000;1.0
06648558;998604000000;1.0
06390737;998863200000;1.0
06662722;999208800000;1.0
06848867;1000245600000;1.0
06877933;1000936800000;1.0
06398460;1001628000000;1.0
06386801;1001887200000;1.0
07186390;1002146400000;1.0
06604892;1002146400000;1.0
06588056;1002232800000;1.0
06719499;1002578400000;1.0
06575669;1003269600000;1.0
06581534;1003356000000;1.0
06609870;1003788000000;1.0
06609873;1004047200000;1.0
06632063;1005260400000;1.0
06542707;1005606000000;1.0
06682287;1006210800000;1.0
06554546;1006729200000;1.0
06626612;1006988400000;1.0
06634833;1007074800000;1.0
06659118;1007420400000;1.0
06685007;1007506800000;1.0
06481935;1008802800000;1.0
06802685;1009321200000;1.0
06726409;1009407600000;1.0
06878456;1009494000000;1.0
06511263;1010444400000;1.0
06612418;1010962800000;1.0
06637982;1010962800000;1.0
06637983;1010962800000;1.0
06789291;1011740400000;1.0
06616385;1011826800000;1.0
06616386;1011826800000;1.0
06502689;1011826800000;1.0
06692196;1012431600000;1.0
06582159;1013122800000;1.0
06588053;1013727600000;1.0
06868876;1013986800000;1.0
06779692;1014159600000;1.0
06811358;1014764400000;1.0
07066689;1014764400000;1.0
06792646;1014764400000;1.0
06659284;1015196400000;1.0
06478513;1015196400000;1.0
06695546;1015801200000;1.0
06588462;1016492400000;1.0
06558111;1016751600000;1.0
06666626;1017010800000;1.0
06623233;1017356400000;1.0
06666629;1017698400000;1.0
06634834;1017698400000;1.0
06832887;1018303200000;1.0
06840463;1018994400000;1.0
06652199;1019080800000;1.0
06709217;1021154400000;1.0
06708715;1021240800000;1.0
06508611;1021586400000;1.0
06659693;1021932000000;1.0
06764296;1021932000000;1.0
06491480;1021932000000;1.0
06666628;1022709600000;1.0
06786681;1023055200000;1.0
06652198;1023314400000;1.0
06634832;1023919200000;1.0
06890129;1024264800000;1.0
06632049;1025128800000;1.0
06890128;1026338400000;1.0
06616384;1026684000000;1.0
06682270;1027288800000;1.0
06779650;1027634400000;1.0
06719500;1029794400000;1.0
06722822;1029794400000;1.0
06941873;1029880800000;1.0
06976575;1029880800000;1.0
06796748;1029967200000;1.0
06726408;1030053600000;1.0
06883736;1030312800000;1.0
06732897;1031090400000;1.0
07080960;1031090400000;1.0
07163359;1031954400000;1.0
06584920;1032213600000;1.0
07153065;1032300000000;1.0
07144204;1032472800000;1.0
06644895;1032732000000;1.0
06712561;1032732000000;1.0
06588576;1032991200000;1.0
07018427;1033336800000;1.0
06936137;1033509600000;1.0
06623215;1033596000000;1.0
06669411;1034287200000;1.0
07303597;1034632800000;1.0
07048475;1035151200000;1.0
06715638;1035237600000;1.0
06736573;1035932400000;1.0
06827203;1036105200000;1.0
06742679;1036623600000;1.0
07223060;1037142000000;1.0
06729808;1037228400000;1.0
06939088;1037314800000;1.0
06662953;1037919600000;1.0
06749373;1039734000000;1.0
06854936;1040166000000;1.0
07553110;1041807600000;1.0
07094004;1042066800000;1.0
06988857;1043276400000;1.0
07226248;1043362800000;1.0
06669410;1044226800000;1.0
06764253;1045177200000;1.0
07524145;1045695600000;1.0
07121399;1045782000000;1.0
06821060;1046041200000;1.0
06789663;1046127600000;1.0
06923340;1046300400000;1.0
06823904;1047855600000;1.0
06641336;1047855600000;1.0
06702523;1047855600000;1.0
07275893;1048028400000;1.0
06857826;1048460400000;1.0
07114889;1048546800000;1.0
06830414;1048719600000;1.0
07037063;1049234400000;1.0
06709216;1049234400000;1.0
06698989;1049234400000;1.0
07044306;1049234400000;1.0
06702539;1049234400000;1.0
07435039;1049320800000;1.0
06921037;1050530400000;1.0
06948887;1051135200000;1.0
07204523;1051740000000;1.0
06709203;1052344800000;1.0
06736588;1052431200000;1.0
07311274;1053381600000;1.0
07500809;1054677600000;1.0
07082955;1054677600000;1.0
06988507;1054677600000;1.0
06892909;1054850400000;1.0
06805175;1055368800000;1.0
06808358;1055368800000;1.0
06817812;1055714400000;1.0
06672808;1055714400000;1.0
06672807;1055714400000;1.0
07364347;1056405600000;1.0
07014392;1057788000000;1.0
07347649;1057874400000;1.0
07044288;1058911200000;1.0
07278449;1059775200000;1.0
06923601;1061762400000;1.0
07413387;1061848800000;1.0
07302952;1063144800000;1.0
06996955;1063317600000;1.0
06789715;1063317600000;1.0
06851896;1063836000000;1.0
07150585;1064959200000;1.0
06974279;1065477600000;1.0
07066207;1066082400000;1.0
07581905;1066255200000;1.0
06964543;1066860000000;1.0
07033124;1067209200000;1.0
07125204;1067554800000;1.0
07186062;1068418800000;1.0
06814533;1069714800000;1.0
06776561;1069974000000;1.0
07718061;1069974000000;1.0
06910610;1070233200000;1.0
07150586;1070319600000;1.0
07134618;1070406000000;1.0
07097392;1071097200000;1.0
07597506;1071529200000;1.0
06951354;1072047600000;1.0
07037048;1072134000000;1.0
06796749;1072134000000;1.0
07063486;1072220400000;1.0
06948888;1072220400000;1.0
06827528;1072479600000;1.0
06843633;1073343600000;1.0
06852133;1073862000000;1.0
06905300;1074207600000;1.0
06953315;1074207600000;1.0
07411130;1074553200000;1.0
06846134;1075071600000;1.0
06939122;1075417200000;1.0
07350674;1078268400000;1.0
07128516;1078959600000;1.0
07597525;1079391600000;1.0
07241080;1079910000000;1.0
06955506;1079996400000;1.0
07846399;1079996400000;1.0
07264422;1080169200000;1.0
07338102;1080684000000;1.0
06932544;1081202400000;1.0
06986625;1081202400000;1.0
07097391;1081461600000;1.0
07108474;1081807200000;1.0
07052213;1082412000000;1.0
07090441;1083189600000;1.0
07326025;1083621600000;1.0
06979166;1084399200000;1.0
06843367;1085608800000;1.0
07380672;1085695200000;1.0
07134459;1086213600000;1.0
07393159;1086559200000;1.0
06979152;1086732000000;1.0
07360639;1087336800000;1.0
07547419;1087336800000;1.0
07104743;1087855200000;1.0
07544019;1088028000000;1.0
07329299;1089064800000;1.0
07410329;1089151200000;1.0
07392984;1089324000000;1.0
07488141;1089756000000;1.0
07448831;1089928800000;1.0
07004688;1090360800000;1.0
06964544;1090533600000;1.0
07140827;1090879200000;1.0
06942133;1091656800000;1.0
06892748;1092261600000;1.0
07344350;1092780000000;1.0
07021870;1092866400000;1.0
06945470;1093384800000;1.0
07284945;1093557600000;1.0
07296952;1093644000000;1.0
07431830;1094076000000;1.0
06990908;1094680800000;1.0
07101120;1095199200000;1.0
07465130;1095890400000;1.0
07300005;1097618400000;1.0
07484322;1098396000000;1.0
07290566;1098396000000;1.0
07234252;1098655200000;1.0
07407346;1099000800000;1.0
07311476;1099263600000;1.0
07275701;1100214000000;1.0
07243002;1100646000000;1.0
07380673;1100732400000;1.0
07243801;1100732400000;1.0
07182552;1100818800000;1.0
07588061;1101250800000;1.0
07556455;1101423600000;1.0
07337926;1101769200000;1.0
07270283;1101942000000;1.0
07300521;1102460400000;1.0
07004711;1102546800000;1.0
07156372;1102978800000;1.0
07191807;1102978800000;1.0
07228990;1103065200000;1.0
07318459;1106607600000;1.0
07316721;1106866800000;1.0
07264423;1107298800000;1.0
07399337;1108508400000;1.0
07751930;1109199600000;1.0
07182553;1109545200000;1.0
07137237;1109631600000;1.0
07270249;1109804400000;1.0
07185748;1110495600000;1.0
07540695;1110754800000;1.0
07628827;1111100400000;1.0
07108123;1111446000000;1.0
07080961;1111618800000;1.0
07604439;1113343200000;1.0
07300074;1114725600000;1.0
07052212;1115676000000;1.0
07192222;1115935200000;1.0
07080962;1117490400000;1.0
07476265;1118700000000;1.0
07296951;1118786400000;1.0
07416370;1118786400000;1.0
07704019;1119391200000;1.0
07077604;1120687200000;1.0
07204158;1120687200000;1.0
07213617;1121119200000;1.0
07407022;1122415200000;1.0
07607451;1124661600000;1.0
07073985;1124748000000;1.0
07260449;1124920800000;1.0
07708504;1125266400000;1.0
07476060;1125439200000;1.0
07144203;1126562400000;1.0
07331442;1127944800000;1.0
07144213;1128549600000;1.0
07140810;1128636000000;1.0
07220082;1128636000000;1.0
07278804;1128636000000;1.0
07850403;1129845600000;1.0
07128163;1131058800000;1.0
07559725;1131922800000;1.0
07234898;1132268400000;1.0
07264421;1132268400000;1.0
07530505;1133391600000;1.0
07462005;1133737200000;1.0
07395864;1133823600000;1.0
07328617;1134687600000;1.0
07497909;1135119600000;1.0
07520935;1135119600000;1.0
07690870;1135206000000;1.0
07520451;1135206000000;1.0
07137759;1135897200000;1.0
07413388;1137020400000;1.0
07326005;1137452400000;1.0
07428959;1137970800000;1.0
07828807;1138575600000;1.0
07452166;1138834800000;1.0
07530768;1139180400000;1.0
07438507;1139439600000;1.0
07740424;1139958000000;1.0
07377728;1141167600000;1.0
07455481;1141772400000;1.0
07303062;1142809200000;1.0
07683271;1143410400000;1.0
07585133;1144101600000;1.0
07552817;1144274400000;1.0
07643974;1144792800000;1.0
07785044;1144879200000;1.0
07833318;1145397600000;1.0
07360719;1146261600000;1.0
07284934;1146434400000;1.0
07661910;1147903200000;1.0
07165918;1148248800000;1.0
07759585;1148421600000;1.0
07401695;1149631200000;1.0
07241081;1149717600000;1.0
07431537;1149804000000;1.0
07635241;1150668000000;1.0
07731456;1151013600000;1.0
07303362;1151359200000;1.0
07674076;1152828000000;1.0
07363106;1153087200000;1.0
07789596;1156370400000;1.0
07320561;1156370400000;1.0
07517947;1156456800000;1.0
07329071;1156802400000;1.0
07318484;1157061600000;1.0
07686546;1158012000000;1.0
07314338;1158184800000;1.0
07314337;1158184800000;1.0
07341406;1158184800000;1.0
07316526;1158184800000;1.0
07318690;1158184800000;1.0
07306407;1158184800000;1.0
07309192;1158184800000;1.0
07320562;1158184800000;1.0
07311475;1158184800000;1.0
07311473;1158184800000;1.0
07311472;1158184800000;1.0
07311471;1158184800000;1.0
07481606;1158530400000;1.0
07303359;1158703200000;1.0
07478976;1158703200000;1.0
07661909;1161813600000;1.0
07686545;1162162800000;1.0
07544017;1162249200000;1.0
07337992;1164063600000;1.0
07314339;1164150000000;1.0
07524146;1164841200000;1.0
07311474;1167865200000;1.0
07541549;1168383600000;1.0
07407345;1168556400000;1.0
07424340;1168642800000;1.0
07654778;1169074800000;1.0
07544018;1171926000000;1.0
07650948;1173135600000;1.0
07513716;1173308400000;1.0
07790254;1176069600000;1.0
07516908;1176933600000;1.0
07553111;1182981600000;1.0
07637699;1183586400000;1.0
07780378;1184796000000;1.0
07509760;1184796000000;1.0
07462002;1185400800000;1.0
07740423;1185487200000;1.0
07534074;1185487200000;1.0
07798488;1186351200000;1.0
07736098;1187647200000;1.0
07615198;1188943200000;1.0
07537418;1189980000000;1.0
07845584;1189980000000;1.0
07836921;1190757600000;1.0
07690869;1191189600000;1.0
07588410;1193176800000;1.0
07597185;1193612400000;1.0
07785043;1196290800000;1.0
07611309;1196377200000;1.0
07600950;1196377200000;1.0
07674077;1196722800000;1.0
07806951;1202079600000;1.0
07665932;1203030000000;1.0
07686547;1204844400000;1.0
07695220;1206399600000;1.0
07481605;1207692000000;1.0
07540694;1211839200000;1.0
07591613;1216072800000;1.0
07798749;1218664800000;1.0
07857553;1222120800000;1.0
07547162;1223244000000;1.0
07841807;1225321200000;1.0
07648312;1228777200000;1.0
07841808;1233097200000;1.0
07789595;1240783200000;1.0
07849997;1247522400000;1.0
07815401;1248818400000;1.0
