id;ts;originality
03864083;15202800000;1.0
03899312;19782000000;1.0
04025315;43455600000;1.0
03870063;45442800000;1.0
03974085;69289200000;1.0
04008163;69289200000;1.0
03870480;69462000000;1.0
03899420;70239600000;1.0
03939223;73177200000;1.0
04014657;75596400000;1.0
03868226;75596400000;1.0
03884648;78534000000;1.0
03865891;79743600000;1.0
03933434;79830000000;1.0
03890112;82681200000;1.0
03907515;86828400000;1.0
03882636;87087600000;1.0
03870481;87692400000;1.0
03871839;87692400000;1.0
03945942;89247600000;1.0
03862899;89938800000;1.0
03923466;93481200000;1.0
03862907;93481200000;1.0
03905773;94172400000;1.0
03864100;94777200000;1.0
03926582;95036400000;1.0
03917467;95295600000;1.0
03904554;96850800000;1.0
03926850;99529200000;1.0
03990256;99529200000;1.0
03927986;100306800000;1.0
03891404;100479600000;1.0
03891403;100479600000;1.0
03876527;102121200000;1.0
03861350;104108400000;1.0
03874116;104713200000;1.0
03886756;105058800000;1.0
03908702;105318000000;1.0
03977844;105750000000;1.0
03929430;106182000000;1.0
03977947;107132400000;1.0
03882015;107478000000;1.0
03922215;107737200000;1.0
03884397;108082800000;1.0
03886873;108082800000;1.0
03903646;108342000000;1.0
03868331;109206000000;1.0
03897225;109465200000;1.0
03871838;109465200000;1.0
03888043;109810800000;1.0
03876392;109810800000;1.0
03890113;109810800000;1.0
03891402;109810800000;1.0
03920417;110156400000;1.0
03909212;110156400000;1.0
03858811;110415600000;1.0
04094813;111798000000;1.0
03874222;112230000000;1.0
03942499;112489200000;1.0
03874739;113526000000;1.0
03875918;113612400000;1.0
03861160;113698800000;1.0
03889649;114044400000;1.0
03957620;114044400000;1.0
03923027;114735600000;1.0
03883322;114908400000;1.0
03874224;115426800000;1.0
03866353;115426800000;1.0
03920418;116463600000;1.0
03918412;116809200000;1.0
03873845;117154800000;1.0
03989479;117759600000;1.0
03909299;118278000000;1.0
03904744;118278000000;1.0
03881885;118969200000;1.0
03933445;119487600000;1.0
03883321;119660400000;1.0
03943236;119660400000;1.0
03901667;119746800000;1.0
03870611;119833200000;1.0
03923475;120351600000;1.0
03929615;120438000000;1.0
03904386;120438000000;1.0
03884649;120697200000;1.0
04005986;120870000000;1.0
03874839;121042800000;1.0
03915669;121042800000;1.0
03861885;121302000000;1.0
03926583;121561200000;1.0
03931798;121906800000;1.0
03912775;121993200000;1.0
03928002;122684400000;1.0
03915844;123289200000;1.0
03917468;123894000000;1.0
03930485;123894000000;1.0
03880614;124671600000;1.0
03957682;124671600000;1.0
03867110;124930800000;1.0
03933446;125190000000;1.0
03975913;125190000000;1.0
03869242;125276400000;1.0
03920416;125708400000;1.0
03868817;125794800000;1.0
03866411;125794800000;1.0
03927997;125881200000;1.0
03927998;125881200000;1.0
03927999;125881200000;1.0
03928001;125881200000;1.0
03928000;125881200000;1.0
03871172;126399600000;1.0
03908606;126486000000;1.0
03914093;126918000000;1.0
03912502;127004400000;1.0
03939057;127695600000;1.0
03885539;128127600000;1.0
03976034;128300400000;1.0
04021298;128646000000;1.0
03951610;128905200000;1.0
03983030;128905200000;1.0
03932138;129337200000;1.0
03954423;129337200000;1.0
03945944;129510000000;1.0
03907662;130028400000;1.0
03927996;130633200000;1.0
03890111;130633200000;1.0
03904388;130719600000;1.0
03954422;131065200000;1.0
03981692;131151600000;1.0
03954599;131670000000;1.0
03933618;132188400000;1.0
03888434;132188400000;1.0
04024849;132793200000;1.0
03907920;133398000000;1.0
03934987;133398000000;1.0
03920716;133743600000;1.0
03961913;133743600000;1.0
03916617;133743600000;1.0
03944480;133743600000;1.0
03914353;134002800000;1.0
03934569;134262000000;1.0
03957459;134262000000;1.0
04026253;134348400000;1.0
03958951;134694000000;1.0
03944472;135212400000;1.0
03998606;135558000000;1.0
03926584;135817200000;1.0
03989481;135990000000;1.0
03933444;136422000000;1.0
03951615;137113200000;1.0
03942957;137113200000;1.0
03905756;137286000000;1.0
04010092;137372400000;1.0
03954424;137804400000;1.0
03922148;137890800000;1.0
03925033;138495600000;1.0
03907519;139186800000;1.0
03982523;139446000000;1.0
04094290;139705200000;1.0
03945810;140310000000;1.0
03930812;141260400000;1.0
03917569;141606000000;1.0
03958957;141865200000;1.0
03932567;142210800000;1.0
04135893;142470000000;1.0
03958956;142556400000;1.0
03982910;142642800000;1.0
03932146;142729200000;1.0
03953180;142729200000;1.0
04019483;143074800000;1.0
03968780;143334000000;1.0
03948762;143420400000;1.0
03955548;143420400000;1.0
03963426;143679600000;1.0
03963642;143938800000;1.0
03945890;144025200000;1.0
03912465;144370800000;1.0
03942958;144457200000;1.0
03898057;144543600000;1.0
03912464;144975600000;1.0
03950147;145148400000;1.0
03950146;145148400000;1.0
03904389;145580400000;1.0
03915670;146098800000;1.0
03937620;146185200000;1.0
03904387;146703600000;1.0
03918930;146790000000;1.0
03962045;146876400000;1.0
03951856;147481200000;1.0
04018654;147567600000;1.0
03938968;147654000000;1.0
03892542;147913200000;1.0
03932147;147913200000;1.0
03902872;147999600000;1.0
03939858;148258800000;1.0
03930811;148690800000;1.0
03966633;149122800000;1.0
03966634;149122800000;1.0
03951616;149209200000;1.0
03929429;149382000000;1.0
03985519;149468400000;1.0
03968781;149727600000;1.0
03980052;149814000000;1.0
03984288;150073200000;1.0
03970434;150332400000;1.0
03933128;150332400000;1.0
04032305;150332400000;1.0
04046523;150332400000;1.0
03957458;150332400000;1.0
03957457;150332400000;1.0
03964882;150505200000;1.0
04001105;150678000000;1.0
03923448;151023600000;1.0
03929431;151023600000;1.0
03990865;151542000000;1.0
03989734;151887600000;1.0
03979188;151887600000;1.0
03963641;152233200000;1.0
03950958;152233200000;1.0
03940190;152233200000;1.0
03981803;152233200000;1.0
03973923;152406000000;1.0
03973924;152751600000;1.0
04008692;152751600000;1.0
04060498;152751600000;1.0
03996315;152838000000;1.0
03990866;153010800000;1.0
03957681;153010800000;1.0
04012404;153010800000;1.0
03933447;153097200000;1.0
03963457;153097200000;1.0
03979328;153442800000;1.0
04015574;153961200000;1.0
04004896;154220400000;1.0
03970541;154652400000;1.0
03977383;154652400000;1.0
03976548;155257200000;1.0
04022665;155775600000;1.0
04076612;155775600000;1.0
03941681;155948400000;1.0
03942500;155948400000;1.0
03975169;156380400000;1.0
03945361;156466800000;1.0
03976443;156553200000;1.0
03976442;156553200000;1.0
03951617;156553200000;1.0
03963000;156639600000;1.0
03985518;156726000000;1.0
03971635;156985200000;1.0
03971636;156985200000;1.0
03971637;156985200000;1.0
03971638;156985200000;1.0
03971639;156985200000;1.0
03980590;156985200000;1.0
03980591;156985200000;1.0
03980592;156985200000;1.0
03988236;157330800000;1.0
03988237;157330800000;1.0
03967936;157849200000;1.0
04120881;158454000000;1.0
04008054;158540400000;1.0
03996044;158540400000;1.0
03981690;158972400000;1.0
03956076;159058800000;1.0
04017270;159404400000;1.0
04002438;159577200000;1.0
03976446;159577200000;1.0
04004986;160268400000;1.0
03996022;160354800000;1.0
04060393;160614000000;1.0
03998195;160614000000;1.0
03955941;161218800000;1.0
03949684;161305200000;1.0
04023544;161564400000;1.0
03993450;161996400000;1.0
03994418;162082800000;1.0
03966431;162169200000;1.0
03935825;162428400000;1.0
03971847;162687600000;1.0
03948759;162687600000;1.0
03988210;162774000000;1.0
04029481;163033200000;1.0
04007755;163292400000;1.0
04022697;163292400000;1.0
04008053;163724400000;1.0
04007092;164329200000;1.0
03970435;165106800000;1.0
03993458;165193200000;1.0
04019476;165452400000;1.0
03938967;165452400000;1.0
04026823;165452400000;1.0
04000987;165625200000;1.0
03975168;165625200000;1.0
04003343;165798000000;1.0
04015575;166316400000;1.0
03989477;166316400000;1.0
04018621;166402800000;1.0
04038152;166402800000;1.0
03946717;166662000000;1.0
03996335;166662000000;1.0
04014306;166662000000;1.0
03980451;167266800000;1.0
04014303;167439600000;1.0
03971634;167612400000;1.0
03954092;167871600000;1.0
03993459;167871600000;1.0
04011730;167871600000;1.0
04000988;167958000000;1.0
04004895;167958000000;1.0
04006100;167958000000;1.0
03972811;168044400000;1.0
04007093;168044400000;1.0
03962411;168217200000;1.0
03964881;168217200000;1.0
04033714;168476400000;1.0
04021183;168649200000;1.0
03978821;168822000000;1.0
03998607;169081200000;1.0
03988334;169426800000;1.0
04017269;169945200000;1.0
04039392;170377200000;1.0
03986846;170636400000;1.0
04028067;170982000000;1.0
04054424;171154800000;1.0
03969089;171500400000;1.0
03984210;171500400000;1.0
04099933;171586800000;1.0
04006099;172105200000;1.0
04020812;172278000000;1.0
04010622;172278000000;1.0
04017271;172364400000;1.0
03992165;172364400000;1.0
03992166;172364400000;1.0
04018573;172710000000;1.0
03985520;172969200000;1.0
04028068;172969200000;1.0
04042334;173314800000;1.0
04026355;173314800000;1.0
04052172;173401200000;1.0
04019896;173574000000;1.0
03990867;173574000000;1.0
04015953;173919600000;1.0
03945809;174006000000;1.0
03994701;174092400000;1.0
03966430;174178800000;1.0
04014721;174265200000;1.0
04046551;174265200000;1.0
04026248;174265200000;1.0
04068638;174697200000;1.0
04054423;175129200000;1.0
04016189;175215600000;1.0
04047883;175302000000;1.0
04024075;175474800000;1.0
04015436;175906800000;1.0
04011850;175906800000;1.0
04078914;175993200000;1.0
04049570;176338800000;1.0
03980440;176511600000;1.0
03996025;176511600000;1.0
03970436;177030000000;1.0
03998608;177030000000;1.0
03988123;177289200000;1.0
04123502;177289200000;1.0
04009006;177548400000;1.0
04211606;177634800000;1.0
04091008;177894000000;1.0
04002565;178153200000;1.0
04044904;178153200000;1.0
03972690;178326000000;1.0
04036606;178498800000;1.0
03997407;178930800000;1.0
04005996;179017200000;1.0
03957460;179449200000;1.0
04031875;179967600000;1.0
04049395;180226800000;1.0
03974851;180313200000;1.0
03985112;180572400000;1.0
04056602;180745200000;1.0
04057512;181177200000;1.0
04052176;181177200000;1.0
04005995;181350000000;1.0
04011058;181350000000;1.0
03998609;181350000000;1.0
04010801;181782000000;1.0
04020810;181954800000;1.0
04274941;181954800000;1.0
04048091;182041200000;1.0
04014664;182127600000;1.0
04014786;182473200000;1.0
04006205;182473200000;1.0
04058205;182732400000;1.0
04021370;182732400000;1.0
04077869;183078000000;1.0
04130575;183164400000;1.0
04050419;183337200000;1.0
03999961;183682800000;1.0
04000733;183942000000;1.0
04216194;184460400000;1.0
04073716;184546800000;1.0
04229185;184806000000;1.0
04024914;184806000000;1.0
04018279;184978800000;1.0
04057396;185151600000;1.0
03994702;185670000000;1.0
03980452;186015600000;1.0
03993457;186188400000;1.0
04077995;186361200000;1.0
04065514;186361200000;1.0
04113615;186793200000;1.0
04063416;186793200000;1.0
03977843;186966000000;1.0
04074979;186966000000;1.0
04233179;187225200000;1.0
03997582;187225200000;1.0
04020805;187484400000;1.0
04104035;187484400000;1.0
04057484;187830000000;1.0
04161510;188089200000;1.0
04005994;188434800000;1.0
04007017;188434800000;1.0
04007019;188434800000;1.0
04007018;188434800000;1.0
03996256;188434800000;1.0
04039425;188434800000;1.0
04013427;188434800000;1.0
04015954;189039600000;1.0
04069304;189212400000;1.0
04039302;189644400000;1.0
04121543;190249200000;1.0
04059416;190854000000;1.0
04036181;190854000000;1.0
03999607;191113200000;1.0
04042532;191199600000;1.0
04064152;191199600000;1.0
04013428;191458800000;1.0
04019314;191545200000;1.0
04024912;191718000000;1.0
04011059;191804400000;1.0
04088103;192063600000;1.0
04019482;192322800000;1.0
04046869;192841200000;1.0
04085707;192927600000;1.0
04083402;193359600000;1.0
04072625;193618800000;1.0
03991557;193618800000;1.0
04094291;193878000000;1.0
04044077;194050800000;1.0
04017274;194137200000;1.0
03996026;194223600000;1.0
04010008;194482800000;1.0
04036180;194655600000;1.0
04065273;194742000000;1.0
04010800;195087600000;1.0
04026679;195087600000;1.0
04052138;195087600000;1.0
04040953;195260400000;1.0
04031030;195260400000;1.0
04088436;195346800000;1.0
04030895;195865200000;1.0
03993583;195865200000;1.0
04033133;196297200000;1.0
03994700;196383600000;1.0
03989478;196470000000;1.0
03989480;196556400000;1.0
04140602;196984800000;1.0
04038045;197762400000;1.0
04042345;198108000000;1.0
04052173;198108000000;1.0
04059076;198194400000;1.0
04062760;198799200000;1.0
04027689;198885600000;1.0
04158637;199663200000;1.0
04069107;199922400000;1.0
04208252;200008800000;1.0
04058102;200095200000;1.0
04042344;200268000000;1.0
04062657;200268000000;1.0
04018588;200527200000;1.0
04078989;200613600000;1.0
04023280;200700000000;1.0
04062656;200700000000;1.0
04055484;200872800000;1.0
04080196;201132000000;1.0
04098250;201736800000;1.0
04116810;201736800000;1.0
04092128;201736800000;1.0
04067700;201736800000;1.0
04087259;201823200000;1.0
04017273;201909600000;1.0
04046541;201909600000;1.0
04017272;201996000000;1.0
04059415;201996000000;1.0
04132207;202082400000;1.0
04072468;202600800000;1.0
04033730;202687200000;1.0
04043395;202946400000;1.0
04113602;203032800000;1.0
04075079;203119200000;1.0
04077530;203292000000;1.0
04022591;203551200000;1.0
04070161;203810400000;1.0
04045189;203810400000;1.0
04099383;204156000000;1.0
04099382;204156000000;1.0
04146359;204501600000;1.0
04070250;204501600000;1.0
04046522;204501600000;1.0
04102773;204501600000;1.0
04101263;204501600000;1.0
04101412;204501600000;1.0
04105502;204501600000;1.0
04057402;204760800000;1.0
04082519;204847200000;1.0
04074980;205106400000;1.0
04040976;205452000000;1.0
04050907;205711200000;1.0
04082520;205970400000;1.0
04057293;205970400000;1.0
04056483;205970400000;1.0
04105591;205970400000;1.0
04089798;206316000000;1.0
04050908;206661600000;1.0
04088104;206748000000;1.0
04023538;207525600000;1.0
04067685;207525600000;1.0
04106453;207784800000;1.0
04086899;208389600000;1.0
04025317;208648800000;1.0
04047901;208735200000;1.0
04101295;208994400000;1.0
04040800;209080800000;1.0
04071332;209080800000;1.0
04132764;209599200000;1.0
04112058;209599200000;1.0
04092129;209599200000;1.0
04097361;209685600000;1.0
04080943;209858400000;1.0
04098590;209858400000;1.0
04110067;210290400000;1.0
04083751;210290400000;1.0
04088541;210290400000;1.0
04077847;210290400000;1.0
04078973;210290400000;1.0
04109471;210463200000;1.0
04057401;210549600000;1.0
04072475;210549600000;1.0
04057400;210895200000;1.0
04111665;210895200000;1.0
04088450;210895200000;1.0
04112876;211068000000;1.0
04077427;211068000000;1.0
04106891;211672800000;1.0
04067299;211759200000;1.0
04078899;212018400000;1.0
04142867;212626800000;1.0
04206713;212713200000;1.0
04078904;212713200000;1.0
04060478;212886000000;1.0
04050990;212886000000;1.0
04077866;212972400000;1.0
04025318;213318000000;1.0
04098339;214009200000;1.0
04107282;214786800000;1.0
04043766;215132400000;1.0
04073629;215132400000;1.0
04073630;215132400000;1.0
04158697;215132400000;1.0
04075831;215218800000;1.0
04092966;215823600000;1.0
04094289;215910000000;1.0
04140583;215996400000;1.0
04080181;216255600000;1.0
04102732;216255600000;1.0
04095960;216342000000;1.0
04094650;216514800000;1.0
04140184;216860400000;1.0
04113446;217033200000;1.0
04106457;217119600000;1.0
04071331;217206000000;1.0
04079017;217206000000;1.0
04066738;217206000000;1.0
04071329;217465200000;1.0
04073627;217465200000;1.0
04078903;217465200000;1.0
04119411;217465200000;1.0
04071151;217638000000;1.0
04146370;217810800000;1.0
04112889;217810800000;1.0
04060397;217810800000;1.0
04088608;217810800000;1.0
04098324;218242800000;1.0
04049394;218242800000;1.0
04073628;218242800000;1.0
04109590;218415600000;1.0
04097217;218934000000;1.0
04074981;219020400000;1.0
04071606;219279600000;1.0
04115074;219538800000;1.0
04135889;219884400000;1.0
04078704;219970800000;1.0
04071330;220057200000;1.0
04063905;220057200000;1.0
04118175;220489200000;1.0
04104201;220489200000;1.0
04092125;220489200000;1.0
04135885;221094000000;1.0
04289475;221266800000;1.0
04070993;221698800000;1.0
04139019;221698800000;1.0
04089805;221958000000;1.0
04145998;222908400000;1.0
04135968;223513200000;1.0
04110082;223513200000;1.0
04088735;223513200000;1.0
04091786;223513200000;1.0
04115524;223686000000;1.0
04064156;223686000000;1.0
04155720;223772400000;1.0
04102674;224118000000;1.0
04323368;224204400000;1.0
04095959;224722800000;1.0
04277416;224982000000;1.0
04088455;225414000000;1.0
04129422;225500400000;1.0
04089659;225586800000;1.0
04169128;225586800000;1.0
04092963;225586800000;1.0
04118204;225673200000;1.0
04148285;225932400000;1.0
04061475;225932400000;1.0
04125384;226191600000;1.0
04180041;226191600000;1.0
04066420;226278000000;1.0
04126427;226537200000;1.0
04113441;226537200000;1.0
04087258;226710000000;1.0
04147593;226796400000;1.0
04099929;226882800000;1.0
04105419;226882800000;1.0
04085578;227142000000;1.0
04185966;227314800000;1.0
04134739;227746800000;1.0
04115075;227746800000;1.0
04093029;228006000000;1.0
04132065;228351600000;1.0
04099932;228351600000;1.0
04090485;228351600000;1.0
04064222;229212000000;1.0
04100023;229298400000;1.0
04115927;229557600000;1.0
04149856;229730400000;1.0
04106997;229730400000;1.0
04087130;229816800000;1.0
04066421;229816800000;1.0
04118281;229903200000;1.0
04109620;230162400000;1.0
04137878;230248800000;1.0
04115079;230335200000;1.0
04142481;230767200000;1.0
04114566;230940000000;1.0
04121912;231372000000;1.0
04318993;231544800000;1.0
04145274;231631200000;1.0
04069024;231976800000;1.0
04070160;231976800000;1.0
04089429;231976800000;1.0
04101449;231976800000;1.0
04106914;231976800000;1.0
04133825;232149600000;1.0
04111219;232149600000;1.0
04077778;232322400000;1.0
04165971;232668000000;1.0
04149971;232754400000;1.0
04152121;232840800000;1.0
04131435;232840800000;1.0
04276062;232840800000;1.0
04117786;233272800000;1.0
04163436;233359200000;1.0
04094651;233445600000;1.0
04100905;233877600000;1.0
04124487;234050400000;1.0
04108244;234136800000;1.0
04157245;234136800000;1.0
04125091;234396000000;1.0
04119061;234396000000;1.0
04134824;234482400000;1.0
04169712;234741600000;1.0
04126180;235000800000;1.0
04114580;235605600000;1.0
04095958;235692000000;1.0
04185456;236210400000;1.0
04081253;236296800000;1.0
04133739;236469600000;1.0
04118201;237160800000;1.0
04108953;237420000000;1.0
04123233;237420000000;1.0
04153426;238024800000;1.0
04134907;238284000000;1.0
04127393;238629600000;1.0
04124628;238888800000;1.0
04105251;238975200000;1.0
04098586;239234400000;1.0
04149939;239320800000;1.0
04220009;239839200000;1.0
04095650;240012000000;1.0
04108634;240098400000;1.0
04165289;240184800000;1.0
04192371;240184800000;1.0
04191539;240444000000;1.0
04101294;240444000000;1.0
04118282;240444000000;1.0
04137052;240616800000;1.0
04134830;240703200000;1.0
04168956;240703200000;1.0
04098588;241308000000;1.0
04098589;241308000000;1.0
04098587;241308000000;1.0
04181504;241394400000;1.0
04159881;241567200000;1.0
04116187;241653600000;1.0
04158552;241653600000;1.0
04146369;242344800000;1.0
04153028;242344800000;1.0
04126519;242863200000;1.0
04235676;243208800000;1.0
04132532;243468000000;1.0
04141794;243468000000;1.0
04193773;243554400000;1.0
04186669;243727200000;1.0
04159447;243727200000;1.0
04163505;243813600000;1.0
04217132;244162800000;1.0
04157896;244335600000;1.0
04166499;244854000000;1.0
04166731;244940400000;1.0
04155712;244940400000;1.0
04187080;245026800000;1.0
04153653;245372400000;1.0
04170200;245545200000;1.0
04149859;245631600000;1.0
04140493;246236400000;1.0
04187148;246668400000;1.0
04358433;246754800000;1.0
04345915;247273200000;1.0
04127392;247273200000;1.0
04162943;247446000000;1.0
04183369;247446000000;1.0
04174712;247705200000;1.0
04106999;247705200000;1.0
04153029;247964400000;1.0
04209305;248050800000;1.0
04151191;248310000000;1.0
04239499;248396400000;1.0
04150954;248482800000;1.0
04206753;248482800000;1.0
04187672;248569200000;1.0
04202672;249260400000;1.0
04184322;249606000000;1.0
04150759;249778800000;1.0
04109719;250124400000;1.0
04128473;250124400000;1.0
04114688;250124400000;1.0
04152122;250124400000;1.0
04171332;250383600000;1.0
04159201;250383600000;1.0
04309359;250729200000;1.0
04203963;250729200000;1.0
04166786;250729200000;1.0
04134740;250902000000;1.0
04203731;250988400000;1.0
04192656;250988400000;1.0
04183208;250988400000;1.0
04147660;251074800000;1.0
04200439;251334000000;1.0
04204843;251334000000;1.0
04113445;251334000000;1.0
04159195;251679600000;1.0
04203950;252025200000;1.0
04298453;252025200000;1.0
04141694;252025200000;1.0
04122897;252111600000;1.0
04162290;252198000000;1.0
04178266;252198000000;1.0
04235604;252198000000;1.0
04198211;252630000000;1.0
04155990;252716400000;1.0
04161442;252802800000;1.0
04297216;252802800000;1.0
04137051;252889200000;1.0
04178155;253148400000;1.0
04147455;253321200000;1.0
04154581;253407600000;1.0
04206186;253494000000;1.0
04259088;253753200000;1.0
04215535;254012400000;1.0
04151044;254358000000;1.0
04187819;254617200000;1.0
04157246;254703600000;1.0
04185979;255049200000;1.0
04265868;255740400000;1.0
04211638;255913200000;1.0
04155985;256172400000;1.0
04185967;256345200000;1.0
04164397;256431600000;1.0
04174954;256518000000;1.0
04207081;256518000000;1.0
04211555;256863600000;1.0
04184852;256863600000;1.0
04183733;256863600000;1.0
04153427;257036400000;1.0
04161393;257554800000;1.0
04255646;257727600000;1.0
04154582;257986800000;1.0
04157244;258159600000;1.0
04188915;258678000000;1.0
04146596;258937200000;1.0
04137053;258937200000;1.0
04206032;258937200000;1.0
04157958;258937200000;1.0
04215663;259196400000;1.0
04191540;259801200000;1.0
04170550;260060400000;1.0
04177042;260402400000;1.0
04212652;260575200000;1.0
04206733;260661600000;1.0
04134738;261007200000;1.0
04224298;261093600000;1.0
04172708;261266400000;1.0
04177120;261352800000;1.0
04166802;261871200000;1.0
04185083;261957600000;1.0
04217316;262476000000;1.0
04141696;262562400000;1.0
04141695;262562400000;1.0
04203759;262821600000;1.0
04142868;262908000000;1.0
04180042;263426400000;1.0
04193771;263426400000;1.0
04197911;263512800000;1.0
04159238;263772000000;1.0
04159237;263772000000;1.0
04159236;263772000000;1.0
04219338;264204000000;1.0
04207211;264376800000;1.0
04150953;264636000000;1.0
04235675;264636000000;1.0
04219402;265327200000;1.0
04208191;265327200000;1.0
04289603;265327200000;1.0
04226582;265845600000;1.0
04273749;265845600000;1.0
04193772;265845600000;1.0
04302177;265845600000;1.0
04215101;266536800000;1.0
04182746;266796000000;1.0
04231761;267400800000;1.0
04205961;267400800000;1.0
04189307;267660000000;1.0
04193862;267660000000;1.0
04211538;267832800000;1.0
04209304;268005600000;1.0
04211631;268264800000;1.0
04203823;268264800000;1.0
04192657;268264800000;1.0
04192658;268264800000;1.0
04230594;268524000000;1.0
04211539;268869600000;1.0
04197092;268869600000;1.0
04216123;268956000000;1.0
04202757;269215200000;1.0
04192655;269215200000;1.0
04191630;269820000000;1.0
04211537;270079200000;1.0
04175928;270338400000;1.0
04213848;270338400000;1.0
04235624;270338400000;1.0
04180387;270424800000;1.0
04219725;270770400000;1.0
04251227;270856800000;1.0
04191700;270856800000;1.0
04165970;271029600000;1.0
04220469;271029600000;1.0
04235625;271029600000;1.0
04255121;271893600000;1.0
04185680;271980000000;1.0
04158948;272066400000;1.0
04202673;272152800000;1.0
04198212;272152800000;1.0
04169048;272239200000;1.0
04160649;272844000000;1.0
04175929;273189600000;1.0
04243101;273448800000;1.0
04261955;273448800000;1.0
04225392;273794400000;1.0
04218222;273967200000;1.0
04209303;274053600000;1.0
04200438;274312800000;1.0
04200494;274917600000;1.0
04200495;274917600000;1.0
04181675;275004000000;1.0
04236899;275090400000;1.0
04182926;275176800000;1.0
04161495;275522400000;1.0
04213826;276130800000;1.0
04255124;276390000000;1.0
04187820;276908400000;1.0
04211536;277340400000;1.0
04192654;277340400000;1.0
04215998;277686000000;1.0
04195978;278031600000;1.0
04205962;278290800000;1.0
04205963;278290800000;1.0
04178758;278550000000;1.0
04181503;278550000000;1.0
04199327;278550000000;1.0
04288550;278722800000;1.0
04218423;279154800000;1.0
04211669;279414000000;1.0
04229283;279414000000;1.0
04243489;279759600000;1.0
04221571;279759600000;1.0
04233275;281314800000;1.0
04201571;281833200000;1.0
04341717;281919600000;1.0
04270558;282178800000;1.0
04202458;282351600000;1.0
04222846;282351600000;1.0
04222845;282351600000;1.0
04186079;282524400000;1.0
04242102;282524400000;1.0
04230556;282524400000;1.0
04235044;283042800000;1.0
04288211;283561200000;1.0
04199328;283647600000;1.0
04211540;283734000000;1.0
04217112;283734000000;1.0
04205647;283734000000;1.0
04220454;283734000000;1.0
04270493;284598000000;1.0
04204842;284770800000;1.0
04257781;284943600000;1.0
04236941;285807600000;1.0
04268359;286412400000;1.0
04235605;286412400000;1.0
04220460;287017200000;1.0
04197183;287190000000;1.0
04309024;287276400000;1.0
04213476;287622000000;1.0
04310334;287881200000;1.0
04198210;288572400000;1.0
04225457;288831600000;1.0
04255115;289004400000;1.0
04260553;289436400000;1.0
04268275;289609200000;1.0
04233036;289609200000;1.0
04202167;289695600000;1.0
04238200;289695600000;1.0
04232645;289782000000;1.0
04229289;290041200000;1.0
04231760;290041200000;1.0
04191538;290041200000;1.0
04239500;290214000000;1.0
04240805;290386800000;1.0
04244180;290386800000;1.0
04188193;290818800000;1.0
04233137;291596400000;1.0
04246099;292197600000;1.0
04229184;292802400000;1.0
04508543;292802400000;1.0
04233948;293061600000;1.0
04313704;293666400000;1.0
04270980;294530400000;1.0
04208279;294876000000;1.0
04325709;295740000000;1.0
04246002;296344800000;1.0
04244705;296344800000;1.0
04193259;296344800000;1.0
04260456;296776800000;1.0
04251228;296863200000;1.0
04278445;296949600000;1.0
04278446;296949600000;1.0
04242103;297295200000;1.0
04295458;298159200000;1.0
04390349;298245600000;1.0
04515138;298591200000;1.0
04440224;298764000000;1.0
04255278;299368800000;1.0
04278451;299973600000;1.0
04268274;300319200000;1.0
04252901;300492000000;1.0
04257232;300664800000;1.0
04324563;300664800000;1.0
04248604;300664800000;1.0
04247302;300664800000;1.0
04256466;300924000000;1.0
04235425;300924000000;1.0
04260839;300924000000;1.0
04282010;301010400000;1.0
04315834;301010400000;1.0
04225320;301183200000;1.0
04272255;301183200000;1.0
04263125;301269600000;1.0
04252543;301701600000;1.0
04255162;301874400000;1.0
04248605;302133600000;1.0
04282449;302479200000;1.0
04301096;302738400000;1.0
04294932;302911200000;1.0
04234388;303084000000;1.0
04256060;303343200000;1.0
04274341;303343200000;1.0
04280876;303429600000;1.0
04273560;303948000000;1.0
04261856;304293600000;1.0
04257782;304552800000;1.0
04323446;304812000000;1.0
04256654;305244000000;1.0
04455153;305244000000;1.0
04284531;305330400000;1.0
04303495;305503200000;1.0
04244706;305762400000;1.0
04249855;305935200000;1.0
04309197;306021600000;1.0
04272555;306712800000;1.0
04272399;306712800000;1.0
04234169;306972000000;1.0
04268358;307144800000;1.0
04302353;307231200000;1.0
04298355;307580400000;1.0
04274838;307580400000;1.0
04280877;307839600000;1.0
04302292;307926000000;1.0
04242104;308271600000;1.0
04242105;308358000000;1.0
04230602;308530800000;1.0
04272256;308790000000;1.0
04315758;309049200000;1.0
04282006;309740400000;1.0
04271676;309999600000;1.0
04293390;310172400000;1.0
04258005;310172400000;1.0
04282009;310258800000;1.0
04248972;310863600000;1.0
04295773;310950000000;1.0
04255161;310950000000;1.0
04328011;310950000000;1.0
04302143;310950000000;1.0
04321233;311295600000;1.0
04290780;311554800000;1.0
04278447;311554800000;1.0
04372754;312418800000;1.0
04301875;312505200000;1.0
04285320;312591600000;1.0
04289502;312678000000;1.0
04359871;312764400000;1.0
04352675;312764400000;1.0
04298694;313023600000;1.0
04472172;313023600000;1.0
04324620;313196400000;1.0
04294720;313369200000;1.0
04285283;313369200000;1.0
04343624;313628400000;1.0
04279622;313801200000;1.0
04264539;313801200000;1.0
04284416;313974000000;1.0
04288294;314233200000;1.0
04277365;314233200000;1.0
04309193;314319600000;1.0
04300913;314319600000;1.0
04251226;314492400000;1.0
04292048;314578800000;1.0
04336131;314578800000;1.0
04321877;314578800000;1.0
04704084;315010800000;1.0
04338099;315010800000;1.0
04285700;315097200000;1.0
04302329;315097200000;1.0
04383837;315183600000;1.0
04318711;315183600000;1.0
04311167;315183600000;1.0
04274839;315183600000;1.0
04280968;315442800000;1.0
04309198;315442800000;1.0
04301750;315615600000;1.0
04337066;315702000000;1.0
04406943;316220400000;1.0
04260412;316825200000;1.0
04289625;316998000000;1.0
04337170;317430000000;1.0
04448589;317430000000;1.0
04317659;317516400000;1.0
04300999;317862000000;1.0
04260472;318034800000;1.0
04331451;318466800000;1.0
04351300;318639600000;1.0
04280820;318812400000;1.0
04303127;319071600000;1.0
04455949;319244400000;1.0
04320100;319330800000;1.0
04325343;319330800000;1.0
04326857;319417200000;1.0
04277254;319417200000;1.0
04305732;319762800000;1.0
04343626;319762800000;1.0
04311128;319762800000;1.0
04300985;319849200000;1.0
04284528;320281200000;1.0
04322243;320540400000;1.0
04300916;320540400000;1.0
04305733;321145200000;1.0
04336034;321490800000;1.0
04304574;322095600000;1.0
04310333;322095600000;1.0
04365952;322182000000;1.0
04300914;322354800000;1.0
04302217;322354800000;1.0
04333441;322441200000;1.0
04335060;322700400000;1.0
04286970;322873200000;1.0
04306960;323046000000;1.0
04300915;323564400000;1.0
04313011;324079200000;1.0
04250157;324252000000;1.0
04497304;324252000000;1.0
04334894;324511200000;1.0
04288293;324511200000;1.0
04312638;324856800000;1.0
04368103;325720800000;1.0
04337067;325807200000;1.0
04328009;325807200000;1.0
04301133;325893600000;1.0
04300917;326412000000;1.0
04314900;326498400000;1.0
04473464;326498400000;1.0
04290779;327189600000;1.0
04285886;327189600000;1.0
04318712;327535200000;1.0
04308034;327535200000;1.0
04350133;327535200000;1.0
04315823;327535200000;1.0
04424064;327794400000;1.0
04270931;327794400000;1.0
04261705;327880800000;1.0
04291634;328399200000;1.0
04291636;328399200000;1.0
04306506;328744800000;1.0
04309195;328744800000;1.0
04308103;328744800000;1.0
04309194;328831200000;1.0
04409951;329004000000;1.0
04316961;329349600000;1.0
04351646;329608800000;1.0
04381938;329608800000;1.0
04302218;329954400000;1.0
04289647;330300000000;1.0
04323367;330559200000;1.0
04312637;330559200000;1.0
04381641;330559200000;1.0
04280817;330732000000;1.0
04347824;330818400000;1.0
04330430;330904800000;1.0
04355622;331250400000;1.0
04293315;331336800000;1.0
04328008;331336800000;1.0
04379670;331768800000;1.0
04356004;331768800000;1.0
04306941;331855200000;1.0
04328006;332028000000;1.0
04308167;332373600000;1.0
04351645;332373600000;1.0
04315757;332373600000;1.0
04304805;332460000000;1.0
04349354;332546400000;1.0
04342568;332546400000;1.0
04328007;332632800000;1.0
04433664;332632800000;1.0
04296809;332978400000;1.0
04299285;332978400000;1.0
04313499;332978400000;1.0
04322389;333064800000;1.0
04307697;333583200000;1.0
04309397;333583200000;1.0
04323538;333583200000;1.0
04377394;333583200000;1.0
04326856;333583200000;1.0
04353713;333583200000;1.0
04417905;333756000000;1.0
04334892;333842400000;1.0
04389222;333842400000;1.0
04292274;334188000000;1.0
04317658;334274400000;1.0
04346845;334447200000;1.0
04495054;334792800000;1.0
04345173;334879200000;1.0
04369751;334965600000;1.0
04497638;335138400000;1.0
04325716;335138400000;1.0
04346317;335397600000;1.0
04314826;335397600000;1.0
04373698;335570400000;1.0
04420139;335570400000;1.0
04322221;335656800000;1.0
04365974;336261600000;1.0
04308808;336693600000;1.0
04379443;336693600000;1.0
04340501;336693600000;1.0
04322222;336780000000;1.0
04331450;337212000000;1.0
04295346;337212000000;1.0
04331449;337557600000;1.0
04350103;338767200000;1.0
04303415;339030000000;1.0
04318713;339202800000;1.0
04338096;339634800000;1.0
04355003;339721200000;1.0
04368057;340326000000;1.0
04340397;340326000000;1.0
04352677;340326000000;1.0
04442665;340585200000;1.0
04342836;340585200000;1.0
04369194;340585200000;1.0
04366059;340930800000;1.0
04344373;341017200000;1.0
04422432;341103600000;1.0
04336044;341449200000;1.0
04360306;341449200000;1.0
04372755;341708400000;1.0
04374199;342054000000;1.0
04331529;342226800000;1.0
04361420;342226800000;1.0
04344772;343263600000;1.0
04355586;343263600000;1.0
04359326;343522800000;1.0
04334893;343868400000;1.0
04368636;343954800000;1.0
04343627;344214000000;1.0
04371378;344646000000;1.0
04302219;344818800000;1.0
04358294;345078000000;1.0
04353811;345078000000;1.0
04341531;345078000000;1.0
04331722;345337200000;1.0
04319888;345423600000;1.0
04345990;345423600000;1.0
04425254;345682800000;1.0
04309196;345682800000;1.0
04374288;345855600000;1.0
04315893;345855600000;1.0
04344773;345942000000;1.0
04378232;345942000000;1.0
04332641;346287600000;1.0
04347120;346287600000;1.0
04312639;346287600000;1.0
04359997;346460400000;1.0
04323366;346978800000;1.0
04366044;347497200000;1.0
04400575;348102000000;1.0
04343625;348706800000;1.0
04347064;348706800000;1.0
04369803;349484400000;1.0
04369131;349657200000;1.0
04348211;350262000000;1.0
04334997;350262000000;1.0
04374649;350780400000;1.0
04377132;350780400000;1.0
04331448;351730800000;1.0
04401095;351817200000;1.0
04390501;351903600000;1.0
04376097;352076400000;1.0
04492207;352076400000;1.0
04333742;352508400000;1.0
04391611;352594800000;1.0
04336125;352681200000;1.0
04362554;352681200000;1.0
04362555;352681200000;1.0
04354936;352681200000;1.0
04421475;352940400000;1.0
04404947;353026800000;1.0
04352676;353113200000;1.0
04357305;353631600000;1.0
04381924;353890800000;1.0
04369044;354150000000;1.0
04413607;354322800000;1.0
04364744;354409200000;1.0
04367076;354409200000;1.0
04370969;354495600000;1.0
04347063;354495600000;1.0
04372856;354751200000;1.0
04344371;354837600000;1.0
04384875;354837600000;1.0
04336769;354837600000;1.0
04415339;355356000000;1.0
04367077;356565600000;1.0
04363638;356738400000;1.0
04360361;356911200000;1.0
04362143;356911200000;1.0
04539016;356911200000;1.0
04425897;357429600000;1.0
04386594;357429600000;1.0
04365563;357775200000;1.0
04358364;358380000000;1.0
04372256;358639200000;1.0
04387689;358725600000;1.0
04374650;358984800000;1.0
04504282;359157600000;1.0
04391612;359848800000;1.0
04366045;359935200000;1.0
04417562;360799200000;1.0
04444337;360799200000;1.0
04414002;360972000000;1.0
04400180;360972000000;1.0
04400179;360972000000;1.0
04351647;360972000000;1.0
04405340;360972000000;1.0
04353712;360972000000;1.0
04392869;360972000000;1.0
04394137;360972000000;1.0
04451184;361144800000;1.0
04400125;361144800000;1.0
04430096;361144800000;1.0
04406747;361576800000;1.0
04637823;361749600000;1.0
04369107;361749600000;1.0
04341530;362095200000;1.0
04364745;362354400000;1.0
04372756;362700000000;1.0
04425139;362872800000;1.0
04384923;363218400000;1.0
04365975;363218400000;1.0
04399795;364168800000;1.0
04385905;364428000000;1.0
04396401;365205600000;1.0
04349355;365205600000;1.0
04369045;365205600000;1.0
04405339;365292000000;1.0
04422858;365637600000;1.0
04434293;365810400000;1.0
04388084;365896800000;1.0
04389246;365896800000;1.0
04398521;367020000000;1.0
04377392;367452000000;1.0
04348486;367711200000;1.0
04426984;367711200000;1.0
04388186;367797600000;1.0
04375982;367797600000;1.0
04406666;368316000000;1.0
04377147;368748000000;1.0
04411817;369007200000;1.0
04424065;369266400000;1.0
04452214;369266400000;1.0
04395488;369266400000;1.0
04395268;369612000000;1.0
04398476;369871200000;1.0
04388218;369957600000;1.0
04390346;370130400000;1.0
04373500;370216800000;1.0
04583993;370216800000;1.0
04388083;370652400000;1.0
04375801;370738800000;1.0
04375362;371084400000;1.0
04386940;371343600000;1.0
04382915;371775600000;1.0
04439210;371948400000;1.0
04499890;372034800000;1.0
04411871;372294000000;1.0
04441437;372639600000;1.0
04393848;372639600000;1.0
04395992;372639600000;1.0
04348487;373503600000;1.0
04388082;373590000000;1.0
04369163;373590000000;1.0
04498786;373849200000;1.0
04437864;374108400000;1.0
04425898;374108400000;1.0
04449461;374194800000;1.0
04430304;374454000000;1.0
04423716;374713200000;1.0
04367075;374713200000;1.0
04441554;374886000000;1.0
04466807;375490800000;1.0
04409102;375663600000;1.0
04381187;375663600000;1.0
04428308;375922800000;1.0
04398924;376182000000;1.0
04401441;376182000000;1.0
04371452;376700400000;1.0
04427527;377132400000;1.0
04435188;377391600000;1.0
04430094;377737200000;1.0
04390348;377737200000;1.0
04390347;377737200000;1.0
04455988;378514800000;1.0
04607021;378946800000;1.0
04394136;378946800000;1.0
04426810;379119600000;1.0
04432290;379206000000;1.0
04526903;379638000000;1.0
04424319;380156400000;1.0
04549396;380156400000;1.0
04433066;380242800000;1.0
04414001;380415600000;1.0
04433978;380415600000;1.0
04378336;380502000000;1.0
04395975;380502000000;1.0
04430160;380761200000;1.0
04400181;381020400000;1.0
04445846;381020400000;1.0
04397656;381366000000;1.0
04419456;381366000000;1.0
04421524;381625200000;1.0
04425220;381970800000;1.0
04400195;381970800000;1.0
04405563;381970800000;1.0
04650546;382316400000;1.0
04426809;382834800000;1.0
04481014;382921200000;1.0
04410336;383353200000;1.0
04425140;383353200000;1.0
04401440;383353200000;1.0
04371379;383439600000;1.0
04385906;383439600000;1.0
04490152;383439600000;1.0
04530702;383785200000;1.0
04515093;384044400000;1.0
04453523;384390000000;1.0
04436532;384476400000;1.0
04436818;384562800000;1.0
04436529;384649200000;1.0
04386942;384994800000;1.0
04457364;385254000000;1.0
04459133;385599600000;1.0
04431622;385599600000;1.0
04420462;385599600000;1.0
04456455;385686000000;1.0
04412848;385772400000;1.0
04483364;385945200000;1.0
04444568;385945200000;1.0
04386941;386200800000;1.0
04462739;386287200000;1.0
04476927;386373600000;1.0
04396402;386805600000;1.0
04469488;386892000000;1.0
04466808;387410400000;1.0
04430095;387583200000;1.0
04455154;387756000000;1.0
04397657;388015200000;1.0
04398923;388015200000;1.0
04494467;388015200000;1.0
04448588;388101600000;1.0
04432772;388360800000;1.0
04449509;388360800000;1.0
04384552;388706400000;1.0
04402710;388706400000;1.0
04402711;388706400000;1.0
04402709;388706400000;1.0
04431561;388792800000;1.0
04409002;388879200000;1.0
04392981;388965600000;1.0
04466809;389224800000;1.0
04468376;389224800000;1.0
04569890;389397600000;1.0
04452219;389397600000;1.0
04399800;389570400000;1.0
04489699;389829600000;1.0
04407206;389829600000;1.0
04421523;389916000000;1.0
04583994;389916000000;1.0
04483693;390693600000;1.0
04452611;391039200000;1.0
04479540;391039200000;1.0
04437416;391212000000;1.0
04431751;391212000000;1.0
04540681;391384800000;1.0
04481015;391384800000;1.0
04432651;391989600000;1.0
04463736;392248800000;1.0
04411670;392248800000;1.0
04411671;392248800000;1.0
04439315;392335200000;1.0
04378974;392421600000;1.0
04431509;392421600000;1.0
04524748;392594400000;1.0
04474583;392594400000;1.0
04480172;393112800000;1.0
04560547;394063200000;1.0
04444159;394149600000;1.0
04443228;394149600000;1.0
04434774;394236000000;1.0
04436530;394408800000;1.0
04507128;394754400000;1.0
04441475;395013600000;1.0
04445910;395013600000;1.0
04440137;395272800000;1.0
04415431;395445600000;1.0
04422857;395532000000;1.0
04400182;395877600000;1.0
04482359;395964000000;1.0
04465052;396050400000;1.0
04620563;396482400000;1.0
04415453;396482400000;1.0
04487683;396482400000;1.0
04500323;396741600000;1.0
04459137;396828000000;1.0
04407701;397087200000;1.0
04459136;397260000000;1.0
04511370;397260000000;1.0
04492212;397692000000;1.0
04441892;397692000000;1.0
04445444;397951200000;1.0
04527997;397951200000;1.0
04450241;398296800000;1.0
04416857;398296800000;1.0
04617027;398383200000;1.0
04487612;398556000000;1.0
04484930;398642400000;1.0
04421474;399074400000;1.0
04439209;399074400000;1.0
04436531;399247200000;1.0
04440623;399506400000;1.0
04447706;399506400000;1.0
04444158;399852000000;1.0
04507127;400284000000;1.0
04450822;400716000000;1.0
04450821;400716000000;1.0
04518567;400716000000;1.0
04478606;400802400000;1.0
04478608;400802400000;1.0
04459134;400888800000;1.0
04453950;401320800000;1.0
04535065;401320800000;1.0
04469487;401320800000;1.0
04459135;401320800000;1.0
04489700;401407200000;1.0
04463742;401407200000;1.0
04485792;401407200000;1.0
04472363;401407200000;1.0
04493291;401493600000;1.0
04474163;401493600000;1.0
04487611;401493600000;1.0
04490156;401666400000;1.0
04479810;401666400000;1.0
04514191;401929200000;1.0
04566880;401929200000;1.0
04500322;402015600000;1.0
04461629;402102000000;1.0
04451268;402102000000;1.0
04417528;402102000000;1.0
04435364;402188400000;1.0
04466747;403225200000;1.0
04471063;404002800000;1.0
04482363;404607600000;1.0
04505719;404953200000;1.0
04498909;405039600000;1.0
04502633;405298800000;1.0
04441893;405298800000;1.0
04489562;405558000000;1.0
04437417;406162800000;1.0
04444109;406508400000;1.0
04497637;406767600000;1.0
04473534;406767600000;1.0
04493770;407113200000;1.0
04466810;407372400000;1.0
04453948;407458800000;1.0
04704138;407977200000;1.0
04459138;407977200000;1.0
04479809;408582000000;1.0
04523860;408668400000;1.0
04476683;409186800000;1.0
04475925;409186800000;1.0
04747741;409186800000;1.0
04444726;409791600000;1.0
04473622;409791600000;1.0
04490157;411001200000;1.0
04465496;411001200000;1.0
04502227;411260400000;1.0
04699630;411346800000;1.0
04444569;411346800000;1.0
04490251;412210800000;1.0
04483302;412210800000;1.0
04485795;412297200000;1.0
04483692;412470000000;1.0
04472264;412470000000;1.0
04443229;412815600000;1.0
04588418;413420400000;1.0
04457764;413593200000;1.0
04499864;413679600000;1.0
04604165;413766000000;1.0
04505127;414284400000;1.0
04511371;414284400000;1.0
04455152;414716400000;1.0
04526676;414889200000;1.0
04518396;415321200000;1.0
04483303;415407600000;1.0
04551154;415407600000;1.0
04453949;415926000000;1.0
04423702;416012400000;1.0
04547145;416012400000;1.0
04493636;416185200000;1.0
04440546;416444400000;1.0
04429546;416444400000;1.0
04474582;416617200000;1.0
04474581;416617200000;1.0
04476843;416703600000;1.0
04482358;416703600000;1.0
04432773;417049200000;1.0
04473379;417650400000;1.0
04473490;417823200000;1.0
04462928;417909600000;1.0
04496370;418255200000;1.0
04437452;418860000000;1.0
04531558;419032800000;1.0
04523548;419032800000;1.0
04522159;419032800000;1.0
04488517;419205600000;1.0
04515604;420069600000;1.0
04472245;420760800000;1.0
04526588;421020000000;1.0
04464183;421279200000;1.0
04565523;421538400000;1.0
04477262;421884000000;1.0
04578176;421884000000;1.0
04473399;421884000000;1.0
04504043;422575200000;1.0
04443230;423180000000;1.0
04472171;423180000000;1.0
04463210;423266400000;1.0
04445441;423266400000;1.0
04474584;423352800000;1.0
04461628;423957600000;1.0
04650651;423957600000;1.0
04541841;424476000000;1.0
04519810;424648800000;1.0
04617051;424648800000;1.0
04496369;424908000000;1.0
04579654;425080800000;1.0
04494963;425167200000;1.0
04500324;425512800000;1.0
04502869;426204000000;1.0
04551155;426376800000;1.0
04512777;426376800000;1.0
04533463;426722400000;1.0
04511459;426722400000;1.0
04505819;426895200000;1.0
04494515;427500000000;1.0
04531949;427932000000;1.0
04743341;428104800000;1.0
04501820;428191200000;1.0
04456546;428536800000;1.0
04592762;428623200000;1.0
04458607;428623200000;1.0
04478607;428709600000;1.0
04541840;429141600000;1.0
04479808;429141600000;1.0
04571249;429746400000;1.0
04504281;429832800000;1.0
04525176;430956000000;1.0
04521310;431042400000;1.0
04529483;431647200000;1.0
04486199;432252000000;1.0
04632774;432338400000;1.0
04588478;432424800000;1.0
04483690;432770400000;1.0
04600529;432770400000;1.0
04496371;432943200000;1.0
04482458;433029600000;1.0
04487613;433378800000;1.0
04536193;433465200000;1.0
04556421;433551600000;1.0
04463686;434156400000;1.0
04523529;434242800000;1.0
04728341;434674800000;1.0
04544374;434674800000;1.0
04565551;435279600000;1.0
04476818;435366000000;1.0
04483772;435366000000;1.0
04504447;436057200000;1.0
04568457;436402800000;1.0
04604104;436748400000;1.0
04568362;437007600000;1.0
04465596;437266800000;1.0
04529409;437612400000;1.0
04543123;437612400000;1.0
04466828;437612400000;1.0
04522162;437612400000;1.0
04491522;437698800000;1.0
04537626;437698800000;1.0
04473057;437698800000;1.0
04509957;437785200000;1.0
04479466;438303600000;1.0
04513727;438390000000;1.0
04544375;438562800000;1.0
04642125;438994800000;1.0
04514297;439599600000;1.0
04599092;439772400000;1.0
04508544;440031600000;1.0
04536194;440031600000;1.0
04555249;440377200000;1.0
04491456;440377200000;1.0
04508542;440377200000;1.0
04533438;440377200000;1.0
04525175;440377200000;1.0
04536382;440722800000;1.0
04536381;440722800000;1.0
04509463;440895600000;1.0
04536603;440895600000;1.0
04545786;440982000000;1.0
04568464;443055600000;1.0
04555328;443314800000;1.0
04533363;443401200000;1.0
04559062;444006000000;1.0
04511372;444006000000;1.0
04561974;444524400000;1.0
04526155;444870000000;1.0
04553981;444956400000;1.0
04559142;445215600000;1.0
04548529;445474800000;1.0
04483691;445474800000;1.0
04563197;445647600000;1.0
04513694;445820400000;1.0
04520737;446252400000;1.0
04521221;446252400000;1.0
04562051;446684400000;1.0
04705542;446943600000;1.0
04519321;447289200000;1.0
04511450;447289200000;1.0
04551153;447462000000;1.0
04569681;447894000000;1.0
04556402;448066800000;1.0
04510874;448239600000;1.0
04563196;448498800000;1.0
04541345;448585200000;1.0
04525482;448758000000;1.0
04532909;449100000000;1.0
04545825;449100000000;1.0
04547203;449445600000;1.0
04549886;449445600000;1.0
04597771;449704800000;1.0
04561363;449877600000;1.0
04591362;450050400000;1.0
04563194;450396000000;1.0
04661123;450914400000;1.0
04534864;451000800000;1.0
04597775;451260000000;1.0
04575383;451260000000;1.0
04520760;451519200000;1.0
04541397;452124000000;1.0
04505249;452124000000;1.0
04611294;452210400000;1.0
04615713;452210400000;1.0
04557204;453506400000;1.0
04538528;453506400000;1.0
04579562;453506400000;1.0
04584180;453938400000;1.0
04526529;453938400000;1.0
04574002;454197600000;1.0
04558027;454284000000;1.0
04568583;454716000000;1.0
04545356;454802400000;1.0
04564389;455320800000;1.0
04503833;456703200000;1.0
04586442;456962400000;1.0
04568271;457308000000;1.0
04596211;457308000000;1.0
04586483;457308000000;1.0
04533362;457826400000;1.0
04604105;457912800000;1.0
04581899;458172000000;1.0
04605423;458172000000;1.0
04601730;458517600000;1.0
04582590;459381600000;1.0
04604019;459468000000;1.0
04589397;459554400000;1.0
04594078;459727200000;1.0
04597773;459986400000;1.0
04597872;460591200000;1.0
04542889;460850400000;1.0
04555992;461196000000;1.0
04919844;461455200000;1.0
04613433;462146400000;1.0
04588850;462405600000;1.0
04618735;462578400000;1.0
04684254;462578400000;1.0
04608058;463788000000;1.0
04553519;463874400000;1.0
04703741;464220000000;1.0
04608059;464479200000;1.0
04597772;464479200000;1.0
04568698;464565600000;1.0
04586938;464565600000;1.0
04652430;464997600000;1.0
04537173;464997600000;1.0
04620928;465170400000;1.0
04553742;466124400000;1.0
04640675;466124400000;1.0
04643666;466124400000;1.0
04583995;466642800000;1.0
04566961;466902000000;1.0
04559061;466988400000;1.0
04597774;467247600000;1.0
04696678;467247600000;1.0
04564513;467852400000;1.0
04696746;467938800000;1.0
04613344;468025200000;1.0
04537603;468025200000;1.0
04773918;468198000000;1.0
04565552;468630000000;1.0
04563195;469148400000;1.0
04627367;469234800000;1.0
04610303;469407600000;1.0
04613408;470012400000;1.0
04580544;470358000000;1.0
04682986;470530800000;1.0
04664089;470876400000;1.0
04583992;470962800000;1.0
04568361;471222000000;1.0
04588659;471567600000;1.0
04655792;471654000000;1.0
04710483;472086000000;1.0
04610697;472258800000;1.0
04599167;472345200000;1.0
04569680;472863600000;1.0
04585463;473900400000;1.0
04552490;473900400000;1.0
04614523;473986800000;1.0
04581041;474159600000;1.0
04571259;474850800000;1.0
04597776;475196400000;1.0
04826769;475196400000;1.0
04609456;476665200000;1.0
04632083;477097200000;1.0
04599160;477183600000;1.0
04649867;477788400000;1.0
04602573;477874800000;1.0
04670023;478393200000;1.0
04676805;478738800000;1.0
04710359;479084400000;1.0
04620940;479084400000;1.0
04580504;479343600000;1.0
04722741;479343600000;1.0
04675028;480121200000;1.0
04579588;480207600000;1.0
04655791;480294000000;1.0
04606799;480553200000;1.0
04632759;480898800000;1.0
04614587;480898800000;1.0
04652686;481240800000;1.0
04615285;481500000000;1.0
04647294;481759200000;1.0
04605678;481759200000;1.0
04638783;482104800000;1.0
04653677;482450400000;1.0
04684375;482709600000;1.0
04645594;482709600000;1.0
04701185;483314400000;1.0
04708819;483314400000;1.0
04657702;483314400000;1.0
04673413;484178400000;1.0
04650497;484178400000;1.0
04662895;484437600000;1.0
04778488;484869600000;1.0
04655793;485128800000;1.0
04624683;485388000000;1.0
04667467;486684000000;1.0
04574714;487202400000;1.0
04605205;487288800000;1.0
04659340;488412000000;1.0
04668429;488671200000;1.0
04668428;488671200000;1.0
04713234;489016800000;1.0
04584947;489016800000;1.0
04720289;489362400000;1.0
04599953;489621600000;1.0
04874037;490485600000;1.0
04671060;490831200000;1.0
04609460;490917600000;1.0
04851600;494028000000;1.0
04624684;494546400000;1.0
04598652;494632800000;1.0
04591380;494632800000;1.0
04632758;494805600000;1.0
04801307;495324000000;1.0
04681599;495669600000;1.0
04664678;495756000000;1.0
04694811;496015200000;1.0
04682985;496274400000;1.0
04626354;496882800000;1.0
04732091;496882800000;1.0
04604206;497055600000;1.0
04676177;497660400000;1.0
04666605;498351600000;1.0
04664803;498697200000;1.0
04678480;498870000000;1.0
04696679;498870000000;1.0
04690689;498956400000;1.0
04643809;499042800000;1.0
04692171;499302000000;1.0
04707163;499388400000;1.0
04643739;499474800000;1.0
04705538;499906800000;1.0
04670148;500252400000;1.0
04654164;500598000000;1.0
04936869;500857200000;1.0
04643109;501807600000;1.0
04648450;501894000000;1.0
04671804;502066800000;1.0
04705537;502326000000;1.0
04705539;502326000000;1.0
04657698;502326000000;1.0
04662443;502585200000;1.0
04672691;502671600000;1.0
04704135;502930800000;1.0
04697413;502930800000;1.0
04976931;503190000000;1.0
04681598;503535600000;1.0
04642272;504140400000;1.0
04648968;504399600000;1.0
04659375;504831600000;1.0
04671806;505350000000;1.0
04845034;505350000000;1.0
04689949;505350000000;1.0
04690636;505695600000;1.0
04687183;506214000000;1.0
04725288;506818800000;1.0
04686957;507250800000;1.0
04650727;507250800000;1.0
04684468;507337200000;1.0
04693729;507769200000;1.0
04692172;508374000000;1.0
04690690;509583600000;1.0
04671247;509756400000;1.0
04667648;510274800000;1.0
04708736;510966000000;1.0
04740216;511052400000;1.0
04705535;511052400000;1.0
04755190;511398000000;1.0
04638629;511570800000;1.0
04793712;511657200000;1.0
04692306;512002800000;1.0
04680035;512262000000;1.0
04672940;512348400000;1.0
04715354;512863200000;1.0
04666463;513208800000;1.0
04718362;513381600000;1.0
04747938;514072800000;1.0
04736779;514504800000;1.0
04666464;514591200000;1.0
04721514;514677600000;1.0
04698069;515023200000;1.0
04740217;516232800000;1.0
04816353;516405600000;1.0
04704136;516578400000;1.0
04781836;516578400000;1.0
04699632;516924000000;1.0
04852996;517010400000;1.0
04666462;517788000000;1.0
04749383;518220000000;1.0
04671803;520120800000;1.0
04681701;521676000000;1.0
04738688;521935200000;1.0
04767737;522280800000;1.0
04735724;523058400000;1.0
04812049;524700000000;1.0
04705536;525996000000;1.0
04762528;526255200000;1.0
04835687;526687200000;1.0
04773917;527378400000;1.0
04692249;527810400000;1.0
04765458;529628400000;1.0
04738687;530146800000;1.0
04750454;530406000000;1.0
04731099;531097200000;1.0
04760667;531356400000;1.0
04801402;531356400000;1.0
04710202;531702000000;1.0
04732559;531702000000;1.0
04758248;532652400000;1.0
04684374;532652400000;1.0
04718393;532825200000;1.0
04746329;533343600000;1.0
04714175;533775600000;1.0
04731097;533775600000;1.0
04744969;534553200000;1.0
04738835;535071600000;1.0
04746406;535330800000;1.0
04857077;535590000000;1.0
04729665;535590000000;1.0
04699631;536194800000;1.0
04803061;536194800000;1.0
04861347;536194800000;1.0
04732092;536281200000;1.0
04758249;536799600000;1.0
04764184;536886000000;1.0
04775314;536886000000;1.0
04738207;536886000000;1.0
04702894;536972400000;1.0
04802894;537404400000;1.0
04955989;538354800000;1.0
04797198;538700400000;1.0
04737161;538700400000;1.0
04793855;538959600000;1.0
04704137;539823600000;1.0
04702220;539996400000;1.0
04820314;539996400000;1.0
04762531;540082800000;1.0
04731098;540687600000;1.0
04824440;541638000000;1.0
04801440;541638000000;1.0
04714593;541983600000;1.0
04756722;542329200000;1.0
04818252;543452400000;1.0
04857076;543452400000;1.0
04810472;543452400000;1.0
04786291;543452400000;1.0
04774021;543798000000;1.0
04813179;544140000000;1.0
04775392;544312800000;1.0
04806131;544917600000;1.0
04955988;546213600000;1.0
04748141;546645600000;1.0
04801306;546818400000;1.0
04762530;546818400000;1.0
04788003;547077600000;1.0
04830834;547164000000;1.0
04842694;547336800000;1.0
04781796;547336800000;1.0
04792436;547423200000;1.0
04813394;547423200000;1.0
04752303;547768800000;1.0
04852995;548028000000;1.0
04800848;548287200000;1.0
04826627;548373600000;1.0
04784670;548632800000;1.0
04852994;548632800000;1.0
04869729;549064800000;1.0
04778483;549496800000;1.0
04806096;549669600000;1.0
04738205;549669600000;1.0
04810264;550101600000;1.0
04818253;550188000000;1.0
04774895;550706400000;1.0
04773919;550706400000;1.0
04801438;550706400000;1.0
04756806;550965600000;1.0
04773255;551052000000;1.0
04873214;552002400000;1.0
04768470;552002400000;1.0
04767569;552520800000;1.0
04762532;552866400000;1.0
04776638;553125600000;1.0
04794729;553384800000;1.0
04765303;553730400000;1.0
04834853;554335200000;1.0
04867756;554940000000;1.0
04769149;555026400000;1.0
04789384;555026400000;1.0
04968325;556754400000;1.0
04822935;556927200000;1.0
04778485;557100000000;1.0
04833877;557445600000;1.0
04796596;558050400000;1.0
04750434;558741600000;1.0
04844663;558914400000;1.0
04830545;558914400000;1.0
05127772;558914400000;1.0
04834588;558914400000;1.0
04900333;558914400000;1.0
04877419;558914400000;1.0
04853003;558914400000;1.0
04799937;559260000000;1.0
04808386;559432800000;1.0
04808197;559432800000;1.0
04778484;559782000000;1.0
04770151;559954800000;1.0
04919686;559954800000;1.0
04840129;559954800000;1.0
04938606;560386800000;1.0
04793904;560386800000;1.0
04839790;560386800000;1.0
04852997;560386800000;1.0
04848983;560473200000;1.0
04825638;560473200000;1.0
04869731;560559600000;1.0
04861348;560646000000;1.0
04776860;561078000000;1.0
04909808;561164400000;1.0
04750435;561337200000;1.0
04759300;561855600000;1.0
04834778;562201200000;1.0
04764185;562374000000;1.0
04831994;562374000000;1.0
04828581;562546800000;1.0
04965052;562892400000;1.0
04849108;563151600000;1.0
04838897;563410800000;1.0
04765256;564188400000;1.0
04894067;564188400000;1.0
04925456;564706800000;1.0
04872954;564706800000;1.0
04848249;565225200000;1.0
04827899;565398000000;1.0
04936874;565570800000;1.0
04846670;566521200000;1.0
04932981;567212400000;1.0
04988367;567730800000;1.0
04963162;567730800000;1.0
04874397;567730800000;1.0
04851013;567730800000;1.0
04781731;567903600000;1.0
04769045;569026800000;1.0
04818405;569199600000;1.0
04776285;569199600000;1.0
04919688;569631600000;1.0
04902304;569718000000;1.0
04831944;569804400000;1.0
04964882;570063600000;1.0
04785158;570150000000;1.0
04808198;570668400000;1.0
04884396;571964400000;1.0
04887962;572050800000;1.0
04865542;572050800000;1.0
04888130;572655600000;1.0
04828578;573087600000;1.0
04828579;573692400000;1.0
04841941;574297200000;1.0
04861519;575247600000;1.0
04849187;575503200000;1.0
04954246;575762400000;1.0
04848982;576108000000;1.0
04832704;576194400000;1.0
04872886;576194400000;1.0
04946477;576367200000;1.0
04952380;576712800000;1.0
04820382;576712800000;1.0
04936047;577490400000;1.0
04836831;577663200000;1.0
04813382;577663200000;1.0
04865625;578527200000;1.0
04969931;578613600000;1.0
04880439;578786400000;1.0
04883499;578872800000;1.0
04851151;578872800000;1.0
05026403;579218400000;1.0
04802445;579391200000;1.0
04938783;579477600000;1.0
05019135;579823200000;1.0
04857075;579996000000;1.0
04830091;579996000000;1.0
04854249;579996000000;1.0
04973451;580082400000;1.0
05004592;580341600000;1.0
04927430;580600800000;1.0
04869730;580687200000;1.0
04975098;581032800000;1.0
04854944;581551200000;1.0
04978369;582156000000;1.0
04859213;582760800000;1.0
04889699;582760800000;1.0
04889658;582760800000;1.0
04897089;583452000000;1.0
04881947;583452000000;1.0
04865624;583452000000;1.0
04859214;583624800000;1.0
04838898;583624800000;1.0
04844713;584056800000;1.0
04858582;584575200000;1.0
04805562;584748000000;1.0
04805561;584748000000;1.0
04823742;584748000000;1.0
04823741;584748000000;1.0
04936872;585439200000;1.0
04881949;585957600000;1.0
04865626;586044000000;1.0
04854942;586130400000;1.0
04828580;586389600000;1.0
04829911;586994400000;1.0
04960439;587340000000;1.0
04929255;588290400000;1.0
04952218;588549600000;1.0
04865623;589759200000;1.0
05015444;589759200000;1.0
04851152;590018400000;1.0
04987115;590968800000;1.0
05006131;591836400000;1.0
04950460;591836400000;1.0
04950309;592786800000;1.0
04946486;592786800000;1.0
04857229;593046000000;1.0
04872440;593132400000;1.0
04971770;594255600000;1.0
04875906;595119600000;1.0
04902303;595119600000;1.0
04960440;596070000000;1.0
04925644;596674800000;1.0
04946475;596847600000;1.0
05066421;597452400000;1.0
05055181;598057200000;1.0
04919105;598230000000;1.0
04889657;598748400000;1.0
05006249;599353200000;1.0
04891157;599785200000;1.0
04854943;599785200000;1.0
04980029;601513200000;1.0
04863489;602463600000;1.0
04935038;602809200000;1.0
05059404;603414000000;1.0
05002481;603586800000;1.0
04907565;604105200000;1.0
04973453;604537200000;1.0
04936871;605487600000;1.0
04936873;605487600000;1.0
05156458;605746800000;1.0
05096674;605746800000;1.0
04941890;605919600000;1.0
04881948;606006000000;1.0
04909958;607557600000;1.0
05032365;607816800000;1.0
04880438;608162400000;1.0
05112578;608335200000;1.0
04971600;608508000000;1.0
04925532;609372000000;1.0
04971599;609544800000;1.0
04888031;609717600000;1.0
04954136;610149600000;1.0
04889539;610668000000;1.0
04959079;610668000000;1.0
04919687;611359200000;1.0
05064444;611532000000;1.0
04889540;611877600000;1.0
04963513;611964000000;1.0
04917024;611964000000;1.0
04977839;612741600000;1.0
05281243;614210400000;1.0
04979964;614469600000;1.0
04897090;614901600000;1.0
04959080;615074400000;1.0
04909809;615765600000;1.0
05034021;616197600000;1.0
04936870;616284000000;1.0
04950308;616284000000;1.0
04929254;616284000000;1.0
04935037;616716000000;1.0
04944771;616802400000;1.0
04983296;618098400000;1.0
04933086;618098400000;1.0
04981089;618530400000;1.0
04978368;618703200000;1.0
04973337;618703200000;1.0
04946476;619912800000;1.0
04934286;619912800000;1.0
04930429;620604000000;1.0
04957544;620604000000;1.0
04921680;621554400000;1.0
05164163;621554400000;1.0
04992081;621813600000;1.0
04977840;622245600000;1.0
04987932;623286000000;1.0
04959078;623372400000;1.0
04976747;623977200000;1.0
05076837;624495600000;1.0
04976755;624754800000;1.0
04966123;624754800000;1.0
05096463;626569200000;1.0
05106390;627519600000;1.0
04948387;627865200000;1.0
04999133;628988400000;1.0
05021270;629334000000;1.0
04974573;629938800000;1.0
05143520;629938800000;1.0
04954137;630025200000;1.0
04986199;630198000000;1.0
04988368;630802800000;1.0
04963163;630802800000;1.0
05092984;630889200000;1.0
04999029;631753200000;1.0
05154732;632012400000;1.0
05310411;632617200000;1.0
04999030;632962800000;1.0
04991561;633913200000;1.0
04997458;633913200000;1.0
04969930;634431600000;1.0
05117623;635641200000;1.0
05104419;636159600000;1.0
05022893;636246000000;1.0
05181943;636764400000;1.0
04969932;636937200000;1.0
04969933;636937200000;1.0
05078752;637196400000;1.0
04983188;637542000000;1.0
04971601;639612000000;1.0
05069765;639784800000;1.0
05085738;642031200000;1.0
05136808;642290400000;1.0
05106590;642376800000;1.0
05000925;642376800000;1.0
05028241;642376800000;1.0
04992173;642981600000;1.0
05110563;644018400000;1.0
04997459;645400800000;1.0
05011507;645487200000;1.0
05159899;645660000000;1.0
05213770;646264800000;1.0
05984987;646351200000;1.0
05110559;646437600000;1.0
05549877;646437600000;1.0
04994093;647215200000;1.0
05066476;647215200000;1.0
05087270;647474400000;1.0
04995193;648252000000;1.0
05010828;648684000000;1.0
05096673;649029600000;1.0
05050374;649461600000;1.0
05041144;649548000000;1.0
05069685;649634400000;1.0
05133780;650152800000;1.0
05147415;651880800000;1.0
05094669;652658400000;1.0
05046475;653263200000;1.0
05089031;653263200000;1.0
05074890;654127200000;1.0
05049312;654213600000;1.0
05089030;654300000000;1.0
05026528;654386400000;1.0
05017196;654386400000;1.0
05315054;655081200000;1.0
05194228;655686000000;1.0
05046436;655945200000;1.0
05437699;656290800000;1.0
05083548;657846000000;1.0
05087271;658969200000;1.0
05259754;659574000000;1.0
05180561;659574000000;1.0
05039394;660783600000;1.0
05100642;660956400000;1.0
05112366;661388400000;1.0
05101740;661734000000;1.0
05050511;661734000000;1.0
05226928;661993200000;1.0
05229102;662252400000;1.0
05101739;662943600000;1.0
05226927;666399600000;1.0
05311830;667004400000;1.0
05145360;667177200000;1.0
05181937;667436400000;1.0
05134944;667695600000;1.0
05624469;671493600000;1.0
05072675;671666400000;1.0
05230211;671666400000;1.0
05211724;671666400000;1.0
05139535;673653600000;1.0
05129412;673653600000;1.0
05114541;674085600000;1.0
05143000;674085600000;1.0
05138957;674258400000;1.0
05143521;674258400000;1.0
05083547;674431200000;1.0
05103795;674431200000;1.0
05082644;674431200000;1.0
05356540;674690400000;1.0
05423992;674690400000;1.0
05248316;674863200000;1.0
05245113;674949600000;1.0
05230717;675468000000;1.0
05234468;678060000000;1.0
05234469;678060000000;1.0
05306481;678319200000;1.0
05245977;678492000000;1.0
05101799;681948000000;1.0
05117771;682898400000;1.0
05199961;682898400000;1.0
05211723;685231200000;1.0
05290327;686185200000;1.0
05275632;686790000000;1.0
05264008;686790000000;1.0
05284630;687135600000;1.0
05145491;687481200000;1.0
05220782;688172400000;1.0
05146903;688345200000;1.0
05236470;689900400000;1.0
05266086;690678000000;1.0
05318602;691110000000;1.0
05188740;691628400000;1.0
05188739;691628400000;1.0
05241816;692233200000;1.0
05253682;692578800000;1.0
05183478;692751600000;1.0
05261602;693442800000;1.0
06143534;693529200000;1.0
05145490;693702000000;1.0
05382271;693702000000;1.0
05516344;694998000000;1.0
05324486;696639600000;1.0
05211002;697676400000;1.0
05762659;698454000000;1.0
05984985;698540400000;1.0
05277891;698626800000;1.0
05255504;699058800000;1.0
05253469;699058800000;1.0
05152452;700182000000;1.0
05284187;700959600000;1.0
05273556;701906400000;1.0
05188741;702079200000;1.0
05354505;702511200000;1.0
05250083;704584800000;1.0
05251575;704671200000;1.0
05234546;704930400000;1.0
05213587;704930400000;1.0
05279805;705103200000;1.0
05262577;705189600000;1.0
05279260;706485600000;1.0
05257497;708040800000;1.0
05236467;708300000000;1.0
05284550;708818400000;1.0
05232467;708818400000;1.0
05347068;708904800000;1.0
05337722;709336800000;1.0
05295350;709509600000;1.0
05435890;710719200000;1.0
05230716;711064800000;1.0
05211554;711324000000;1.0
05205225;711756000000;1.0
05220873;711756000000;1.0
05224432;711756000000;1.0
05232466;711842400000;1.0
05243922;712533600000;1.0
05280757;713656800000;1.0
05295449;714002400000;1.0
05213586;714952800000;1.0
05264009;715298400000;1.0
05324336;715557600000;1.0
05269947;716680800000;1.0
05288170;716767200000;1.0
05286462;717026400000;1.0
05292442;717894000000;1.0
05217625;717980400000;1.0
05397553;718239600000;1.0
05372619;719017200000;1.0
05356530;719190000000;1.0
05291875;719190000000;1.0
05323753;719449200000;1.0
05346515;719449200000;1.0
05326550;719794800000;1.0
05323714;721004400000;1.0
05308366;721263600000;1.0
05391209;722473200000;1.0
05266085;722473200000;1.0
05251433;725151600000;1.0
05372618;725670000000;1.0
05392636;725670000000;1.0
05392594;728521200000;1.0
05289676;728694000000;1.0
05336083;729126000000;1.0
05354345;730335600000;1.0
05395405;734565600000;1.0
05284878;734911200000;1.0
05391057;735170400000;1.0
05370715;735861600000;1.0
05384074;736120800000;1.0
05423894;736380000000;1.0
05423891;736639200000;1.0
05395406;737071200000;1.0
05356845;737071200000;1.0
05431703;737244000000;1.0
05433760;737244000000;1.0
05372617;738540000000;1.0
05362453;739576800000;1.0
05324452;739663200000;1.0
05389117;739749600000;1.0
05567398;740181600000;1.0
05401282;740268000000;1.0
05403366;740268000000;1.0
05434330;740786400000;1.0
05406970;740959200000;1.0
05380346;740959200000;1.0
05388534;741218400000;1.0
05462676;741218400000;1.0
05392825;744328800000;1.0
05383944;744415200000;1.0
05402603;744847200000;1.0
05386055;745020000000;1.0
06312483;745624800000;1.0
05360461;746056800000;1.0
05423895;746056800000;1.0
05395404;746402400000;1.0
06117199;747007200000;1.0
05377646;747612000000;1.0
05369947;747871200000;1.0
05388559;748821600000;1.0
05495894;749084400000;1.0
05407455;749084400000;1.0
05445659;749689200000;1.0
05500306;749862000000;1.0
05497712;750380400000;1.0
05415673;750639600000;1.0
05345756;751071600000;1.0
05377647;751503600000;1.0
05466361;751762800000;1.0
05394686;752194800000;1.0
05441546;752713200000;1.0
05423675;752713200000;1.0
05435940;753058800000;1.0
05429102;753490800000;1.0
05464592;753922800000;1.0
05425792;754095600000;1.0
05435814;755478000000;1.0
05385710;756428400000;1.0
05466383;757810800000;1.0
05445134;759970800000;1.0
05466363;760834800000;1.0
05415233;761266800000;1.0
05464597;761526000000;1.0
05441547;762044400000;1.0
05445658;762044400000;1.0
05455011;762390000000;1.0
05447702;762735600000;1.0
05470360;763254000000;1.0
05458859;763945200000;1.0
05484465;765410400000;1.0
05611963;765756000000;1.0
05658358;765756000000;1.0
06120567;766360800000;1.0
05439491;766879200000;1.0
05486269;767484000000;1.0
05695532;768348000000;1.0
05554351;769125600000;1.0
05630854;769384800000;1.0
05565009;769644000000;1.0
05531798;769903200000;1.0
05562744;769903200000;1.0
05503660;770421600000;1.0
05616154;770767200000;1.0
05618322;772236000000;1.0
05672184;772408800000;1.0
05514353;772754400000;1.0
06432368;772927200000;1.0
05752995;772927200000;1.0
05516345;772927200000;1.0
05425791;773013600000;1.0
05478370;773013600000;1.0
05501160;774050400000;1.0
05441548;775087200000;1.0
05437258;775864800000;1.0
05636451;776037600000;1.0
05609655;777938400000;1.0
05513494;778284000000;1.0
05464539;778456800000;1.0
05421840;778802400000;1.0
05421841;778802400000;1.0
05766276;778888800000;1.0
05421842;779061600000;1.0
05618321;779580000000;1.0
05437123;780012000000;1.0
05642724;780793200000;1.0
05505144;781311600000;1.0
05639431;781570800000;1.0
05525242;782521200000;1.0
05656042;782780400000;1.0
05470361;783212400000;1.0
05543061;783558000000;1.0
05578092;784854000000;1.0
05571295;785458800000;1.0
05527367;785977200000;1.0
05641327;786322800000;1.0
05507846;786668400000;1.0
05512255;786668400000;1.0
05578094;786841200000;1.0
05632295;786841200000;1.0
05591238;787964400000;1.0
05545238;788655600000;1.0
05622534;788742000000;1.0
05620487;788742000000;1.0
05688296;788742000000;1.0
05681360;789778800000;1.0
05516967;791420400000;1.0
05697990;791506800000;1.0
05632788;791506800000;1.0
05626638;792025200000;1.0
05550312;792025200000;1.0
05620488;792284400000;1.0
05512070;792889200000;1.0
05478962;793321200000;1.0
05564399;793321200000;1.0
05551958;793580400000;1.0
05645616;793580400000;1.0
05634950;793580400000;1.0
05632858;793926000000;1.0
05772708;795394800000;1.0
05607487;795394800000;1.0
05554202;795740400000;1.0
05613532;796428000000;1.0
05534040;796600800000;1.0
05588974;796946400000;1.0
05611684;797464800000;1.0
05543117;797551200000;1.0
05577346;797724000000;1.0
05616302;797896800000;1.0
05755839;798242400000;1.0
05656044;799797600000;1.0
05546701;800488800000;1.0
05529484;800488800000;1.0
05676712;800575200000;1.0
05741474;800748000000;1.0
05656043;800834400000;1.0
05735934;801784800000;1.0
05571294;802044000000;1.0
05578093;802303200000;1.0
05728183;802389600000;1.0
05789644;802389600000;1.0
05584255;802476000000;1.0
05851246;802476000000;1.0
05628181;802476000000;1.0
05593640;802476000000;1.0
05630853;802648800000;1.0
05651800;803772000000;1.0
05674301;803772000000;1.0
05632787;806191200000;1.0
05653916;806364000000;1.0
05645615;808264800000;1.0
05580362;809474400000;1.0
05660603;810252000000;1.0
05551407;811116000000;1.0
05824121;811548000000;1.0
05741440;811983600000;1.0
05647876;812070000000;1.0
05725615;812588400000;1.0
05573559;814143600000;1.0
05707408;814143600000;1.0
05725614;814489200000;1.0
05626637;814575600000;1.0
05827335;815698800000;1.0
05628911;816044400000;1.0
05830423;816994800000;1.0
05605551;817340400000;1.0
05895211;818031600000;1.0
05685890;819068400000;1.0
05833934;819414000000;1.0
05653774;819500400000;1.0
05624470;819586800000;1.0
05647877;819673200000;1.0
05733347;820018800000;1.0
05908475;820537200000;1.0
05725616;820623600000;1.0
05711770;820710000000;1.0
05853674;821314800000;1.0
05683550;823474800000;1.0
05862796;824079600000;1.0
05673672;824857200000;1.0
06251148;826758000000;1.0
05580361;826930800000;1.0
05869011;827276400000;1.0
05642613;827362800000;1.0
05827336;827449200000;1.0
05735917;828396000000;1.0
05819992;828482400000;1.0
05720785;828655200000;1.0
05711771;828914400000;1.0
05857421;828914400000;1.0
05755841;829260000000;1.0
05858314;829260000000;1.0
05911155;829692000000;1.0
05746788;830296800000;1.0
05700311;830815200000;1.0
05843195;831074400000;1.0
05660602;831160800000;1.0
05788724;831420000000;1.0
05752994;832024800000;1.0
05868805;832284000000;1.0
05861046;832716000000;1.0
05787822;832888800000;1.0
05769909;833493600000;1.0
05702491;834098400000;1.0
05792313;834357600000;1.0
05873950;834616800000;1.0
05718881;835567200000;1.0
05800798;835653600000;1.0
05693188;835826400000;1.0
05772707;836172000000;1.0
05851497;837554400000;1.0
05865262;838159200000;1.0
05803937;838159200000;1.0
05912198;838850400000;1.0
05755840;839196000000;1.0
05895508;839541600000;1.0
05849050;839973600000;1.0
05958297;839973600000;1.0
05900515;840492000000;1.0
05658359;840751200000;1.0
06126908;841010400000;1.0
05776420;841874400000;1.0
05776212;842565600000;1.0
05782032;842911200000;1.0
05797379;843084000000;1.0
05997595;843688800000;1.0
05931978;843688800000;1.0
05803936;843688800000;1.0
05676713;843861600000;1.0
05861137;846630000000;1.0
06267938;847062000000;1.0
06149765;847753200000;1.0
05876469;847926000000;1.0
05833723;848012400000;1.0
05900224;849049200000;1.0
05730763;849481200000;1.0
06432375;850258800000;1.0
06149773;850431600000;1.0
06028234;850777200000;1.0
05955039;850950000000;1.0
05814112;850950000000;1.0
05762658;851295600000;1.0
05938975;851295600000;1.0
05755838;851554800000;1.0
06039774;851554800000;1.0
05753198;851900400000;1.0
05782958;851900400000;1.0
05733514;852850800000;1.0
05855643;853282800000;1.0
06035791;854578800000;1.0
05785721;854665200000;1.0
05762657;855010800000;1.0
06432149;855183600000;1.0
06033448;855356400000;1.0
05755837;855615600000;1.0
05788723;855788400000;1.0
05895507;855874800000;1.0
05916831;858294000000;1.0
07008459;860536800000;1.0
05846268;860709600000;1.0
05902554;860968800000;1.0
05961928;861055200000;1.0
05811065;861832800000;1.0
05980840;861919200000;1.0
05980596;861919200000;1.0
05916437;862783200000;1.0
05855631;862869600000;1.0
05824122;864684000000;1.0
06110239;864943200000;1.0
05958091;865202400000;1.0
06077323;865548000000;1.0
05935532;866152800000;1.0
05984986;866412000000;1.0
05935277;866412000000;1.0
05922090;866584800000;1.0
05762490;866671200000;1.0
05955040;867016800000;1.0
06033447;867189600000;1.0
RE039675;867621600000;1.0
05921765;867621600000;1.0
06086722;868399200000;1.0
05817157;868485600000;1.0
05900031;868917600000;1.0
06217626;869004000000;1.0
05860407;869781600000;1.0
05927216;869781600000;1.0
05827053;869781600000;1.0
05934541;870386400000;1.0
05914284;870645600000;1.0
05937838;870732000000;1.0
06048374;871855200000;1.0
06208913;871855200000;1.0
05858033;872028000000;1.0
06074447;872632800000;1.0
05964908;872719200000;1.0
05997596;873410400000;1.0
05809979;874360800000;1.0
06120925;874879200000;1.0
06187066;875052000000;1.0
06024774;875138400000;1.0
05997594;876866400000;1.0
05968212;877298400000;1.0
05980858;877471200000;1.0
06001499;877644000000;1.0
05945074;877993200000;1.0
05935533;877993200000;1.0
05938800;879375600000;1.0
06439135;880412400000;1.0
06051195;880498800000;1.0
05948370;880930800000;1.0
06144897;881622000000;1.0
05932181;881708400000;1.0
06022387;882226800000;1.0
05961673;882831600000;1.0
06206941;883695600000;1.0
05993761;884559600000;1.0
06117808;885337200000;1.0
06096106;886460400000;1.0
06293979;886719600000;1.0
06159434;887065200000;1.0
06099811;887324400000;1.0
06153152;887670000000;1.0
05849073;887756400000;1.0
05931661;888447600000;1.0
06103773;888534000000;1.0
06066187;888966000000;1.0
06025576;888966000000;1.0
05976203;891900000000;1.0
06067915;893628000000;1.0
06090186;893714400000;1.0
05980846;894405600000;1.0
06428758;895183200000;1.0
05993751;896738400000;1.0
06093372;896997600000;1.0
06162266;896997600000;1.0
05964085;897256800000;1.0
06168688;897861600000;1.0
06051048;898034400000;1.0
06156084;898639200000;1.0
06241792;899071200000;1.0
05998647;899330400000;1.0
06068673;899935200000;1.0
06312482;900280800000;1.0
05984150;900367200000;1.0
05943859;900453600000;1.0
07037473;900540000000;1.0
07060118;900972000000;1.0
06214065;901231200000;1.0
06001144;901663200000;1.0
06279121;901836000000;1.0
06251348;902181600000;1.0
06228224;902181600000;1.0
06274093;902354400000;1.0
06311629;902959200000;1.0
06092364;903304800000;1.0
06005149;903391200000;1.0
06059972;903650400000;1.0
06565817;904860000000;1.0
06471937;904860000000;1.0
06132560;905464800000;1.0
06200430;905724000000;1.0
06136279;908488800000;1.0
06103206;910306800000;1.0
06103079;910306800000;1.0
06120926;910652400000;1.0
06296814;910652400000;1.0
06350288;911257200000;1.0
06066237;911430000000;1.0
06176046;911862000000;1.0
06165436;912985200000;1.0
06207127;912985200000;1.0
06447736;912985200000;1.0
06409974;913330800000;1.0
06162267;913330800000;1.0
06231831;913762800000;1.0
06413479;914454000000;1.0
06138615;915750000000;1.0
06183703;916009200000;1.0
06187067;916182000000;1.0
06190430;916268400000;1.0
06203587;916700400000;1.0
06063355;916873200000;1.0
06089859;917564400000;1.0
06152975;919638000000;1.0
06190429;919724400000;1.0
06368849;920415600000;1.0
06199493;920502000000;1.0
06099815;922143600000;1.0
06296679;923263200000;1.0
06536420;923954400000;1.0
06221117;923954400000;1.0
05976373;924127200000;1.0
06342082;924818400000;1.0
06210454;925682400000;1.0
06111154;925768800000;1.0
06200541;926028000000;1.0
06350289;926978400000;1.0
06315802;926978400000;1.0
06254652;926978400000;1.0
06913632;927756000000;1.0
06179608;927842400000;1.0
06082993;927842400000;1.0
06211254;928706400000;1.0
06106595;928965600000;1.0
06190623;929656800000;1.0
06350394;930088800000;1.0
06576203;930175200000;1.0
06585940;930175200000;1.0
06123246;930261600000;1.0
06596039;930693600000;1.0
06887286;930866400000;1.0
06358480;931384800000;1.0
06267792;931989600000;1.0
06174161;933285600000;1.0
06213453;933285600000;1.0
06214066;933717600000;1.0
06168425;934754400000;1.0
06398825;935359200000;1.0
06824575;935618400000;1.0
06254733;936136800000;1.0
06896709;936655200000;1.0
06455011;936828000000;1.0
06562088;936828000000;1.0
06332901;937173600000;1.0
06806397;937519200000;1.0
06294148;937778400000;1.0
06193874;938469600000;1.0
06270542;939938400000;1.0
06299657;939938400000;1.0
06579331;941583600000;1.0
06159256;942361200000;1.0
06191901;942620400000;1.0
06676907;942966000000;1.0
06277345;943311600000;1.0
06244198;943916400000;1.0
06730272;943916400000;1.0
06524356;944521200000;1.0
06610112;944521200000;1.0
06488728;944780400000;1.0
06585784;945039600000;1.0
06202707;945212400000;1.0
06431799;945385200000;1.0
06632409;945730800000;1.0
06455008;945903600000;1.0
06589303;945903600000;1.0
07410288;945990000000;1.0
07090707;947718000000;1.0
06495731;948668400000;1.0
06692707;949878000000;1.0
06241802;949964400000;1.0
07048772;950137200000;1.0
07261866;950828400000;1.0
06830597;950828400000;1.0
06133328;951174000000;1.0
06531103;952556400000;1.0
06613112;952902000000;1.0
06733552;952902000000;1.0
06648932;953074800000;1.0
06902711;953593200000;1.0
07217302;953679600000;1.0
06437769;953766000000;1.0
06524355;954799200000;1.0
06511521;956095200000;1.0
06833013;956613600000;1.0
06223762;956872800000;1.0
07066973;957218400000;1.0
06641625;957218400000;1.0
06986797;957218400000;1.0
06613127;957477600000;1.0
06429020;959896800000;1.0
06419888;959896800000;1.0
06802876;960501600000;1.0
07087097;960501600000;1.0
06620389;961538400000;1.0
07214252;962056800000;1.0
06887436;962056800000;1.0
06830596;962229600000;1.0
06786943;962834400000;1.0
06852293;963266400000;1.0
07211429;964044000000;1.0
07147681;965167200000;1.0
06648931;965685600000;1.0
06375906;965858400000;1.0
07135048;965858400000;1.0
06841279;966376800000;1.0
06475451;966981600000;1.0
06767375;967154400000;1.0
06802875;967586400000;1.0
06287415;967672800000;1.0
06491501;967759200000;1.0
07018435;968104800000;1.0
06360811;968191200000;1.0
06893619;968796000000;1.0
07056361;968882400000;1.0
07025941;969228000000;1.0
06837910;969314400000;1.0
07077878;969573600000;1.0
06436354;969919200000;1.0
06444179;970696800000;1.0
06585785;972597600000;1.0
06814940;972860400000;1.0
06843814;973465200000;1.0
06694744;973724400000;1.0
06767376;973810800000;1.0
06926646;974070000000;1.0
07261750;974674800000;1.0
06457483;975538800000;1.0
06827912;975538800000;1.0
07087098;975625200000;1.0
06899741;977353200000;1.0
06866091;977439600000;1.0
06972119;977871600000;1.0
06601562;978476400000;1.0
06293978;978994800000;1.0
07300635;979081200000;1.0
06409779;979081200000;1.0
06314895;979599600000;1.0
06676716;979858800000;1.0
06336415;980118000000;1.0
06476084;980118000000;1.0
06805773;980982000000;1.0
06752968;981414000000;1.0
06692545;981673200000;1.0
06964692;981673200000;1.0
06896858;981932400000;1.0
06929785;982018800000;1.0
06706199;982018800000;1.0
07160342;982018800000;1.0
06972114;982278000000;1.0
06790383;982278000000;1.0
06911187;982278000000;1.0
06929668;982796400000;1.0
06521003;983228400000;1.0
06746497;983228400000;1.0
07279019;983314800000;1.0
06669923;983487600000;1.0
07232472;983833200000;1.0
06635094;984092400000;1.0
06793698;984092400000;1.0
06623537;984092400000;1.0
07465324;984351600000;1.0
06495112;984697200000;1.0
07118606;985129200000;1.0
06824576;985903200000;1.0
07338644;987026400000;1.0
06732796;988063200000;1.0
06880635;988063200000;1.0
07285143;988322400000;1.0
06997965;989272800000;1.0
07189371;989272800000;1.0
06872378;989272800000;1.0
06835219;989791200000;1.0
06776809;990396000000;1.0
07135049;990655200000;1.0
06767518;990741600000;1.0
06645651;991346400000;1.0
06410283;991864800000;1.0
06869585;992383200000;1.0
06773472;993420000000;1.0
06890672;993506400000;1.0
07141223;994111200000;1.0
06932847;994370400000;1.0
06923944;994629600000;1.0
06911058;994629600000;1.0
07169197;994716000000;1.0
07316718;994802400000;1.0
06632261;994975200000;1.0
06591872;995407200000;1.0
06818028;995407200000;1.0
06875246;995580000000;1.0
07101513;996098400000;1.0
06669917;996530400000;1.0
06725878;996616800000;1.0
07018436;997048800000;1.0
07135050;997394400000;1.0
07261748;998344800000;1.0
06770106;998949600000;1.0
07259286;998949600000;1.0
06919055;999122400000;1.0
06569213;999208800000;1.0
07004985;999640800000;1.0
06699035;999727200000;1.0
06565744;999813600000;1.0
06991663;1000245600000;1.0
06647903;1000418400000;1.0
06601543;1001023200000;1.0
06939384;1001023200000;1.0
06793899;1001023200000;1.0
07357821;1001541600000;1.0
07357820;1001541600000;1.0
07037472;1001887200000;1.0
06485296;1002060000000;1.0
06838063;1002232800000;1.0
06811578;1003096800000;1.0
06921516;1003096800000;1.0
06835360;1003096800000;1.0
06615748;1003356000000;1.0
07531015;1003356000000;1.0
06936082;1003701600000;1.0
07022148;1003960800000;1.0
07377950;1004310000000;1.0
06786942;1004482800000;1.0
07201783;1004569200000;1.0
06773630;1004655600000;1.0
06790246;1004655600000;1.0
07163566;1004914800000;1.0
06458189;1005692400000;1.0
06780211;1005692400000;1.0
06613111;1005865200000;1.0
06926748;1006124400000;1.0
06759016;1006729200000;1.0
06960234;1007420400000;1.0
07367996;1007506800000;1.0
07226490;1007506800000;1.0
06960235;1007506800000;1.0
07455817;1007506800000;1.0
06811907;1007766000000;1.0
06941879;1007938800000;1.0
07189270;1007938800000;1.0
06921517;1008025200000;1.0
06824577;1008111600000;1.0
06887285;1008111600000;1.0
07022149;1008198000000;1.0
06936081;1008543600000;1.0
07247293;1008630000000;1.0
06537352;1008716400000;1.0
06808543;1008802800000;1.0
07238215;1008889200000;1.0
07070633;1008889200000;1.0
07284491;1008889200000;1.0
07678164;1010530800000;1.0
07008460;1010530800000;1.0
06805721;1010617200000;1.0
06793700;1010962800000;1.0
07147680;1011826800000;1.0
07033552;1012431600000;1.0
06571604;1012950000000;1.0
06619333;1013554800000;1.0
07449052;1013641200000;1.0
07008707;1013727600000;1.0
06800386;1014591600000;1.0
07101411;1014678000000;1.0
07267804;1014764400000;1.0
07108933;1014850800000;1.0
06663681;1014850800000;1.0
06955695;1015282800000;1.0
06998096;1016146800000;1.0
07399325;1016146800000;1.0
07097675;1017183600000;1.0
07413681;1017270000000;1.0
07300643;1017612000000;1.0
07229483;1017612000000;1.0
07282073;1017698400000;1.0
06709779;1017957600000;1.0
07166139;1018303200000;1.0
06664302;1018562400000;1.0
06680137;1018821600000;1.0
06852215;1019080800000;1.0
07005113;1019167200000;1.0
07214251;1019512800000;1.0
07160340;1019772000000;1.0
06790247;1019772000000;1.0
07270688;1019772000000;1.0
07172638;1020031200000;1.0
07160341;1020031200000;1.0
07232553;1020290400000;1.0
06758461;1021327200000;1.0
06790416;1022536800000;1.0
07182921;1023055200000;1.0
06881394;1023746400000;1.0
07455705;1024524000000;1.0
07097813;1024610400000;1.0
06685754;1024869600000;1.0
06769244;1024956000000;1.0
07470294;1025128800000;1.0
07442349;1025128800000;1.0
06863878;1025474400000;1.0
07537623;1026165600000;1.0
06746496;1026165600000;1.0
06773691;1026770400000;1.0
06977002;1027029600000;1.0
07195742;1027634400000;1.0
07160523;1027634400000;1.0
07501103;1027893600000;1.0
06872379;1028066400000;1.0
06797022;1028498400000;1.0
06613562;1029189600000;1.0
07078229;1029189600000;1.0
07250151;1029362400000;1.0
07083657;1029794400000;1.0
06981994;1029880800000;1.0
07056480;1029880800000;1.0
07803202;1029967200000;1.0
06953870;1030312800000;1.0
07037349;1030485600000;1.0
06869456;1030485600000;1.0
06793699;1031090400000;1.0
07261749;1031176800000;1.0
07316719;1031263200000;1.0
07201883;1031781600000;1.0
07132002;1032127200000;1.0
07201782;1032127200000;1.0
06641626;1032386400000;1.0
07223373;1032732000000;1.0
07267698;1032732000000;1.0
07189271;1032732000000;1.0
07341609;1033596000000;1.0
07186388;1033596000000;1.0
06887456;1033682400000;1.0
07303597;1034632800000;1.0
07056360;1036364400000;1.0
06800258;1036450800000;1.0
06779548;1036537200000;1.0
07115233;1036710000000;1.0
07452393;1037746800000;1.0
06669744;1037919600000;1.0
07156887;1038265200000;1.0
07165393;1038870000000;1.0
06964696;1038956400000;1.0
07481856;1038956400000;1.0
06903259;1039129200000;1.0
07198761;1039474800000;1.0
06808693;1039561200000;1.0
07153333;1039561200000;1.0
06995288;1039647600000;1.0
07024869;1039993200000;1.0
06745799;1039993200000;1.0
07192459;1039993200000;1.0
07160344;1040166000000;1.0
07201983;1040252400000;1.0
07503945;1040338800000;1.0
07223296;1040598000000;1.0
07276214;1041548400000;1.0
07141085;1042671600000;1.0
07179313;1042758000000;1.0
07192458;1042758000000;1.0
06802974;1043103600000;1.0
07485160;1043276400000;1.0
07648541;1043362800000;1.0
07045231;1043622000000;1.0
07131264;1043794800000;1.0
07208530;1044313200000;1.0
RE040419;1044313200000;1.0
07105033;1044399600000;1.0
06632270;1045695600000;1.0
07192460;1046386800000;1.0
07140181;1046646000000;1.0
07033570;1046991600000;1.0
06953488;1047510000000;1.0
07156886;1047596400000;1.0
07276095;1047596400000;1.0
07338643;1047855600000;1.0
07465325;1047942000000;1.0
07531016;1048028400000;1.0
06835482;1048114800000;1.0
07195657;1048546800000;1.0
06932958;1048633200000;1.0
07431898;1048806000000;1.0
06932848;1048806000000;1.0
07108730;1049148000000;1.0
07235217;1049407200000;1.0
07318970;1049407200000;1.0
07081144;1049407200000;1.0
07544431;1049925600000;1.0
07037611;1050012000000;1.0
07380413;1050271200000;1.0
07497882;1050962400000;1.0
07344687;1051135200000;1.0
07465844;1051221600000;1.0
07387650;1051221600000;1.0
06719831;1052085600000;1.0
06723156;1052085600000;1.0
07101530;1052172000000;1.0
07082753;1052172000000;1.0
06858049;1052258400000;1.0
07252693;1052690400000;1.0
07115148;1052776800000;1.0
07160343;1053036000000;1.0
07041273;1053295200000;1.0
07153334;1053468000000;1.0
07220392;1053554400000;1.0
07083658;1054159200000;1.0
06926747;1054677600000;1.0
07547331;1055109600000;1.0
07491250;1055196000000;1.0
07393369;1055282400000;1.0
07507384;1055455200000;1.0
07011768;1055714400000;1.0
06719817;1055800800000;1.0
07128769;1056060000000;1.0
07318845;1056319200000;1.0
07648084;1056405600000;1.0
07635399;1056664800000;1.0
07192569;1056924000000;1.0
07488458;1057096800000;1.0
07374591;1057096800000;1.0
07824455;1057788000000;1.0
06767389;1058738400000;1.0
07172736;1059343200000;1.0
07452391;1059516000000;1.0
06895924;1059948000000;1.0
07175817;1059948000000;1.0
07141231;1060552800000;1.0
07220290;1060552800000;1.0
07344571;1060812000000;1.0
07021223;1061244000000;1.0
07141216;1061762400000;1.0
07410515;1061762400000;1.0
07179443;1062021600000;1.0
06951796;1062626400000;1.0
07094487;1062712800000;1.0
07842110;1063144800000;1.0
07306771;1063317600000;1.0
07267697;1063576800000;1.0
07318846;1064268000000;1.0
07226566;1064268000000;1.0
07488360;1064440800000;1.0
06911057;1064872800000;1.0
07115245;1064872800000;1.0
07354257;1065477600000;1.0
07329290;1065564000000;1.0
07232471;1065650400000;1.0
07503946;1066341600000;1.0
07815699;1066687200000;1.0
07524342;1066860000000;1.0
07452390;1066860000000;1.0
07244281;1066946400000;1.0
06827751;1067295600000;1.0
07128997;1067468400000;1.0
07070634;1067814000000;1.0
07181906;1069023600000;1.0
07267699;1069110000000;1.0
07534276;1069110000000;1.0
07241322;1069369200000;1.0
07425314;1069974000000;1.0
06824593;1070578800000;1.0
07326263;1070838000000;1.0
07488359;1070924400000;1.0
07128768;1070924400000;1.0
07146801;1071010800000;1.0
07040084;1071183600000;1.0
07837964;1071270000000;1.0
06881052;1071529200000;1.0
07541007;1071788400000;1.0
07214439;1071788400000;1.0
07374742;1071788400000;1.0
06840184;1072134000000;1.0
07297169;1072220400000;1.0
07361199;1073430000000;1.0
07217303;1073948400000;1.0
07648540;1074553200000;1.0
07252692;1074639600000;1.0
07422728;1074812400000;1.0
07374734;1074898800000;1.0
07033822;1075158000000;1.0
07547334;1075417200000;1.0
07416570;1076540400000;1.0
07500998;1076626800000;1.0
07811340;1077577200000;1.0
06901907;1077750000000;1.0
07435274;1077750000000;1.0
07517372;1077750000000;1.0
07563292;1077836400000;1.0
07717970;1077836400000;1.0
07293511;1078182000000;1.0
07399326;1078354800000;1.0
07303598;1078441200000;1.0
07517557;1078441200000;1.0
07780945;1078786800000;1.0
07517507;1078959600000;1.0
07138001;1079305200000;1.0
07493765;1079910000000;1.0
07344572;1079996400000;1.0
07794513;1079996400000;1.0
07517374;1080169200000;1.0
07416572;1081116000000;1.0
07247281;1081202400000;1.0
06910468;1081288800000;1.0
07282189;1081375200000;1.0
07273505;1081461600000;1.0
07462209;1081807200000;1.0
07572432;1081807200000;1.0
07815875;1082584800000;1.0
07258704;1082930400000;1.0
07429372;1083016800000;1.0
07178548;1083189600000;1.0
07297186;1083794400000;1.0
07591982;1084399200000;1.0
07641889;1084485600000;1.0
07763217;1084744800000;1.0
07503948;1084831200000;1.0
07560081;1085522400000;1.0
07497881;1086127200000;1.0
07066972;1086127200000;1.0
07700070;1086213600000;1.0
07575610;1086559200000;1.0
07638039;1087250400000;1.0
07604673;1088114400000;1.0
07276096;1088114400000;1.0
07462208;1088114400000;1.0
07128767;1088632800000;1.0
07556781;1089064800000;1.0
07306781;1089324000000;1.0
07410622;1089669600000;1.0
07213395;1089756000000;1.0
07637970;1089756000000;1.0
07270689;1089756000000;1.0
07442216;1090188000000;1.0
07682597;1090620000000;1.0
07658776;1090879200000;1.0
07240483;1091397600000;1.0
07500997;1091484000000;1.0
07547333;1091484000000;1.0
07261751;1091743200000;1.0
07150769;1092348000000;1.0
07459131;1092607200000;1.0
07006316;1092607200000;1.0
07399329;1093212000000;1.0
07402188;1093903200000;1.0
07500999;1093989600000;1.0
07419737;1094076000000;1.0
07332003;1094076000000;1.0
07737311;1094162400000;1.0
07585339;1095199200000;1.0
06969411;1095804000000;1.0
07572304;1096322400000;1.0
07776208;1096581600000;1.0
07387651;1096581600000;1.0
07473286;1097618400000;1.0
07531146;1097618400000;1.0
07780747;1097704800000;1.0
07285186;1098136800000;1.0
07722689;1098309600000;1.0
07399328;1098828000000;1.0
07540891;1099000800000;1.0
07217304;1099000800000;1.0
07279142;1099436400000;1.0
07052530;1100473200000;1.0
07329291;1100646000000;1.0
07389786;1100646000000;1.0
07186396;1101164400000;1.0
07452392;1101164400000;1.0
07666236;1101682800000;1.0
07442217;1101942000000;1.0
07097676;1102287600000;1.0
07381229;1102460400000;1.0
07299655;1102460400000;1.0
07431746;1102546800000;1.0
07465326;1102546800000;1.0
07063026;1102633200000;1.0
07354464;1103238000000;1.0
07354463;1103238000000;1.0
07645307;1103238000000;1.0
07763087;1103238000000;1.0
07593788;1103238000000;1.0
07402287;1103238000000;1.0
07785539;1103238000000;1.0
07351275;1103583600000;1.0
07569085;1104102000000;1.0
07381230;1104361200000;1.0
07485161;1104793200000;1.0
07591864;1105052400000;1.0
07553473;1106175600000;1.0
07419518;1106262000000;1.0
07585338;1106262000000;1.0
07338543;1107298800000;1.0
07578861;1107385200000;1.0
07427304;1108076400000;1.0
07527660;1108422000000;1.0
07514387;1108422000000;1.0
07534275;1108422000000;1.0
07494518;1108508400000;1.0
07494516;1108508400000;1.0
07520908;1108508400000;1.0
07520907;1108508400000;1.0
07094264;1108681200000;1.0
07520917;1108681200000;1.0
07442224;1109026800000;1.0
07695536;1109113200000;1.0
07449036;1109199600000;1.0
07294157;1109199600000;1.0
07857874;1109286000000;1.0
07727293;1109286000000;1.0
07481858;1109286000000;1.0
07481859;1109545200000;1.0
07390337;1110236400000;1.0
07550132;1110322800000;1.0
07416571;1110322800000;1.0
07445650;1110495600000;1.0
07547423;1110927600000;1.0
07785235;1111359600000;1.0
07416569;1111618800000;1.0
07371265;1111705200000;1.0
07754164;1111960800000;1.0
07850749;1112133600000;1.0
07386977;1112133600000;1.0
07033407;1112133600000;1.0
07470293;1112220000000;1.0
07547390;1112565600000;1.0
07556659;1112738400000;1.0
07544337;1112911200000;1.0
07420004;1113256800000;1.0
07235218;1113429600000;1.0
07413585;1113429600000;1.0
07494517;1113516000000;1.0
07377951;1113516000000;1.0
07527661;1113775200000;1.0
07524343;1114034400000;1.0
07368194;1115330400000;1.0
07740669;1115330400000;1.0
07455922;1115330400000;1.0
07407636;1115416800000;1.0
07575614;1116280800000;1.0
07575613;1117058400000;1.0
07520909;1117663200000;1.0
07641994;1117749600000;1.0
07341610;1117749600000;1.0
07354465;1119218400000;1.0
07601186;1119391200000;1.0
07749289;1119391200000;1.0
07691509;1119391200000;1.0
07763220;1119477600000;1.0
07517373;1119996000000;1.0
07637971;1119996000000;1.0
07828546;1120082400000;1.0
07530931;1120687200000;1.0
07828863;1121724000000;1.0
07479169;1121983200000;1.0
07459000;1122588000000;1.0
07658078;1122588000000;1.0
07179312;1122933600000;1.0
07192565;1122933600000;1.0
07288128;1123020000000;1.0
07291194;1123020000000;1.0
07507341;1123192800000;1.0
07435275;1123711200000;1.0
07449037;1123797600000;1.0
07429329;1123797600000;1.0
07455829;1124661600000;1.0
07594939;1124748000000;1.0
07285144;1124920800000;1.0
07615295;1125352800000;1.0
07334400;1126303200000;1.0
07632322;1126562400000;1.0
07601302;1126821600000;1.0
07524344;1128376800000;1.0
07537626;1129240800000;1.0
07575612;1130713200000;1.0
07351395;1131058800000;1.0
07438732;1131750000000;1.0
07547385;1131922800000;1.0
07736401;1132009200000;1.0
07676924;1132009200000;1.0
07497883;1132182000000;1.0
07691160;1132182000000;1.0
07632320;1132268400000;1.0
07700053;1132268400000;1.0
07540893;1133823600000;1.0
07628963;1133823600000;1.0
07449372;1133910000000;1.0
07621973;1134601200000;1.0
07503947;1134946800000;1.0
07749465;1135119600000;1.0
07473381;1135724400000;1.0
07241323;1136847600000;1.0
07399327;1137625200000;1.0
07438734;1137625200000;1.0
07749304;1138575600000;1.0
07293409;1139266800000;1.0
07758663;1139871600000;1.0
07753971;1139958000000;1.0
07842108;1140044400000;1.0
07608170;1140044400000;1.0
07744663;1140044400000;1.0
07547332;1140649200000;1.0
07758662;1141081200000;1.0
07655215;1141599600000;1.0
07449158;1141599600000;1.0
07744665;1141686000000;1.0
07704070;1141858800000;1.0
07547422;1142204400000;1.0
07467660;1143756000000;1.0
07618558;1144360800000;1.0
07487601;1144360800000;1.0
07395818;1144706400000;1.0
07842109;1145570400000;1.0
07569086;1145829600000;1.0
07285142;1146175200000;1.0
07571602;1146607200000;1.0
07531014;1147039200000;1.0
07857875;1147298400000;1.0
07854775;1147384800000;1.0
07658892;1148421600000;1.0
07195663;1148508000000;1.0
07472545;1148508000000;1.0
07357855;1148940000000;1.0
07858245;1149199200000;1.0
07754161;1149458400000;1.0
07562522;1149544800000;1.0
07445649;1149631200000;1.0
07533521;1149804000000;1.0
07736400;1150063200000;1.0
07481857;1150322400000;1.0
07686856;1150668000000;1.0
07670394;1150840800000;1.0
07670395;1150840800000;1.0
07540892;1150840800000;1.0
07645902;1150927200000;1.0
07662195;1151013600000;1.0
07780933;1151359200000;1.0
07507266;1152223200000;1.0
07610751;1153432800000;1.0
07695693;1153778400000;1.0
07531159;1153864800000;1.0
07614214;1153864800000;1.0
07776114;1153951200000;1.0
07624570;1153951200000;1.0
07271201;1154901600000;1.0
07713319;1155679200000;1.0
07740811;1156197600000;1.0
07662349;1156975200000;1.0
07438877;1157061600000;1.0
07608120;1157148000000;1.0
07632321;1158012000000;1.0
07412974;1158098400000;1.0
07650746;1158703200000;1.0
07438733;1158876000000;1.0
07722831;1159135200000;1.0
07670587;1159135200000;1.0
07563417;1159308000000;1.0
07780748;1159308000000;1.0
07662350;1159308000000;1.0
07572417;1159394400000;1.0
07727294;1160431200000;1.0
07815700;1161122400000;1.0
07587995;1161813600000;1.0
07544837;1162162800000;1.0
07736399;1162854000000;1.0
07648566;1163026800000;1.0
07744664;1163545200000;1.0
07622087;1163631600000;1.0
07740670;1163631600000;1.0
07678951;1163718000000;1.0
07753973;1165791600000;1.0
07780749;1165791600000;1.0
07621972;1165964400000;1.0
07578669;1166050800000;1.0
07687035;1166396400000;1.0
07740671;1166396400000;1.0
07803216;1166742000000;1.0
07811341;1167174000000;1.0
07854776;1167174000000;1.0
07665296;1167951600000;1.0
07845414;1168210800000;1.0
07758822;1168988400000;1.0
07749290;1169161200000;1.0
07670574;1169161200000;1.0
07674444;1169506800000;1.0
07731783;1169593200000;1.0
07776112;1170889200000;1.0
07563525;1171321200000;1.0
07810315;1171926000000;1.0
07569204;1172444400000;1.0
07780750;1172617200000;1.0
07626061;1173049200000;1.0
07610752;1173308400000;1.0
07544340;1173740400000;1.0
07410531;1174345200000;1.0
07666237;1174345200000;1.0
07776284;1174431600000;1.0
07763088;1174860000000;1.0
07650747;1175032800000;1.0
07789920;1176069600000;1.0
07566351;1177020000000;1.0
07556660;1177538400000;1.0
07572363;1177538400000;1.0
07788930;1177970400000;1.0
07749291;1178488800000;1.0
07837973;1178575200000;1.0
07601187;1178661600000;1.0
07569199;1178661600000;1.0
07731918;1179180000000;1.0
07549413;1179439200000;1.0
07645433;1180562400000;1.0
07717971;1181080800000;1.0
07622208;1181599200000;1.0
07607409;1182463200000;1.0
07736402;1183932000000;1.0
07744728;1184277600000;1.0
07513919;1184882400000;1.0
07722690;1185141600000;1.0
07651542;1185400800000;1.0
07682411;1185487200000;1.0
07575611;1186524000000;1.0
07856737;1188252000000;1.0
07615198;1188943200000;1.0
07833296;1191189600000;1.0
07708967;1191362400000;1.0
07790059;1192658400000;1.0
07842260;1193090400000;1.0
07713317;1193785200000;1.0
07741377;1193871600000;1.0
07655056;1195167600000;1.0
07670393;1196118000000;1.0
07670136;1196377200000;1.0
07794514;1197241200000;1.0
07645306;1197500400000;1.0
07752845;1199228400000;1.0
07850748;1200351600000;1.0
07695694;1201561200000;1.0
07556031;1201647600000;1.0
07785380;1201820400000;1.0
07763085;1202338800000;1.0
07846226;1202857200000;1.0
07662196;1203375600000;1.0
07485209;1203548400000;1.0
07828864;1204844400000;1.0
07781111;1205190000000;1.0
07473484;1205449200000;1.0
07819932;1207778400000;1.0
07829601;1207864800000;1.0
07763233;1209074400000;1.0
07682718;1209938400000;1.0
07618469;1210629600000;1.0
07552723;1211234400000;1.0
07625414;1211407200000;1.0
07740672;1213653600000;1.0
07837956;1215036000000;1.0
07625528;1217887200000;1.0
07819955;1218405600000;1.0
07658697;1219701600000;1.0
07837765;1220306400000;1.0
07763086;1220565600000;1.0
07766986;1221516000000;1.0
07850034;1221775200000;1.0
07826986;1222380000000;1.0
07638070;1223244000000;1.0
07776113;1230678000000;1.0
07713318;1231110000000;1.0
07736403;1233010800000;1.0
07824625;1234911600000;1.0
07665442;1239573600000;1.0
07789941;1240178400000;1.0
07828979;1241733600000;1.0
07753972;1246399200000;1.0
07806947;1251669600000;1.0
07736596;1254780000000;1.0
07736404;1256162400000;1.0
07730616;1257980400000;1.0
07816044;1268002800000;1.0
