id;ts;originality
03880664;50194800000;1.0
03864192;62031600000;1.0
03941066;68425200000;1.0
03957676;85964400000;1.0
03869386;88729200000;1.0
03882313;89938800000;1.0
03892818;92530800000;1.0
03896045;93740400000;1.0
03900377;95295600000;1.0
03859799;96591600000;1.0
03876716;96850800000;1.0
03888268;100393200000;1.0
03881295;104108400000;1.0
03900304;105577200000;1.0
04189329;105750000000;1.0
03951581;108946800000;1.0
04022708;112921200000;1.0
03932300;116463600000;1.0
04008171;116463600000;1.0
03959172;117846000000;1.0
03948774;118623600000;1.0
04028240;119487600000;1.0
03914184;119660400000;1.0
03940628;120351600000;1.0
03984312;120870000000;1.0
03962080;120870000000;1.0
03963637;121302000000;1.0
04100860;123116400000;1.0
04010108;123375600000;1.0
03881430;123721200000;1.0
03870535;125708400000;1.0
03946679;125881200000;1.0
03916805;125881200000;1.0
04040973;126399600000;1.0
03933989;127090800000;1.0
03884162;127954800000;1.0
03991005;128818800000;1.0
03954381;130978800000;1.0
03888194;131238000000;1.0
03892190;134002800000;1.0
03912577;134348400000;1.0
03907674;135990000000;1.0
04056112;136681200000;1.0
03984206;137026800000;1.0
03943062;137631600000;1.0
03914945;139014000000;1.0
03899404;139791600000;1.0
03899405;139791600000;1.0
04112033;140050800000;1.0
03954556;140050800000;1.0
03925992;140310000000;1.0
03901677;140742000000;1.0
04156658;141606000000;1.0
03935467;141865200000;1.0
03920577;143161200000;1.0
03960763;143247600000;1.0
03977952;145494000000;1.0
03911684;146962800000;1.0
03957647;147394800000;1.0
03954594;147481200000;1.0
03933515;147654000000;1.0
03954661;147999600000;1.0
04019628;152319600000;1.0
03903814;153529200000;1.0
03909381;153961200000;1.0
04051063;153961200000;1.0
03958518;153961200000;1.0
03980417;154738800000;1.0
04009116;156726000000;1.0
03953570;157590000000;1.0
03926129;157935600000;1.0
03988258;159145200000;1.0
03994822;160182000000;1.0
03986977;160614000000;1.0
03983050;160959600000;1.0
03951797;162169200000;1.0
04009990;162687600000;1.0
03969207;163206000000;1.0
04039611;163983600000;1.0
03949052;165193200000;1.0
03953571;165193200000;1.0
03975277;166316400000;1.0
03962114;166402800000;1.0
03974784;166921200000;1.0
04013757;166921200000;1.0
04058479;169081200000;1.0
04100255;169081200000;1.0
04013505;170636400000;1.0
03981965;172191600000;1.0
04018867;173314800000;1.0
03980558;173919600000;1.0
04015997;175215600000;1.0
04021363;175215600000;1.0
04035269;177202800000;1.0
03968756;177634800000;1.0
04028265;178153200000;1.0
04052220;179535600000;1.0
04016096;179708400000;1.0
04039468;179708400000;1.0
04202371;180745200000;1.0
03977966;180745200000;1.0
04077901;181522800000;1.0
03993579;183164400000;1.0
04014766;183250800000;1.0
04097401;183855600000;1.0
04020004;185756400000;1.0
03970531;186361200000;1.0
04017392;188434800000;1.0
04018676;190508400000;1.0
04049462;192927600000;1.0
04020003;193964400000;1.0
04041882;194482800000;1.0
04053432;194569200000;1.0
04072596;194742000000;1.0
04086164;195260400000;1.0
04168243;196470000000;1.0
04065400;197762400000;1.0
04145396;199922400000;1.0
04021676;200268000000;1.0
04108113;200527200000;1.0
04079003;202428000000;1.0
04167491;202946400000;1.0
04059683;203551200000;1.0
04059675;203551200000;1.0
04116705;203551200000;1.0
04018879;204156000000;1.0
04139488;204242400000;1.0
04235738;204242400000;1.0
04038116;205970400000;1.0
04038071;206143200000;1.0
04085061;207180000000;1.0
04017417;207525600000;1.0
04125593;207784800000;1.0
04132558;208476000000;1.0
04131563;209772000000;1.0
04102651;210463200000;1.0
04125477;211068000000;1.0
04279693;212364000000;1.0
04092265;212713200000;1.0
04088737;215737200000;1.0
04086319;216255600000;1.0
04152287;216428400000;1.0
04122028;222994800000;1.0
04136998;223167600000;1.0
04101332;223858800000;1.0
04134831;224118000000;1.0
04157942;225068400000;1.0
04094809;225500400000;1.0
04130439;225586800000;1.0
04115311;226796400000;1.0
04073871;227228400000;1.0
04119561;227401200000;1.0
04145268;227833200000;1.0
04116863;227919600000;1.0
04140066;228351600000;1.0
04129518;228351600000;1.0
04119560;228351600000;1.0
04123380;228952800000;1.0
04263163;229816800000;1.0
04171921;234396000000;1.0
04154698;234568800000;1.0
04167973;234741600000;1.0
04170552;235864800000;1.0
04171226;236383200000;1.0
04194842;237074400000;1.0
04221680;238024800000;1.0
04144311;238024800000;1.0
04138269;239234400000;1.0
04122048;239580000000;1.0
04315831;239580000000;1.0
04144162;241912800000;1.0
04118243;241999200000;1.0
04149968;243640800000;1.0
04113504;244681200000;1.0
04154811;244940400000;1.0
04178109;245372400000;1.0
04174293;245458800000;1.0
04180557;246063600000;1.0
04148745;246754800000;1.0
04234448;246754800000;1.0
04179263;246841200000;1.0
04172807;247100400000;1.0
04204974;247964400000;1.0
04170551;248310000000;1.0
04158639;248310000000;1.0
04192629;249865200000;1.0
04208298;250124400000;1.0
04141854;250902000000;1.0
04209420;250902000000;1.0
04202792;251334000000;1.0
04235737;252198000000;1.0
04176060;252630000000;1.0
04164479;253407600000;1.0
04209421;254530800000;1.0
04229316;255308400000;1.0
04192765;256345200000;1.0
04236464;257986800000;1.0
04224177;258246000000;1.0
04212682;258591600000;1.0
04206073;258678000000;1.0
04144152;259801200000;1.0
04188892;259887600000;1.0
04203863;259974000000;1.0
04144149;259974000000;1.0
04296074;261007200000;1.0
04204975;261698400000;1.0
04758387;261957600000;1.0
04173546;262389600000;1.0
04235739;263167200000;1.0
04209335;264808800000;1.0
04234632;264981600000;1.0
04198914;266018400000;1.0
04297304;266191200000;1.0
04257912;266450400000;1.0
04189254;267228000000;1.0
04277362;267746400000;1.0
04216041;268869600000;1.0
04153669;268956000000;1.0
04173190;269042400000;1.0
04252667;269215200000;1.0
04234447;269474400000;1.0
04142912;269474400000;1.0
04242220;270684000000;1.0
04230597;270943200000;1.0
04166709;270943200000;1.0
04162298;271461600000;1.0
04191549;272584800000;1.0
04222889;274399200000;1.0
04208217;275522400000;1.0
04163682;276390000000;1.0
04210457;276994800000;1.0
04226631;277945200000;1.0
04215095;277945200000;1.0
04255067;278809200000;1.0
04187187;279154800000;1.0
04326820;281055600000;1.0
04299721;281228400000;1.0
04285830;281228400000;1.0
04280921;281314800000;1.0
04231822;282783600000;1.0
04189362;285202800000;1.0
04240952;285202800000;1.0
04253985;285375600000;1.0
04230053;287017200000;1.0
04271034;288399600000;1.0
04300056;288831600000;1.0
04280922;289609200000;1.0
04246255;291852000000;1.0
04226630;291938400000;1.0
04293437;292456800000;1.0
04331088;293320800000;1.0
04363757;294271200000;1.0
04246104;294271200000;1.0
04312774;294271200000;1.0
04354954;294271200000;1.0
04249949;295480800000;1.0
04320028;295740000000;1.0
04260493;296085600000;1.0
04234449;296863200000;1.0
04225455;298677600000;1.0
04250134;298677600000;1.0
04280987;299455200000;1.0
04274976;299800800000;1.0
04290908;300060000000;1.0
04344872;300578400000;1.0
04268409;301010400000;1.0
04257792;302479200000;1.0
04268188;302738400000;1.0
04333847;303084000000;1.0
04277363;303343200000;1.0
04269728;304034400000;1.0
04316814;305330400000;1.0
04409908;306021600000;1.0
04362659;306367200000;1.0
04338215;306972000000;1.0
04277342;307580400000;1.0
04299722;308271600000;1.0
04396541;308444400000;1.0
04254089;309999600000;1.0
04274880;310086000000;1.0
04317684;311295600000;1.0
04313845;312591600000;1.0
04304674;313110000000;1.0
04284514;314492400000;1.0
04307679;314578800000;1.0
04383944;315183600000;1.0
04526712;315183600000;1.0
04341641;316738800000;1.0
04293317;316911600000;1.0
04293438;318034800000;1.0
04361505;318121200000;1.0
04284516;318466800000;1.0
04337167;318553200000;1.0
04327027;318726000000;1.0
04329248;320367600000;1.0
04340499;320540400000;1.0
04496477;321058800000;1.0
04311531;321231600000;1.0
04440673;322354800000;1.0
04358401;323305200000;1.0
04349465;324856800000;1.0
04350620;324856800000;1.0
04383888;325116000000;1.0
04328423;325288800000;1.0
04407742;325461600000;1.0
04331551;325807200000;1.0
04379082;325807200000;1.0
04351749;326325600000;1.0
04289594;326671200000;1.0
04321158;328485600000;1.0
04374762;328917600000;1.0
04301014;329004000000;1.0
04303477;329349600000;1.0
04337368;329522400000;1.0
04352332;330213600000;1.0
04376070;330732000000;1.0
04377507;330732000000;1.0
04295883;330818400000;1.0
04400313;331164000000;1.0
04314909;331164000000;1.0
04362660;332373600000;1.0
04377508;332373600000;1.0
04377509;332373600000;1.0
04377483;332460000000;1.0
04342732;332632800000;1.0
04351978;332978400000;1.0
04454062;333324000000;1.0
04338134;333583200000;1.0
04341078;334274400000;1.0
04422965;334792800000;1.0
04366095;335138400000;1.0
04352601;335397600000;1.0
04377414;336866400000;1.0
04851156;337384800000;1.0
04432666;337816800000;1.0
04317800;337816800000;1.0
04337711;338421600000;1.0
04354876;338767200000;1.0
04320709;339030000000;1.0
04326090;339807600000;1.0
04400314;340326000000;1.0
04379763;340412400000;1.0
04340471;340930800000;1.0
04353749;341103600000;1.0
04362434;341535600000;1.0
04318789;341708400000;1.0
04390040;341708400000;1.0
04350597;341794800000;1.0
04329179;342226800000;1.0
04344796;343263600000;1.0
04409029;343609200000;1.0
04354942;344041200000;1.0
04375930;344646000000;1.0
04377471;344646000000;1.0
04405512;344646000000;1.0
04350461;344646000000;1.0
04338870;344818800000;1.0
04400936;346460400000;1.0
04410402;346892400000;1.0
04404129;346978800000;1.0
04526713;348102000000;1.0
04358221;348706800000;1.0
04431580;349311600000;1.0
04401591;349484400000;1.0
04382026;349657200000;1.0
04397801;350521200000;1.0
04424148;351212400000;1.0
04336069;351212400000;1.0
04347225;351990000000;1.0
04416609;352335600000;1.0
04347226;352422000000;1.0
04400552;352594800000;1.0
04582637;352940400000;1.0
04404130;353113200000;1.0
04415457;353199600000;1.0
04379081;353199600000;1.0
04409137;354322800000;1.0
04582638;354495600000;1.0
04432894;354751200000;1.0
04434074;355010400000;1.0
04376598;355356000000;1.0
04434092;355356000000;1.0
04335978;355442400000;1.0
04469629;355528800000;1.0
04434028;356306400000;1.0
04383901;356565600000;1.0
04432892;358552800000;1.0
04472298;358639200000;1.0
04474688;358984800000;1.0
04345983;359244000000;1.0
04351718;360194400000;1.0
04424149;360885600000;1.0
04430257;361144800000;1.0
04398475;361404000000;1.0
04444680;362354400000;1.0
04436655;362613600000;1.0
04384923;363218400000;1.0
04490288;363218400000;1.0
04430256;363218400000;1.0
04432344;363996000000;1.0
04379752;364168800000;1.0
04436601;364773600000;1.0
04399020;364773600000;1.0
04416810;365292000000;1.0
04428700;365637600000;1.0
04359005;365810400000;1.0
04376792;368316000000;1.0
04453857;369266400000;1.0
04408985;369266400000;1.0
04353793;370216800000;1.0
04404105;370825200000;1.0
04367986;371343600000;1.0
04446063;371775600000;1.0
04374672;372294000000;1.0
04410422;372639600000;1.0
04435292;372898800000;1.0
04373955;373676400000;1.0
04443309;373762800000;1.0
04445990;374367600000;1.0
04395367;374799600000;1.0
04430021;375318000000;1.0
04422964;375922800000;1.0
04474689;376095600000;1.0
04460499;376700400000;1.0
04439062;377737200000;1.0
04483790;377823600000;1.0
04462318;378601200000;1.0
04461601;379206000000;1.0
04923639;379897200000;1.0
04430160;380761200000;1.0
04481134;381106800000;1.0
04472198;381106800000;1.0
04562001;381452400000;1.0
04475466;382921200000;1.0
04438706;382921200000;1.0
04397829;383353200000;1.0
04402274;384390000000;1.0
04530783;384476400000;1.0
04476048;384994800000;1.0
04490287;384994800000;1.0
04460500;385081200000;1.0
04491540;385167600000;1.0
04400566;385772400000;1.0
04496664;385772400000;1.0
04461722;386805600000;1.0
04469661;386892000000;1.0
04436037;388188000000;1.0
04426936;388188000000;1.0
04469628;388188000000;1.0
04441922;388188000000;1.0
04500449;388360800000;1.0
04770817;388965600000;1.0
04528129;389224800000;1.0
04468376;389224800000;1.0
04459212;389829600000;1.0
04459211;389829600000;1.0
04422940;390434400000;1.0
04432893;390607200000;1.0
04505851;391039200000;1.0
04585583;391039200000;1.0
04472347;391125600000;1.0
04423024;391212000000;1.0
04479443;391384800000;1.0
04482481;391730400000;1.0
04431612;391903200000;1.0
04544499;392248800000;1.0
04549985;392248800000;1.0
04419943;392421600000;1.0
04481040;392508000000;1.0
04481135;393112800000;1.0
04464351;393544800000;1.0
04569787;393631200000;1.0
04487711;394149600000;1.0
04514329;394754400000;1.0
04442028;394927200000;1.0
04460292;395532000000;1.0
04441959;396050400000;1.0
04464294;396741600000;1.0
04508040;397087200000;1.0
04438708;398037600000;1.0
04453476;398037600000;1.0
04463202;398383200000;1.0
04435379;398469600000;1.0
04481072;398642400000;1.0
04659385;398901600000;1.0
04468473;399247200000;1.0
04508641;399247200000;1.0
04560503;399506400000;1.0
04501691;399852000000;1.0
04477354;400197600000;1.0
04693798;400197600000;1.0
04473477;401320800000;1.0
04447667;401493600000;1.0
04492649;401580000000;1.0
04501690;401666400000;1.0
04576513;402015600000;1.0
04435290;402015600000;1.0
04473519;402102000000;1.0
04501788;402188400000;1.0
04417977;402188400000;1.0
04534893;402188400000;1.0
04483716;402188400000;1.0
04525254;402793200000;1.0
04702862;404348400000;1.0
04560502;405644400000;1.0
04437417;406162800000;1.0
04402836;407545200000;1.0
04614643;408150000000;1.0
04471143;409359600000;1.0
04588088;411001200000;1.0
04559171;411865200000;1.0
04483641;412470000000;1.0
04581163;413161200000;1.0
04486512;413679600000;1.0
04488990;414111600000;1.0
04579069;414284400000;1.0
04551553;414716400000;1.0
04525100;414802800000;1.0
04468297;414975600000;1.0
04452635;415234800000;1.0
04572797;415407600000;1.0
04504317;415839600000;1.0
04581162;416098800000;1.0
04622175;417394800000;1.0
04463691;417650400000;1.0
04590000;418600800000;1.0
04594186;419724000000;1.0
04500227;420847200000;1.0
04554002;421884000000;1.0
04447262;421884000000;1.0
04555361;421970400000;1.0
04476791;422661600000;1.0
04466361;422748000000;1.0
04464081;425685600000;1.0
04582004;426204000000;1.0
04460328;426808800000;1.0
04483789;427068000000;1.0
04515672;427932000000;1.0
04575336;427932000000;1.0
04514307;428018400000;1.0
04508697;428191200000;1.0
04481891;428191200000;1.0
04659477;428191200000;1.0
04545540;429919200000;1.0
04465590;429919200000;1.0
04645624;430092000000;1.0
04685220;431301600000;1.0
04477357;431647200000;1.0
04532113;431647200000;1.0
04518507;432252000000;1.0
04600514;432424800000;1.0
04629587;433551600000;1.0
04564469;433551600000;1.0
04620947;435193200000;1.0
04546711;435798000000;1.0
04532028;435798000000;1.0
04526687;435798000000;1.0
04537710;436402800000;1.0
04559170;436662000000;1.0
04541846;436748400000;1.0
04530723;436748400000;1.0
04699667;437612400000;1.0
04543013;437612400000;1.0
04612404;437785200000;1.0
04627937;437871600000;1.0
04824607;437871600000;1.0
04610905;437958000000;1.0
04577999;437958000000;1.0
04509434;438822000000;1.0
04586849;439081200000;1.0
04636335;439599600000;1.0
04528037;439772400000;1.0
04624792;440031600000;1.0
04512900;440118000000;1.0
04571307;440636400000;1.0
04632778;440722800000;1.0
04659512;440809200000;1.0
04610839;440982000000;1.0
04499832;440982000000;1.0
04695324;442450800000;1.0
04533395;442796400000;1.0
04497782;443055600000;1.0
04481090;443660400000;1.0
04642204;443660400000;1.0
04586958;443919600000;1.0
04587116;444870000000;1.0
04701280;445042800000;1.0
04631384;445474800000;1.0
04504321;445820400000;1.0
04549528;446166000000;1.0
04481089;446252400000;1.0
04771707;447548400000;1.0
04649018;447634800000;1.0
04529489;447894000000;1.0
04575427;448066800000;1.0
04489665;448239600000;1.0
04668435;448585200000;1.0
04530292;450050400000;1.0
04599196;450309600000;1.0
04520741;450655200000;1.0
04541907;450914400000;1.0
04580925;452124000000;1.0
04547290;452296800000;1.0
04518508;452383200000;1.0
04489046;452728800000;1.0
04552082;452728800000;1.0
04595528;452988000000;1.0
04910353;453074400000;1.0
04534489;453074400000;1.0
04557204;453506400000;1.0
04644877;453592800000;1.0
04632779;454111200000;1.0
04654172;454111200000;1.0
04618284;454197600000;1.0
04541863;454629600000;1.0
04497663;454716000000;1.0
04897222;454802400000;1.0
04526677;455148000000;1.0
04617180;455320800000;1.0
04624417;455752800000;1.0
04642203;455925600000;1.0
04552667;456962400000;1.0
04568271;457308000000;1.0
04626382;457653600000;1.0
04681706;457826400000;1.0
04664895;458258400000;1.0
04717510;459381600000;1.0
04670227;460936800000;1.0
04591454;461887200000;1.0
04659443;461973600000;1.0
04581442;462405600000;1.0
04855082;463183200000;1.0
04601817;464565600000;1.0
04582613;464824800000;1.0
04615283;464997600000;1.0
04604321;465084000000;1.0
04618686;465084000000;1.0
04628835;465170400000;1.0
04561969;465170400000;1.0
04633091;466383600000;1.0
04651656;467938800000;1.0
04636336;468198000000;1.0
04690180;468716400000;1.0
04602574;468716400000;1.0
04655968;468802800000;1.0
04643846;469666800000;1.0
04654171;469753200000;1.0
04645625;470271600000;1.0
04652404;470617200000;1.0
04622176;471481200000;1.0
04590261;471654000000;1.0
04648990;471826800000;1.0
04650518;471826800000;1.0
04650086;472258800000;1.0
04618376;472258800000;1.0
04585753;472345200000;1.0
04553488;473036400000;1.0
04601832;474246000000;1.0
04659511;474678000000;1.0
04655839;474764400000;1.0
04671897;476060400000;1.0
04636358;476319600000;1.0
04632847;476492400000;1.0
04637465;476665200000;1.0
04623469;478220400000;1.0
04615833;478825200000;1.0
04663086;478911600000;1.0
04682911;479084400000;1.0
04623448;479430000000;1.0
04606283;479516400000;1.0
04671898;480207600000;1.0
04623464;480207600000;1.0
04678396;480639600000;1.0
04755328;480898800000;1.0
04692061;480898800000;1.0
04666696;480898800000;1.0
04615285;481500000000;1.0
04574013;482623200000;1.0
04585533;482709600000;1.0
04668124;482968800000;1.0
04608241;483573600000;1.0
04726916;483660000000;1.0
04673413;484178400000;1.0
04661290;484264800000;1.0
04615809;484869600000;1.0
04632690;486684000000;1.0
04574714;487202400000;1.0
04631183;488498400000;1.0
04585138;489016800000;1.0
04652180;489189600000;1.0
04708775;489621600000;1.0
04686068;489708000000;1.0
04581130;489794400000;1.0
04627388;490831200000;1.0
04615643;491004000000;1.0
04650590;491436000000;1.0
04741776;491522400000;1.0
04710318;491608800000;1.0
04688495;491608800000;1.0
04696768;492040800000;1.0
04624604;492300000000;1.0
04661291;492386400000;1.0
04632765;492732000000;1.0
04675129;492991200000;1.0
04902446;493509600000;1.0
04776409;493855200000;1.0
04708822;494719200000;1.0
04681599;495669600000;1.0
04707230;496274400000;1.0
04695448;496533600000;1.0
04681705;498178800000;1.0
04662941;498697200000;1.0
04598650;498697200000;1.0
04672366;499388400000;1.0
04756681;499388400000;1.0
04715992;499474800000;1.0
04804779;499906800000;1.0
04732705;500598000000;1.0
04689178;500770800000;1.0
04681072;501721200000;1.0
04646660;503017200000;1.0
04664721;503103600000;1.0
04695447;503622000000;1.0
04654203;503881200000;1.0
04772430;504486000000;1.0
04624837;504745200000;1.0
04625661;505004400000;1.0
04701222;506041200000;1.0
04676960;506646000000;1.0
04759879;507250800000;1.0
04764305;507337200000;1.0
04790960;507423600000;1.0
04653312;507510000000;1.0
04707270;507510000000;1.0
04775495;508028400000;1.0
04655932;508374000000;1.0
04666490;508546800000;1.0
04663027;510188400000;1.0
04725164;511138800000;1.0
04648332;512089200000;1.0
04983302;512089200000;1.0
04690810;512175600000;1.0
04658736;512262000000;1.0
04749520;513900000000;1.0
04793947;513986400000;1.0
04795590;514677600000;1.0
04726905;515196000000;1.0
04770715;515368800000;1.0
04778628;516492000000;1.0
04738799;516837600000;1.0
04737316;516924000000;1.0
04847008;517183200000;1.0
04702178;517528800000;1.0
04701219;517788000000;1.0
04804527;519343200000;1.0
04835061;519429600000;1.0
04760268;519948000000;1.0
04676912;520120800000;1.0
04762074;520120800000;1.0
04690781;520552800000;1.0
04643110;521071200000;1.0
04675464;521244000000;1.0
04744829;521416800000;1.0
04735784;521416800000;1.0
04808337;521676000000;1.0
04877353;521676000000;1.0
04661179;522540000000;1.0
04888101;522540000000;1.0
04756852;523490400000;1.0
04738564;523663200000;1.0
04686094;523836000000;1.0
04700638;524095200000;1.0
04784802;524872800000;1.0
04669397;524959200000;1.0
04678493;525304800000;1.0
04687373;525650400000;1.0
04667609;526514400000;1.0
04762647;526687200000;1.0
04741866;527119200000;1.0
04741782;527378400000;1.0
04745226;527724000000;1.0
04762646;528678000000;1.0
04780287;530319600000;1.0
04778626;530751600000;1.0
04725383;530751600000;1.0
04892684;532134000000;1.0
04737356;533516400000;1.0
04806279;533775600000;1.0
04804498;534380400000;1.0
04737315;535244400000;1.0
04793270;535762800000;1.0
04770783;537577200000;1.0
04712618;537750000000;1.0
04761127;538095600000;1.0
04816307;538095600000;1.0
04774026;538268400000;1.0
04800042;538700400000;1.0
04828759;538786800000;1.0
04702804;539218800000;1.0
04731120;539305200000;1.0
04751063;540687600000;1.0
04708641;540774000000;1.0
04822379;542242800000;1.0
04822525;542847600000;1.0
04797232;544658400000;1.0
04772431;544658400000;1.0
04748292;544658400000;1.0
04761182;544831200000;1.0
04755270;545608800000;1.0
04818355;546472800000;1.0
04760783;546472800000;1.0
04877558;546645600000;1.0
04770109;547077600000;1.0
04778627;547682400000;1.0
04781860;547682400000;1.0
04775494;547682400000;1.0
04776982;547768800000;1.0
04785745;548978400000;1.0
04802995;549842400000;1.0
04753181;550188000000;1.0
04834914;550188000000;1.0
04847006;551052000000;1.0
04834917;551397600000;1.0
04780135;551570400000;1.0
05075044;552002400000;1.0
04832806;552088800000;1.0
04832874;552520800000;1.0
04775450;553384800000;1.0
04748921;554940000000;1.0
04819571;555112800000;1.0
04842774;555285600000;1.0
04844840;555890400000;1.0
04800005;555890400000;1.0
04874587;556927200000;1.0
04981650;556927200000;1.0
04751887;558655200000;1.0
04847009;559260000000;1.0
04805444;560041200000;1.0
04859368;560127600000;1.0
04859367;560127600000;1.0
04869731;560559600000;1.0
04768445;560732400000;1.0
05220107;561596400000;1.0
04767572;561855600000;1.0
04818878;564361200000;1.0
04839102;565225200000;1.0
04765257;565398000000;1.0
04855083;566175600000;1.0
04842773;566434800000;1.0
04876036;566780400000;1.0
04818143;568508400000;1.0
04844838;571446000000;1.0
04834915;571964400000;1.0
04892685;571964400000;1.0
04907717;572137200000;1.0
04897221;572828400000;1.0
04844839;574297200000;1.0
04853208;574902000000;1.0
04815398;574988400000;1.0
04804479;575074800000;1.0
05013185;575074800000;1.0
04861519;575247600000;1.0
04863638;575848800000;1.0
04913835;577922400000;1.0
04952315;578700000000;1.0
04828761;578700000000;1.0
04865761;578786400000;1.0
04980091;580514400000;1.0
04882092;581292000000;1.0
04855081;581637600000;1.0
04855080;581637600000;1.0
04889640;581896800000;1.0
04839061;582156000000;1.0
04940519;583365600000;1.0
04874532;583538400000;1.0
04935167;584056800000;1.0
05164123;584316000000;1.0
04904416;585871200000;1.0
04982039;586389600000;1.0
04832122;588463200000;1.0
04882093;589672800000;1.0
04935114;590277600000;1.0
04925597;592614000000;1.0
04871526;593305200000;1.0
04863637;593737200000;1.0
05046613;594860400000;1.0
04919569;595119600000;1.0
04911758;595465200000;1.0
04898692;595638000000;1.0
04927564;595724400000;1.0
04906408;596156400000;1.0
04869749;596242800000;1.0
04937065;597366000000;1.0
04926046;597884400000;1.0
04891164;600044400000;1.0
04943394;601686000000;1.0
04929394;602204400000;1.0
04980094;602809200000;1.0
04927293;604018800000;1.0
04913850;605142000000;1.0
05045241;605401200000;1.0
04975224;605746800000;1.0
04973783;606006000000;1.0
05064575;606351600000;1.0
04931192;606524400000;1.0
04943395;606610800000;1.0
05043103;606610800000;1.0
04952339;606697200000;1.0
04913065;606952800000;1.0
04900500;607039200000;1.0
04950426;607298400000;1.0
05100638;607644000000;1.0
04980092;608248800000;1.0
04931167;609112800000;1.0
04998486;609631200000;1.0
04906409;609717600000;1.0
05045240;609976800000;1.0
05008044;610668000000;1.0
04983306;610668000000;1.0
04933113;610668000000;1.0
04950425;610840800000;1.0
04992174;613260000000;1.0
04980093;613260000000;1.0
04895678;613260000000;1.0
05034054;615420000000;1.0
05008045;616975200000;1.0
04931222;617234400000;1.0
04987313;617925600000;1.0
05015457;619135200000;1.0
04981394;619394400000;1.0
05076971;620258400000;1.0
04980090;620949600000;1.0
04934283;621208800000;1.0
04980039;621640800000;1.0
05016314;622940400000;1.0
05304701;623372400000;1.0
05026464;626396400000;1.0
05252290;628383600000;1.0
04974528;629074800000;1.0
04996019;629334000000;1.0
05114622;629593200000;1.0
04949641;636591600000;1.0
05033533;638661600000;1.0
04978477;638748000000;1.0
05037524;639007200000;1.0
05026484;639007200000;1.0
05155042;639093600000;1.0
05110474;639612000000;1.0
07108808;640389600000;1.0
05037479;640562400000;1.0
05152844;640908000000;1.0
05039350;641167200000;1.0
05096600;641426400000;1.0
05043054;642204000000;1.0
05000101;642808800000;1.0
05160586;643240800000;1.0
05128068;643586400000;1.0
05245937;643932000000;1.0
05051030;644536800000;1.0
05174972;645660000000;1.0
05004551;646005600000;1.0
05032291;646005600000;1.0
05126020;647215200000;1.0
05098612;647474400000;1.0
05113772;648079200000;1.0
05118492;648079200000;1.0
05085838;648338400000;1.0
05100586;648424800000;1.0
05177304;648770400000;1.0
05151263;648856800000;1.0
05130092;650066400000;1.0
05096624;650584800000;1.0
05055237;650584800000;1.0
05073305;651103200000;1.0
05063001;651103200000;1.0
05188809;652053600000;1.0
05143654;653176800000;1.0
05035840;654735600000;1.0
05057227;655426800000;1.0
05118429;657154800000;1.0
05358657;657759600000;1.0
05114623;658537200000;1.0
05075045;658710000000;1.0
05207176;659055600000;1.0
05169566;659746800000;1.0
05093011;660956400000;1.0
05089241;661647600000;1.0
05050511;661734000000;1.0
05158711;661734000000;1.0
05162600;662338800000;1.0
05130051;663202800000;1.0
05207532;663375600000;1.0
05174985;663980400000;1.0
05319176;664671600000;1.0
05268128;665276400000;1.0
05317071;665276400000;1.0
05266494;665276400000;1.0
05096692;665708400000;1.0
05202062;667522800000;1.0
05304709;667695600000;1.0
05134944;667695600000;1.0
05252190;667782000000;1.0
05283010;668214000000;1.0
05100453;668300400000;1.0
05082603;668905200000;1.0
06380454;668991600000;1.0
05318730;669250800000;1.0
05126077;669337200000;1.0
05143653;669337200000;1.0
05302324;669337200000;1.0
05430233;669596400000;1.0
05161915;669855600000;1.0
05277846;669855600000;1.0
05223181;670028400000;1.0
05414203;670114800000;1.0
05133877;670201200000;1.0
05177305;670456800000;1.0
05176885;670456800000;1.0
05191157;670802400000;1.0
05187344;671320800000;1.0
05118447;671407200000;1.0
05221486;671407200000;1.0
05190725;672616800000;1.0
05213758;672616800000;1.0
05264654;672876000000;1.0
05225087;673826400000;1.0
05171483;674344800000;1.0
05245114;674776800000;1.0
05245113;674949600000;1.0
05449250;674949600000;1.0
05140165;675640800000;1.0
05234603;675986400000;1.0
05198128;676072800000;1.0
05097774;676159200000;1.0
05220110;676159200000;1.0
05202522;676245600000;1.0
05238665;676504800000;1.0
05220109;676591200000;1.0
05196620;676764000000;1.0
05245115;677109600000;1.0
05268108;677282400000;1.0
05179903;677714400000;1.0
05300258;677973600000;1.0
05344630;678060000000;1.0
05200082;678405600000;1.0
05351630;678492000000;1.0
05182095;679269600000;1.0
05314264;679269600000;1.0
05248453;679788000000;1.0
05173286;679874400000;1.0
05134946;680133600000;1.0
05193936;680220000000;1.0
05290432;680479200000;1.0
05191154;680738400000;1.0
05090340;681084000000;1.0
05245121;681602400000;1.0
05232484;682034400000;1.0
05340505;682293600000;1.0
05223233;682725600000;1.0
05238842;683157600000;1.0
05370845;683503200000;1.0
05098224;683935200000;1.0
05200033;684367200000;1.0
05220111;684453600000;1.0
05220112;684453600000;1.0
05302179;684540000000;1.0
05225114;685144800000;1.0
05205966;685317600000;1.0
05202033;686185200000;1.0
05180526;686185200000;1.0
05191155;686790000000;1.0
05164174;687135600000;1.0
05298166;687135600000;1.0
05242603;687740400000;1.0
05376283;688345200000;1.0
05234485;688950000000;1.0
05277826;688950000000;1.0
05271340;689295600000;1.0
05185104;689554800000;1.0
05245111;689900400000;1.0
05347070;689986800000;1.0
05245116;690418800000;1.0
05481063;690764400000;1.0
05256338;691023600000;1.0
05252127;691369200000;1.0
05663477;691714800000;1.0
05223231;691974000000;1.0
05173217;692233200000;1.0
05292409;692492400000;1.0
05231938;693529200000;1.0
05245120;693788400000;1.0
05322644;694393200000;1.0
05167711;694393200000;1.0
05260502;694911600000;1.0
05316663;695257200000;1.0
05196617;695343600000;1.0
05279740;695343600000;1.0
05232308;695516400000;1.0
05686365;695516400000;1.0
05456550;695948400000;1.0
05308458;696466800000;1.0
05322603;696639600000;1.0
05273629;697071600000;1.0
05290528;697849200000;1.0
05263794;698454000000;1.0
05762659;698454000000;1.0
05242493;698540400000;1.0
05192735;698540400000;1.0
05325795;698972400000;1.0
05300202;698972400000;1.0
05211858;699058800000;1.0
05284996;699231600000;1.0
05318383;699663600000;1.0
05230809;700268400000;1.0
05284605;700441200000;1.0
05304702;700441200000;1.0
05236283;700873200000;1.0
05259975;700959600000;1.0
05264135;700959600000;1.0
05292456;701046000000;1.0
05284636;701478000000;1.0
05297896;701478000000;1.0
05288411;701992800000;1.0
05891011;702079200000;1.0
05258131;702165600000;1.0
05258562;702165600000;1.0
05273567;702165600000;1.0
05211777;702165600000;1.0
05304704;702597600000;1.0
05414206;702856800000;1.0
05245112;702856800000;1.0
05222448;703116000000;1.0
05191156;703202400000;1.0
05276254;703288800000;1.0
05220108;703375200000;1.0
05366548;703461600000;1.0
05249889;704325600000;1.0
05387739;704412000000;1.0
05539140;704671200000;1.0
05288435;704671200000;1.0
05391020;705103200000;1.0
05336842;705535200000;1.0
05272910;705708000000;1.0
05245118;705794400000;1.0
05298196;706140000000;1.0
05386079;706226400000;1.0
05264192;706399200000;1.0
05304711;707004000000;1.0
05332531;708127200000;1.0
05254796;708732000000;1.0
05414195;708732000000;1.0
05314614;708732000000;1.0
05253597;708818400000;1.0
05347068;708904800000;1.0
05235795;708904800000;1.0
05709842;709423200000;1.0
05380308;709423200000;1.0
05250161;709509600000;1.0
05308696;709768800000;1.0
05430226;709855200000;1.0
05364568;710546400000;1.0
05397551;710632800000;1.0
05304705;710719200000;1.0
05254798;710978400000;1.0
05304708;711064800000;1.0
05224432;711756000000;1.0
05245117;712188000000;1.0
05224118;712188000000;1.0
05304703;712188000000;1.0
05239936;712188000000;1.0
05245119;712274400000;1.0
05362182;712274400000;1.0
05248326;712274400000;1.0
05280149;712447200000;1.0
05422015;712447200000;1.0
05340235;712533600000;1.0
05306861;712533600000;1.0
05308507;712879200000;1.0
05489737;712879200000;1.0
05198122;713397600000;1.0
05197823;713397600000;1.0
05460791;713397600000;1.0
05411149;713484000000;1.0
05324485;713570400000;1.0
05288434;714348000000;1.0
05516972;714607200000;1.0
05245122;714780000000;1.0
05403798;715471200000;1.0
05347078;715557600000;1.0
05234498;715903200000;1.0
05276253;715989600000;1.0
05269975;716076000000;1.0
05340506;716162400000;1.0
05284997;716421600000;1.0
05252307;716421600000;1.0
05264159;716594400000;1.0
05284991;716767200000;1.0
05300137;716767200000;1.0
05302565;716767200000;1.0
05434333;716767200000;1.0
05342589;717112800000;1.0
05267280;717634800000;1.0
05293751;717721200000;1.0
05294412;717807600000;1.0
05347077;717894000000;1.0
05430235;717894000000;1.0
05264655;718239600000;1.0
05294315;718585200000;1.0
05325605;719017200000;1.0
05414196;719190000000;1.0
05298233;719190000000;1.0
05416248;719449200000;1.0
05272740;719449200000;1.0
05226545;719449200000;1.0
05277519;719708400000;1.0
05346549;719794800000;1.0
05306399;719794800000;1.0
05275508;720054000000;1.0
05347069;720140400000;1.0
05269235;720313200000;1.0
05431825;720313200000;1.0
05275509;720658800000;1.0
05387738;720745200000;1.0
05347071;720745200000;1.0
05353718;720745200000;1.0
05284503;721350000000;1.0
05285000;721522800000;1.0
05434331;721954800000;1.0
05260047;722041200000;1.0
05344485;722127600000;1.0
05348665;722214000000;1.0
05262578;722214000000;1.0
05362467;722559600000;1.0
05271341;722818800000;1.0
05434334;722818800000;1.0
05336843;723682800000;1.0
05383745;723769200000;1.0
05332532;723855600000;1.0
05347072;724287600000;1.0
05416253;724460400000;1.0
05372729;724546800000;1.0
05265979;724546800000;1.0
05387717;724633200000;1.0
05389267;724633200000;1.0
05386080;724978800000;1.0
05460792;725065200000;1.0
05345033;725065200000;1.0
05416252;725497200000;1.0
05326467;725497200000;1.0
05285617;725497200000;1.0
05640701;725583600000;1.0
05405595;725583600000;1.0
05430230;725583600000;1.0
05430229;725670000000;1.0
05276255;725670000000;1.0
05336450;725756400000;1.0
05389356;726188400000;1.0
05276249;726274800000;1.0
05301479;726793200000;1.0
05362468;726966000000;1.0
05406019;727052400000;1.0
05276252;727052400000;1.0
05276250;727398000000;1.0
05430227;727570800000;1.0
05378410;727570800000;1.0
05405224;727916400000;1.0
05277869;727916400000;1.0
05273566;728002800000;1.0
05256001;728175600000;1.0
05342442;728607600000;1.0
05345034;728694000000;1.0
05436210;728780400000;1.0
05384051;728866800000;1.0
05386077;729126000000;1.0
05338493;729126000000;1.0
05391887;729298800000;1.0
05372453;729471600000;1.0
05362771;729817200000;1.0
05324137;729990000000;1.0
05304710;729990000000;1.0
05430228;730508400000;1.0
05302297;730681200000;1.0
05354355;730940400000;1.0
05276251;731026800000;1.0
05322389;731199600000;1.0
05304706;731199600000;1.0
05332335;731545200000;1.0
05284995;731545200000;1.0
05364611;731545200000;1.0
05393500;731545200000;1.0
05416251;731890800000;1.0
05527982;732150000000;1.0
05490941;732322800000;1.0
05314265;732322800000;1.0
05330658;732322800000;1.0
05401444;732409200000;1.0
05385194;732409200000;1.0
05322547;732495600000;1.0
05498828;732495600000;1.0
05295761;733014000000;1.0
05457267;733014000000;1.0
05364447;733356000000;1.0
05463163;733356000000;1.0
05545799;733442400000;1.0
05350569;733442400000;1.0
05354940;733528800000;1.0
05301620;733615200000;1.0
05397405;733615200000;1.0
05491279;733701600000;1.0
05640706;733701600000;1.0
05434337;733701600000;1.0
05370827;733701600000;1.0
05387737;734047200000;1.0
05476989;734133600000;1.0
05387735;734220000000;1.0
05489734;734565600000;1.0
05523514;734652000000;1.0
05304707;734911200000;1.0
05345032;735170400000;1.0
06333446;735256800000;1.0
05502268;735429600000;1.0
05363781;735775200000;1.0
05347074;735861600000;1.0
05347073;735948000000;1.0
05417825;735948000000;1.0
05284998;736034400000;1.0
05382736;736380000000;1.0
05391019;736639200000;1.0
05424033;736725600000;1.0
05405429;737157600000;1.0
05310285;737330400000;1.0
05371053;737676000000;1.0
05466489;737762400000;1.0
05451738;738280800000;1.0
05464473;738280800000;1.0
05427247;738280800000;1.0
05423629;738280800000;1.0
05414205;738453600000;1.0
05367116;738972000000;1.0
05414208;739663200000;1.0
05350691;739749600000;1.0
05358760;740008800000;1.0
05457273;740268000000;1.0
05374307;740354400000;1.0
05405225;740613600000;1.0
05434335;740786400000;1.0
05527983;740786400000;1.0
05365012;740959200000;1.0
05368412;740959200000;1.0
05649324;741045600000;1.0
05333146;741218400000;1.0
05495063;741218400000;1.0
05377603;741218400000;1.0
05463169;741218400000;1.0
05491280;741304800000;1.0
05476990;741304800000;1.0
05405509;741391200000;1.0
05399833;741564000000;1.0
05770785;742082400000;1.0
05593301;742168800000;1.0
05348689;742514400000;1.0
05349118;742514400000;1.0
05409617;742514400000;1.0
05422074;742687200000;1.0
05409614;742773600000;1.0
05354149;743032800000;1.0
05457265;743205600000;1.0
05377604;743637600000;1.0
05585532;743896800000;1.0
05387741;743983200000;1.0
05461186;743983200000;1.0
05421673;744242400000;1.0
05413616;744847200000;1.0
05359947;744847200000;1.0
05360632;744933600000;1.0
05534077;745020000000;1.0
05425598;745106400000;1.0
05416249;745106400000;1.0
05430236;745192800000;1.0
05525299;745192800000;1.0
05393394;745192800000;1.0
05397478;745192800000;1.0
05372460;745538400000;1.0
05325797;745624800000;1.0
05328028;745624800000;1.0
05449505;745711200000;1.0
05599372;745884000000;1.0
05425072;746143200000;1.0
05387736;746661600000;1.0
05507927;746834400000;1.0
05413633;746834400000;1.0
05370478;746834400000;1.0
05457269;747007200000;1.0
05358614;747007200000;1.0
05376156;747352800000;1.0
06160194;747439200000;1.0
05562587;747871200000;1.0
05424042;747871200000;1.0
05434338;748130400000;1.0
05457262;748216800000;1.0
05463171;748216800000;1.0
05462655;748476000000;1.0
05352368;748735200000;1.0
05390901;749084400000;1.0
05398914;749084400000;1.0
05414199;749170800000;1.0
05439652;749343600000;1.0
05413718;749343600000;1.0
05457270;749689200000;1.0
05498827;749689200000;1.0
05376749;749775600000;1.0
05462570;749775600000;1.0
05485722;749948400000;1.0
05453562;750380400000;1.0
05393501;750466800000;1.0
05396850;750466800000;1.0
05345031;750553200000;1.0
05584071;750639600000;1.0
05500044;750639600000;1.0
05387734;750898800000;1.0
05436384;750898800000;1.0
05362319;751158000000;1.0
05563066;751590000000;1.0
05382265;751590000000;1.0
05414201;751676400000;1.0
05481061;751676400000;1.0
05457268;751676400000;1.0
05540846;752454000000;1.0
05476993;752454000000;1.0
05512702;752713200000;1.0
05387057;752799600000;1.0
05457271;753058800000;1.0
05591118;753058800000;1.0
05439322;753318000000;1.0
05482402;753318000000;1.0
05445849;753404400000;1.0
05424045;753404400000;1.0
05439318;753490800000;1.0
05476992;753490800000;1.0
05430231;753577200000;1.0
05416247;753663600000;1.0
05433553;753663600000;1.0
05516973;753922800000;1.0
05449854;754268400000;1.0
05414204;754527600000;1.0
05484231;754527600000;1.0
05434332;755132400000;1.0
05439568;755305200000;1.0
05498285;755391600000;1.0
05506301;755737200000;1.0
05573348;755737200000;1.0
05609558;755996400000;1.0
05363780;756342000000;1.0
05463165;756342000000;1.0
05385710;756428400000;1.0
05640707;756601200000;1.0
05430234;757033200000;1.0
05489739;757206000000;1.0
05484533;757638000000;1.0
05402455;757810800000;1.0
05365013;758156400000;1.0
05427737;758242800000;1.0
05591115;758329200000;1.0
05354962;758502000000;1.0
05498825;759106800000;1.0
05489735;759366000000;1.0
05465536;759625200000;1.0
05591415;759625200000;1.0
05386078;759711600000;1.0
05476991;760057200000;1.0
06267931;760230000000;1.0
05457263;761180400000;1.0
05527272;761180400000;1.0
05416257;761526000000;1.0
05376354;761526000000;1.0
05463170;761526000000;1.0
05545796;762130800000;1.0
05538701;762390000000;1.0
05435942;762390000000;1.0
05385429;762390000000;1.0
05397389;762562800000;1.0
05481064;762649200000;1.0
05414200;762994800000;1.0
05384048;763081200000;1.0
05410121;763167600000;1.0
05484978;763340400000;1.0
05639936;763599600000;1.0
05519931;763772400000;1.0
05364508;763772400000;1.0
05545801;763858800000;1.0
05640702;763858800000;1.0
05434336;764204400000;1.0
05516974;764204400000;1.0
05463164;764290800000;1.0
05421672;764377200000;1.0
05463172;764377200000;1.0
05362402;764550000000;1.0
05480556;764550000000;1.0
05496392;764892000000;1.0
05387740;764978400000;1.0
05653675;764978400000;1.0
05403496;765064800000;1.0
05553558;765151200000;1.0
05362404;765410400000;1.0
05489741;765410400000;1.0
05733066;765496800000;1.0
05427738;765756000000;1.0
05461991;766015200000;1.0
05454666;766101600000;1.0
05397481;766188000000;1.0
05534659;766620000000;1.0
05376171;766620000000;1.0
05414207;766706400000;1.0
05461185;766706400000;1.0
05517004;766965600000;1.0
05868943;767224800000;1.0
05472638;767484000000;1.0
05489740;767484000000;1.0
05478389;767484000000;1.0
05663476;767570400000;1.0
05441365;767570400000;1.0
05811631;767570400000;1.0
05649785;767570400000;1.0
05551799;767829600000;1.0
05480524;767916000000;1.0
05648592;767916000000;1.0
05495064;768002400000;1.0
05516971;768088800000;1.0
05476994;768175200000;1.0
05468435;768434400000;1.0
05491281;768693600000;1.0
05678234;768780000000;1.0
05591117;769039200000;1.0
05414202;769212000000;1.0
05457266;769212000000;1.0
05562363;769384800000;1.0
05536114;769384800000;1.0
05630854;769384800000;1.0
05551806;769644000000;1.0
05385105;769644000000;1.0
05474114;769730400000;1.0
05536897;769903200000;1.0
05457272;769989600000;1.0
05639380;770335200000;1.0
05716164;770421600000;1.0
05415744;770421600000;1.0
05516975;770508000000;1.0
05571301;770594400000;1.0
05414197;770594400000;1.0
05478604;770940000000;1.0
05564104;770940000000;1.0
05685542;771458400000;1.0
05573587;771544800000;1.0
05391305;771631200000;1.0
05468347;771717600000;1.0
05550352;771717600000;1.0
05562586;771804000000;1.0
05439567;772063200000;1.0
05470546;772408800000;1.0
05435982;772668000000;1.0
05545803;772927200000;1.0
05436385;772927200000;1.0
05502267;772927200000;1.0
05514352;773013600000;1.0
05622641;773359200000;1.0
05457261;773618400000;1.0
05618472;773618400000;1.0
05405441;773877600000;1.0
05425807;774136800000;1.0
05523519;774136800000;1.0
05645806;774396000000;1.0
05605417;774482400000;1.0
05593888;774741600000;1.0
05489736;774741600000;1.0
05597728;774914400000;1.0
05523515;775173600000;1.0
05558845;775260000000;1.0
05494376;775692000000;1.0
05545795;775778400000;1.0
05457264;776469600000;1.0
05612300;776728800000;1.0
05608135;776901600000;1.0
05562891;776988000000;1.0
05626249;777247200000;1.0
05491282;777506400000;1.0
05429751;777506400000;1.0
05589603;777506400000;1.0
05481062;777765600000;1.0
05575842;777765600000;1.0
05549795;777765600000;1.0
05552121;778111200000;1.0
05617920;778284000000;1.0
05521132;778370400000;1.0
05552037;778370400000;1.0
05516970;778370400000;1.0
05611947;778888800000;1.0
05562591;778888800000;1.0
05489738;778975200000;1.0
05468277;779320800000;1.0
05495062;779320800000;1.0
05430237;779407200000;1.0
05678233;779493600000;1.0
05587324;779580000000;1.0
05566727;779925600000;1.0
05501721;780012000000;1.0
05544975;780706800000;1.0
05635143;780879600000;1.0
05519670;781138800000;1.0
05564351;781138800000;1.0
05455005;781311600000;1.0
05615626;781311600000;1.0
05536899;781311600000;1.0
05557031;781398000000;1.0
05569811;781398000000;1.0
05585531;781484400000;1.0
05452671;781484400000;1.0
05571423;782089200000;1.0
05744811;782348400000;1.0
05498826;782348400000;1.0
05431113;782434800000;1.0
05516049;782521200000;1.0
05573349;782607600000;1.0
05550313;782607600000;1.0
05487622;782607600000;1.0
05570974;782953200000;1.0
05545798;782953200000;1.0
05574203;783212400000;1.0
05536898;783212400000;1.0
05722927;783558000000;1.0
05928406;783644400000;1.0
05678242;783644400000;1.0
05487873;784162800000;1.0
05643350;784249200000;1.0
05505774;784422000000;1.0
05582572;784594800000;1.0
05482528;784854000000;1.0
05464988;785545200000;1.0
05693191;785545200000;1.0
05599272;785804400000;1.0
05562585;785977200000;1.0
05588947;786063600000;1.0
05530176;786236400000;1.0
05538526;786236400000;1.0
05672146;786236400000;1.0
05584980;786582000000;1.0
05613242;786668400000;1.0
05541386;786668400000;1.0
05698762;786927600000;1.0
05568895;786927600000;1.0
05494863;787273200000;1.0
05536115;787359600000;1.0
05608136;787705200000;1.0
05732362;787791600000;1.0
05559278;787964400000;1.0
05434339;787964400000;1.0
05551976;787964400000;1.0
05569152;787964400000;1.0
05530175;788050800000;1.0
05523513;788050800000;1.0
05562588;788742000000;1.0
05538552;789087600000;1.0
05570469;789346800000;1.0
05537940;789346800000;1.0
05584792;789692400000;1.0
05620654;789692400000;1.0
05540843;789865200000;1.0
05545797;789951600000;1.0
05592027;790038000000;1.0
05649323;790297200000;1.0
05613240;790470000000;1.0
05595644;790470000000;1.0
05525009;790815600000;1.0
05556447;790815600000;1.0
05516969;790815600000;1.0
05558783;790902000000;1.0
05541968;790902000000;1.0
05608137;791161200000;1.0
05564103;791420400000;1.0
05645518;791506800000;1.0
05492634;791679600000;1.0
05550312;792025200000;1.0
06083394;792111600000;1.0
05950548;792198000000;1.0
05602297;792198000000;1.0
05523517;792284400000;1.0
05550311;792370800000;1.0
05709734;792370800000;1.0
05618427;792630000000;1.0
05556779;792630000000;1.0
05678244;792716400000;1.0
05651821;792889200000;1.0
05651895;793321200000;1.0
05711018;793321200000;1.0
05714665;793494000000;1.0
05564102;793494000000;1.0
05571424;793839600000;1.0
05550314;793839600000;1.0
05545804;793926000000;1.0
05650549;794012400000;1.0
05569153;794012400000;1.0
05544491;794098800000;1.0
05569810;794098800000;1.0
05637154;794185200000;1.0
05532448;794444400000;1.0
05744117;794530800000;1.0
05602295;794530800000;1.0
05536389;794617200000;1.0
05675056;794703600000;1.0
05489333;794703600000;1.0
05595711;794876400000;1.0
05489390;795135600000;1.0
05531903;795222000000;1.0
06398921;795222000000;1.0
05630785;795222000000;1.0
05536896;795394800000;1.0
05662579;795740400000;1.0
05560304;795740400000;1.0
05576468;795826800000;1.0
05550315;795913200000;1.0
05509249;796341600000;1.0
05570468;796428000000;1.0
05582119;796514400000;1.0
05545390;796514400000;1.0
05640709;796773600000;1.0
05582573;796946400000;1.0
05602298;796946400000;1.0
05588785;797032800000;1.0
05562590;797032800000;1.0
06695953;797119200000;1.0
05666641;797205600000;1.0
05523516;797205600000;1.0
05554290;797551200000;1.0
05639938;797724000000;1.0
05613241;798242400000;1.0
05614452;798328800000;1.0
05562592;798415200000;1.0
05527985;798415200000;1.0
05503225;798415200000;1.0
05545802;799020000000;1.0
05944446;799365600000;1.0
05678783;799624800000;1.0
05569151;799884000000;1.0
05503813;800229600000;1.0
05569155;800229600000;1.0
05769961;800575200000;1.0
05571486;800575200000;1.0
05564105;801093600000;1.0
05641245;801093600000;1.0
05756871;801180000000;1.0
05616160;801266400000;1.0
05512257;801266400000;1.0
05531901;801352800000;1.0
05538530;801439200000;1.0
05789648;801439200000;1.0
05625119;801525600000;1.0
05648591;801612000000;1.0
05562589;801784800000;1.0
05565028;801957600000;1.0
05562593;802044000000;1.0
05717149;802303200000;1.0
06491797;802303200000;1.0
05564861;802389600000;1.0
05793013;802476000000;1.0
05599139;802476000000;1.0
05545805;802476000000;1.0
05613245;802476000000;1.0
05877392;802476000000;1.0
05679132;802476000000;1.0
05550310;802476000000;1.0
05524545;802476000000;1.0
05695732;802476000000;1.0
05788735;802476000000;1.0
06384292;802476000000;1.0
05516968;802476000000;1.0
05591116;802648800000;1.0
05607654;802735200000;1.0
05597504;802821600000;1.0
05574202;802908000000;1.0
05633423;803080800000;1.0
05569154;803080800000;1.0
05587047;803253600000;1.0
05545794;803512800000;1.0
05660624;803512800000;1.0
05520483;803685600000;1.0
05660123;803858400000;1.0
05676750;804031200000;1.0
05640708;804376800000;1.0
05707173;804376800000;1.0
05799257;804376800000;1.0
05569809;804722400000;1.0
05698829;805154400000;1.0
05674405;805154400000;1.0
05649325;805240800000;1.0
05750823;805327200000;1.0
05607384;805500000000;1.0
05756304;805672800000;1.0
05698759;805759200000;1.0
05705140;806018400000;1.0
05637198;806104800000;1.0
05649894;806277600000;1.0
05574204;806536800000;1.0
05640704;806536800000;1.0
05540771;806536800000;1.0
05792421;806536800000;1.0
05700107;806623200000;1.0
05612008;806796000000;1.0
05613805;807055200000;1.0
05620606;807228000000;1.0
05728310;807314400000;1.0
05678230;807832800000;1.0
05597516;808092000000;1.0
05602296;808092000000;1.0
05866754;808092000000;1.0
05703131;808178400000;1.0
05608112;808437600000;1.0
05613243;808696800000;1.0
05642834;808956000000;1.0
05547504;809128800000;1.0
05591420;809301600000;1.0
05951852;809560800000;1.0
05595561;809647200000;1.0
05530174;809733600000;1.0
05496404;810252000000;1.0
05613238;810856800000;1.0
05678238;810943200000;1.0
05599137;810943200000;1.0
05624490;811202400000;1.0
05534124;811461600000;1.0
05660613;811983600000;1.0
05660612;811983600000;1.0
05613244;812070000000;1.0
05609736;812070000000;1.0
05695616;812156400000;1.0
05613239;812588400000;1.0
05877395;812847600000;1.0
05756874;813279600000;1.0
05589056;813366000000;1.0
05669969;813711600000;1.0
05740545;814143600000;1.0
05626552;814143600000;1.0
05732363;814489200000;1.0
05816748;814489200000;1.0
05688440;814662000000;1.0
05618730;814834800000;1.0
05732365;815007600000;1.0
05724668;815698800000;1.0
05750822;816217200000;1.0
05771472;816476400000;1.0
05616251;816822000000;1.0
05609206;817167600000;1.0
05640710;817254000000;1.0
05771821;817426800000;1.0
05645374;817426800000;1.0
05765489;817426800000;1.0
05834722;817686000000;1.0
05637127;817772400000;1.0
05624577;817772400000;1.0
05710359;818809200000;1.0
05658097;818895600000;1.0
05632715;818982000000;1.0
05660500;818982000000;1.0
05689798;819154800000;1.0
05759504;819241200000;1.0
05590981;819414000000;1.0
05728190;819586800000;1.0
05663479;819759600000;1.0
05683484;819846000000;1.0
05763735;820191600000;1.0
05820300;820796400000;1.0
05914436;821746800000;1.0
05640705;821746800000;1.0
05886326;822006000000;1.0
05835866;822006000000;1.0
05843287;822006000000;1.0
05711015;822006000000;1.0
05683663;822092400000;1.0
05678236;822351600000;1.0
05626664;822438000000;1.0
05636942;822610800000;1.0
05674175;823042800000;1.0
05863152;823129200000;1.0
05731564;823474800000;1.0
05611766;823561200000;1.0
05943970;823820400000;1.0
05709466;824079600000;1.0
05730550;824166000000;1.0
05740546;824252400000;1.0
05651833;824252400000;1.0
05649895;824252400000;1.0
05674176;824425200000;1.0
05634982;824425200000;1.0
05681130;824770800000;1.0
05645730;824857200000;1.0
05728914;825030000000;1.0
05734988;825030000000;1.0
05750824;825030000000;1.0
05678239;825116400000;1.0
05817909;825548400000;1.0
05681434;826153200000;1.0
05745861;826498800000;1.0
05711632;826585200000;1.0
05760089;826671600000;1.0
05788623;826844400000;1.0
05846894;827103600000;1.0
05830815;827103600000;1.0
05640668;827276400000;1.0
05837149;827449200000;1.0
05700109;827622000000;1.0
05756957;827708400000;1.0
05749932;828054000000;1.0
05769938;828396000000;1.0
05968814;828396000000;1.0
05752206;828568800000;1.0
05645378;828655200000;1.0
05954958;829087200000;1.0
05743842;829173600000;1.0
05746926;829519200000;1.0
05866753;829692000000;1.0
05640703;829778400000;1.0
05707508;829778400000;1.0
05637355;830124000000;1.0
05676819;830210400000;1.0
05837325;830901600000;1.0
05664911;831074400000;1.0
05716316;831592800000;1.0
05807230;831679200000;1.0
05774816;832111200000;1.0
05603684;832543200000;1.0
05647833;832543200000;1.0
05710362;832543200000;1.0
05766482;832629600000;1.0
05813968;832716000000;1.0
05738623;832716000000;1.0
05819787;832716000000;1.0
05790964;833493600000;1.0
05977427;833925600000;1.0
06126913;834012000000;1.0
06355904;834098400000;1.0
05948372;834444000000;1.0
06069291;834530400000;1.0
05732367;834703200000;1.0
05646972;834789600000;1.0
05707922;835135200000;1.0
05919001;835308000000;1.0
05678237;835567200000;1.0
05830328;835567200000;1.0
05678240;835653600000;1.0
05766551;835740000000;1.0
05689038;835912800000;1.0
05803663;835912800000;1.0
05817910;835912800000;1.0
06888040;835912800000;1.0
05720578;836172000000;1.0
05711635;836258400000;1.0
05902392;836344800000;1.0
05710358;836776800000;1.0
05853680;836949600000;1.0
05846179;837036000000;1.0
05722928;837381600000;1.0
05909654;837381600000;1.0
05846278;837727200000;1.0
05695443;838332000000;1.0
05908267;838332000000;1.0
05651897;838504800000;1.0
05678232;838764000000;1.0
05847353;839368800000;1.0
05714128;839541600000;1.0
05683344;839541600000;1.0
05656009;839714400000;1.0
05774815;839887200000;1.0
06325753;840060000000;1.0
05753087;840405600000;1.0
05678235;840405600000;1.0
05741465;840492000000;1.0
05851948;840492000000;1.0
05667757;840751200000;1.0
05789649;841096800000;1.0
05877389;841183200000;1.0
05880060;841183200000;1.0
05807491;841269600000;1.0
05878355;841356000000;1.0
05818059;841356000000;1.0
05678241;841528800000;1.0
05663478;841701600000;1.0
05862494;841701600000;1.0
05882142;841701600000;1.0
05908377;841788000000;1.0
05868523;841874400000;1.0
05678243;842479200000;1.0
05678231;842479200000;1.0
06084146;842479200000;1.0
05771473;842565600000;1.0
05867549;842997600000;1.0
05711017;842997600000;1.0
05766303;842997600000;1.0
05743937;843688800000;1.0
05618442;843688800000;1.0
05741358;843775200000;1.0
05743841;843775200000;1.0
05763738;843775200000;1.0
05753035;843775200000;1.0
05753034;843775200000;1.0
05753033;843775200000;1.0
05753032;843775200000;1.0
05753031;843775200000;1.0
05643170;844552800000;1.0
05860908;844639200000;1.0
06050929;844725600000;1.0
05710360;844812000000;1.0
05781868;844898400000;1.0
05782580;845330400000;1.0
05772937;845330400000;1.0
05724669;845330400000;1.0
06190301;845416800000;1.0
05990374;845503200000;1.0
05763734;845589600000;1.0
05795285;845848800000;1.0
05688378;845935200000;1.0
05711016;846108000000;1.0
05769777;846457200000;1.0
05744689;846457200000;1.0
06039882;846630000000;1.0
05744020;846630000000;1.0
05931772;846630000000;1.0
05733088;846716400000;1.0
05821186;846802800000;1.0
05855763;847148400000;1.0
05762675;847148400000;1.0
05868919;847148400000;1.0
05728967;847321200000;1.0
06336772;847753200000;1.0
06149765;847753200000;1.0
05744691;848012400000;1.0
05843223;848271600000;1.0
05827362;848617200000;1.0
05714085;849654000000;1.0
05910093;849654000000;1.0
05890840;849826800000;1.0
06204427;850345200000;1.0
05843288;850345200000;1.0
05832393;850431600000;1.0
05735639;850431600000;1.0
05888021;850690800000;1.0
05877225;850690800000;1.0
05762880;850690800000;1.0
05722929;850777200000;1.0
06242664;850777200000;1.0
05710361;850863600000;1.0
05920799;850863600000;1.0
05814292;850950000000;1.0
05667698;851122800000;1.0
05616253;851295600000;1.0
05840638;851295600000;1.0
05885203;851382000000;1.0
05855666;851382000000;1.0
05803894;851382000000;1.0
05820541;851554800000;1.0
05848363;851641200000;1.0
05972470;851986800000;1.0
06116815;852246000000;1.0
05898010;852246000000;1.0
05835865;852505200000;1.0
05732364;852764400000;1.0
05820652;852850800000;1.0
05836718;853110000000;1.0
05849985;853196400000;1.0
05854061;853196400000;1.0
05839079;853455600000;1.0
05866095;853455600000;1.0
05848960;853974000000;1.0
06312587;854060400000;1.0
06027490;854060400000;1.0
05770784;854406000000;1.0
05777191;854406000000;1.0
05861090;854492400000;1.0
05972291;854578800000;1.0
05879566;854924400000;1.0
05732366;854924400000;1.0
05863283;855529200000;1.0
05797701;856998000000;1.0
05857810;856998000000;1.0
05877391;857430000000;1.0
05859306;857430000000;1.0
05839078;857516400000;1.0
06048419;858034800000;1.0
05907077;858294000000;1.0
05790963;858294000000;1.0
05895347;858553200000;1.0
05882487;858812400000;1.0
05777192;858898800000;1.0
06203484;859158000000;1.0
05858059;859158000000;1.0
05898093;859244400000;1.0
05813798;859503600000;1.0
05924047;859503600000;1.0
06065901;859932000000;1.0
06066771;860018400000;1.0
05730558;860104800000;1.0
05897700;860450400000;1.0
05763736;860623200000;1.0
06046375;860623200000;1.0
05893680;860968800000;1.0
05832392;861055200000;1.0
05953679;861141600000;1.0
05809911;861141600000;1.0
05847129;861228000000;1.0
05868909;861573600000;1.0
RE039313;861746400000;1.0
05833395;861832800000;1.0
05855760;861919200000;1.0
05819186;861919200000;1.0
05907818;862524000000;1.0
06051199;863388000000;1.0
05810920;863388000000;1.0
05833391;863474400000;1.0
05849984;863560800000;1.0
05725470;863992800000;1.0
05960368;864252000000;1.0
06020185;864338400000;1.0
06376737;864684000000;1.0
05922926;864684000000;1.0
06137026;864770400000;1.0
06004069;864856800000;1.0
05849201;865202400000;1.0
05853474;865202400000;1.0
05931773;865202400000;1.0
05905183;865288800000;1.0
05972301;865288800000;1.0
05939035;865375200000;1.0
06021723;865375200000;1.0
05901368;865375200000;1.0
05877388;865548000000;1.0
06027543;865548000000;1.0
05936137;865548000000;1.0
05851278;865807200000;1.0
05864767;865807200000;1.0
05827574;865807200000;1.0
06120430;865893600000;1.0
05844008;865893600000;1.0
05888022;865980000000;1.0
06186939;866412000000;1.0
05851281;866498400000;1.0
06121507;866584800000;1.0
05935618;866671200000;1.0
06011193;866757600000;1.0
05898003;866757600000;1.0
05876631;867189600000;1.0
05744690;867189600000;1.0
05951457;867276000000;1.0
06022489;867276000000;1.0
05885326;867362400000;1.0
06143136;867362400000;1.0
05763737;867362400000;1.0
06105518;867621600000;1.0
05926771;867794400000;1.0
05852786;868226400000;1.0
06004070;868312800000;1.0
06008428;868485600000;1.0
06139222;868572000000;1.0
05886316;868831200000;1.0
05875406;868831200000;1.0
05877393;868831200000;1.0
05826203;868831200000;1.0
05850614;868831200000;1.0
05922277;869522400000;1.0
06087546;870040800000;1.0
06017492;870386400000;1.0
05948259;870645600000;1.0
06030549;870645600000;1.0
05931600;870904800000;1.0
05875407;871250400000;1.0
05980446;871336800000;1.0
05908564;871509600000;1.0
05882581;871509600000;1.0
06024860;871596000000;1.0
05779787;871596000000;1.0
05990373;871941600000;1.0
05882146;872114400000;1.0
05972226;872287200000;1.0
05855797;872460000000;1.0
05916122;872546400000;1.0
06312605;872546400000;1.0
05946639;872546400000;1.0
05858203;872719200000;1.0
05967965;872805600000;1.0
06010444;873410400000;1.0
05980701;873410400000;1.0
06016714;873669600000;1.0
05961437;873669600000;1.0
05970420;873928800000;1.0
06245958;874015200000;1.0
05976477;874015200000;1.0
05986159;874360800000;1.0
05953678;874533600000;1.0
06069292;874533600000;1.0
05910621;874620000000;1.0
06155965;874620000000;1.0
05973220;874965600000;1.0
06018090;875052000000;1.0
06054057;875224800000;1.0
05905036;875224800000;1.0
06040491;875570400000;1.0
05945004;875656800000;1.0
05916123;875743200000;1.0
05975799;876088800000;1.0
05877394;876175200000;1.0
05860907;876348000000;1.0
06589654;876434400000;1.0
05858267;876434400000;1.0
05926772;876780000000;1.0
05994608;877039200000;1.0
05813969;877298400000;1.0
05935885;877298400000;1.0
05894077;877384800000;1.0
05993372;878166000000;1.0
05906572;878166000000;1.0
06068756;878598000000;1.0
05988947;878598000000;1.0
05961679;878684400000;1.0
06156163;878770800000;1.0
06110429;879289200000;1.0
05919350;879375600000;1.0
06150580;879375600000;1.0
06024513;879462000000;1.0
05951204;879807600000;1.0
05968245;879894000000;1.0
06476285;880066800000;1.0
06124518;880066800000;1.0
05873675;880412400000;1.0
05947888;880412400000;1.0
06133500;880498800000;1.0
05968337;881017200000;1.0
06083431;881017200000;1.0
05962630;881103600000;1.0
05911868;881535600000;1.0
06124519;881881200000;1.0
06043405;882140400000;1.0
05994609;882226800000;1.0
05901169;882313200000;1.0
06121039;882313200000;1.0
05998690;882486000000;1.0
05976270;882918000000;1.0
06074131;883436400000;1.0
05928128;883954800000;1.0
06120745;883954800000;1.0
06388164;883954800000;1.0
06077482;884300400000;1.0
06344519;884300400000;1.0
06022727;884559600000;1.0
05929325;884559600000;1.0
06133499;884559600000;1.0
06102617;884646000000;1.0
06126719;885337200000;1.0
05976244;886460400000;1.0
05920602;886546800000;1.0
06082929;886719600000;1.0
05994611;886978800000;1.0
06168771;887670000000;1.0
06204430;887756400000;1.0
05952542;887842800000;1.0
05932182;888188400000;1.0
06004451;888447600000;1.0
05846178;888793200000;1.0
06136063;888879600000;1.0
05986160;889138800000;1.0
06071043;889743600000;1.0
06018471;890002800000;1.0
06217775;890348400000;1.0
06023007;890607600000;1.0
06336967;890780400000;1.0
06368019;890780400000;1.0
06068777;890866800000;1.0
05881654;890866800000;1.0
05961438;891295200000;1.0
05947887;891381600000;1.0
06096283;891554400000;1.0
06110430;891813600000;1.0
06099206;891900000000;1.0
06248217;891986400000;1.0
06235963;892504800000;1.0
05985101;892591200000;1.0
05998691;892677600000;1.0
06058741;892677600000;1.0
06080224;893196000000;1.0
06045663;893196000000;1.0
06077212;893368800000;1.0
06080907;893628000000;1.0
06010632;893800800000;1.0
05919421;893887200000;1.0
06102621;893973600000;1.0
06019548;894319200000;1.0
05994610;894578400000;1.0
05879110;894837600000;1.0
05905184;894837600000;1.0
06056477;894924000000;1.0
06096219;894924000000;1.0
06142706;895010400000;1.0
06024931;895183200000;1.0
06053857;895183200000;1.0
06254782;895442400000;1.0
05997629;895528800000;1.0
06023006;895615200000;1.0
06160238;895701600000;1.0
06147274;896133600000;1.0
06005158;896133600000;1.0
06071482;896220000000;1.0
06297419;896392800000;1.0
06315810;896652000000;1.0
06069290;896652000000;1.0
05997214;896824800000;1.0
05928433;896911200000;1.0
06391149;896911200000;1.0
06100440;897256800000;1.0
06699439;897256800000;1.0
06018091;897256800000;1.0
06168688;897861600000;1.0
05998689;897861600000;1.0
06002063;897861600000;1.0
06254312;898120800000;1.0
05981413;899330400000;1.0
06060635;899762400000;1.0
06072099;900885600000;1.0
06143944;901231200000;1.0
05880045;901490400000;1.0
06296786;901576800000;1.0
06084147;901576800000;1.0
06204214;901663200000;1.0
06221224;901663200000;1.0
06153158;901836000000;1.0
05969208;902181600000;1.0
06075176;902440800000;1.0
06180548;902700000000;1.0
06087548;902872800000;1.0
06294709;902872800000;1.0
06152653;903045600000;1.0
06127645;903909600000;1.0
05986161;903909600000;1.0
06084149;903909600000;1.0
06086739;903996000000;1.0
06116816;904082400000;1.0
06254846;904082400000;1.0
06093288;904168800000;1.0
06126830;905378400000;1.0
06162164;905464800000;1.0
06080906;905724000000;1.0
06057488;905810400000;1.0
06346221;905983200000;1.0
06063979;906415200000;1.0
06037560;906415200000;1.0
06149344;906588000000;1.0
06878352;907020000000;1.0
06046374;907624800000;1.0
06509511;907711200000;1.0
06132561;907884000000;1.0
06197087;907970400000;1.0
06074623;908229600000;1.0
05969209;908229600000;1.0
06132356;908402400000;1.0
06046376;908402400000;1.0
06472580;908834400000;1.0
06254524;909442800000;1.0
06001185;909702000000;1.0
06584988;909702000000;1.0
06037517;910134000000;1.0
06173662;910825200000;1.0
07244401;910911600000;1.0
06136373;910911600000;1.0
06273008;911170800000;1.0
06190092;911775600000;1.0
06203624;911862000000;1.0
06166284;911948400000;1.0
06143139;911948400000;1.0
06127591;912380400000;1.0
06260464;912639600000;1.0
06175052;912726000000;1.0
06204428;913071600000;1.0
06066825;913071600000;1.0
06121040;913244400000;1.0
06225519;913590000000;1.0
06238138;913590000000;1.0
06217779;913849200000;1.0
06250846;914194800000;1.0
06348638;914194800000;1.0
06065903;914281200000;1.0
06149351;914281200000;1.0
06137028;914281200000;1.0
06490984;914799600000;1.0
06155747;915663600000;1.0
06254764;915750000000;1.0
06146453;916268400000;1.0
06227126;916354800000;1.0
06403034;916786800000;1.0
06283909;916959600000;1.0
06235351;916959600000;1.0
06160195;916959600000;1.0
06489532;917218800000;1.0
06221001;917305200000;1.0
06251058;917478000000;1.0
06191068;918082800000;1.0
06137027;918601200000;1.0
06049021;918687600000;1.0
06231767;919119600000;1.0
06044596;919119600000;1.0
06322693;919292400000;1.0
06376738;919378800000;1.0
06190626;919638000000;1.0
06332909;919724400000;1.0
06027284;919810800000;1.0
06238570;919897200000;1.0
06403044;919983600000;1.0
06187988;919983600000;1.0
06309338;919983600000;1.0
06471922;920242800000;1.0
06346412;920415600000;1.0
06153103;920588400000;1.0
06197188;921020400000;1.0
06359187;921020400000;1.0
06322761;921106800000;1.0
06162958;921106800000;1.0
06232519;921711600000;1.0
06197081;921711600000;1.0
06520096;922143600000;1.0
06325967;922143600000;1.0
06195382;922143600000;1.0
06476287;922143600000;1.0
06187206;922230000000;1.0
06399849;922658400000;1.0
06204429;923004000000;1.0
06118039;923004000000;1.0
06123483;923522400000;1.0
06228250;924127200000;1.0
06132355;924213600000;1.0
06077431;924472800000;1.0
06268205;925250400000;1.0
06153809;925855200000;1.0
06133498;925855200000;1.0
06238568;925941600000;1.0
06376739;926028000000;1.0
06455014;926632800000;1.0
06006588;926632800000;1.0
06241426;927583200000;1.0
06399850;927842400000;1.0
06210078;928274400000;1.0
06255551;928447200000;1.0
06727400;928792800000;1.0
06261029;928965600000;1.0
06121506;928965600000;1.0
06262328;929052000000;1.0
06169222;929311200000;1.0
06355857;929570400000;1.0
06137025;930002400000;1.0
06503469;930002400000;1.0
06320091;930002400000;1.0
06342650;930088800000;1.0
06258018;930520800000;1.0
06169221;930520800000;1.0
06139485;930520800000;1.0
06214237;930607200000;1.0
06388163;930607200000;1.0
06211424;931471200000;1.0
06288300;931903200000;1.0
06436271;931989600000;1.0
06329563;932076000000;1.0
06290637;932076000000;1.0
06157013;933112800000;1.0
06361706;934495200000;1.0
06061383;934495200000;1.0
06334337;934840800000;1.0
06372156;935013600000;1.0
06113806;935359200000;1.0
06103950;935359200000;1.0
06184432;935359200000;1.0
06648551;935359200000;1.0
06174275;935618400000;1.0
06190447;935964000000;1.0
06245957;936223200000;1.0
06251283;936309600000;1.0
06455751;936828000000;1.0
06359188;936828000000;1.0
06221002;937260000000;1.0
07019190;937432800000;1.0
06399393;937864800000;1.0
06309533;937951200000;1.0
06313368;938124000000;1.0
06380453;938383200000;1.0
06335475;938383200000;1.0
06305131;938728800000;1.0
06251258;939074400000;1.0
06294764;939160800000;1.0
06264399;939852000000;1.0
06342461;939852000000;1.0
06485406;940456800000;1.0
06196274;940543200000;1.0
06287528;940543200000;1.0
06224534;940543200000;1.0
06267716;940543200000;1.0
06291736;940802400000;1.0
06222153;940888800000;1.0
06375908;941061600000;1.0
06309618;941061600000;1.0
06276871;941410800000;1.0
06207073;942015600000;1.0
06223560;942361200000;1.0
06432693;942620400000;1.0
06303007;942620400000;1.0
06423531;942793200000;1.0
06461535;944175600000;1.0
06303844;944607600000;1.0
06354181;944694000000;1.0
06245200;944780400000;1.0
06743963;945298800000;1.0
06354108;945298800000;1.0
06375912;945730800000;1.0
06512157;945730800000;1.0
06483004;945817200000;1.0
06403048;945903600000;1.0
06179522;946249200000;1.0
06414213;946508400000;1.0
06369288;947026800000;1.0
06242663;947458800000;1.0
06554888;947631600000;1.0
06322489;948236400000;1.0
06372950;948236400000;1.0
06186938;948409200000;1.0
06422789;948409200000;1.0
06338596;948927600000;1.0
06448461;949014000000;1.0
06344355;949014000000;1.0
06388165;949014000000;1.0
06649044;949359600000;1.0
06638204;949446000000;1.0
06399848;950569200000;1.0
06525237;950655600000;1.0
06414143;950742000000;1.0
06553887;950828400000;1.0
06355588;951433200000;1.0
06264055;951692400000;1.0
06613291;951778800000;1.0
06416252;951865200000;1.0
06391271;951865200000;1.0
06805844;952038000000;1.0
06547712;952297200000;1.0
06638488;952297200000;1.0
06774277;952383600000;1.0
06379083;952642800000;1.0
06457905;952642800000;1.0
06532768;952988400000;1.0
06383128;953161200000;1.0
06218592;953247600000;1.0
06436025;953593200000;1.0
06416251;954194400000;1.0
06387274;954194400000;1.0
06368566;954367200000;1.0
06447437;954453600000;1.0
06527691;954799200000;1.0
06175051;954799200000;1.0
06423199;955317600000;1.0
06417423;955663200000;1.0
06617484;956008800000;1.0
06380507;956613600000;1.0
06630421;956872800000;1.0
06484617;957304800000;1.0
06312499;957304800000;1.0
06283908;957391200000;1.0
06506955;957909600000;1.0
06413399;958687200000;1.0
06444183;959637600000;1.0
06426443;959637600000;1.0
06284940;960156000000;1.0
06280118;960501600000;1.0
06414211;960501600000;1.0
06462250;961106400000;1.0
06459011;961365600000;1.0
06498282;961365600000;1.0
06323385;961452000000;1.0
06459010;961711200000;1.0
06596916;961711200000;1.0
06570048;961711200000;1.0
06344175;961970400000;1.0
06566574;962229600000;1.0
06465706;962229600000;1.0
07081428;962316000000;1.0
06309337;962834400000;1.0
06852293;963266400000;1.0
06395144;963352800000;1.0
06479717;963784800000;1.0
06287248;964044000000;1.0
06905577;964389600000;1.0
06402932;964735200000;1.0
06599872;964735200000;1.0
06419738;964994400000;1.0
06318123;965080800000;1.0
06416691;965253600000;1.0
06696617;965253600000;1.0
06498281;965340000000;1.0
06342651;965340000000;1.0
06673326;965599200000;1.0
06632973;965772000000;1.0
06413016;966463200000;1.0
06414212;966549600000;1.0
06818188;967500000000;1.0
06653355;968104800000;1.0
06787104;968882400000;1.0
06596915;969400800000;1.0
06423882;969487200000;1.0
06858562;970005600000;1.0
06258994;970092000000;1.0
06350380;970524000000;1.0
06403047;970610400000;1.0
06504077;971128800000;1.0
06723349;971215200000;1.0
06483006;971301600000;1.0
07012168;971301600000;1.0
06838485;971820000000;1.0
06511603;972338400000;1.0
06888041;972424800000;1.0
06613153;972597600000;1.0
06506956;972860400000;1.0
06736977;973206000000;1.0
07078581;973638000000;1.0
06533714;974156400000;1.0
06524447;974847600000;1.0
06472579;975279600000;1.0
06645449;975538800000;1.0
06383362;975538800000;1.0
06713076;975884400000;1.0
06855859;975970800000;1.0
06605750;976230000000;1.0
06479021;976489200000;1.0
06833123;976662000000;1.0
06486376;976748400000;1.0
06590133;976834800000;1.0
06627784;977266800000;1.0
06552295;977266800000;1.0
06395954;977266800000;1.0
06589156;977353200000;1.0
06537382;977353200000;1.0
06776904;977439600000;1.0
06670520;977439600000;1.0
06498119;978044400000;1.0
06543964;978044400000;1.0
06551517;978994800000;1.0
06576289;979686000000;1.0
06733559;980118000000;1.0
06555727;980290800000;1.0
06329496;980463600000;1.0
06568215;980895600000;1.0
06521809;981327600000;1.0
07070685;981327600000;1.0
06984306;981586800000;1.0
06462249;981932400000;1.0
06531035;981932400000;1.0
06537350;982018800000;1.0
06603050;982623600000;1.0
06458271;983142000000;1.0
06428695;983142000000;1.0
06538170;983314800000;1.0
06367518;983746800000;1.0
06492572;983746800000;1.0
06435769;983833200000;1.0
06544426;983833200000;1.0
07132513;984092400000;1.0
06624339;984092400000;1.0
06440884;984697200000;1.0
06465707;984697200000;1.0
06558077;984697200000;1.0
06734334;984956400000;1.0
06622523;985042800000;1.0
06881383;985557600000;1.0
06419620;985730400000;1.0
06596190;985816800000;1.0
07211708;986162400000;1.0
06653519;986248800000;1.0
07122167;986853600000;1.0
06765121;986853600000;1.0
06602181;987372000000;1.0
06709602;987976800000;1.0
06736215;988063200000;1.0
06619218;988063200000;1.0
06871707;988063200000;1.0
06518477;988063200000;1.0
06896865;988236000000;1.0
06541677;988754400000;1.0
06679823;988927200000;1.0
06474908;989186400000;1.0
06624103;989272800000;1.0
06425934;989359200000;1.0
06620092;989532000000;1.0
06623646;989877600000;1.0
06623211;990568800000;1.0
06576807;990655200000;1.0
06815572;990655200000;1.0
06696695;991087200000;1.0
06566300;991173600000;1.0
06489531;991173600000;1.0
06437211;992469600000;1.0
06598547;992815200000;1.0
06483005;993420000000;1.0
06607474;993592800000;1.0
06599357;993592800000;1.0
06903242;994111200000;1.0
06551026;994111200000;1.0
06635796;994629600000;1.0
06761858;995407200000;1.0
07107287;996184800000;1.0
06409650;996184800000;1.0
06710001;996530400000;1.0
06555728;997221600000;1.0
06585882;997394400000;1.0
06692715;999122400000;1.0
06490887;1000072800000;1.0
06908559;1000332000000;1.0
06723890;1000418400000;1.0
06620091;1000418400000;1.0
06459012;1000677600000;1.0
06563011;1001023200000;1.0
06802671;1001455200000;1.0
06625248;1001887200000;1.0
06570049;1001973600000;1.0
06664298;1001973600000;1.0
07011756;1002060000000;1.0
06878290;1002578400000;1.0
06949231;1002664800000;1.0
06497769;1002837600000;1.0
06817426;1003183200000;1.0
06962562;1003183200000;1.0
06598407;1003183200000;1.0
06592294;1003960800000;1.0
06521040;1004047200000;1.0
06649135;1004310000000;1.0
07138096;1005001200000;1.0
06619217;1005087600000;1.0
07166759;1005087600000;1.0
06714617;1006729200000;1.0
06911570;1006902000000;1.0
06776837;1007074800000;1.0
06479723;1007074800000;1.0
06815573;1007334000000;1.0
06973154;1007420400000;1.0
06921515;1007420400000;1.0
06936231;1007593200000;1.0
06717026;1008025200000;1.0
06650059;1008111600000;1.0
06600084;1008111600000;1.0
06593507;1008111600000;1.0
06857999;1008111600000;1.0
06843618;1008284400000;1.0
06924409;1008716400000;1.0
06681675;1008802800000;1.0
06723791;1009753200000;1.0
07264734;1010012400000;1.0
06846967;1010098800000;1.0
06705242;1010444400000;1.0
06936745;1010962800000;1.0
07288171;1011308400000;1.0
06841515;1011654000000;1.0
06972120;1012172400000;1.0
06688811;1012258800000;1.0
07034197;1012258800000;1.0
06873673;1012258800000;1.0
06764666;1012518000000;1.0
06620236;1013122800000;1.0
06685771;1013382000000;1.0
07381696;1013554800000;1.0
06695077;1014159600000;1.0
06907891;1014246000000;1.0
07030071;1014678000000;1.0
06668947;1014764400000;1.0
06623643;1014764400000;1.0
06644890;1015196400000;1.0
06797846;1015801200000;1.0
06770174;1016060400000;1.0
06878856;1016060400000;1.0
06838059;1016406000000;1.0
06787120;1016578800000;1.0
06676913;1016665200000;1.0
07034198;1017183600000;1.0
06630419;1017270000000;1.0
06485404;1017871200000;1.0
06702890;1017957600000;1.0
06894203;1018562400000;1.0
06491616;1018821600000;1.0
06924408;1019167200000;1.0
06558308;1019685600000;1.0
07097858;1020031200000;1.0
06645902;1020376800000;1.0
06835697;1020376800000;1.0
06649055;1020722400000;1.0
06865937;1021240800000;1.0
06960701;1021327200000;1.0
07074174;1021413600000;1.0
06984768;1021932000000;1.0
06818176;1023055200000;1.0
06666938;1023141600000;1.0
06852903;1023141600000;1.0
07017371;1023141600000;1.0
06786966;1023400800000;1.0
06797049;1023832800000;1.0
07232482;1023919200000;1.0
06676915;1024264800000;1.0
06809329;1024437600000;1.0
06660900;1025042400000;1.0
07052662;1025215200000;1.0
07287933;1025733600000;1.0
07037468;1026165600000;1.0
06784444;1026252000000;1.0
07252771;1026424800000;1.0
07622693;1026684000000;1.0
07029202;1027288800000;1.0
07241932;1027288800000;1.0
07183453;1027375200000;1.0
07169287;1027634400000;1.0
07501103;1027893600000;1.0
07265254;1027980000000;1.0
H0002198;1027980000000;1.0
07491861;1028066400000;1.0
07074959;1028152800000;1.0
06723891;1028671200000;1.0
07048899;1029103200000;1.0
06759565;1029189600000;1.0
07128150;1031090400000;1.0
07435866;1031176800000;1.0
07045606;1031868000000;1.0
06890507;1032213600000;1.0
07390432;1032472800000;1.0
07267698;1032732000000;1.0
07083763;1032732000000;1.0
06855304;1032818400000;1.0
07005117;1032904800000;1.0
07365237;1032991200000;1.0
06960552;1032991200000;1.0
07128780;1033596000000;1.0
06785355;1034114400000;1.0
06771731;1034114400000;1.0
06759564;1034632800000;1.0
06846472;1034719200000;1.0
06905664;1034805600000;1.0
07060236;1035151200000;1.0
06796746;1035237600000;1.0
06724853;1035237600000;1.0
07087805;1035237600000;1.0
07205368;1035324000000;1.0
06605158;1035410400000;1.0
07265253;1035496800000;1.0
07323613;1036364400000;1.0
06875902;1036537200000;1.0
07253332;1036623600000;1.0
07063657;1036710000000;1.0
07018514;1037055600000;1.0
07163615;1037055600000;1.0
06962561;1037142000000;1.0
07033507;1037314800000;1.0
06775955;1037660400000;1.0
RE039077;1037746800000;1.0
07232407;1037746800000;1.0
07078130;1038178800000;1.0
06719489;1038351600000;1.0
07217903;1038524400000;1.0
07077201;1038610800000;1.0
07148394;1038956400000;1.0
06991593;1038956400000;1.0
07465377;1039474800000;1.0
07096161;1039647600000;1.0
06840712;1041548400000;1.0
07220396;1042412400000;1.0
06770199;1042671600000;1.0
07204660;1043622000000;1.0
07396974;1044399600000;1.0
07195745;1044918000000;1.0
07271310;1045004400000;1.0
07465843;1045350000000;1.0
07211707;1046041200000;1.0
07309807;1046386800000;1.0
06748868;1046732400000;1.0
07265255;1047250800000;1.0
06802805;1047337200000;1.0
07198750;1048633200000;1.0
06885719;1048806000000;1.0
06984769;1049320800000;1.0
06843617;1049666400000;1.0
06652661;1050616800000;1.0
07148393;1050962400000;1.0
06984767;1051048800000;1.0
07102052;1051135200000;1.0
07592500;1051135200000;1.0
07094918;1051480800000;1.0
06838065;1051653600000;1.0
07655594;1052085600000;1.0
06979758;1052085600000;1.0
06955638;1052172000000;1.0
06972095;1052258400000;1.0
06748842;1052431200000;1.0
07160526;1052431200000;1.0
06857998;1052690400000;1.0
07534926;1052949600000;1.0
06812174;1053295200000;1.0
07132583;1053640800000;1.0
07189940;1054504800000;1.0
07368091;1054591200000;1.0
07147787;1054591200000;1.0
07059805;1054850400000;1.0
06746180;1055368800000;1.0
07090827;1055887200000;1.0
07091393;1056578400000;1.0
07374367;1057010400000;1.0
07129388;1057096800000;1.0
07662754;1057269600000;1.0
07294375;1058479200000;1.0
07282470;1058479200000;1.0
07531708;1059429600000;1.0
07314966;1059688800000;1.0
06815089;1061330400000;1.0
07160466;1061762400000;1.0
07361801;1061935200000;1.0
06991405;1062540000000;1.0
07335808;1063058400000;1.0
07531710;1063144800000;1.0
07064241;1063663200000;1.0
07518029;1063836000000;1.0
06906235;1064354400000;1.0
06941878;1064527200000;1.0
06948882;1064527200000;1.0
06876308;1064872800000;1.0
06958428;1064959200000;1.0
07309808;1064959200000;1.0
07347980;1065477600000;1.0
07033550;1066168800000;1.0
07344489;1066255200000;1.0
07284930;1066600800000;1.0
06852237;1067209200000;1.0
07037946;1067554800000;1.0
07196240;1068678000000;1.0
07160472;1069196400000;1.0
07087120;1069369200000;1.0
07314512;1071183600000;1.0
07276468;1071702000000;1.0
07418895;1072134000000;1.0
06911190;1072220400000;1.0
07240618;1072738800000;1.0
06977049;1072825200000;1.0
07488460;1073257200000;1.0
07390934;1073343600000;1.0
07303684;1073602800000;1.0
07060235;1073862000000;1.0
07495145;1074121200000;1.0
07521585;1075071600000;1.0
07271137;1075158000000;1.0
07846231;1075330800000;1.0
07361304;1075330800000;1.0
07300641;1076022000000;1.0
07132584;1076454000000;1.0
07294291;1077058800000;1.0
06926465;1077490800000;1.0
07691289;1077663600000;1.0
07745679;1077750000000;1.0
07270499;1078182000000;1.0
07135605;1078786800000;1.0
07128841;1078959600000;1.0
07321073;1079046000000;1.0
07022292;1079305200000;1.0
07118624;1079391600000;1.0
06945734;1079391600000;1.0
06902002;1079478000000;1.0
07565773;1079650800000;1.0
07291316;1079996400000;1.0
07056061;1080082800000;1.0
07211038;1080169200000;1.0
07449156;1080856800000;1.0
07501550;1081288800000;1.0
07629500;1082671200000;1.0
07767873;1083103200000;1.0
07056483;1083621600000;1.0
06945925;1084831200000;1.0
07125497;1085090400000;1.0
07249553;1085695200000;1.0
07553423;1085695200000;1.0
07850904;1086127200000;1.0
07331268;1086127200000;1.0
07268269;1086645600000;1.0
07150320;1086732000000;1.0
07165917;1088719200000;1.0
07605297;1088805600000;1.0
07588527;1089064800000;1.0
07301066;1089583200000;1.0
06926837;1089842400000;1.0
07384610;1090188000000;1.0
07442848;1092607200000;1.0
07108767;1092780000000;1.0
07329395;1092866400000;1.0
07329399;1093384800000;1.0
RE039244;1094680800000;1.0
07306057;1095631200000;1.0
07145052;1096322400000;1.0
07097386;1096408800000;1.0
06929200;1096840800000;1.0
07449131;1097013600000;1.0
07608209;1098309600000;1.0
07476194;1098396000000;1.0
07820121;1098396000000;1.0
07678353;1098655200000;1.0
07332529;1098741600000;1.0
07514493;1098828000000;1.0
07144362;1099000800000;1.0
07156959;1099522800000;1.0
07506568;1099609200000;1.0
07261868;1100473200000;1.0
07622090;1100646000000;1.0
07399408;1100818800000;1.0
07351355;1101682800000;1.0
07337860;1101855600000;1.0
07635796;1103497200000;1.0
07692058;1104102000000;1.0
07776292;1105570800000;1.0
07060242;1106866800000;1.0
07662294;1107212400000;1.0
07772452;1107385200000;1.0
07590213;1107990000000;1.0
07019189;1109113200000;1.0
07837966;1109113200000;1.0
07576254;1109199600000;1.0
07544636;1109199600000;1.0
07468469;1109199600000;1.0
07803534;1109286000000;1.0
07642394;1110495600000;1.0
07121995;1110754800000;1.0
07195022;1110927600000;1.0
07799113;1111446000000;1.0
07255798;1111618800000;1.0
07166758;1111791600000;1.0
07030287;1112738400000;1.0
07256320;1113170400000;1.0
07677185;1113170400000;1.0
07250119;1115157600000;1.0
07330526;1115330400000;1.0
07501551;1115676000000;1.0
07648615;1115848800000;1.0
07812210;1116972000000;1.0
07560087;1117576800000;1.0
07438129;1118181600000;1.0
07373867;1118181600000;1.0
07428926;1118181600000;1.0
07772453;1118959200000;1.0
07670490;1118959200000;1.0
07476273;1119564000000;1.0
07829862;1119823200000;1.0
07637194;1120773600000;1.0
07549427;1121205600000;1.0
07619222;1121378400000;1.0
07381380;1121896800000;1.0
07381244;1123020000000;1.0
07655201;1123106400000;1.0
07481878;1123797600000;1.0
07601307;1124316000000;1.0
07781638;1124661600000;1.0
07541509;1125439200000;1.0
07427177;1125439200000;1.0
07150855;1125439200000;1.0
07351191;1125612000000;1.0
07670576;1126044000000;1.0
07445717;1126130400000;1.0
07829754;1126216800000;1.0
07381177;1127340000000;1.0
07186877;1127772000000;1.0
07737320;1127858400000;1.0
07186375;1128636000000;1.0
07276640;1129586400000;1.0
07273962;1129672800000;1.0
07518028;1130104800000;1.0
07479260;1130191200000;1.0
07456418;1131922800000;1.0
07674946;1132095600000;1.0
07201885;1132182000000;1.0
07297318;1132182000000;1.0
07771700;1133132400000;1.0
07399268;1133478000000;1.0
07137945;1133996400000;1.0
07674947;1134428400000;1.0
07563939;1134514800000;1.0
07858061;1134601200000;1.0
07776362;1136934000000;1.0
07631588;1136934000000;1.0
07550645;1137538800000;1.0
07799290;1137970800000;1.0
07662759;1138316400000;1.0
07812209;1138921200000;1.0
07855313;1141081200000;1.0
07611576;1143669600000;1.0
07461834;1144965600000;1.0
07645386;1145224800000;1.0
07334965;1145397600000;1.0
07360967;1145916000000;1.0
07737319;1146175200000;1.0
07402132;1146175200000;1.0
07662738;1148248800000;1.0
07772451;1149026400000;1.0
07622627;1149112800000;1.0
07658155;1149544800000;1.0
07378037;1149544800000;1.0
07531709;1150149600000;1.0
07745680;1150754400000;1.0
07394041;1151272800000;1.0
07338429;1156284000000;1.0
07371277;1156975200000;1.0
07713503;1158012000000;1.0
07663014;1158098400000;1.0
07835882;1158703200000;1.0
07690406;1159826400000;1.0
07445591;1159999200000;1.0
07276114;1160431200000;1.0
07785038;1161295200000;1.0
07525010;1162249200000;1.0
07556786;1163545200000;1.0
07585132;1164150000000;1.0
07431686;1164668400000;1.0
07629497;1166050800000;1.0
07736887;1166569200000;1.0
07857940;1166569200000;1.0
07377721;1168383600000;1.0
07666370;1168815600000;1.0
07767872;1168988400000;1.0
07754642;1172790000000;1.0
07530939;1173049200000;1.0
07722292;1173308400000;1.0
07470330;1174604400000;1.0
07635236;1175205600000;1.0
07651966;1175205600000;1.0
07610962;1177020000000;1.0
07429239;1177624800000;1.0
07647935;1177884000000;1.0
07682514;1179266400000;1.0
07645092;1180562400000;1.0
07759536;1180562400000;1.0
07723558;1180994400000;1.0
07790944;1180994400000;1.0
07479259;1181772000000;1.0
07667087;1182463200000;1.0
07488863;1182895200000;1.0
07517405;1182895200000;1.0
07387674;1182895200000;1.0
07820870;1184018400000;1.0
07842277;1184277600000;1.0
07718843;1184623200000;1.0
07786339;1186092000000;1.0
07750199;1186351200000;1.0
07582682;1187128800000;1.0
07798951;1188511200000;1.0
07611667;1189029600000;1.0
07731912;1189720800000;1.0
07658703;1190584800000;1.0
07670277;1191448800000;1.0
07718594;1191967200000;1.0
07786456;1192053600000;1.0
07854107;1196204400000;1.0
07662081;1196722800000;1.0
07585270;1196809200000;1.0
07838580;1196982000000;1.0
07714182;1201042800000;1.0
07670565;1204498800000;1.0
07812211;1206486000000;1.0
07763768;1206486000000;1.0
07735274;1211493600000;1.0
07850865;1211839200000;1.0
07589248;1213135200000;1.0
07722520;1213308000000;1.0
07744761;1214517600000;1.0
07781637;1217368800000;1.0
07524141;1218060000000;1.0
07857981;1219183200000;1.0
07838476;1222380000000;1.0
07553431;1222984800000;1.0
07804077;1223589600000;1.0
07691361;1224540000000;1.0
07838715;1232492400000;1.0
07789999;1232578800000;1.0
07829755;1233529200000;1.0
07765910;1234393200000;1.0
07736291;1240351200000;1.0
07811458;1244066400000;1.0
07825288;1245621600000;1.0
07820069;1247695200000;1.0
07771684;1254261600000;1.0
07799143;1259535600000;1.0
07833357;1265842800000;1.0
07829520;1268175600000;1.0
07824322;1272405600000;1.0
