id;ts;originality
03963472;-16246800000;1.0
03873296;342000000;1.0
03940257;22892400000;1.0
03867124;25743600000;1.0
03993831;39913200000;1.0
03956464;40863600000;1.0
04013442;42678000000;1.0
03981713;49071600000;1.0
03902886;49935600000;1.0
03941578;54428400000;1.0
03880646;56934000000;1.0
03977992;58402800000;1.0
03875074;68684400000;1.0
03886125;74473200000;1.0
03966708;78966000000;1.0
04052167;80780400000;1.0
03970691;81644400000;1.0
03898132;83458800000;1.0
03887580;84754800000;1.0
03880641;87778800000;1.0
03861897;87778800000;1.0
03934041;89247600000;1.0
03900378;89852400000;1.0
03860409;91839600000;1.0
03890129;93135600000;1.0
03993466;94258800000;1.0
03883341;94777200000;1.0
04008315;94777200000;1.0
03943063;94777200000;1.0
03989499;96850800000;1.0
03877920;97282800000;1.0
03900421;98406000000;1.0
03897236;98578800000;1.0
04117175;100479600000;1.0
03872002;102207600000;1.0
03873487;102294000000;1.0
03901976;102553200000;1.0
03934999;103935600000;1.0
03897215;104713200000;1.0
03950159;105231600000;1.0
03929586;105577200000;1.0
03885946;105922800000;1.0
03925053;106182000000;1.0
03928016;106873200000;1.0
03923489;106959600000;1.0
03888652;107478000000;1.0
03895916;107650800000;1.0
03926841;107737200000;1.0
03930028;107996400000;1.0
03939255;108601200000;1.0
04082533;109983600000;1.0
03892552;110761200000;1.0
03905796;111020400000;1.0
03878303;111279600000;1.0
03947262;112575600000;1.0
03938982;112575600000;1.0
03873733;113094000000;1.0
03912491;114908400000;1.0
03903119;114994800000;1.0
03888653;115426800000;1.0
03931147;116463600000;1.0
03869272;117241200000;1.0
03865568;117241200000;1.0
03873728;118018800000;1.0
03914438;118450800000;1.0
03933577;118969200000;1.0
03922157;118969200000;1.0
03982036;119487600000;1.0
03930833;119746800000;1.0
03876411;120178800000;1.0
03891571;120438000000;1.0
03871859;122511600000;1.0
03950562;123462000000;1.0
03912802;123894000000;1.0
03954436;124066800000;1.0
03907538;125017200000;1.0
03985840;125190000000;1.0
03949058;125190000000;1.0
03950495;125276400000;1.0
04083712;125708400000;1.0
03940883;125881200000;1.0
03947261;126486000000;1.0
03868243;127350000000;1.0
03912490;127350000000;1.0
03936392;127609200000;1.0
03894355;128559600000;1.0
03951639;128559600000;1.0
03873734;128559600000;1.0
04187194;129423600000;1.0
03956119;130460400000;1.0
04273672;131756400000;1.0
03996038;131842800000;1.0
03926608;131929200000;1.0
03903333;131929200000;1.0
03980140;132274800000;1.0
03909228;132447600000;1.0
03944408;132447600000;1.0
03918952;132534000000;1.0
03916456;132879600000;1.0
03862346;133052400000;1.0
03884479;133138800000;1.0
03921228;134002800000;1.0
03900963;134348400000;1.0
03899850;134607600000;1.0
03954263;134607600000;1.0
03917475;134953200000;1.0
03926609;135471600000;1.0
03929446;135558000000;1.0
04014541;136162800000;1.0
03940884;136508400000;1.0
04155741;136594800000;1.0
03932166;137804400000;1.0
03942969;138322800000;1.0
03942970;138495600000;1.0
03975178;138927600000;1.0
03978195;139446000000;1.0
03926610;140050800000;1.0
03901677;140742000000;1.0
03963471;140828400000;1.0
03898070;140914800000;1.0
03903074;141865200000;1.0
03958972;142210800000;1.0
03953192;142642800000;1.0
03961932;143679600000;1.0
03953191;143938800000;1.0
03892553;144457200000;1.0
03897237;144630000000;1.0
03960718;144889200000;1.0
03985537;145062000000;1.0
03966450;145494000000;1.0
03984225;146098800000;1.0
03986859;146271600000;1.0
03960536;148172400000;1.0
03990180;148258800000;1.0
03983255;148863600000;1.0
03936292;149382000000;1.0
04094740;149468400000;1.0
03979198;149468400000;1.0
03909229;149727600000;1.0
03964893;149727600000;1.0
03997319;149727600000;1.0
04015970;149986800000;1.0
04023955;150073200000;1.0
03933459;150678000000;1.0
04001377;151196400000;1.0
04127400;151542000000;1.0
03878304;151542000000;1.0
03911808;151801200000;1.0
03962329;151887600000;1.0
03963118;152406000000;1.0
03970625;153615600000;1.0
03976752;153961200000;1.0
04020182;154220400000;1.0
03960537;154306800000;1.0
03989500;154566000000;1.0
03982920;155170800000;1.0
04019890;155257200000;1.0
04014675;155430000000;1.0
03933458;155430000000;1.0
04018591;155948400000;1.0
03991225;156034800000;1.0
03976466;156466800000;1.0
04015973;156726000000;1.0
03963470;157330800000;1.0
04004369;157590000000;1.0
03985536;158194800000;1.0
03974262;158540400000;1.0
03974263;158540400000;1.0
03988141;159663600000;1.0
03988140;160268400000;1.0
04070441;160354800000;1.0
04015971;160873200000;1.0
04036788;161305200000;1.0
04008064;161391600000;1.0
03992184;161478000000;1.0
04016084;161564400000;1.0
04008065;161564400000;1.0
03953573;162169200000;1.0
04013440;162428400000;1.0
04026695;162428400000;1.0
03959135;162428400000;1.0
03984226;162428400000;1.0
03966641;162687600000;1.0
04009245;162774000000;1.0
04002456;163033200000;1.0
04006006;163638000000;1.0
03979199;163638000000;1.0
03969370;163724400000;1.0
03959127;163897200000;1.0
04043789;164415600000;1.0
04011061;164502000000;1.0
04217114;165106800000;1.0
04058124;165193200000;1.0
04089800;165798000000;1.0
03976465;166921200000;1.0
04007029;166921200000;1.0
03930832;167266800000;1.0
03954942;167526000000;1.0
03971720;168822000000;1.0
03985538;169426800000;1.0
04062890;170031600000;1.0
04010098;170550000000;1.0
04026673;170550000000;1.0
03928015;171500400000;1.0
03973355;171673200000;1.0
03989498;172710000000;1.0
03956115;172710000000;1.0
03951638;172969200000;1.0
04011300;173055600000;1.0
03981712;173574000000;1.0
04084938;173919600000;1.0
04032318;173919600000;1.0
04076515;174092400000;1.0
04093440;174178800000;1.0
04046551;174265200000;1.0
04019889;175129200000;1.0
04002455;175302000000;1.0
04002458;175906800000;1.0
04013446;176425200000;1.0
04072494;176598000000;1.0
04038064;176598000000;1.0
04034507;176684400000;1.0
04012220;176684400000;1.0
04035951;176943600000;1.0
04034508;176943600000;1.0
04015972;177116400000;1.0
04041133;177289200000;1.0
04006004;178153200000;1.0
04006005;178153200000;1.0
03976467;178153200000;1.0
04017588;178844400000;1.0
04050917;178844400000;1.0
03981100;179362800000;1.0
04069033;180313200000;1.0
03973032;180313200000;1.0
03994437;180313200000;1.0
04066431;180313200000;1.0
03997320;180745200000;1.0
03967948;181177200000;1.0
03958973;181350000000;1.0
04023308;181954800000;1.0
04011301;183250800000;1.0
04032319;183337200000;1.0
04034120;183682800000;1.0
04101637;183769200000;1.0
04036752;184201200000;1.0
04069249;184892400000;1.0
04001378;184978800000;1.0
04071347;184978800000;1.0
04036627;185756400000;1.0
04069034;186102000000;1.0
03975270;186793200000;1.0
04025329;186879600000;1.0
04021220;187225200000;1.0
04023954;187311600000;1.0
04160846;187830000000;1.0
04028088;188002800000;1.0
04081266;188434800000;1.0
04033746;188434800000;1.0
04025330;188434800000;1.0
04038180;189990000000;1.0
04004368;190508400000;1.0
03980462;190508400000;1.0
04008314;190940400000;1.0
04079837;191804400000;1.0
04033747;192236400000;1.0
04115313;192841200000;1.0
03985523;193014000000;1.0
04013443;193446000000;1.0
04039614;193878000000;1.0
04045204;193964400000;1.0
04007030;194569200000;1.0
04055974;194828400000;1.0
04057392;195087600000;1.0
04017591;195087600000;1.0
04047922;195087600000;1.0
04040953;195260400000;1.0
04040810;195260400000;1.0
04002457;195346800000;1.0
04017589;195865200000;1.0
04047921;195951600000;1.0
04104362;196297200000;1.0
04038181;196383600000;1.0
04173582;196642800000;1.0
04089899;196642800000;1.0
04010897;197071200000;1.0
04053394;197244000000;1.0
04042366;197503200000;1.0
04035173;197503200000;1.0
04029696;197848800000;1.0
04237106;197848800000;1.0
04073634;198453600000;1.0
04026694;199058400000;1.0
04052190;199317600000;1.0
04105430;200095200000;1.0
04012219;200181600000;1.0
04070175;200786400000;1.0
04073635;200872800000;1.0
04073633;201132000000;1.0
04078912;201736800000;1.0
04071304;201909600000;1.0
04089669;202082400000;1.0
04033745;202600800000;1.0
04130474;203119200000;1.0
04086331;203810400000;1.0
04074997;203810400000;1.0
04065287;203810400000;1.0
04063919;203810400000;1.0
04056380;204501600000;1.0
04177053;205452000000;1.0
04045205;205538400000;1.0
04046689;205711200000;1.0
04102667;206316000000;1.0
04062770;207352800000;1.0
04112118;207439200000;1.0
04218233;208389600000;1.0
04060390;208389600000;1.0
04102806;209080800000;1.0
04081366;209167200000;1.0
04043788;209685600000;1.0
04081265;209944800000;1.0
04057401;210549600000;1.0
04231780;210549600000;1.0
04053296;211068000000;1.0
04094097;211154400000;1.0
04056381;211500000000;1.0
04126438;211586400000;1.0
04078094;211586400000;1.0
04063920;212018400000;1.0
04069029;212626800000;1.0
04081264;212886000000;1.0
04048285;212886000000;1.0
04124368;212972400000;1.0
04067717;213318000000;1.0
04125465;214441200000;1.0
04028087;214441200000;1.0
04026696;214441200000;1.0
04277364;214527600000;1.0
04146382;214700400000;1.0
04125393;215132400000;1.0
04099345;216255600000;1.0
04127964;216255600000;1.0
04127965;216255600000;1.0
04116663;217206000000;1.0
04108625;217638000000;1.0
04125392;217810800000;1.0
04166840;218156400000;1.0
04242809;218847600000;1.0
04067713;219020400000;1.0
04067712;219020400000;1.0
04067714;219279600000;1.0
04067715;219366000000;1.0
04119538;219366000000;1.0
04180064;219452400000;1.0
04240817;219538800000;1.0
04104048;219538800000;1.0
04137062;219884400000;1.0
04149870;220057200000;1.0
04137158;220057200000;1.0
04087376;220748400000;1.0
04100103;220748400000;1.0
04089802;220748400000;1.0
04062672;222390000000;1.0
04145207;222476400000;1.0
04077997;222649200000;1.0
04101636;222649200000;1.0
04066432;223254000000;1.0
04154593;224895600000;1.0
04106922;225068400000;1.0
04067716;225932400000;1.0
04120685;226623600000;1.0
04128946;226623600000;1.0
04077794;226623600000;1.0
04111678;226796400000;1.0
04125395;226882800000;1.0
04071973;227228400000;1.0
04145206;227401200000;1.0
04113842;227487600000;1.0
04299598;228092400000;1.0
04077793;228351600000;1.0
04163674;228697200000;1.0
04125394;228952800000;1.0
04058389;229212000000;1.0
04105748;229212000000;1.0
04100023;229298400000;1.0
04141715;229557600000;1.0
04202683;229816800000;1.0
04130964;229903200000;1.0
04146383;230248800000;1.0
04082532;230248800000;1.0
04133669;230335200000;1.0
04113462;230335200000;1.0
04088473;230335200000;1.0
04119565;230940000000;1.0
04111684;231026400000;1.0
04193786;231026400000;1.0
04106926;231026400000;1.0
04190428;231544800000;1.0
04190427;231544800000;1.0
04183738;231976800000;1.0
04135907;232668000000;1.0
04134749;232668000000;1.0
04345032;233186400000;1.0
04098814;233186400000;1.0
04089670;233272800000;1.0
04115098;233359200000;1.0
04152323;233445600000;1.0
04205049;233877600000;1.0
04140516;233877600000;1.0
04116664;234396000000;1.0
04133668;234655200000;1.0
04152398;234655200000;1.0
04119429;235605600000;1.0
04137063;235951200000;1.0
04123570;236383200000;1.0
04110422;236556000000;1.0
04211545;236901600000;1.0
04099336;237074400000;1.0
04098006;237074400000;1.0
04142885;237420000000;1.0
04132540;238024800000;1.0
04166839;238024800000;1.0
04135908;238197600000;1.0
04169902;238197600000;1.0
04162153;238629600000;1.0
04113616;238629600000;1.0
04157983;238888800000;1.0
04146381;238975200000;1.0
04126439;239234400000;1.0
04108609;239493600000;1.0
04105412;239493600000;1.0
04161397;239839200000;1.0
04181516;241048800000;1.0
04138344;241221600000;1.0
04123248;241308000000;1.0
04149869;241740000000;1.0
04218234;241912800000;1.0
04210438;242431200000;1.0
04226832;242517600000;1.0
04133670;243036000000;1.0
04169069;243208800000;1.0
04183783;243640800000;1.0
04136252;244249200000;1.0
04155740;244249200000;1.0
04119579;244249200000;1.0
04155739;245890800000;1.0
04154174;245977200000;1.0
04121349;246150000000;1.0
04216144;246150000000;1.0
04216143;246150000000;1.0
04168150;246754800000;1.0
04114316;248050800000;1.0
04201564;248396400000;1.0
04182620;248914800000;1.0
04148623;249001200000;1.0
04174376;249606000000;1.0
04174371;249606000000;1.0
04161825;250383600000;1.0
04145208;250988400000;1.0
04180459;251074800000;1.0
04134750;251334000000;1.0
04167405;252198000000;1.0
04203864;252284400000;1.0
04198211;252630000000;1.0
04297216;252802800000;1.0
04136486;252889200000;1.0
04203755;253148400000;1.0
04169878;253234800000;1.0
04178716;253321200000;1.0
04141714;253753200000;1.0
04175943;253926000000;1.0
04155742;253926000000;1.0
04139640;254358000000;1.0
04170515;256863600000;1.0
04185987;257122800000;1.0
04152402;257122800000;1.0
04198782;257382000000;1.0
04167406;257468400000;1.0
04131648;257641200000;1.0
04174957;257986800000;1.0
04164550;257986800000;1.0
04180392;258332400000;1.0
04192848;258937200000;1.0
04224048;258937200000;1.0
04164405;259196400000;1.0
04191734;259196400000;1.0
04133671;259369200000;1.0
04158558;259887600000;1.0
04155738;260060400000;1.0
04155737;260060400000;1.0
04226833;260146800000;1.0
04174379;261266400000;1.0
04204959;261871200000;1.0
04150965;261871200000;1.0
04192853;261957600000;1.0
04217417;262389600000;1.0
04160656;262908000000;1.0
04190622;263080800000;1.0
04164413;263080800000;1.0
04177052;263167200000;1.0
04302546;264376800000;1.0
04219589;264636000000;1.0
04191550;264636000000;1.0
04348218;264808800000;1.0
04193206;264895200000;1.0
04161083;265327200000;1.0
04214888;265845600000;1.0
04190528;267141600000;1.0
04170842;267314400000;1.0
04163657;267400800000;1.0
04175944;267660000000;1.0
04285720;268610400000;1.0
04251386;269733600000;1.0
04239523;270165600000;1.0
04185988;270424800000;1.0
04213273;270424800000;1.0
04215513;270424800000;1.0
04168962;270424800000;1.0
04196477;270684000000;1.0
04153441;270770400000;1.0
04160657;270856800000;1.0
04229544;271375200000;1.0
04185680;271980000000;1.0
04204364;272239200000;1.0
04169048;272239200000;1.0
04191549;272584800000;1.0
04167641;273448800000;1.0
04201128;273794400000;1.0
04219347;273794400000;1.0
04259235;274312800000;1.0
04233266;274917600000;1.0
04306059;275522400000;1.0
04248843;275695200000;1.0
04211546;276390000000;1.0
04354943;277081200000;1.0
04303438;277945200000;1.0
04157911;278550000000;1.0
04249929;278722800000;1.0
04352688;278809200000;1.0
04214887;279327600000;1.0
04221571;279759600000;1.0
04219348;280018800000;1.0
04272489;280450800000;1.0
04214985;280969200000;1.0
04369054;280969200000;1.0
04308049;281055600000;1.0
04246030;281919600000;1.0
04256691;282438000000;1.0
04210437;282438000000;1.0
04184269;282438000000;1.0
04214996;282870000000;1.0
04259361;282870000000;1.0
04302237;283474800000;1.0
04204842;284770800000;1.0
04236910;284943600000;1.0
04385920;285807600000;1.0
04230478;285894000000;1.0
04234332;285894000000;1.0
04229202;286412400000;1.0
04244836;287017200000;1.0
04244727;287190000000;1.0
04251255;287622000000;1.0
04252919;287622000000;1.0
04246019;288399600000;1.0
04220463;288831600000;1.0
04217127;289004400000;1.0
04226609;289090800000;1.0
04248617;289177200000;1.0
04256479;289436400000;1.0
04219349;289436400000;1.0
04249930;289695600000;1.0
04240818;290041200000;1.0
04326874;290041200000;1.0
04388101;290214000000;1.0
04375980;290646000000;1.0
04280833;291250800000;1.0
04230479;291596400000;1.0
04246018;292024800000;1.0
04297122;293234400000;1.0
04264448;293407200000;1.0
04229442;293752800000;1.0
04226712;294271200000;1.0
04246248;294876000000;1.0
04252831;294962400000;1.0
04252553;295221600000;1.0
04230676;295480800000;1.0
04247321;296085600000;1.0
04313847;296431200000;1.0
04265406;296949600000;1.0
04358540;297640800000;1.0
04239522;298072800000;1.0
04313753;298072800000;1.0
04297130;298591200000;1.0
04299613;298850400000;1.0
04310552;299196000000;1.0
04279635;299282400000;1.0
04286982;299714400000;1.0
04265653;299973600000;1.0
04252901;300492000000;1.0
04268490;300578400000;1.0
04248601;300578400000;1.0
04217128;300664800000;1.0
04217333;301010400000;1.0
04300940;301183200000;1.0
04317672;301183200000;1.0
04269729;301528800000;1.0
04341739;301615200000;1.0
04288241;301788000000;1.0
04328025;302133600000;1.0
04255389;302306400000;1.0
04261725;302306400000;1.0
04283219;302479200000;1.0
04283423;303948000000;1.0
04273570;306712800000;1.0
04334908;307317600000;1.0
04274838;307580400000;1.0
04259147;308444400000;1.0
04310344;309135600000;1.0
04319910;309654000000;1.0
04345931;309654000000;1.0
04254515;310604400000;1.0
04259102;310604400000;1.0
04356269;310690800000;1.0
04283387;310863600000;1.0
04282208;310863600000;1.0
04282207;310863600000;1.0
04236911;310863600000;1.0
04315761;311468400000;1.0
04310343;312505200000;1.0
04238072;312678000000;1.0
04257898;313023600000;1.0
04331465;313282800000;1.0
04343646;313628400000;1.0
04277253;314233200000;1.0
04342737;314233200000;1.0
04308047;314319600000;1.0
04413843;315010800000;1.0
04326875;315010800000;1.0
04285719;315442800000;1.0
04276077;315442800000;1.0
04317670;315788400000;1.0
04334907;316047600000;1.0
04274860;316047600000;1.0
04343907;316220400000;1.0
04318729;316306800000;1.0
04311511;316652400000;1.0
04350598;316738800000;1.0
04292334;317257200000;1.0
04280830;317430000000;1.0
04318732;318466800000;1.0
04340414;318466800000;1.0
04305748;318726000000;1.0
04297123;318726000000;1.0
04356109;318726000000;1.0
04315763;318726000000;1.0
04344847;319071600000;1.0
04292067;319158000000;1.0
04308048;319244400000;1.0
04277459;319244400000;1.0
04450001;319762800000;1.0
04302236;319849200000;1.0
04294604;320281200000;1.0
04324577;320281200000;1.0
04313234;320281200000;1.0
04339265;320454000000;1.0
04317671;320540400000;1.0
04316736;320540400000;1.0
04322361;320886000000;1.0
04383846;321058800000;1.0
04264352;322095600000;1.0
04333757;322441200000;1.0
04321077;323478000000;1.0
04405354;323478000000;1.0
04353729;324511200000;1.0
04337594;324856800000;1.0
04328024;325116000000;1.0
04298512;325375200000;1.0
04304588;326325600000;1.0
04393166;326325600000;1.0
04295972;326498400000;1.0
04301620;326584800000;1.0
04315762;326930400000;1.0
04394149;327016800000;1.0
04344857;327276000000;1.0
04329491;327535200000;1.0
04321079;327708000000;1.0
04336053;329436000000;1.0
04384975;329695200000;1.0
04284425;329695200000;1.0
04271134;330127200000;1.0
04314829;330818400000;1.0
04304589;331164000000;1.0
04556536;331164000000;1.0
04321078;331164000000;1.0
04300939;331164000000;1.0
04351735;331768800000;1.0
04374039;332114400000;1.0
04306978;332373600000;1.0
04377599;333756000000;1.0
04374804;334447200000;1.0
04293523;334879200000;1.0
04350675;335656800000;1.0
04309205;336002400000;1.0
04313752;336088800000;1.0
04384877;336175200000;1.0
04439342;336693600000;1.0
04439344;336693600000;1.0
04500339;336780000000;1.0
04500337;336780000000;1.0
04500338;336780000000;1.0
04337077;337298400000;1.0
04321142;337816800000;1.0
04295762;338076000000;1.0
04334905;338421600000;1.0
04309206;338767200000;1.0
04369194;340585200000;1.0
04334885;340844400000;1.0
04331538;341103600000;1.0
04311510;341535600000;1.0
04321076;341622000000;1.0
04382813;341708400000;1.0
04374199;342054000000;1.0
04342650;342054000000;1.0
04385500;343263600000;1.0
04337078;343263600000;1.0
04353730;343263600000;1.0
04353709;343350000000;1.0
04334906;344214000000;1.0
04398936;344818800000;1.0
04365988;345078000000;1.0
04336051;346374000000;1.0
04356021;346978800000;1.0
04336052;347065200000;1.0
04330319;347497200000;1.0
04372929;347670000000;1.0
04323386;349052400000;1.0
04394150;349570800000;1.0
04380886;349657200000;1.0
04372872;351212400000;1.0
04332609;352594800000;1.0
04402725;352681200000;1.0
04348424;354495600000;1.0
04347632;354837600000;1.0
04346002;355096800000;1.0
04370159;355356000000;1.0
04388303;355356000000;1.0
04354944;355356000000;1.0
04399633;355615200000;1.0
04411933;355615200000;1.0
04391623;356911200000;1.0
04604126;357256800000;1.0
04363650;357429600000;1.0
04425150;357775200000;1.0
04342830;358380000000;1.0
04443625;358639200000;1.0
04422855;358725600000;1.0
04337079;358984800000;1.0
04396412;359157600000;1.0
04332610;360367200000;1.0
04426396;361058400000;1.0
04392881;362700000000;1.0
04394213;362786400000;1.0
04367609;363909600000;1.0
04417916;364600800000;1.0
04411683;365292000000;1.0
04378238;365292000000;1.0
04420319;366156000000;1.0
04345099;366242400000;1.0
04434231;366588000000;1.0
04541857;368143200000;1.0
04369055;368316000000;1.0
04383847;369007200000;1.0
04411682;369266400000;1.0
04395488;369266400000;1.0
04404146;369871200000;1.0
04451372;370044000000;1.0
04402756;371084400000;1.0
04534782;371170800000;1.0
04442215;371689200000;1.0
04428983;371775600000;1.0
04652295;371862000000;1.0
04420320;372639600000;1.0
04397675;373762800000;1.0
04447253;373762800000;1.0
04445926;373762800000;1.0
04445925;373762800000;1.0
04566896;373849200000;1.0
04395273;374886000000;1.0
04397674;375058800000;1.0
04356020;375058800000;1.0
04402852;377218800000;1.0
04404116;377218800000;1.0
04440560;377823600000;1.0
04414335;377910000000;1.0
04352888;377910000000;1.0
04377406;378946800000;1.0
04429043;379033200000;1.0
04536412;379033200000;1.0
04393032;379638000000;1.0
04393030;379638000000;1.0
04421545;379724400000;1.0
04383845;379897200000;1.0
04443242;380156400000;1.0
04410348;381020400000;1.0
04420468;381106800000;1.0
04423015;381625200000;1.0
04400195;381970800000;1.0
04409015;382230000000;1.0
04439488;383526000000;1.0
04793474;383958000000;1.0
04410350;385254000000;1.0
04540427;385599600000;1.0
04410349;386373600000;1.0
04404013;387496800000;1.0
04443969;387583200000;1.0
04405575;388360800000;1.0
04384878;388620000000;1.0
04470839;388706400000;1.0
04801325;389829600000;1.0
04486217;390434400000;1.0
04427434;390520800000;1.0
04435201;390520800000;1.0
04421544;391730400000;1.0
04501773;392594400000;1.0
04437997;392853600000;1.0
04478633;392940000000;1.0
04517008;393026400000;1.0
04500336;393199200000;1.0
04408998;393199200000;1.0
04409016;393199200000;1.0
04478632;394236000000;1.0
04424072;394322400000;1.0
04430241;394322400000;1.0
04508558;395445600000;1.0
04462972;395877600000;1.0
04425149;396223200000;1.0
04525197;396223200000;1.0
04534781;396568800000;1.0
04436545;396828000000;1.0
04436546;396828000000;1.0
04427432;397951200000;1.0
04551243;398296800000;1.0
04549897;398383200000;1.0
04468463;398469600000;1.0
04469504;398988000000;1.0
04427433;399852000000;1.0
04505732;400370400000;1.0
04455161;400716000000;1.0
04436817;400975200000;1.0
04472186;401061600000;1.0
04475939;401407200000;1.0
04557749;401407200000;1.0
04457945;401493600000;1.0
04495290;401666400000;1.0
04459149;401666400000;1.0
04421543;402015600000;1.0
04687645;402102000000;1.0
04451277;402188400000;1.0
04420321;402188400000;1.0
04493820;402274800000;1.0
04585167;402793200000;1.0
04540667;403225200000;1.0
04456463;403484400000;1.0
05158594;404348400000;1.0
04483704;404607600000;1.0
04517006;406335600000;1.0
04521239;407372400000;1.0
04442081;407631600000;1.0
04494975;407631600000;1.0
04474925;408322800000;1.0
04473390;409186800000;1.0
04482372;409446000000;1.0
04507142;410050800000;1.0
04818269;410396400000;1.0
04405361;410396400000;1.0
04475940;411692400000;1.0
04496526;413420400000;1.0
04501604;414111600000;1.0
04650682;414802800000;1.0
04547263;415234800000;1.0
04494976;415839600000;1.0
04553351;415926000000;1.0
04474595;416098800000;1.0
04589225;416185200000;1.0
04525198;416185200000;1.0
04547213;416444400000;1.0
04512103;416444400000;1.0
04540428;416617200000;1.0
04517002;416617200000;1.0
04539037;416617200000;1.0
04589906;417650400000;1.0
04454259;417823200000;1.0
04666714;417996000000;1.0
04469503;418255200000;1.0
04462819;418514400000;1.0
04554003;418600800000;1.0
04461638;418860000000;1.0
04482371;419119200000;1.0
04439223;419464800000;1.0
04551165;419464800000;1.0
04521517;420069600000;1.0
04539038;420069600000;1.0
04710300;420933600000;1.0
04526606;420933600000;1.0
04469502;421020000000;1.0
04581056;421452000000;1.0
04554002;421884000000;1.0
04491464;421970400000;1.0
04493725;421970400000;1.0
04568373;422488800000;1.0
04610715;422488800000;1.0
04541999;422748000000;1.0
04518413;423698400000;1.0
04447541;423698400000;1.0
04517004;423871200000;1.0
04517003;423871200000;1.0
04517005;423871200000;1.0
04886664;423871200000;1.0
04517007;423957600000;1.0
04537615;424044000000;1.0
04536376;424303200000;1.0
04486396;424389600000;1.0
04528020;424562400000;1.0
04457773;424994400000;1.0
04515615;425167200000;1.0
04511389;425167200000;1.0
04512794;425167200000;1.0
04500502;425599200000;1.0
04506831;425599200000;1.0
04499614;425772000000;1.0
04486216;425858400000;1.0
04452008;426290400000;1.0
04479923;426290400000;1.0
04530713;427932000000;1.0
04559074;428882400000;1.0
04528019;429746400000;1.0
05013349;429919200000;1.0
04500335;430092000000;1.0
04449900;430524000000;1.0
04880586;432511200000;1.0
04563207;432943200000;1.0
04952229;433465200000;1.0
04503154;433638000000;1.0
04551164;434070000000;1.0
04961929;434761200000;1.0
04536378;434847600000;1.0
04536206;434934000000;1.0
04519831;435193200000;1.0
04554004;435366000000;1.0
04526607;435452400000;1.0
04551305;435538800000;1.0
04654071;437180400000;1.0
04559075;437871600000;1.0
04560400;437871600000;1.0
04487624;438217200000;1.0
04666498;438390000000;1.0
04552666;438390000000;1.0
04735015;438562800000;1.0
04528021;440290800000;1.0
04624695;440722800000;1.0
04563212;441327600000;1.0
04534783;441932400000;1.0
04530714;443055600000;1.0
04550173;443142000000;1.0
04537613;443314800000;1.0
04575391;443660400000;1.0
04505733;444524400000;1.0
04537614;444610800000;1.0
04539036;446166000000;1.0
04749402;446166000000;1.0
04511388;446684400000;1.0
04581057;448153200000;1.0
04540467;448671600000;1.0
04559073;448671600000;1.0
04608126;449100000000;1.0
04751081;449100000000;1.0
04523941;449100000000;1.0
04512793;452124000000;1.0
04552581;452383200000;1.0
04584179;453679200000;1.0
04551166;453938400000;1.0
04596593;454024800000;1.0
04522638;454024800000;1.0
04579578;454629600000;1.0
04531962;455148000000;1.0
04605550;455234400000;1.0
04952230;455320800000;1.0
04529434;455752800000;1.0
04604125;455752800000;1.0
04552726;456098400000;1.0
04576625;456444000000;1.0
04507207;456616800000;1.0
04545803;456962400000;1.0
04545802;456962400000;1.0
04523940;456962400000;1.0
04522642;456962400000;1.0
04569859;458258400000;1.0
04579580;458517600000;1.0
04743288;458949600000;1.0
04551167;459122400000;1.0
04670225;459727200000;1.0
04568374;460936800000;1.0
04589226;461196000000;1.0
04560588;461800800000;1.0
04602927;461800800000;1.0
04701353;461887200000;1.0
04619843;461887200000;1.0
04837153;461973600000;1.0
04632692;462146400000;1.0
04557748;462146400000;1.0
04554005;462492000000;1.0
04592771;462578400000;1.0
04576627;463096800000;1.0
04866097;463269600000;1.0
04634463;463874400000;1.0
04559076;463874400000;1.0
04647533;463960800000;1.0
04626270;464479200000;1.0
04565564;466642800000;1.0
04813996;466815600000;1.0
04581846;466988400000;1.0
04563208;466988400000;1.0
04507139;467593200000;1.0
04610714;468457200000;1.0
04565552;468630000000;1.0
04571254;468716400000;1.0
04605430;468802800000;1.0
04600558;469321200000;1.0
04944787;469753200000;1.0
04586659;470962800000;1.0
04767440;471481200000;1.0
04694105;471481200000;1.0
04602928;471481200000;1.0
04601908;471826800000;1.0
04582524;472172400000;1.0
04659472;472950000000;1.0
04831056;473554800000;1.0
04578105;473900400000;1.0
04565563;474505200000;1.0
04637163;477097200000;1.0
04723992;477270000000;1.0
04668242;477615600000;1.0
04617047;479430000000;1.0
04673429;479516400000;1.0
04572733;479516400000;1.0
04720460;481413600000;1.0
04588431;481759200000;1.0
04579579;481759200000;1.0
04576626;482364000000;1.0
04707176;482364000000;1.0
04637921;482709600000;1.0
04634533;483314400000;1.0
05047078;483832800000;1.0
04687505;484437600000;1.0
04571256;484869600000;1.0
04670288;485733600000;1.0
04647441;486165600000;1.0
04652294;486338400000;1.0
04662929;487375200000;1.0
04765822;487807200000;1.0
04623528;487807200000;1.0
04633535;489103200000;1.0
04752317;489621600000;1.0
04642131;490831200000;1.0
04803165;492213600000;1.0
04649035;492213600000;1.0
04670037;492645600000;1.0
04643111;493423200000;1.0
04661358;493596000000;1.0
05000976;493596000000;1.0
04975108;493855200000;1.0
04589904;493855200000;1.0
04617048;493855200000;1.0
04668495;494200800000;1.0
04698090;494200800000;1.0
04713108;495237600000;1.0
05139555;495842400000;1.0
04832728;495842400000;1.0
04755468;495928800000;1.0
05019149;496274400000;1.0
04591375;496882800000;1.0
04776872;496882800000;1.0
04935353;497228400000;1.0
04599102;497487600000;1.0
04655001;497833200000;1.0
04594090;498178800000;1.0
04687651;498178800000;1.0
04601891;498178800000;1.0
04589903;498265200000;1.0
05085588;498438000000;1.0
04683814;499302000000;1.0
04666497;499561200000;1.0
04774186;499993200000;1.0
04657576;500684400000;1.0
04684391;501375600000;1.0
04892577;501807600000;1.0
04689067;502326000000;1.0
04682999;503103600000;1.0
04701204;503190000000;1.0
04975106;503535600000;1.0
04699644;504140400000;1.0
04686115;506127600000;1.0
04975107;507337200000;1.0
04976767;507337200000;1.0
04681806;508633200000;1.0
04797145;509065200000;1.0
04755205;509238000000;1.0
04670039;510534000000;1.0
04793979;511657200000;1.0
04721519;511657200000;1.0
04619684;512002800000;1.0
04636242;513208800000;1.0
04746513;513295200000;1.0
04936898;513381600000;1.0
04755206;513986400000;1.0
04710219;514072800000;1.0
04707347;514072800000;1.0
04714490;514591200000;1.0
04847087;515196000000;1.0
04851035;515282400000;1.0
04696693;516232800000;1.0
04752316;516837600000;1.0
04678649;518392800000;1.0
04741122;518997600000;1.0
04777763;519343200000;1.0
04741956;521244000000;1.0
04983564;521676000000;1.0
04676822;522540000000;1.0
04690834;523058400000;1.0
04711656;523231200000;1.0
04746349;523663200000;1.0
04764199;524268000000;1.0
04711659;524700000000;1.0
04743287;524786400000;1.0
04670038;524959200000;1.0
04744965;525564000000;1.0
04716027;526255200000;1.0
04772308;526514400000;1.0
04720461;526514400000;1.0
04710364;526687200000;1.0
04721585;526773600000;1.0
05028252;527205600000;1.0
04742032;528678000000;1.0
04806337;529628400000;1.0
04804401;529887600000;1.0
04781748;529887600000;1.0
04801498;530751600000;1.0
04795711;531702000000;1.0
04740233;532566000000;1.0
04756738;532911600000;1.0
04743448;533170800000;1.0
04698173;533170800000;1.0
04909825;533343600000;1.0
04762545;533775600000;1.0
04676821;534726000000;1.0
04772490;535071600000;1.0
04758344;535158000000;1.0
04867779;535158000000;1.0
04755397;535762800000;1.0
04764200;538268400000;1.0
05192355;538700400000;1.0
04793927;538700400000;1.0
04846883;538959600000;1.0
04839088;539218800000;1.0
04900348;539564400000;1.0
04880745;539823600000;1.0
04851242;540082800000;1.0
04781842;541378800000;1.0
05026416;542242800000;1.0
04846871;542329200000;1.0
04863866;542502000000;1.0
04812159;542588400000;1.0
04921803;542934000000;1.0
04950601;542934000000;1.0
04879232;542934000000;1.0
04786307;543452400000;1.0
04867930;543452400000;1.0
04776960;543452400000;1.0
04803800;543798000000;1.0
04912874;544399200000;1.0
04834787;544399200000;1.0
04789391;545263200000;1.0
04762546;545263200000;1.0
04804402;545522400000;1.0
04834957;545954400000;1.0
04787928;546213600000;1.0
04853026;546732000000;1.0
04816222;546732000000;1.0
04778510;547336800000;1.0
04776879;547336800000;1.0
04810280;547423200000;1.0
04969946;547423200000;1.0
04789516;547941600000;1.0
04913725;548287200000;1.0
04872899;548632800000;1.0
04792350;549064800000;1.0
04786308;549583200000;1.0
04888173;550447200000;1.0
04881963;551311200000;1.0
04875921;551656800000;1.0
04923500;551916000000;1.0
04812339;552088800000;1.0
04845888;552780000000;1.0
04911952;552866400000;1.0
04849005;553471200000;1.0
04832928;553816800000;1.0
04878936;554335200000;1.0
04798802;554421600000;1.0
04828600;554508000000;1.0
04839461;554940000000;1.0
04769149;555026400000;1.0
04804403;555199200000;1.0
05125952;555199200000;1.0
04849006;555285600000;1.0
04743289;555544800000;1.0
04857098;555631200000;1.0
04797367;555890400000;1.0
04869877;556322400000;1.0
05229114;556408800000;1.0
04772307;556408800000;1.0
04927455;557445600000;1.0
04765911;558568800000;1.0
04781749;559868400000;1.0
04945059;560041200000;1.0
04828399;560127600000;1.0
04818268;561164400000;1.0
05008194;561337200000;1.0
05001061;561337200000;1.0
05019564;561596400000;1.0
04848026;562201200000;1.0
05112379;562460400000;1.0
04792349;562892400000;1.0
04927636;562892400000;1.0
04846975;563151600000;1.0
04758261;565225200000;1.0
05009697;565311600000;1.0
05022912;565484400000;1.0
04979980;566175600000;1.0
04936897;566694000000;1.0
04776131;568508400000;1.0
04818405;569199600000;1.0
04838922;570236400000;1.0
04902431;570322800000;1.0
04788081;570668400000;1.0
04925476;571014000000;1.0
04874595;571014000000;1.0
04961774;571273200000;1.0
05024689;571273200000;1.0
04844725;571964400000;1.0
04851027;572223600000;1.0
04885021;572482800000;1.0
05043005;572482800000;1.0
04872900;572655600000;1.0
05199967;572828400000;1.0
04880455;572828400000;1.0
04883530;574556400000;1.0
04861519;575247600000;1.0
04842790;575762400000;1.0
04954155;576280800000;1.0
04832735;576367200000;1.0
04836843;576453600000;1.0
05082487;576712800000;1.0
04969947;576799200000;1.0
05017374;577058400000;1.0
05001261;577317600000;1.0
04960452;577663200000;1.0
04846870;579132000000;1.0
04927447;579477600000;1.0
04948413;579736800000;1.0
04808206;579823200000;1.0
04876039;579996000000;1.0
04919906;581292000000;1.0
04872998;581896800000;1.0
05019148;582242400000;1.0
05030562;582415200000;1.0
05045461;583624800000;1.0
04943307;584920800000;1.0
04874134;585180000000;1.0
05139554;586130400000;1.0
05057141;586389600000;1.0
04975105;586562400000;1.0
04957534;587167200000;1.0
04812158;587253600000;1.0
05022182;588204000000;1.0
04937080;588981600000;1.0
04885148;589500000000;1.0
05041383;590191200000;1.0
04952379;591404400000;1.0
05082485;592009200000;1.0
05043417;593046000000;1.0
05173424;593823600000;1.0
04970117;593996400000;1.0
05106749;594342000000;1.0
04932992;594514800000;1.0
04932991;594514800000;1.0
04877531;594860400000;1.0
04932993;594860400000;1.0
05104436;595033200000;1.0
04971616;595119600000;1.0
05030267;595465200000;1.0
05078779;596934000000;1.0
04865640;597020400000;1.0
05009696;598230000000;1.0
05023178;598230000000;1.0
04984561;598230000000;1.0
05007953;598748400000;1.0
04954154;599180400000;1.0
05039327;599266800000;1.0
04943308;599266800000;1.0
04994100;599353200000;1.0
04997592;599785200000;1.0
05085681;600303600000;1.0
04954156;600994800000;1.0
04874419;600994800000;1.0
05071462;601599600000;1.0
05152821;601858800000;1.0
05250100;602722800000;1.0
05147442;602809200000;1.0
05125951;603327600000;1.0
05181950;603673200000;1.0
05082655;603673200000;1.0
05252117;604018800000;1.0
05089040;604278000000;1.0
04962283;604623600000;1.0
04939165;604623600000;1.0
04988388;604882800000;1.0
04962284;605142000000;1.0
04906273;605487600000;1.0
04964894;605746800000;1.0
04962034;605919600000;1.0
05021076;606092400000;1.0
05037470;607039200000;1.0
05154752;607816800000;1.0
05078778;607816800000;1.0
05133797;607816800000;1.0
04895983;608421600000;1.0
05049486;608508000000;1.0
04919702;610149600000;1.0
04952231;610668000000;1.0
04925571;610927200000;1.0
05114457;611359200000;1.0
04997642;613000800000;1.0
04990173;613346400000;1.0
05209014;613346400000;1.0
05026146;613951200000;1.0
05238480;615074400000;1.0
05116761;616111200000;1.0
05006147;616629600000;1.0
05041153;616975200000;1.0
04995897;617580000000;1.0
04988377;617839200000;1.0
05129935;617839200000;1.0
04954134;617839200000;1.0
05052570;617839200000;1.0
05141745;618530400000;1.0
05229113;618616800000;1.0
05022913;620258400000;1.0
05127187;621122400000;1.0
05106405;621640800000;1.0
05096616;623026800000;1.0
05174804;623026800000;1.0
05071075;623372400000;1.0
05300123;623372400000;1.0
04968499;624236400000;1.0
05125950;624841200000;1.0
04985060;625186800000;1.0
05366532;625446000000;1.0
05009710;625705200000;1.0
05076827;625705200000;1.0
05055124;625791600000;1.0
05344471;626396400000;1.0
04981600;626914800000;1.0
05024690;627087600000;1.0
04956002;627606000000;1.0
05152822;628124400000;1.0
05068438;628988400000;1.0
05049180;629593200000;1.0
05288296;630716400000;1.0
05098461;630802800000;1.0
05021077;631926000000;1.0
05043007;632703600000;1.0
05039328;634345200000;1.0
05628812;634431600000;1.0
05192354;635641200000;1.0
05175106;635727600000;1.0
05069801;635986800000;1.0
05005345;636591600000;1.0
05118338;636591600000;1.0
05026417;636591600000;1.0
05582627;636850800000;1.0
05549729;636850800000;1.0
05078882;637974000000;1.0
05089041;638060400000;1.0
05187097;638146800000;1.0
05102440;639007200000;1.0
05123950;639180000000;1.0
05362181;639612000000;1.0
05194122;640562400000;1.0
05129993;640562400000;1.0
05118337;640562400000;1.0
05169643;641167200000;1.0
05035872;641685600000;1.0
05106406;641772000000;1.0
05061490;641858400000;1.0
05302524;642636000000;1.0
05002601;642636000000;1.0
05034045;642808800000;1.0
05126263;643500000000;1.0
05032164;643586400000;1.0
05181952;645055200000;1.0
04997469;645055200000;1.0
05175131;645141600000;1.0
05082488;645832800000;1.0
05104647;646005600000;1.0
05116760;646178400000;1.0
05118336;646264800000;1.0
05100455;646610400000;1.0
04997572;646610400000;1.0
05178661;647560800000;1.0
05114459;647560800000;1.0
05102441;647647200000;1.0
05129936;649288800000;1.0
05308616;649893600000;1.0
05198252;651362400000;1.0
05096481;651967200000;1.0
05102446;652917600000;1.0
05158595;653263200000;1.0
05093262;654735600000;1.0
05527373;656636400000;1.0
05279637;656636400000;1.0
05183477;656722800000;1.0
05182096;658105200000;1.0
05695541;658450800000;1.0
05082486;658710000000;1.0
05427785;659142000000;1.0
05135664;659919600000;1.0
05186731;660438000000;1.0
05096080;660438000000;1.0
05229291;660870000000;1.0
05120345;660870000000;1.0
05158593;661647600000;1.0
05141551;661734000000;1.0
05162600;662338800000;1.0
05435821;662598000000;1.0
05346527;664498800000;1.0
05196043;664758000000;1.0
05137563;665017200000;1.0
05174806;665794800000;1.0
05174805;665794800000;1.0
05169782;666313200000;1.0
05171690;666313200000;1.0
05108481;666399600000;1.0
05190572;668127600000;1.0
05264019;668127600000;1.0
05219465;668386800000;1.0
05114458;668905200000;1.0
05160525;668905200000;1.0
05387745;669596400000;1.0
05099049;669596400000;1.0
05256181;670114800000;1.0
05188654;670114800000;1.0
05094680;670629600000;1.0
05248602;671148000000;1.0
05118444;671234400000;1.0
05123203;671407200000;1.0
05127933;671666400000;1.0
05192428;671925600000;1.0
05368626;671925600000;1.0
05171349;672357600000;1.0
05261939;674085600000;1.0
05159094;674258400000;1.0
05176734;674863200000;1.0
05183759;674863200000;1.0
05147441;675640800000;1.0
05317834;676504800000;1.0
05209768;676850400000;1.0
05190797;677714400000;1.0
05401291;677800800000;1.0
05173306;678060000000;1.0
05490604;679183200000;1.0
05127186;679874400000;1.0
05167966;681602400000;1.0
05120344;682034400000;1.0
05335449;682207200000;1.0
05211735;682207200000;1.0
05114460;682293600000;1.0
05192356;682725600000;1.0
05393317;682812000000;1.0
05135561;682812000000;1.0
05213692;683330400000;1.0
05192541;683503200000;1.0
05252116;683848800000;1.0
05317037;684367200000;1.0
05302179;684540000000;1.0
05106648;684972000000;1.0
05196042;685058400000;1.0
05221313;685231200000;1.0
05204263;685922400000;1.0
05336290;685922400000;1.0
05201930;686185200000;1.0
05206169;686185200000;1.0
05167274;686790000000;1.0
05152414;686962800000;1.0
05211985;686962800000;1.0
05352264;687481200000;1.0
05185024;688258800000;1.0
05215921;688604400000;1.0
05118005;688863600000;1.0
05234485;688950000000;1.0
05186732;689900400000;1.0
05451240;690505200000;1.0
05264017;690850800000;1.0
05203906;691110000000;1.0
05322793;691369200000;1.0
05215670;691628400000;1.0
05152820;691887600000;1.0
05342449;692233200000;1.0
05204183;694393200000;1.0
05192615;694393200000;1.0
05340376;694825200000;1.0
05187011;694911600000;1.0
05405425;695257200000;1.0
05322792;695602800000;1.0
05234596;695602800000;1.0
05321011;695948400000;1.0
05328497;695948400000;1.0
05330544;696466800000;1.0
05300127;697158000000;1.0
05282879;697849200000;1.0
05242690;698367600000;1.0
05275733;698540400000;1.0
05266096;698540400000;1.0
05240490;700441200000;1.0
05181951;700873200000;1.0
05681738;700959600000;1.0
05286272;701046000000;1.0
05354349;701650800000;1.0
05256378;702770400000;1.0
05228895;702856800000;1.0
05364439;704498400000;1.0
05429654;704584800000;1.0
05303663;705276000000;1.0
05227068;705276000000;1.0
05248327;706140000000;1.0
05252118;707608800000;1.0
05219818;709164000000;1.0
05310785;709250400000;1.0
05300136;710028000000;1.0
05312474;710546400000;1.0
05378258;710632800000;1.0
05269939;710978400000;1.0
05252302;711583200000;1.0
05364627;711669600000;1.0
05248326;712274400000;1.0
05422015;712447200000;1.0
05628945;712792800000;1.0
05308372;712879200000;1.0
05348103;714175200000;1.0
05385673;715903200000;1.0
05291685;716162400000;1.0
05292507;716421600000;1.0
05292637;716508000000;1.0
05221312;717112800000;1.0
05345744;717112800000;1.0
05328498;717199200000;1.0
05339974;717634800000;1.0
05344871;717721200000;1.0
05324707;717807600000;1.0
05413618;717894000000;1.0
05423897;718239600000;1.0
05274151;718498800000;1.0
05298050;718585200000;1.0
05277825;719103600000;1.0
05371194;719622000000;1.0
05269829;720399600000;1.0
05380350;720399600000;1.0
05814123;720658800000;1.0
05372627;721609200000;1.0
05766615;721609200000;1.0
05395449;721868400000;1.0
05399186;721868400000;1.0
05264018;722559600000;1.0
05366534;723078000000;1.0
05713980;723423600000;1.0
05395418;724028400000;1.0
05628813;724892400000;1.0
05378259;724978800000;1.0
05360465;725583600000;1.0
05266097;725756400000;1.0
05308373;726447600000;1.0
05395419;726966000000;1.0
05739081;727657200000;1.0
05395417;728002800000;1.0
05374292;729126000000;1.0
05372626;729212400000;1.0
05597574;729471600000;1.0
05425955;729471600000;1.0
05698211;729471600000;1.0
05302180;729817200000;1.0
05360466;730335600000;1.0
05308827;730508400000;1.0
05364440;730940400000;1.0
05350435;731199600000;1.0
05417737;731631600000;1.0
05306478;731631600000;1.0
05275639;731718000000;1.0
05366961;733701600000;1.0
05372748;734133600000;1.0
06074451;734220000000;1.0
05348742;734652000000;1.0
05378257;735170400000;1.0
05435823;735343200000;1.0
05443845;735429600000;1.0
05337898;735516000000;1.0
05393318;735775200000;1.0
05266201;735775200000;1.0
05374294;737762400000;1.0
05385596;737848800000;1.0
05356452;738194400000;1.0
05364451;739144800000;1.0
05407809;739404000000;1.0
05300135;739576800000;1.0
05405426;740008800000;1.0
05472712;740786400000;1.0
05984579;741564000000;1.0
05393319;742082400000;1.0
05330552;742082400000;1.0
05387056;743032800000;1.0
05370714;743119200000;1.0
05411567;743292000000;1.0
05387271;743378400000;1.0
05445663;743378400000;1.0
05607494;743810400000;1.0
05393312;744328800000;1.0
06193775;744588000000;1.0
05356467;744588000000;1.0
05413616;744847200000;1.0
05436218;744847200000;1.0
05413856;745538400000;1.0
05599372;745884000000;1.0
05383951;746402400000;1.0
05376159;747612000000;1.0
05472472;747612000000;1.0
05427592;747871200000;1.0
05409516;748044000000;1.0
05457031;748476000000;1.0
05431708;749170800000;1.0
05561944;750380400000;1.0
05446179;750553200000;1.0
05503647;751244400000;1.0
05456737;751590000000;1.0
05441552;751676400000;1.0
05486068;752281200000;1.0
05346305;752713200000;1.0
06051043;752886000000;1.0
05364438;753058800000;1.0
05352265;753058800000;1.0
05476527;753577200000;1.0
05417736;755391600000;1.0
05366533;755737200000;1.0
05354350;755823600000;1.0
05454850;755910000000;1.0
05476528;756342000000;1.0
05417861;756428400000;1.0
05415672;756514800000;1.0
05451243;756946800000;1.0
05484464;757119600000;1.0
05538531;757810800000;1.0
05702499;758847600000;1.0
05432088;759538800000;1.0
05447866;760143600000;1.0
05514200;760575600000;1.0
05413432;761180400000;1.0
05454851;761353200000;1.0
05472476;761353200000;1.0
05560768;761439600000;1.0
05435822;761526000000;1.0
05443612;761871600000;1.0
05494684;761958000000;1.0
05529597;762562800000;1.0
05411569;763599600000;1.0
05504055;763686000000;1.0
05383952;763772400000;1.0
05441877;763945200000;1.0
05584904;764550000000;1.0
05449394;764550000000;1.0
05461823;764805600000;1.0
05472473;764892000000;1.0
05542962;764892000000;1.0
05466274;765410400000;1.0
05489323;765583200000;1.0
05435819;765583200000;1.0
05578121;765669600000;1.0
05637131;765756000000;1.0
05478373;765756000000;1.0
05664368;765928800000;1.0
05455173;766620000000;1.0
05443613;766706400000;1.0
05599373;766792800000;1.0
05601720;766879200000;1.0
05472475;767224800000;1.0
05466273;767484000000;1.0
05451242;767829600000;1.0
05433766;767829600000;1.0
05549728;768002400000;1.0
05640803;768088800000;1.0
05540748;769125600000;1.0
05501973;769384800000;1.0
05755058;769644000000;1.0
05468276;769644000000;1.0
05411568;769816800000;1.0
05522175;770421600000;1.0
05552366;770594400000;1.0
05478374;770594400000;1.0
05501720;771458400000;1.0
06436165;771804000000;1.0
05597400;771976800000;1.0
05522913;772149600000;1.0
05565015;772322400000;1.0
05470370;772840800000;1.0
05534042;772927200000;1.0
05549730;773359200000;1.0
05630861;773532000000;1.0
05454849;773877600000;1.0
05501719;774136800000;1.0
05482529;774223200000;1.0
05472474;774482400000;1.0
05645624;774741600000;1.0
05439497;775087200000;1.0
05743213;775087200000;1.0
05482733;775692000000;1.0
05470745;775778400000;1.0
05578486;776037600000;1.0
05749935;776296800000;1.0
05538529;777506400000;1.0
05628811;777592800000;1.0
05461843;777679200000;1.0
05575993;778284000000;1.0
05614186;778370400000;1.0
05468277;779320800000;1.0
05430237;779407200000;1.0
05447637;780098400000;1.0
05556445;780184800000;1.0
05599374;780271200000;1.0
05632799;780271200000;1.0
05525139;780879600000;1.0
05443764;781830000000;1.0
05540793;781916400000;1.0
05554577;782002800000;1.0
05603744;782089200000;1.0
05478375;782694000000;1.0
05611837;782953200000;1.0
05492553;783298800000;1.0
05648264;783471600000;1.0
05532204;783730800000;1.0
05518517;784767600000;1.0
05512079;784767600000;1.0
05482528;784854000000;1.0
05516486;784854000000;1.0
05702703;784940400000;1.0
05698002;785372400000;1.0
05770787;785458800000;1.0
05620498;785631600000;1.0
05853760;786322800000;1.0
05527464;786668400000;1.0
05647885;786927600000;1.0
05443808;787186800000;1.0
05547486;787446000000;1.0
05707551;788050800000;1.0
05584905;788742000000;1.0
05567221;789087600000;1.0
05487772;789778800000;1.0
05538860;791074800000;1.0
05645623;791074800000;1.0
05583045;791420400000;1.0
05679128;791506800000;1.0
05503651;791506800000;1.0
05503652;791506800000;1.0
05557873;792370800000;1.0
05498337;792370800000;1.0
05501718;792630000000;1.0
05540763;792975600000;1.0
05514201;793321200000;1.0
05731265;793494000000;1.0
05595957;793494000000;1.0
05472530;793580400000;1.0
05571303;794444400000;1.0
05494498;794530800000;1.0
05593473;794790000000;1.0
05607653;795394800000;1.0
05567220;795654000000;1.0
05534437;795999600000;1.0
05700395;796086000000;1.0
05609667;796514400000;1.0
05628144;796860000000;1.0
05634959;796860000000;1.0
05518922;797464800000;1.0
05614653;797551200000;1.0
05616162;797551200000;1.0
05480584;798847200000;1.0
05597399;799192800000;1.0
05525239;799279200000;1.0
05659998;799884000000;1.0
05693528;799970400000;1.0
05656059;800316000000;1.0
05534043;801439200000;1.0
05538530;801439200000;1.0
05643351;801525600000;1.0
05741521;801784800000;1.0
05551969;801784800000;1.0
05676726;802216800000;1.0
05697186;802303200000;1.0
05571302;802389600000;1.0
05560767;802389600000;1.0
05578107;802389600000;1.0
05725885;802389600000;1.0
05595688;802389600000;1.0
05558694;802476000000;1.0
05912398;803167200000;1.0
05603745;803944800000;1.0
05676729;804376800000;1.0
05683487;805068000000;1.0
05728192;805413600000;1.0
05604168;805845600000;1.0
05583165;806277600000;1.0
05628810;806277600000;1.0
05652196;806364000000;1.0
05707417;806536800000;1.0
05653781;807746400000;1.0
05629261;807832800000;1.0
05861048;808092000000;1.0
05865869;808092000000;1.0
05688742;808696800000;1.0
05616163;809128800000;1.0
05618725;809820000000;1.0
05590983;810252000000;1.0
05567325;810424800000;1.0
05626644;810684000000;1.0
05993503;811029600000;1.0
05633163;811029600000;1.0
05618329;811634400000;1.0
05660613;811983600000;1.0
05660612;811983600000;1.0
05698005;812070000000;1.0
05605557;812070000000;1.0
05648097;812761200000;1.0
05693119;813279600000;1.0
05766301;813538800000;1.0
05698001;814489200000;1.0
06042630;815698800000;1.0
05654033;816130800000;1.0
05672353;816217200000;1.0
05695542;816303600000;1.0
05695301;816476400000;1.0
05685891;816562800000;1.0
05646157;816562800000;1.0
05704962;816908400000;1.0
05772721;816908400000;1.0
05661111;817513200000;1.0
05636940;817599600000;1.0
05782950;817599600000;1.0
05741344;818290800000;1.0
05676727;818463600000;1.0
05632798;818463600000;1.0
05620499;818895600000;1.0
05679129;818982000000;1.0
05698003;819327600000;1.0
05618330;819414000000;1.0
05709048;819500400000;1.0
05653782;819932400000;1.0
05586411;820191600000;1.0
05628913;820191600000;1.0
05720980;821314800000;1.0
05846601;822265200000;1.0
06004572;822524400000;1.0
05700687;822956400000;1.0
05840210;823734000000;1.0
05720792;824425200000;1.0
06013177;826239600000;1.0
05738703;826498800000;1.0
05743935;826671600000;1.0
05656060;827449200000;1.0
05843203;827449200000;1.0
05700109;827622000000;1.0
05776224;827708400000;1.0
05709729;827881200000;1.0
05928672;827967600000;1.0
05830358;828309600000;1.0
05653053;828568800000;1.0
05849069;830210400000;1.0
05830255;831074400000;1.0
05833733;831333600000;1.0
05731268;831333600000;1.0
05676005;831852000000;1.0
05759223;831938400000;1.0
05749934;832024800000;1.0
05766302;832543200000;1.0
05707416;832629600000;1.0
05738623;832716000000;1.0
05741346;833407200000;1.0
05772722;833407200000;1.0
05627133;833493600000;1.0
05749936;834098400000;1.0
05656486;834357600000;1.0
05803946;835221600000;1.0
05698028;835394400000;1.0
05922316;835653600000;1.0
06036849;835912800000;1.0
05720793;836344800000;1.0
05743934;836517600000;1.0
05702768;836776800000;1.0
05731032;836776800000;1.0
05746802;836863200000;1.0
05759225;836949600000;1.0
05759226;837381600000;1.0
05681366;837381600000;1.0
05755852;837468000000;1.0
05662724;838504800000;1.0
05720794;838677600000;1.0
05725630;838764000000;1.0
05762678;839196000000;1.0
05942022;839455200000;1.0
05942021;839455200000;1.0
05849060;839541600000;1.0
05951736;839887200000;1.0
05741345;839887200000;1.0
05759224;840664800000;1.0
05810903;841010400000;1.0
05785730;842479200000;1.0
05776350;842479200000;1.0
05928403;843170400000;1.0
05747042;843688800000;1.0
05609668;844034400000;1.0
05779396;844293600000;1.0
05735929;844725600000;1.0
05704961;845503200000;1.0
05917110;845589600000;1.0
05698004;845848800000;1.0
06214771;846543600000;1.0
05905039;846630000000;1.0
05902744;846802800000;1.0
05900038;847148400000;1.0
05950360;847321200000;1.0
06336772;847753200000;1.0
05888803;847753200000;1.0
05863861;847753200000;1.0
05772723;848617200000;1.0
05900387;848876400000;1.0
05676728;849481200000;1.0
06039783;849567600000;1.0
05733355;849740400000;1.0
05779789;849740400000;1.0
05756087;849826800000;1.0
05755858;850086000000;1.0
05907925;850086000000;1.0
05730772;850431600000;1.0
05843768;851295600000;1.0
05851260;851554800000;1.0
05730773;851641200000;1.0
05851261;851900400000;1.0
06503288;851900400000;1.0
05733070;852505200000;1.0
05976210;852505200000;1.0
05871667;853801200000;1.0
05928491;853974000000;1.0
05707418;853974000000;1.0
05938813;854319600000;1.0
05747419;854406000000;1.0
05837029;854924400000;1.0
05797976;855010800000;1.0
05776856;855010800000;1.0
05968222;855270000000;1.0
05824132;855702000000;1.0
05981735;855702000000;1.0
05726123;855702000000;1.0
05782951;856393200000;1.0
06060571;856479600000;1.0
06034035;856998000000;1.0
06022394;857602800000;1.0
06264985;857602800000;1.0
05800837;857602800000;1.0
05846286;857689200000;1.0
06386126;857689200000;1.0
05888930;858207600000;1.0
05883047;858726000000;1.0
06086923;859759200000;1.0
05766876;859845600000;1.0
05885320;860968800000;1.0
05980601;860968800000;1.0
06015445;860968800000;1.0
05906929;862437600000;1.0
05916437;862783200000;1.0
06051730;862783200000;1.0
05984992;862956000000;1.0
05974734;863388000000;1.0
06133197;864165600000;1.0
05906961;864856800000;1.0
06027543;865548000000;1.0
06001146;865548000000;1.0
05860770;865893600000;1.0
05888022;865980000000;1.0
05753003;866152800000;1.0
06205707;866498400000;1.0
05876479;868917600000;1.0
05968232;869522400000;1.0
05863789;869695200000;1.0
06271174;870040800000;1.0
05958756;870040800000;1.0
05885319;870645600000;1.0
05972064;870818400000;1.0
06159262;870991200000;1.0
05930950;871423200000;1.0
06060522;871509600000;1.0
05853450;873237600000;1.0
05853590;873237600000;1.0
05894780;873669600000;1.0
05964917;873756000000;1.0
05906962;873842400000;1.0
05958104;873928800000;1.0
06159252;875224800000;1.0
05858055;876175200000;1.0
05922101;877298400000;1.0
05976212;877298400000;1.0
05865870;877906800000;1.0
06117203;879116400000;1.0
05934839;879289200000;1.0
05997600;879375600000;1.0
06024513;879462000000;1.0
05993504;880412400000;1.0
05917112;880498800000;1.0
05910050;880498800000;1.0
06193776;881276400000;1.0
06010551;881276400000;1.0
05911543;881622000000;1.0
05885032;881794800000;1.0
06187074;882140400000;1.0
05972058;882313200000;1.0
05989429;882745200000;1.0
06042629;883522800000;1.0
05976211;883522800000;1.0
05882592;883954800000;1.0
06007719;884300400000;1.0
05945332;884559600000;1.0
06074988;884732400000;1.0
05950361;884905200000;1.0
06039782;884905200000;1.0
05984994;884905200000;1.0
06056801;884905200000;1.0
05965117;885423600000;1.0
05944868;885942000000;1.0
06080220;886114800000;1.0
06036740;886978800000;1.0
06426113;887324400000;1.0
06083293;888274800000;1.0
06183532;888534000000;1.0
06224646;888534000000;1.0
05961687;888534000000;1.0
05951947;889743600000;1.0
05994265;890175600000;1.0
05917111;890348400000;1.0
05984993;890348400000;1.0
05997602;890607600000;1.0
06056885;890607600000;1.0
06176891;890866800000;1.0
06231631;891295200000;1.0
06337203;891900000000;1.0
06206946;891900000000;1.0
06117671;892418400000;1.0
06454979;892764000000;1.0
06132484;892764000000;1.0
06331193;892764000000;1.0
06293985;892764000000;1.0
06287356;893628000000;1.0
05997599;893628000000;1.0
06045810;893628000000;1.0
06248148;893973600000;1.0
06299663;894837600000;1.0
06033899;895442400000;1.0
05998199;895442400000;1.0
06083738;895442400000;1.0
05993505;895788000000;1.0
06053958;896220000000;1.0
06112459;896306400000;1.0
06074452;896392800000;1.0
06399359;896392800000;1.0
06174442;896738400000;1.0
06039781;897343200000;1.0
06000625;898120800000;1.0
06365122;898466400000;1.0
05997910;899330400000;1.0
06136590;899935200000;1.0
06176892;900972000000;1.0
06001147;901144800000;1.0
06053957;901231200000;1.0
06464746;901231200000;1.0
06110727;901490400000;1.0
06287359;901663200000;1.0
06113665;901749600000;1.0
06471741;902268000000;1.0
06206945;902700000000;1.0
06048378;902959200000;1.0
06041544;903304800000;1.0
06309440;903996000000;1.0
06066772;904255200000;1.0
06174472;904773600000;1.0
06165245;905292000000;1.0
06245121;905810400000;1.0
06183531;906674400000;1.0
06132485;906933600000;1.0
06123747;908229600000;1.0
06139597;908316000000;1.0
06281001;909961200000;1.0
06190433;910652400000;1.0
06284012;911170800000;1.0
06168642;911862000000;1.0
06101763;912466800000;1.0
06274105;912726000000;1.0
06175052;912726000000;1.0
05951978;913330800000;1.0
06287358;913330800000;1.0
06162273;913330800000;1.0
06218353;913590000000;1.0
05985147;913676400000;1.0
06133198;914022000000;1.0
06187326;914886000000;1.0
06176893;914972400000;1.0
06066190;915490800000;1.0
05997601;915750000000;1.0
06180562;916786800000;1.0
06048377;916873200000;1.0
06409788;916959600000;1.0
06167652;917305200000;1.0
06168643;917823600000;1.0
06217628;917823600000;1.0
06387147;917996400000;1.0
06228136;918082800000;1.0
06179892;918601200000;1.0
06231767;919119600000;1.0
06279748;919206000000;1.0
06207615;919292400000;1.0
06056800;919378800000;1.0
06152981;919638000000;1.0
06171358;919810800000;1.0
06664100;919897200000;1.0
06080222;920242800000;1.0
06368849;920415600000;1.0
06336949;920588400000;1.0
06099613;920847600000;1.0
05962717;920934000000;1.0
06197081;921711600000;1.0
06254655;921711600000;1.0
06331198;922057200000;1.0
06413292;922316400000;1.0
06328780;922402800000;1.0
06254656;923349600000;1.0
06217629;924127200000;1.0
06372008;924559200000;1.0
06273929;924818400000;1.0
06217630;925682400000;1.0
06112458;925941600000;1.0
06358538;926028000000;1.0
06425933;926373600000;1.0
06231633;927064800000;1.0
06231632;927583200000;1.0
06179893;929052000000;1.0
06149694;929484000000;1.0
06316246;929916000000;1.0
06231765;930175200000;1.0
06120574;930261600000;1.0
06237246;930607200000;1.0
06387145;930780000000;1.0
06383247;930866400000;1.0
06375969;931212000000;1.0
06387272;931212000000;1.0
06355084;931816800000;1.0
06395051;932076000000;1.0
06322607;932335200000;1.0
06280494;932508000000;1.0
06241796;932508000000;1.0
06338746;932680800000;1.0
06572669;933199200000;1.0
06171852;933804000000;1.0
06358294;934236000000;1.0
06302936;934408800000;1.0
06500223;934495200000;1.0
06277167;934840800000;1.0
06423532;935445600000;1.0
06076301;936136800000;1.0
06224771;937173600000;1.0
06306194;937260000000;1.0
06254654;937432800000;1.0
06080221;937519200000;1.0
06311426;937605600000;1.0
06230438;937778400000;1.0
06200475;937778400000;1.0
06312492;937864800000;1.0
06139596;938124000000;1.0
06342085;939074400000;1.0
06312493;939247200000;1.0
06251826;939333600000;1.0
06159263;939679200000;1.0
06434884;939852000000;1.0
06362397;939938400000;1.0
06273928;939938400000;1.0
06287496;940284000000;1.0
06261996;940284000000;1.0
06350788;940543200000;1.0
06475259;941148000000;1.0
06372964;941497200000;1.0
06346131;941583600000;1.0
06391238;942361200000;1.0
06296766;942361200000;1.0
06358293;943311600000;1.0
06379413;943830000000;1.0
06637152;944434800000;1.0
06364925;944780400000;1.0
06461399;944780400000;1.0
06293047;945039600000;1.0
07175684;945730800000;1.0
06350608;945817200000;1.0
06206947;946508400000;1.0
06606821;947199600000;1.0
06352855;947631600000;1.0
06352569;948409200000;1.0
06329321;948409200000;1.0
06355083;948668400000;1.0
06780209;948668400000;1.0
06372007;948927600000;1.0
06409789;949878000000;1.0
06333190;950050800000;1.0
06881706;950137200000;1.0
06455149;950223600000;1.0
06325837;950223600000;1.0
06357175;950223600000;1.0
06641638;950742000000;1.0
06284709;951692400000;1.0
06365120;951692400000;1.0
06340385;952038000000;1.0
06841599;952470000000;1.0
06391454;953161200000;1.0
06241795;953161200000;1.0
06939688;953593200000;1.0
07396801;953679600000;1.0
06315807;954194400000;1.0
06335308;954280800000;1.0
06381899;954367200000;1.0
06447437;954453600000;1.0
06383245;954885600000;1.0
06503287;955058400000;1.0
06440692;956181600000;1.0
06364926;956181600000;1.0
06426083;956181600000;1.0
06325836;956268000000;1.0
06464875;956268000000;1.0
06379414;956786400000;1.0
06582637;957477600000;1.0
06565860;957823200000;1.0
06273927;958600800000;1.0
06287357;958600800000;1.0
06264715;958946400000;1.0
06344066;959119200000;1.0
06537340;959724000000;1.0
06957237;959896800000;1.0
06656382;959896800000;1.0
06398840;960415200000;1.0
06407038;961106400000;1.0
06447568;961624800000;1.0
06383246;961624800000;1.0
06299774;961970400000;1.0
06391078;962056800000;1.0
06210459;962056800000;1.0
06663686;962056800000;1.0
06870026;963007200000;1.0
06460290;963266400000;1.0
06358296;963266400000;1.0
07211429;964044000000;1.0
07074251;964130400000;1.0
06402801;965340000000;1.0
07337227;965858400000;1.0
06929673;965944800000;1.0
06432155;965944800000;1.0
06391079;966290400000;1.0
06468943;966376800000;1.0
06476082;966463200000;1.0
06596050;966463200000;1.0
06699709;966808800000;1.0
06684564;966895200000;1.0
06521365;966981600000;1.0
06391620;968104800000;1.0
06509440;968882400000;1.0
06298576;968968800000;1.0
06309439;968968800000;1.0
06322606;969400800000;1.0
06382133;969487200000;1.0
06488735;969573600000;1.0
06475258;969832800000;1.0
06541421;970610400000;1.0
07250068;970783200000;1.0
06645267;970783200000;1.0
06488734;970783200000;1.0
06458179;971042400000;1.0
06699707;971733600000;1.0
06517600;971992800000;1.0
06454828;972597600000;1.0
06528569;972860400000;1.0
06506956;972860400000;1.0
06391080;973119600000;1.0
06569342;974156400000;1.0
06406510;974415600000;1.0
06432156;974415600000;1.0
06489438;974674800000;1.0
06413291;975366000000;1.0
06524600;975625200000;1.0
06576035;976230000000;1.0
06758879;976575600000;1.0
06576457;976834800000;1.0
06280495;976834800000;1.0
06584542;977439600000;1.0
06488733;978390000000;1.0
06447810;978908400000;1.0
06352568;978994800000;1.0
06423109;979772400000;1.0
06733559;980118000000;1.0
06432877;980204400000;1.0
06585900;980895600000;1.0
06398841;981068400000;1.0
06566304;981414000000;1.0
06515031;982018800000;1.0
07150987;982105200000;1.0
06514331;982191600000;1.0
06264714;982796400000;1.0
07041244;982882800000;1.0
06413017;982882800000;1.0
06610267;982882800000;1.0
06656882;983314800000;1.0
06416983;983401200000;1.0
06596272;983401200000;1.0
06703469;983746800000;1.0
06358295;983833200000;1.0
06688041;983919600000;1.0
07189275;984006000000;1.0
07056865;986421600000;1.0
06540808;986767200000;1.0
06606819;986853600000;1.0
06439164;987631200000;1.0
06405664;987976800000;1.0
06889471;988236000000;1.0
06491736;988581600000;1.0
06649405;988754400000;1.0
06908885;989272800000;1.0
06488732;989359200000;1.0
06458747;989445600000;1.0
06595442;989532000000;1.0
06833359;989532000000;1.0
07381237;989791200000;1.0
06733558;989877600000;1.0
06423667;989877600000;1.0
06544313;989964000000;1.0
07435878;990482400000;1.0
06593277;991087200000;1.0
06824691;991173600000;1.0
06699708;991173600000;1.0
06808636;991260000000;1.0
06852142;991346400000;1.0
06749660;991605600000;1.0
06406511;992210400000;1.0
06703234;993074400000;1.0
06655530;993592800000;1.0
06733560;993765600000;1.0
06579338;993765600000;1.0
06383803;993765600000;1.0
06890888;994024800000;1.0
06515177;994024800000;1.0
06824584;994111200000;1.0
06387146;994370400000;1.0
06613117;994888800000;1.0
06497742;995839200000;1.0
06531311;996098400000;1.0
06368657;996616800000;1.0
06632262;997221600000;1.0
06752848;997221600000;1.0
06551370;997394400000;1.0
06615539;997653600000;1.0
06562941;997740000000;1.0
06506805;997999200000;1.0
06864382;998258400000;1.0
07155377;998517600000;1.0
06550183;998517600000;1.0
06521129;998604000000;1.0
06874277;998949600000;1.0
06569331;999122400000;1.0
06436164;999727200000;1.0
06565744;999813600000;1.0
06475257;1000764000000;1.0
06524848;1001109600000;1.0
06569332;1001282400000;1.0
06490826;1001282400000;1.0
06419722;1001628000000;1.0
06689181;1002146400000;1.0
06669753;1002578400000;1.0
06749659;1002578400000;1.0
06777469;1002578400000;1.0
06770593;1002837600000;1.0
06617412;1002837600000;1.0
06878180;1003442400000;1.0
06582836;1003442400000;1.0
06936572;1004047200000;1.0
07651852;1004047200000;1.0
06682577;1004569200000;1.0
06949236;1005001200000;1.0
07410522;1005087600000;1.0
07618673;1005692400000;1.0
06642178;1005692400000;1.0
06698137;1006902000000;1.0
06638342;1006902000000;1.0
06500222;1007334000000;1.0
07108732;1007506800000;1.0
RE039188;1007938800000;1.0
06793704;1007938800000;1.0
07510590;1008630000000;1.0
06596831;1008630000000;1.0
06887828;1008889200000;1.0
06767381;1009407600000;1.0
06689720;1009407600000;1.0
07160714;1009494000000;1.0
06878179;1009753200000;1.0
06752850;1010012400000;1.0
06673375;1010962800000;1.0
06613223;1011308400000;1.0
06709481;1011654000000;1.0
06841515;1011654000000;1.0
06638757;1011740400000;1.0
06497743;1012431600000;1.0
06775948;1014073200000;1.0
07198943;1014159600000;1.0
06749658;1015369200000;1.0
06858058;1015887600000;1.0
06770112;1016146800000;1.0
06591767;1016146800000;1.0
06695892;1016751600000;1.0
06558445;1017097200000;1.0
07091036;1017270000000;1.0
06821311;1018216800000;1.0
06916426;1018476000000;1.0
06716360;1018908000000;1.0
06846858;1019599200000;1.0
06692642;1020117600000;1.0
06800109;1020376800000;1.0
06497741;1020722400000;1.0
06787234;1021413600000;1.0
06936087;1021500000000;1.0
06626974;1022104800000;1.0
06669752;1022536800000;1.0
06517599;1024524000000;1.0
06991783;1025128800000;1.0
06727090;1025647200000;1.0
07018440;1026424800000;1.0
06855182;1026856800000;1.0
07018441;1027461600000;1.0
07410589;1027634400000;1.0
07074252;1027634400000;1.0
06783567;1027893600000;1.0
07530196;1028066400000;1.0
06830603;1028671200000;1.0
06893479;1029708000000;1.0
06939387;1029708000000;1.0
07402190;1030485600000;1.0
06826866;1031176800000;1.0
06682578;1031263200000;1.0
06884756;1032127200000;1.0
07001869;1032213600000;1.0
06758880;1032818400000;1.0
07171019;1032818400000;1.0
06805821;1032818400000;1.0
06802882;1033941600000;1.0
07503143;1034632800000;1.0
07201788;1035151200000;1.0
06811701;1035237600000;1.0
07225073;1035932400000;1.0
06905600;1036018800000;1.0
07160713;1036364400000;1.0
07376175;1036710000000;1.0
06966941;1036969200000;1.0
06818039;1037055600000;1.0
06752849;1037660400000;1.0
07459005;1037919600000;1.0
07018643;1037919600000;1.0
06776832;1038265200000;1.0
07722696;1038351600000;1.0
06905048;1038351600000;1.0
06903053;1038956400000;1.0
07004991;1039388400000;1.0
06648940;1039474800000;1.0
07128880;1040252400000;1.0
06645268;1042412400000;1.0
06953585;1042585200000;1.0
06770199;1042671600000;1.0
06953537;1043276400000;1.0
06930139;1043362800000;1.0
06942714;1043622000000;1.0
07393378;1044918000000;1.0
07371566;1044918000000;1.0
07175683;1045090800000;1.0
06716618;1045522800000;1.0
06846343;1045782000000;1.0
07445657;1046127600000;1.0
06776816;1046732400000;1.0
07189678;1046818800000;1.0
06808557;1048201200000;1.0
06900162;1048633200000;1.0
06936573;1048633200000;1.0
06936681;1048633200000;1.0
06776914;1049752800000;1.0
07135116;1050962400000;1.0
06922941;1051135200000;1.0
06890438;1051480800000;1.0
06989100;1052431200000;1.0
06756461;1052949600000;1.0
07517514;1054504800000;1.0
06706837;1054677600000;1.0
06753395;1054677600000;1.0
06908495;1056060000000;1.0
07329425;1056924000000;1.0
07226778;1056924000000;1.0
07252697;1057096800000;1.0
07144439;1057528800000;1.0
07014676;1057615200000;1.0
07278063;1057788000000;1.0
07357946;1058220000000;1.0
07632414;1058392800000;1.0
06994850;1058824800000;1.0
06866779;1058824800000;1.0
06979444;1058824800000;1.0
07045063;1058911200000;1.0
06940583;1059343200000;1.0
06957782;1062453600000;1.0
06881449;1062540000000;1.0
07621472;1063576800000;1.0
07166688;1064440800000;1.0
07180417;1065477600000;1.0
07237064;1065736800000;1.0
06987082;1065736800000;1.0
07452399;1065736800000;1.0
06896714;1066082400000;1.0
06921521;1066168800000;1.0
07271128;1066773600000;1.0
07179642;1067209200000;1.0
07487927;1067295600000;1.0
07029512;1067382000000;1.0
07470304;1068591600000;1.0
07043874;1068591600000;1.0
07674310;1069282800000;1.0
06863826;1069714800000;1.0
06830696;1070233200000;1.0
07060656;1071615600000;1.0
07513927;1071788400000;1.0
07392615;1072047600000;1.0
07020980;1072998000000;1.0
07030061;1073516400000;1.0
07507577;1073948400000;1.0
07828871;1074121200000;1.0
07361283;1074466800000;1.0
07014768;1074553200000;1.0
07846231;1075330800000;1.0
07537635;1077231600000;1.0
07425228;1077231600000;1.0
06984339;1077490800000;1.0
07666814;1078095600000;1.0
07291199;1078700400000;1.0
07188450;1079391600000;1.0
07066995;1079650800000;1.0
07297659;1080684000000;1.0
07238218;1081202400000;1.0
07330915;1081461600000;1.0
07081147;1081720800000;1.0
07132004;1081893600000;1.0
07153427;1082066400000;1.0
07183237;1082325600000;1.0
07371328;1085349600000;1.0
07416785;1085522400000;1.0
07741109;1086127200000;1.0
07213153;1087855200000;1.0
07704419;1088719200000;1.0
07169204;1089064800000;1.0
07731856;1090792800000;1.0
07485171;1091138400000;1.0
07101481;1091570400000;1.0
07670405;1091743200000;1.0
07691171;1091743200000;1.0
07497891;1093903200000;1.0
07042792;1093903200000;1.0
07445927;1094162400000;1.0
07093551;1095112800000;1.0
07309686;1095976800000;1.0
07507265;1096927200000;1.0
07225544;1097618400000;1.0
07498055;1097791200000;1.0
07320724;1098741600000;1.0
07297274;1098914400000;1.0
07666242;1099000800000;1.0
07582467;1100041200000;1.0
07160349;1100214000000;1.0
07645314;1102287600000;1.0
07226491;1104102000000;1.0
07405181;1105570800000;1.0
07753985;1105743600000;1.0
07162834;1107126000000;1.0
07713326;1108594800000;1.0
07044994;1109026800000;1.0
07494525;1109026800000;1.0
07442224;1109026800000;1.0
07160350;1110409200000;1.0
07250287;1112047200000;1.0
07267707;1112133600000;1.0
07402263;1114380000000;1.0
07153428;1114639200000;1.0
07501006;1115071200000;1.0
07604742;1115589600000;1.0
07731775;1115848800000;1.0
07816561;1117663200000;1.0
07563302;1118700000000;1.0
07825266;1118786400000;1.0
07691170;1118959200000;1.0
07261902;1119218400000;1.0
07837758;1120082400000;1.0
07494526;1121032800000;1.0
07685737;1121637600000;1.0
07422617;1121724000000;1.0
07384562;1122933600000;1.0
07674313;1123106400000;1.0
07147872;1123797600000;1.0
07569091;1125007200000;1.0
07811466;1126130400000;1.0
07261912;1126821600000;1.0
07790225;1127080800000;1.0
07368121;1128463200000;1.0
07846416;1130886000000;1.0
07425271;1130972400000;1.0
07744672;1132182000000;1.0
07851499;1134428400000;1.0
07818916;1135724400000;1.0
07824565;1137366000000;1.0
07745208;1139958000000;1.0
07811353;1140562800000;1.0
07662205;1141858800000;1.0
07497890;1142895600000;1.0
07691169;1143496800000;1.0
07700012;1144015200000;1.0
07753984;1144360800000;1.0
07678171;1147125600000;1.0
07708799;1148335200000;1.0
07736411;1148594400000;1.0
07468087;1149631200000;1.0
07740680;1150322400000;1.0
07595007;1150927200000;1.0
07595002;1150927200000;1.0
07731859;1152482400000;1.0
07582237;1152568800000;1.0
07785386;1152828000000;1.0
07813888;1153692000000;1.0
07464286;1153951200000;1.0
07658780;1154469600000;1.0
07410583;1155160800000;1.0
07713416;1156456800000;1.0
07534280;1157493600000;1.0
07452398;1157925600000;1.0
07473293;1158184800000;1.0
07662206;1158271200000;1.0
07534281;1158271200000;1.0
07504035;1159394400000;1.0
07744671;1159394400000;1.0
07811352;1160690400000;1.0
07513928;1160690400000;1.0
07311834;1161727200000;1.0
07674311;1162854000000;1.0
07694432;1163458800000;1.0
07635404;1165273200000;1.0
07615093;1167174000000;1.0
07850758;1168988400000;1.0
07666241;1169593200000;1.0
07789932;1170889200000;1.0
07851210;1171407600000;1.0
07585826;1174518000000;1.0
07722695;1174946400000;1.0
07608126;1175119200000;1.0
07641881;1176069600000;1.0
07789931;1179093600000;1.0
07776125;1179957600000;1.0
07806957;1183068000000;1.0
07762713;1183586400000;1.0
07591952;1183932000000;1.0
07637980;1184709600000;1.0
07785388;1184709600000;1.0
07625195;1190239200000;1.0
07833343;1190930400000;1.0
07771504;1191362400000;1.0
07575365;1193349600000;1.0
07776124;1193612400000;1.0
07785387;1193871600000;1.0
07637054;1199919600000;1.0
07736515;1200524400000;1.0
07837757;1201647600000;1.0
07785553;1203634800000;1.0
07695541;1206313200000;1.0
07674312;1207000800000;1.0
07678192;1209679200000;1.0
07810386;1214517600000;1.0
07771505;1216159200000;1.0
07727395;1216764000000;1.0
07735437;1217368800000;1.0
RE041789;1231369200000;1.0
07806958;1239919200000;1.0
07588744;1243461600000;1.0
07780941;1246831200000;1.0
07686863;1254693600000;1.0
07736412;1266793200000;1.0
