id;ts;originality
04320298;-242442000000;1.0
03886305;72918000000;1.0
03866077;79138800000;1.0
03889115;101084400000;1.0
03887835;108601200000;1.0
03866042;111711600000;1.0
03881108;120438000000;1.0
03921078;120438000000;1.0
03911282;120956400000;1.0
03859226;121906800000;1.0
03868507;123894000000;1.0
03974390;126918000000;1.0
03930155;127609200000;1.0
03863069;128127600000;1.0
03936756;128818800000;1.0
03875416;129769200000;1.0
03916190;131324400000;1.0
03911271;135817200000;1.0
03920990;136681200000;1.0
03944830;137372400000;1.0
03886358;138495600000;1.0
03895254;141606000000;1.0
03935454;141606000000;1.0
03969039;144543600000;1.0
03958124;147567600000;1.0
03946268;151542000000;1.0
03965351;152319600000;1.0
03919558;152751600000;1.0
03952203;153010800000;1.0
03950646;155516400000;1.0
03939344;156985200000;1.0
04020387;157849200000;1.0
04028267;165106800000;1.0
03979590;165193200000;1.0
03963923;165538800000;1.0
03978338;166057200000;1.0
03963922;171500400000;1.0
04001582;172450800000;1.0
04058724;173055600000;1.0
03999097;173314800000;1.0
04024394;179708400000;1.0
03997807;179967600000;1.0
04041316;180140400000;1.0
04011449;184374000000;1.0
04079237;184978800000;1.0
04071765;187484400000;1.0
04002912;189126000000;1.0
04064438;191718000000;1.0
04089054;202082400000;1.0
04109996;202600800000;1.0
04132892;205020000000;1.0
04091374;210290400000;1.0
04068381;215391600000;1.0
04063089;217638000000;1.0
04081674;219884400000;1.0
04090106;219884400000;1.0
04075550;220489200000;1.0
04107526;221871600000;1.0
04126782;223081200000;1.0
04076558;223513200000;1.0
04119846;223772400000;1.0
04086491;223858800000;1.0
04096386;228952800000;1.0
04135097;231631200000;1.0
04153334;233964000000;1.0
04115690;234136800000;1.0
04088895;237160800000;1.0
04107527;237592800000;1.0
04151418;240616800000;1.0
04125772;245545200000;1.0
04208581;247878000000;1.0
04190770;248396400000;1.0
04163153;248569200000;1.0
04139668;248569200000;1.0
04117322;249519600000;1.0
04142145;251593200000;1.0
04144488;251593200000;1.0
04146810;252198000000;1.0
04194114;252630000000;1.0
04139774;254703600000;1.0
04166952;257122800000;1.0
04179609;258332400000;1.0
04151417;260146800000;1.0
04182954;261957600000;1.0
04184079;264981600000;1.0
04229652;265586400000;1.0
04158140;266709600000;1.0
04172228;268005600000;1.0
04170737;268524000000;1.0
04162403;270252000000;1.0
04180738;270338400000;1.0
04182959;270338400000;1.0
04219730;272844000000;1.0
04205232;273189600000;1.0
04205226;273448800000;1.0
04163156;273880800000;1.0
04179604;275868000000;1.0
04194115;279241200000;1.0
04199688;280450800000;1.0
04224518;283042800000;1.0
04236178;284770800000;1.0
04246479;286498800000;1.0
04227090;288399600000;1.0
04219732;291423600000;1.0
04228358;296258400000;1.0
04255656;296431200000;1.0
04246487;298159200000;1.0
04274035;300492000000;1.0
04255661;301615200000;1.0
04242586;302392800000;1.0
04324136;305330400000;1.0
04238686;305330400000;1.0
04301365;306972000000;1.0
04264822;311986800000;1.0
04334844;313196400000;1.0
04300045;315097200000;1.0
04296323;321490800000;1.0
04275301;321490800000;1.0
04385317;322873200000;1.0
04314158;323391600000;1.0
04301371;323564400000;1.0
04310759;324165600000;1.0
04475044;324770400000;1.0
04317995;327535200000;1.0
04308457;327708000000;1.0
04313056;328399200000;1.0
04310764;329522400000;1.0
04335189;333583200000;1.0
04358732;335743200000;1.0
04427891;337384800000;1.0
04343993;337557600000;1.0
04424443;339202800000;1.0
04359752;340930800000;1.0
04383172;349052400000;1.0
04389136;349052400000;1.0
04427892;350521200000;1.0
04437000;353890800000;1.0
04424445;354150000000;1.0
04387304;355356000000;1.0
04354852;356911200000;1.0
04441022;357170400000;1.0
04417203;359676000000;1.0
04410272;361058400000;1.0
04374090;363218400000;1.0
04460866;364428000000;1.0
04392058;365637600000;1.0
04405861;367106400000;1.0
04393309;368316000000;1.0
04463763;369439200000;1.0
04467198;369957600000;1.0
04463263;370652400000;1.0
04481616;370652400000;1.0
04395731;372034800000;1.0
04447731;376182000000;1.0
04437012;376700400000;1.0
04447724;379206000000;1.0
04440475;380156400000;1.0
04471302;380329200000;1.0
04442354;380502000000;1.0
04437009;382230000000;1.0
04414474;382748400000;1.0
04447374;384562800000;1.0
04438336;385945200000;1.0
04510386;386200800000;1.0
04464330;390088800000;1.0
04451732;390693600000;1.0
04475041;390780000000;1.0
04393311;390780000000;1.0
04465935;391039200000;1.0
04514682;395532000000;1.0
04434366;397692000000;1.0
04464571;398556000000;1.0
04503329;402102000000;1.0
04449048;402102000000;1.0
04510387;403916400000;1.0
04479060;409878000000;1.0
04508967;411087600000;1.0
04514634;415321200000;1.0
04546254;417308400000;1.0
04492866;420674400000;1.0
04577147;423698400000;1.0
04567369;424562400000;1.0
04609867;426981600000;1.0
04554455;428191200000;1.0
04525652;435538800000;1.0
04569069;436143600000;1.0
04574194;436489200000;1.0
04684206;440722800000;1.0
04564758;444438000000;1.0
04587425;447375600000;1.0
04692616;448066800000;1.0
04590373;448671600000;1.0
04727029;450396000000;1.0
04587458;458344800000;1.0
04562352;460850400000;1.0
04661702;467420400000;1.0
04641030;471740400000;1.0
04624835;471826800000;1.0
04556794;475887600000;1.0
04675602;478306800000;1.0
04678915;479602800000;1.0
04642518;479602800000;1.0
04703234;480207600000;1.0
04745362;480812400000;1.0
04698587;480812400000;1.0
04670710;480898800000;1.0
04704527;482450400000;1.0
04704528;482450400000;1.0
04656357;482450400000;1.0
04924093;482968800000;1.0
04673988;482968800000;1.0
04639301;483141600000;1.0
04874946;483660000000;1.0
04682034;484178400000;1.0
04687930;485388000000;1.0
04628258;485388000000;1.0
04626689;487202400000;1.0
04675528;488757600000;1.0
04640626;490831200000;1.0
04646108;491522400000;1.0
04755677;492645600000;1.0
04864228;492991200000;1.0
04683376;495064800000;1.0
04670651;496447200000;1.0
04651220;497746800000;1.0
04710625;498178800000;1.0
04740697;498438000000;1.0
04706019;500857200000;1.0
04942300;501116400000;1.0
04695725;502930800000;1.0
04694170;504226800000;1.0
04700075;505954800000;1.0
04713687;505954800000;1.0
04700071;506041200000;1.0
04768155;506646000000;1.0
04727251;509583600000;1.0
04681451;509929200000;1.0
04786865;510188400000;1.0
04668865;510361200000;1.0
04780669;511743600000;1.0
04788495;512348400000;1.0
04680467;513295200000;1.0
04772847;513986400000;1.0
04747698;515196000000;1.0
04745360;515282400000;1.0
04733255;515282400000;1.0
04860224;517010400000;1.0
04777362;518220000000;1.0
04752685;518652000000;1.0
04788426;518824800000;1.0
04808821;519256800000;1.0
04769763;519256800000;1.0
05006795;519948000000;1.0
04800512;520034400000;1.0
04779046;520466400000;1.0
04817495;521071200000;1.0
04746571;523231200000;1.0
04724318;523490400000;1.0
04760567;524095200000;1.0
04684542;524095200000;1.0
04794646;524354400000;1.0
04755749;524786400000;1.0
04749858;525477600000;1.0
04721910;526860000000;1.0
04766551;527724000000;1.0
04755047;529110000000;1.0
04843330;531010800000;1.0
04769542;531702000000;1.0
04820977;534985200000;1.0
04771178;535762800000;1.0
04785172;536194800000;1.0
04746795;537750000000;1.0
04727250;538786800000;1.0
04748407;538786800000;1.0
04800274;539218800000;1.0
04766372;539910000000;1.0
04766311;540169200000;1.0
04783751;540514800000;1.0
04766313;541292400000;1.0
04785173;542242800000;1.0
04831614;542588400000;1.0
04785177;542588400000;1.0
04789780;542934000000;1.0
04794259;543106800000;1.0
04803355;543711600000;1.0
04785176;543798000000;1.0
04810879;545004000000;1.0
04788431;545004000000;1.0
04762996;545868000000;1.0
04728790;545954400000;1.0
05083020;546732000000;1.0
04764673;546732000000;1.0
04973842;547077600000;1.0
04855596;547164000000;1.0
04818872;547682400000;1.0
04835504;547682400000;1.0
04818871;548373600000;1.0
04831328;548546400000;1.0
04772817;549583200000;1.0
04810880;549842400000;1.0
04808829;550879200000;1.0
04806754;551052000000;1.0
04786806;551311200000;1.0
04806766;551397600000;1.0
04887059;552175200000;1.0
04829179;552520800000;1.0
04877957;552607200000;1.0
04866271;552866400000;1.0
04748325;553212000000;1.0
04812775;553730400000;1.0
04937766;553989600000;1.0
04739399;555199200000;1.0
04847502;555631200000;1.0
04778993;557100000000;1.0
04851670;557100000000;1.0
04829178;557100000000;1.0
04820927;558655200000;1.0
04839520;559346400000;1.0
04798989;559432800000;1.0
04806755;560041200000;1.0
04777523;560127600000;1.0
04868396;561078000000;1.0
04833323;562201200000;1.0
04829240;562892400000;1.0
04814622;563151600000;1.0
04849629;563756400000;1.0
04823004;564706800000;1.0
04779113;565311600000;1.0
04831266;565916400000;1.0
04801879;568249200000;1.0
04800273;568508400000;1.0
04831267;569804400000;1.0
04857730;570236400000;1.0
04906840;570236400000;1.0
04896036;570409200000;1.0
04853622;570927600000;1.0
04777499;571014000000;1.0
04841191;571273200000;1.0
04861990;571359600000;1.0
04843238;571532400000;1.0
04847497;571532400000;1.0
04952149;571618800000;1.0
04829243;572223600000;1.0
04831255;572655600000;1.0
04841143;572742000000;1.0
04874947;572828400000;1.0
04980639;573346800000;1.0
04851671;573692400000;1.0
04886971;573865200000;1.0
04863226;573951600000;1.0
04837506;574038000000;1.0
04841148;574902000000;1.0
04894538;575247600000;1.0
04843312;575589600000;1.0
04916688;575762400000;1.0
04887031;575848800000;1.0
04857731;576885600000;1.0
04896035;577058400000;1.0
04896045;578095200000;1.0
04866272;578700000000;1.0
04912405;579823200000;1.0
04871919;580082400000;1.0
04883959;581119200000;1.0
04871938;582156000000;1.0
04831397;582760800000;1.0
04918309;582760800000;1.0
04837435;583106400000;1.0
04851768;583106400000;1.0
04885465;584056800000;1.0
04870352;584056800000;1.0
04889988;584143200000;1.0
04933565;584316000000;1.0
04885464;584834400000;1.0
04884146;584834400000;1.0
04812650;584920800000;1.0
04894537;585439200000;1.0
04894541;586044000000;1.0
04857743;586648800000;1.0
04851673;586648800000;1.0
04880975;587080800000;1.0
04837445;587167200000;1.0
04907195;587599200000;1.0
04945235;587944800000;1.0
04935625;588895200000;1.0
04900932;589068000000;1.0
04962480;590018400000;1.0
04885534;590191200000;1.0
05086230;590191200000;1.0
04912326;590191200000;1.0
04921346;590623200000;1.0
05025147;590882400000;1.0
04879473;590968800000;1.0
04868394;590968800000;1.0
04889990;591404400000;1.0
04972142;591577200000;1.0
04939364;592009200000;1.0
04933552;592095600000;1.0
04908519;592527600000;1.0
04902892;592700400000;1.0
05018865;593391600000;1.0
04874945;593391600000;1.0
04891523;593391600000;1.0
04920265;593737200000;1.0
05066358;593910000000;1.0
04968390;594514800000;1.0
04969978;596242800000;1.0
04928016;597538800000;1.0
04983831;597625200000;1.0
04897549;598489200000;1.0
04929041;600303600000;1.0
04916002;600649200000;1.0
04943719;600994800000;1.0
04926055;601513200000;1.0
04962516;601858800000;1.0
04924091;602290800000;1.0
04982090;602377200000;1.0
05038322;602463600000;1.0
04954770;603586800000;1.0
04896044;603673200000;1.0
04979197;603673200000;1.0
04958079;604018800000;1.0
04914293;604710000000;1.0
04942299;604710000000;1.0
05068535;604882800000;1.0
04926054;605142000000;1.0
04935634;605746800000;1.0
04943769;606438000000;1.0
04978908;606524400000;1.0
05019707;606610800000;1.0
04952857;606697200000;1.0
04907287;607298400000;1.0
04929836;607557600000;1.0
04941753;607903200000;1.0
04975578;608767200000;1.0
04925717;608853600000;1.0
04887103;609026400000;1.0
04882486;609112800000;1.0
05003172;609631200000;1.0
04925139;609717600000;1.0
04945236;609717600000;1.0
04988871;610581600000;1.0
04912822;610581600000;1.0
04963823;610668000000;1.0
05017010;611272800000;1.0
05094975;611272800000;1.0
04902967;611445600000;1.0
05229606;613000800000;1.0
05001409;613173600000;1.0
04912327;613346400000;1.0
04947042;613778400000;1.0
05049461;614210400000;1.0
05015850;614296800000;1.0
05095208;614296800000;1.0
04943721;614469600000;1.0
04939363;614556000000;1.0
05051585;614988000000;1.0
04983830;615074400000;1.0
05049351;615420000000;1.0
04968888;615592800000;1.0
05138158;616111200000;1.0
05012109;616111200000;1.0
05029249;616716000000;1.0
05106729;617234400000;1.0
05042305;617407200000;1.0
04988872;617493600000;1.0
04992659;617493600000;1.0
04943720;618012000000;1.0
04985627;618703200000;1.0
04983833;619048800000;1.0
04990784;619999200000;1.0
05038034;620344800000;1.0
04999495;620344800000;1.0
05161147;620431200000;1.0
05051977;620431200000;1.0
04999494;621468000000;1.0
04987367;621554400000;1.0
04992662;621640800000;1.0
05021666;621727200000;1.0
05008537;622245600000;1.0
05107112;622854000000;1.0
05036490;622940400000;1.0
04959544;623372400000;1.0
05006814;623977200000;1.0
05043577;624236400000;1.0
04954712;624495600000;1.0
05028778;624841200000;1.0
05003815;624841200000;1.0
05023453;625446000000;1.0
04954711;625446000000;1.0
05021364;625791600000;1.0
04961003;625878000000;1.0
05025154;625964400000;1.0
05073912;627001200000;1.0
05034605;627260400000;1.0
05025658;628210800000;1.0
04954704;628729200000;1.0
05113264;628815600000;1.0
05015849;629593200000;1.0
05202004;630111600000;1.0
05036200;630111600000;1.0
04992728;630198000000;1.0
05021672;630284400000;1.0
05116782;630284400000;1.0
05055679;631321200000;1.0
05049744;631753200000;1.0
05010250;631839600000;1.0
04998788;631926000000;1.0
05155715;632098800000;1.0
05026437;632962800000;1.0
05015862;632962800000;1.0
05053995;633049200000;1.0
05051599;633308400000;1.0
05091880;633567600000;1.0
05144581;633567600000;1.0
05120959;633740400000;1.0
04967078;633913200000;1.0
06127681;634172400000;1.0
05029194;634172400000;1.0
05041783;634172400000;1.0
05085070;634345200000;1.0
05021121;635122800000;1.0
05016266;635554800000;1.0
04977328;635986800000;1.0
05103174;635986800000;1.0
05241527;636937200000;1.0
05089699;637196400000;1.0
05045696;637542000000;1.0
05032723;637974000000;1.0
05065103;638488800000;1.0
05142148;638575200000;1.0
05055680;639093600000;1.0
04987303;639180000000;1.0
05066858;640389600000;1.0
05260824;640476000000;1.0
05023452;640562400000;1.0
05150035;641167200000;1.0
05216254;641512800000;1.0
05021655;641599200000;1.0
05047633;641685600000;1.0
05047637;642895200000;1.0
05063294;642895200000;1.0
05103095;643413600000;1.0
05004927;643586400000;1.0
05053699;643586400000;1.0
05059785;644018400000;1.0
05270214;644018400000;1.0
05023457;644018400000;1.0
05015851;644104800000;1.0
05099117;644536800000;1.0
05036196;644536800000;1.0
05004920;645141600000;1.0
04992660;646264800000;1.0
05092163;646437600000;1.0
04998016;646524000000;1.0
05060248;646610400000;1.0
05142145;647128800000;1.0
05025153;647215200000;1.0
05107111;647215200000;1.0
05028901;647474400000;1.0
05193383;647647200000;1.0
05075548;647647200000;1.0
05241186;647820000000;1.0
05041725;648252000000;1.0
05117110;648770400000;1.0
05077473;648943200000;1.0
05087815;649288800000;1.0
05061850;649288800000;1.0
05108952;649288800000;1.0
05065029;649634400000;1.0
05077478;649893600000;1.0
05206665;650066400000;1.0
05032724;650152800000;1.0
05051379;650757600000;1.0
05144148;650844000000;1.0
05317533;650844000000;1.0
05088290;651276000000;1.0
05222060;652485600000;1.0
05045705;652917600000;1.0
05185572;653781600000;1.0
05097126;654213600000;1.0
05083022;654386400000;1.0
05144833;654386400000;1.0
05059793;654735600000;1.0
05097204;654908400000;1.0
05206702;654908400000;1.0
05059792;655081200000;1.0
05047649;655426800000;1.0
05113072;655513200000;1.0
05089708;655599600000;1.0
05086227;656204400000;1.0
05061851;656636400000;1.0
05304535;657154800000;1.0
05149974;657154800000;1.0
05216631;657500400000;1.0
05122739;657846000000;1.0
05093577;658018800000;1.0
05072116;658105200000;1.0
05061856;658537200000;1.0
05050610;658537200000;1.0
05065020;659055600000;1.0
05063293;659314800000;1.0
05051646;659833200000;1.0
05076026;660265200000;1.0
05132533;660351600000;1.0
05162133;661647600000;1.0
05146089;661647600000;1.0
05266809;661647600000;1.0
05166751;661993200000;1.0
05119411;661993200000;1.0
05107113;662166000000;1.0
05289402;662252400000;1.0
05095207;663202800000;1.0
05111043;663375600000;1.0
05105305;663462000000;1.0
05140164;663807600000;1.0
05103471;664066800000;1.0
05255258;664153200000;1.0
05148025;664153200000;1.0
05165256;664585200000;1.0
05260648;665103600000;1.0
05160884;665103600000;1.0
05125017;665190000000;1.0
05185571;665276400000;1.0
05144128;665362800000;1.0
05375087;665622000000;1.0
05161201;665881200000;1.0
05159643;665881200000;1.0
05369274;666226800000;1.0
05081353;666226800000;1.0
05148027;666313200000;1.0
05127064;666399600000;1.0
05099125;666572400000;1.0
05118940;667436400000;1.0
05253515;667522800000;1.0
05164791;668041200000;1.0
05182051;668300400000;1.0
05166519;668646000000;1.0
05208648;668646000000;1.0
05157251;668818800000;1.0
05171987;669337200000;1.0
05281909;669596400000;1.0
05210714;669855600000;1.0
05233191;670543200000;1.0
05128545;670716000000;1.0
05155359;670802400000;1.0
05105082;670802400000;1.0
05149966;671234400000;1.0
05130539;671407200000;1.0
05107114;671666400000;1.0
05193385;671752800000;1.0
05199021;671752800000;1.0
05189906;672012000000;1.0
05138256;672357600000;1.0
05124645;672444000000;1.0
05146090;672530400000;1.0
05128544;673135200000;1.0
05103094;673135200000;1.0
05256876;673567200000;1.0
05166520;674085600000;1.0
05239863;674172000000;1.0
05155412;675381600000;1.0
05255018;675468000000;1.0
05179954;675554400000;1.0
05099118;675554400000;1.0
05237859;675554400000;1.0
05214282;675554400000;1.0
05210487;675986400000;1.0
05156976;676245600000;1.0
05229607;676677600000;1.0
05254856;677196000000;1.0
05319977;677368800000;1.0
05293326;677714400000;1.0
05175495;677800800000;1.0
05218757;677800800000;1.0
05740101;678319200000;1.0
05245863;678319200000;1.0
05262981;678319200000;1.0
05138159;678924000000;1.0
05166919;679183200000;1.0
05159196;679183200000;1.0
05136162;679615200000;1.0
05138174;679615200000;1.0
05192866;679615200000;1.0
05161149;680133600000;1.0
05289455;680220000000;1.0
05155361;680479200000;1.0
05212383;680738400000;1.0
05204851;680824800000;1.0
05196701;680911200000;1.0
05343460;680911200000;1.0
05268579;681429600000;1.0
05157256;681602400000;1.0
05187367;681602400000;1.0
05097127;682034400000;1.0
05247588;682034400000;1.0
05276672;682034400000;1.0
05214284;682120800000;1.0
05141460;682639200000;1.0
05129850;682639200000;1.0
05134605;682639200000;1.0
05231286;682812000000;1.0
05172002;682812000000;1.0
05210425;683503200000;1.0
05278704;684021600000;1.0
05208457;684108000000;1.0
05150392;684367200000;1.0
05251200;684540000000;1.0
05210410;685836000000;1.0
05298975;685922400000;1.0
05329513;685922400000;1.0
05171992;686444400000;1.0
05182452;687481200000;1.0
05151594;687740400000;1.0
05166516;687999600000;1.0
05214342;687999600000;1.0
05164594;688086000000;1.0
05193104;688086000000;1.0
05130554;688086000000;1.0
05164595;688345200000;1.0
05220555;688690800000;1.0
05159195;688690800000;1.0
05254854;689209200000;1.0
05168159;689209200000;1.0
05202879;689554800000;1.0
05198715;689900400000;1.0
05301117;689900400000;1.0
05298747;690505200000;1.0
05148026;690505200000;1.0
05166521;690591600000;1.0
05162653;691023600000;1.0
05225683;691196400000;1.0
05157555;691801200000;1.0
05210424;692492400000;1.0
05200616;693097200000;1.0
05402410;693097200000;1.0
05198667;693183600000;1.0
05177361;693442800000;1.0
05171993;693442800000;1.0
05265046;694047600000;1.0
05223713;694134000000;1.0
05296704;695343600000;1.0
05227626;696726000000;1.0
05229610;697330800000;1.0
05224376;697330800000;1.0
05297130;697417200000;1.0
05222396;697935600000;1.0
05204531;698022000000;1.0
05675148;698108400000;1.0
05182453;698367600000;1.0
05221844;698367600000;1.0
05331163;698626800000;1.0
05233195;698972400000;1.0
05245187;699058800000;1.0
05262642;699058800000;1.0
05280341;699145200000;1.0
05224775;699490800000;1.0
05291775;699663600000;1.0
05164596;700095600000;1.0
05323375;700095600000;1.0
05369372;700095600000;1.0
05173605;700095600000;1.0
05376790;700441200000;1.0
05264705;702165600000;1.0
05218262;702511200000;1.0
05382789;702511200000;1.0
05260567;702684000000;1.0
05289004;702856800000;1.0
05235187;703202400000;1.0
05260926;703461600000;1.0
05166964;703807200000;1.0
05317152;703807200000;1.0
05289408;703980000000;1.0
05264696;703980000000;1.0
05216235;704066400000;1.0
05278407;704066400000;1.0
05394741;704325600000;1.0
05293042;704498400000;1.0
05363697;704498400000;1.0
05247186;704498400000;1.0
05302831;704584800000;1.0
05267471;704584800000;1.0
05362653;705103200000;1.0
05256877;705189600000;1.0
05253516;705189600000;1.0
05196713;705708000000;1.0
05299184;705794400000;1.0
05302239;705880800000;1.0
05328849;706226400000;1.0
05258107;706312800000;1.0
05272338;706399200000;1.0
05268571;706917600000;1.0
05391871;707436000000;1.0
05282191;707522400000;1.0
05343042;707608800000;1.0
05357108;708040800000;1.0
05179279;708300000000;1.0
05262643;708300000000;1.0
05298748;708559200000;1.0
05389475;708818400000;1.0
05336895;709423200000;1.0
05315373;709509600000;1.0
05270543;709941600000;1.0
05356756;709941600000;1.0
05347126;710028000000;1.0
05369275;710719200000;1.0
05324950;711151200000;1.0
05268573;711324000000;1.0
05252835;711324000000;1.0
05460034;711669600000;1.0
05323376;712188000000;1.0
05329514;712188000000;1.0
05360977;712360800000;1.0
05276324;712360800000;1.0
05317153;712533600000;1.0
05216661;712879200000;1.0
05298760;712879200000;1.0
05359199;712879200000;1.0
05412980;713138400000;1.0
05200617;713656800000;1.0
05260572;713656800000;1.0
05317141;713743200000;1.0
05327373;714348000000;1.0
05353632;714693600000;1.0
05329122;714780000000;1.0
05284744;714866400000;1.0
05323003;714952800000;1.0
05331161;715298400000;1.0
05319207;715557600000;1.0
05360978;715903200000;1.0
05313451;716076000000;1.0
05416331;716162400000;1.0
05372930;716594400000;1.0
05369359;717026400000;1.0
05264794;717026400000;1.0
05306919;717026400000;1.0
05347854;717112800000;1.0
05334835;717634800000;1.0
05315113;717721200000;1.0
05321262;717807600000;1.0
05304795;717807600000;1.0
05345815;717807600000;1.0
05294790;718326000000;1.0
05432345;718498800000;1.0
05371727;719103600000;1.0
05286974;719190000000;1.0
05336885;719535600000;1.0
05331589;720399600000;1.0
05280176;721004400000;1.0
05450505;721004400000;1.0
05260577;721263600000;1.0
05306918;721263600000;1.0
05336887;721522800000;1.0
05400647;721522800000;1.0
05278406;721522800000;1.0
05264704;721954800000;1.0
05321685;722214000000;1.0
05281814;722214000000;1.0
05304924;722214000000;1.0
05412209;722818800000;1.0
05308974;723078000000;1.0
05381101;723250800000;1.0
05401973;723423600000;1.0
05324947;723769200000;1.0
05405481;724028400000;1.0
05314829;724633200000;1.0
05266802;724892400000;1.0
05561300;724978800000;1.0
05350920;724978800000;1.0
05293781;725151600000;1.0
05432346;725151600000;1.0
05321977;725756400000;1.0
05338932;726102000000;1.0
05436448;726274800000;1.0
05367165;726793200000;1.0
05347510;726966000000;1.0
05490132;727570800000;1.0
05286977;727916400000;1.0
05266801;728002800000;1.0
05327225;728175600000;1.0
05371365;728521200000;1.0
05300775;729212400000;1.0
05283437;729903600000;1.0
05439777;729990000000;1.0
05376791;730335600000;1.0
05266897;730508400000;1.0
05401965;731113200000;1.0
05470707;731199600000;1.0
05294804;731286000000;1.0
05317154;731286000000;1.0
05381003;731545200000;1.0
05481527;731718000000;1.0
05333495;731804400000;1.0
05510146;732236400000;1.0
05461907;732841200000;1.0
05404110;733014000000;1.0
05444191;733442400000;1.0
05274230;733528800000;1.0
05491338;734306400000;1.0
05389786;734824800000;1.0
05426302;735948000000;1.0
05481908;735948000000;1.0
05393983;735948000000;1.0
05414260;736120800000;1.0
05412641;736380000000;1.0
05283442;736380000000;1.0
05432771;736380000000;1.0
05408094;736466400000;1.0
05356218;736466400000;1.0
05431055;736984800000;1.0
05286651;737071200000;1.0
05393980;737071200000;1.0
05352898;737676000000;1.0
05382796;737935200000;1.0
05399859;738194400000;1.0
05357109;738280800000;1.0
05393977;738885600000;1.0
05438206;738972000000;1.0
05444244;739058400000;1.0
05354985;739058400000;1.0
05449903;740095200000;1.0
05371366;740268000000;1.0
05436452;740613600000;1.0
05365073;740872800000;1.0
06472794;741304800000;1.0
05504338;741391200000;1.0
05444260;741477600000;1.0
05416024;741564000000;1.0
05406832;741564000000;1.0
05329808;741564000000;1.0
05406085;741996000000;1.0
05476006;741996000000;1.0
05453970;742514400000;1.0
05397896;742687200000;1.0
05410151;742687200000;1.0
05393647;742773600000;1.0
05449901;743292000000;1.0
05389779;743896800000;1.0
05386110;744847200000;1.0
05446589;744933600000;1.0
05401975;745020000000;1.0
05406833;745192800000;1.0
05463897;745538400000;1.0
05428548;746229600000;1.0
05547774;746834400000;1.0
05401972;746920800000;1.0
05471458;747439200000;1.0
05504366;747871200000;1.0
05471064;747957600000;1.0
05378984;748130400000;1.0
05352894;748476000000;1.0
05481528;748562400000;1.0
05445011;748562400000;1.0
05441343;749084400000;1.0
05539197;749257200000;1.0
05404349;749343600000;1.0
05349735;749775600000;1.0
05450746;750380400000;1.0
05388452;750639600000;1.0
05442174;750985200000;1.0
05416327;751849200000;1.0
05475318;751849200000;1.0
05442182;752281200000;1.0
05362963;752281200000;1.0
05467642;752367600000;1.0
05415027;752454000000;1.0
05357105;752799600000;1.0
05402793;753663600000;1.0
05393985;753663600000;1.0
05537372;754095600000;1.0
05345816;754095600000;1.0
05412210;754786800000;1.0
05438196;755132400000;1.0
05570336;755218800000;1.0
05426631;755996400000;1.0
05395741;756514800000;1.0
05394500;756514800000;1.0
05410910;756514800000;1.0
05420796;756601200000;1.0
05475316;756946800000;1.0
05440121;757033200000;1.0
05485451;757033200000;1.0
05392275;757551600000;1.0
05459939;758242800000;1.0
05446720;758329200000;1.0
05589780;758502000000;1.0
05528156;758502000000;1.0
05406087;758847600000;1.0
05483064;759106800000;1.0
05535185;759106800000;1.0
05510614;759106800000;1.0
05440122;759366000000;1.0
05455419;759970800000;1.0
05440920;760230000000;1.0
05525806;760316400000;1.0
05469733;760748400000;1.0
05481529;761180400000;1.0
05386720;761353200000;1.0
06081113;761958000000;1.0
05418771;762044400000;1.0
05357787;762044400000;1.0
05444242;762130800000;1.0
05418363;762130800000;1.0
05623295;762476400000;1.0
05574280;762476400000;1.0
05434422;762735600000;1.0
05406072;762994800000;1.0
05502710;763081200000;1.0
05504340;763167600000;1.0
05585734;763167600000;1.0
05382795;763254000000;1.0
05489339;763254000000;1.0
05375114;763599600000;1.0
05468959;763945200000;1.0
05465046;764204400000;1.0
05472881;764204400000;1.0
05473157;764290800000;1.0
05463221;764377200000;1.0
05548113;764463600000;1.0
05472916;764550000000;1.0
05449914;764550000000;1.0
05423514;764550000000;1.0
05425616;764805600000;1.0
05406080;764805600000;1.0
05465611;764978400000;1.0
05446282;764978400000;1.0
05532494;765496800000;1.0
06229609;766015200000;1.0
05618760;766101600000;1.0
05640539;766360800000;1.0
05568004;766706400000;1.0
05509622;767224800000;1.0
05510616;767224800000;1.0
05539203;767311200000;1.0
05448514;767570400000;1.0
05994698;768434400000;1.0
05390161;768520800000;1.0
05508627;768607200000;1.0
05394388;769039200000;1.0
05515719;769298400000;1.0
05498550;769816800000;1.0
05475319;770508000000;1.0
05506829;770594400000;1.0
05396066;770594400000;1.0
05517027;770853600000;1.0
05495110;771199200000;1.0
05418829;771544800000;1.0
05388323;772149600000;1.0
05616921;772754400000;1.0
05508805;772840800000;1.0
05488602;772840800000;1.0
05424974;773359200000;1.0
05396453;773445600000;1.0
05440124;773618400000;1.0
05438197;773877600000;1.0
05455420;773964000000;1.0
05581193;774396000000;1.0
05517033;775087200000;1.0
05466548;775432800000;1.0
05559328;775432800000;1.0
06123817;775951200000;1.0
05591903;776556000000;1.0
05444243;776901600000;1.0
05486769;776901600000;1.0
05481522;776988000000;1.0
05596194;777247200000;1.0
05479013;777679200000;1.0
05468967;777852000000;1.0
05523686;778197600000;1.0
05559329;778284000000;1.0
05481521;778284000000;1.0
05549954;778284000000;1.0
05540229;779666400000;1.0
05548117;780012000000;1.0
05489774;780012000000;1.0
05512746;780098400000;1.0
05594166;780357600000;1.0
05546374;780534000000;1.0
05517482;780534000000;1.0
05488305;780706800000;1.0
05585722;781225200000;1.0
05530253;781398000000;1.0
05496999;781830000000;1.0
05485536;782002800000;1.0
05453616;782434800000;1.0
05513168;782434800000;1.0
05543614;782694000000;1.0
05414690;782953200000;1.0
05553486;782953200000;1.0
05503010;784335600000;1.0
05521390;784940400000;1.0
05677635;785458800000;1.0
06395347;786150000000;1.0
05557156;786322800000;1.0
05746826;786322800000;1.0
05520769;786754800000;1.0
05540958;787359600000;1.0
05581538;787532400000;1.0
05559330;787791600000;1.0
05464977;787878000000;1.0
05507179;787964400000;1.0
05500527;788482800000;1.0
05595942;789174000000;1.0
05466935;790556400000;1.0
05524479;790902000000;1.0
05497007;791161200000;1.0
05519212;791506800000;1.0
05461605;791506800000;1.0
05587523;791766000000;1.0
05557452;792025200000;1.0
05585211;792025200000;1.0
05601982;792111600000;1.0
05625187;792198000000;1.0
05750989;792370800000;1.0
05621210;792370800000;1.0
05619139;793321200000;1.0
05497656;793494000000;1.0
05626812;793666800000;1.0
05611942;794098800000;1.0
05495109;794530800000;1.0
05500535;794530800000;1.0
05567872;794530800000;1.0
05550948;794617200000;1.0
05721625;794790000000;1.0
05513518;794790000000;1.0
05672816;795049200000;1.0
05510617;795222000000;1.0
05624845;795308400000;1.0
05569918;795394800000;1.0
05729074;795654000000;1.0
05554851;795654000000;1.0
05621652;795740400000;1.0
05623475;795826800000;1.0
05523700;795826800000;1.0
05627365;795999600000;1.0
05614712;795999600000;1.0
05528034;796341600000;1.0
05581082;796341600000;1.0
05698798;796514400000;1.0
05560244;796946400000;1.0
05671086;798156000000;1.0
05877891;798415200000;1.0
05625142;799020000000;1.0
05679888;799020000000;1.0
05684301;799020000000;1.0
05519686;799884000000;1.0
05641896;800143200000;1.0
05581083;800143200000;1.0
05521377;800834400000;1.0
05502305;800834400000;1.0
05574278;801180000000;1.0
05563411;801352800000;1.0
05508517;802303200000;1.0
05656769;802389600000;1.0
05665905;802476000000;1.0
05744704;802476000000;1.0
05510615;802476000000;1.0
05563415;802476000000;1.0
05812516;802476000000;1.0
05656811;803080800000;1.0
05528047;803080800000;1.0
05808311;803253600000;1.0
05675145;804981600000;1.0
05541411;804981600000;1.0
05553487;805672800000;1.0
05689063;805759200000;1.0
05807758;806277600000;1.0
05583446;806364000000;1.0
05751683;806536800000;1.0
05723982;806623200000;1.0
05591970;806623200000;1.0
05623338;807487200000;1.0
05623339;807487200000;1.0
05646731;807487200000;1.0
05602329;807919200000;1.0
05679952;808696800000;1.0
05665253;808783200000;1.0
05583286;809215200000;1.0
05602820;809215200000;1.0
05640012;809301600000;1.0
05620854;809301600000;1.0
05705814;809733600000;1.0
05621211;809906400000;1.0
05625617;810338400000;1.0
05821409;810424800000;1.0
05689494;810770400000;1.0
05923033;810856800000;1.0
05627815;811029600000;1.0
05804708;811116000000;1.0
05569919;811461600000;1.0
05574279;811548000000;1.0
05614663;811720800000;1.0
05831181;812329200000;1.0
05633455;812847600000;1.0
05599464;812934000000;1.0
05714757;813538800000;1.0
05664036;813538800000;1.0
05710052;813884400000;1.0
05874668;814489200000;1.0
05652377;814489200000;1.0
05672876;814662000000;1.0
05600137;814834800000;1.0
05883705;815094000000;1.0
06000947;815180400000;1.0
05994750;815353200000;1.0
05654546;815698800000;1.0
05546375;815785200000;1.0
05756242;816217200000;1.0
05619034;816390000000;1.0
05619035;816822000000;1.0
05616916;817513200000;1.0
05650614;817599600000;1.0
05978326;817772400000;1.0
05631410;818722800000;1.0
05627372;819500400000;1.0
05637870;819586800000;1.0
05833749;821746800000;1.0
05793040;821746800000;1.0
05721721;822265200000;1.0
05729015;822524400000;1.0
05661301;823647600000;1.0
05851902;823734000000;1.0
05627371;823820400000;1.0
05805541;823820400000;1.0
05675154;823906800000;1.0
05717205;824079600000;1.0
05877035;824079600000;1.0
05866328;824079600000;1.0
06124142;824079600000;1.0
05646339;824252400000;1.0
05831626;824252400000;1.0
05831961;824943600000;1.0
05770856;825030000000;1.0
05801939;825634800000;1.0
05756997;825894000000;1.0
05644512;825894000000;1.0
05576541;826585200000;1.0
05654547;826930800000;1.0
05637879;827276400000;1.0
05796101;827276400000;1.0
05589686;827449200000;1.0
05852297;827449200000;1.0
05854495;827794800000;1.0
05747802;828054000000;1.0
05700953;828482400000;1.0
05602390;828482400000;1.0
05652428;828568800000;1.0
05736745;828568800000;1.0
05888371;829087200000;1.0
05689112;829260000000;1.0
05760395;829778400000;1.0
05698071;830037600000;1.0
05680387;830296800000;1.0
05717132;830383200000;1.0
05645066;830469600000;1.0
05606162;830469600000;1.0
05681987;830642400000;1.0
05793743;830988000000;1.0
05726454;831074400000;1.0
05661304;831333600000;1.0
05770855;831420000000;1.0
05633495;831679200000;1.0
05751685;831679200000;1.0
05811017;832024800000;1.0
05744799;832543200000;1.0
05798529;833234400000;1.0
05859364;833493600000;1.0
05668371;834012000000;1.0
05751686;835048800000;1.0
05715054;835567200000;1.0
05723981;835653600000;1.0
05723775;836258400000;1.0
05751684;836949600000;1.0
05714682;837036000000;1.0
05696372;838764000000;1.0
05798524;839368800000;1.0
05710051;839455200000;1.0
05731587;839800800000;1.0
05801472;839887200000;1.0
05732053;840578400000;1.0
05777977;840664800000;1.0
05656809;840751200000;1.0
05631463;841096800000;1.0
05729026;841269600000;1.0
05856672;841269600000;1.0
05808977;841960800000;1.0
05825020;841960800000;1.0
05847387;842306400000;1.0
05866021;842479200000;1.0
05912461;842565600000;1.0
05714756;842565600000;1.0
05923637;842565600000;1.0
05763879;842824800000;1.0
05821410;843170400000;1.0
05763767;843429600000;1.0
05702849;843688800000;1.0
05811802;843688800000;1.0
05994160;843775200000;1.0
05847383;844034400000;1.0
05804709;844293600000;1.0
05886532;844380000000;1.0
05821545;844984800000;1.0
05948972;844984800000;1.0
05796102;845330400000;1.0
05838005;845416800000;1.0
05805560;845416800000;1.0
06156404;845589600000;1.0
05831264;845935200000;1.0
05693938;846108000000;1.0
05866321;846194400000;1.0
05606261;846194400000;1.0
05789742;846457200000;1.0
05846200;847407600000;1.0
05959458;847407600000;1.0
05834644;847839600000;1.0
05952562;848444400000;1.0
05945833;849049200000;1.0
05857341;849049200000;1.0
05812722;849481200000;1.0
05929643;849567600000;1.0
06101164;849654000000;1.0
06017590;849740400000;1.0
05815253;849740400000;1.0
05955660;849826800000;1.0
05850038;850172400000;1.0
06265711;850172400000;1.0
05939623;850431600000;1.0
06149593;850690800000;1.0
05750990;851036400000;1.0
05836996;851900400000;1.0
05874734;851986800000;1.0
05767514;851986800000;1.0
05852232;852159600000;1.0
05955661;852505200000;1.0
05808790;852850800000;1.0
05995647;853110000000;1.0
05949070;853196400000;1.0
05753911;853369200000;1.0
05757760;853369200000;1.0
05929438;853369200000;1.0
05959957;853801200000;1.0
05780859;854492400000;1.0
06072574;854578800000;1.0
05866807;855010800000;1.0
05969821;855270000000;1.0
05945671;855702000000;1.0
06088320;856306800000;1.0
06013573;856479600000;1.0
05805448;856479600000;1.0
05808302;856911600000;1.0
05939715;856998000000;1.0
05854487;857084400000;1.0
05753912;857343600000;1.0
05821549;857343600000;1.0
05841129;857343600000;1.0
05847488;857430000000;1.0
06172363;857430000000;1.0
05825670;857516400000;1.0
05894122;858121200000;1.0
05798641;858553200000;1.0
05965218;858639600000;1.0
05900728;858812400000;1.0
05900729;858812400000;1.0
06104030;858898800000;1.0
05960147;858898800000;1.0
05922594;859244400000;1.0
06046972;859417200000;1.0
06006594;859503600000;1.0
05822285;859759200000;1.0
05939719;859845600000;1.0
05885434;859845600000;1.0
06130427;859845600000;1.0
05952658;861314400000;1.0
05773824;861746400000;1.0
05943548;861832800000;1.0
05953306;861919200000;1.0
05912468;862178400000;1.0
05753914;862178400000;1.0
05969345;862351200000;1.0
05936237;862351200000;1.0
06122562;862783200000;1.0
06067153;863388000000;1.0
06078044;863474400000;1.0
05990474;863560800000;1.0
06075558;863560800000;1.0
06339217;863733600000;1.0
05865839;863992800000;1.0
05801381;864165600000;1.0
05920067;864165600000;1.0
05729075;864338400000;1.0
05846870;864338400000;1.0
06262802;864943200000;1.0
05902928;865202400000;1.0
05804710;865461600000;1.0
05880360;865807200000;1.0
05936243;865807200000;1.0
06131435;865980000000;1.0
05760396;866412000000;1.0
05903085;866584800000;1.0
05939709;866671200000;1.0
05883387;866671200000;1.0
05854488;866757600000;1.0
06097473;867016800000;1.0
05811796;867103200000;1.0
06079814;867362400000;1.0
05892223;867621600000;1.0
06144028;867708000000;1.0
05969848;867880800000;1.0
05773174;868399200000;1.0
05763124;868399200000;1.0
05861754;868917600000;1.0
06172506;868917600000;1.0
06504393;868917600000;1.0
05880012;869090400000;1.0
06038916;869522400000;1.0
05818042;869522400000;1.0
05953579;870127200000;1.0
05780851;870300000000;1.0
05983712;870645600000;1.0
06097197;870818400000;1.0
05955654;870904800000;1.0
05952657;872200800000;1.0
05861624;872200800000;1.0
05933211;872460000000;1.0
05900618;872546400000;1.0
05821819;872632800000;1.0
05981039;872632800000;1.0
05856967;872632800000;1.0
05889282;872719200000;1.0
05856617;873151200000;1.0
06118122;873237600000;1.0
05969355;873324000000;1.0
05917186;873756000000;1.0
06067164;874015200000;1.0
05804460;874274400000;1.0
05898176;874360800000;1.0
06094971;875052000000;1.0
06127682;875138400000;1.0
05898106;875138400000;1.0
06008491;876866400000;1.0
06185323;877557600000;1.0
05932876;877644000000;1.0
06100523;878079600000;1.0
05986261;878079600000;1.0
06008653;878166000000;1.0
06259960;878252400000;1.0
06002471;878598000000;1.0
06801396;878684400000;1.0
05965885;879289200000;1.0
05965881;879375600000;1.0
05796706;880326000000;1.0
05990479;880412400000;1.0
05969357;880498800000;1.0
06461726;880498800000;1.0
05973316;880498800000;1.0
05952656;881017200000;1.0
05994691;881017200000;1.0
06008489;881103600000;1.0
06049078;881276400000;1.0
05992225;881622000000;1.0
05986270;882140400000;1.0
06054710;882399600000;1.0
05903343;882831600000;1.0
06405137;883436400000;1.0
05982009;883522800000;1.0
06081394;884127600000;1.0
06211532;884300400000;1.0
06046457;884300400000;1.0
06061085;884905200000;1.0
05966053;885250800000;1.0
06118123;885423600000;1.0
05978256;886028400000;1.0
06051833;886114800000;1.0
06078385;886460400000;1.0
06210593;886633200000;1.0
06039000;887151600000;1.0
06026171;887151600000;1.0
05969273;887238000000;1.0
06147958;887238000000;1.0
06452677;887324400000;1.0
06185991;887670000000;1.0
06085580;887670000000;1.0
06128073;887756400000;1.0
06201226;887756400000;1.0
06207575;887929200000;1.0
06091248;888793200000;1.0
06023060;888879600000;1.0
06011261;888966000000;1.0
05963334;888966000000;1.0
05877497;889052400000;1.0
05920068;889052400000;1.0
06051839;889398000000;1.0
06194711;889484400000;1.0
06016684;889484400000;1.0
05986256;889570800000;1.0
06050722;890780400000;1.0
06028305;890780400000;1.0
06002131;890780400000;1.0
05905260;891208800000;1.0
06081115;891208800000;1.0
06100524;891295200000;1.0
06093930;891468000000;1.0
06518570;891554400000;1.0
06033921;891813600000;1.0
06201227;891986400000;1.0
05990477;892072800000;1.0
06194223;892418400000;1.0
05983713;892418400000;1.0
06078174;892504800000;1.0
06147959;892504800000;1.0
06198097;892591200000;1.0
06184519;892677600000;1.0
06064060;892764000000;1.0
06121604;893196000000;1.0
06274220;893714400000;1.0
06053035;893973600000;1.0
06000281;894232800000;1.0
05992226;894578400000;1.0
06002136;894578400000;1.0
06072764;894924000000;1.0
06078045;895010400000;1.0
06121611;895615200000;1.0
06031229;895615200000;1.0
06046448;895701600000;1.0
06121060;896133600000;1.0
06252226;896133600000;1.0
06025600;896392800000;1.0
06130428;896738400000;1.0
06211517;896738400000;1.0
06188161;896738400000;1.0
06204507;896997600000;1.0
06246054;896997600000;1.0
06080986;897343200000;1.0
06188068;897429600000;1.0
06153884;897516000000;1.0
06100534;897861600000;1.0
06084239;897948000000;1.0
06144037;898120800000;1.0
06051825;898207200000;1.0
06001519;899330400000;1.0
06212292;899848800000;1.0
06005246;899848800000;1.0
06078234;899935200000;1.0
06073485;900021600000;1.0
06208600;900021600000;1.0
06320609;900021600000;1.0
06242736;900453600000;1.0
06210982;900540000000;1.0
06032518;900885600000;1.0
06005251;900972000000;1.0
06194729;901404000000;1.0
06094972;901490400000;1.0
06169281;901663200000;1.0
06215121;901663200000;1.0
06211686;901749600000;1.0
06335530;901749600000;1.0
06284197;901836000000;1.0
06249000;902095200000;1.0
06310342;902181600000;1.0
06057546;902181600000;1.0
06356088;902268000000;1.0
06757645;902440800000;1.0
06249503;902440800000;1.0
06208154;902700000000;1.0
06147507;902700000000;1.0
06291822;902700000000;1.0
06215137;902872800000;1.0
06080991;903304800000;1.0
06137110;903304800000;1.0
06242737;903477600000;1.0
06459758;903650400000;1.0
06156215;903909600000;1.0
06184524;903909600000;1.0
06229141;903909600000;1.0
06121624;903909600000;1.0
06376833;903996000000;1.0
06150657;903996000000;1.0
06211685;904168800000;1.0
05997119;904255200000;1.0
06040576;904600800000;1.0
06280939;904600800000;1.0
06122563;904687200000;1.0
06317514;905292000000;1.0
06252238;905292000000;1.0
06079255;905724000000;1.0
06933153;905810400000;1.0
06246066;905983200000;1.0
06259096;906069600000;1.0
06173604;906415200000;1.0
06326144;906588000000;1.0
06740889;906933600000;1.0
06366688;907020000000;1.0
06225626;907106400000;1.0
06288391;907279200000;1.0
06455838;907624800000;1.0
06184533;907624800000;1.0
06278113;907624800000;1.0
06203934;907797600000;1.0
06053034;907884000000;1.0
06259092;908229600000;1.0
06211540;908402400000;1.0
06260997;909093600000;1.0
06239430;909093600000;1.0
06628053;909356400000;1.0
06139937;909442800000;1.0
06229607;909615600000;1.0
06013396;909702000000;1.0
06043485;909702000000;1.0
06174727;910047600000;1.0
06196061;910220400000;1.0
06255127;910306800000;1.0
06545263;910306800000;1.0
06357285;910566000000;1.0
06427345;910652400000;1.0
06284552;910911600000;1.0
06417673;911430000000;1.0
06303932;911430000000;1.0
06176122;911430000000;1.0
06388252;911430000000;1.0
06171437;911775600000;1.0
06201401;911775600000;1.0
06281495;911775600000;1.0
06267005;911948400000;1.0
06223591;912121200000;1.0
06259093;912380400000;1.0
06046061;912726000000;1.0
06079256;912985200000;1.0
06074485;913071600000;1.0
06236033;913158000000;1.0
06300628;913158000000;1.0
06057547;913158000000;1.0
06303516;913244400000;1.0
06107629;913590000000;1.0
06100705;913935600000;1.0
06211525;914367600000;1.0
06064506;914454000000;1.0
06278112;914799600000;1.0
06236053;914972400000;1.0
06369397;915404400000;1.0
06087197;915750000000;1.0
06232787;915750000000;1.0
06291820;915750000000;1.0
06344750;915750000000;1.0
06134955;916009200000;1.0
06392229;916095600000;1.0
06197455;916268400000;1.0
06237399;916354800000;1.0
06288392;916700400000;1.0
06365895;916786800000;1.0
06137115;916786800000;1.0
06370107;917305200000;1.0
05958701;917391600000;1.0
06453063;917478000000;1.0
06353221;917564400000;1.0
06281491;918514800000;1.0
06950385;918601200000;1.0
06181097;918687600000;1.0
06456736;919119600000;1.0
06499340;919292400000;1.0
06388239;919638000000;1.0
06240771;919897200000;1.0
06532805;919983600000;1.0
06297502;919983600000;1.0
06335532;919983600000;1.0
06075410;920242800000;1.0
06288394;920329200000;1.0
06225627;920588400000;1.0
06215127;920847600000;1.0
06140643;920934000000;1.0
06437343;920934000000;1.0
06307205;920934000000;1.0
06307312;921020400000;1.0
06292316;921106800000;1.0
06304527;921452400000;1.0
06249747;921625200000;1.0
06415653;921798000000;1.0
06313461;921798000000;1.0
06245204;922143600000;1.0
06052238;922917600000;1.0
06118121;923349600000;1.0
06057914;923608800000;1.0
06370487;924818400000;1.0
06369385;925855200000;1.0
06114695;926287200000;1.0
06238522;926460000000;1.0
06280647;926460000000;1.0
06303930;926546400000;1.0
06348689;926546400000;1.0
06627886;926632800000;1.0
06476387;926632800000;1.0
06452172;926892000000;1.0
06520005;926978400000;1.0
06178218;927064800000;1.0
06452173;927151200000;1.0
06130434;927237600000;1.0
06236589;927669600000;1.0
06028662;927669600000;1.0
06426501;927756000000;1.0
06245311;927842400000;1.0
06448554;927842400000;1.0
06178222;928188000000;1.0
06365905;928274400000;1.0
06392228;928274400000;1.0
06433327;928274400000;1.0
06106471;928274400000;1.0
06670602;928360800000;1.0
06159742;928447200000;1.0
06383823;928792800000;1.0
06661008;929916000000;1.0
06257053;929916000000;1.0
06498345;930088800000;1.0
06399026;930088800000;1.0
06429425;930520800000;1.0
06555815;930607200000;1.0
06521890;930780000000;1.0
06807314;930866400000;1.0
06239426;931298400000;1.0
06414307;931471200000;1.0
06337477;931903200000;1.0
06459088;931903200000;1.0
06185992;931989600000;1.0
06337479;932508000000;1.0
06497194;932594400000;1.0
06281496;932940000000;1.0
06448555;933112800000;1.0
06228664;933199200000;1.0
06195214;933285600000;1.0
06326635;933285600000;1.0
06437328;933631200000;1.0
06373049;933890400000;1.0
06329659;934149600000;1.0
06384408;934322400000;1.0
06285734;934408800000;1.0
06477132;934408800000;1.0
06388262;934408800000;1.0
06522776;934840800000;1.0
06198533;934840800000;1.0
06430324;935013600000;1.0
06424421;935532000000;1.0
06146913;935964000000;1.0
06346710;935964000000;1.0
06362474;936050400000;1.0
06250143;936050400000;1.0
06265722;936050400000;1.0
06690010;936223200000;1.0
06545275;936309600000;1.0
06452177;936309600000;1.0
06586736;936914400000;1.0
06323483;937778400000;1.0
06193850;937778400000;1.0
06903351;938383200000;1.0
06455334;938642400000;1.0
06489611;938642400000;1.0
06426499;938642400000;1.0
06300636;938815200000;1.0
06405584;939074400000;1.0
06724552;939679200000;1.0
06373070;939679200000;1.0
06323484;939765600000;1.0
06476388;940284000000;1.0
06559456;940370400000;1.0
06635870;940543200000;1.0
06281117;940802400000;1.0
06233206;940888800000;1.0
06479816;940888800000;1.0
06335522;940888800000;1.0
06262426;940975200000;1.0
06437329;940975200000;1.0
06238830;941148000000;1.0
06540972;941583600000;1.0
06285020;941756400000;1.0
06294774;941756400000;1.0
06221602;942102000000;1.0
06370306;942102000000;1.0
06172365;942188400000;1.0
06596483;942361200000;1.0
06376850;942706800000;1.0
06353219;942706800000;1.0
06178813;942793200000;1.0
06344150;943311600000;1.0
06326798;944002800000;1.0
06304319;944521200000;1.0
06300630;944694000000;1.0
06344257;945039600000;1.0
06407385;945212400000;1.0
06244103;945298800000;1.0
06438092;945298800000;1.0
06387851;945298800000;1.0
06298715;945817200000;1.0
06635873;946854000000;1.0
06586754;947113200000;1.0
06365415;947113200000;1.0
06349591;947718000000;1.0
06394409;947804400000;1.0
06593571;947804400000;1.0
06642517;948754800000;1.0
06587426;949273200000;1.0
06498776;949273200000;1.0
06574257;949359600000;1.0
06340813;949446000000;1.0
06396050;949446000000;1.0
06358860;949446000000;1.0
06398940;949618800000;1.0
06584062;949964400000;1.0
06177291;949964400000;1.0
06664546;950137200000;1.0
06270946;950137200000;1.0
06819649;950223600000;1.0
06900435;950482800000;1.0
06376827;950482800000;1.0
06271519;950655600000;1.0
06667476;950742000000;1.0
06330824;950828400000;1.0
06702186;951346800000;1.0
06727500;951433200000;1.0
06469293;951692400000;1.0
06322935;951692400000;1.0
06310936;951951600000;1.0
06163519;952038000000;1.0
06852968;952297200000;1.0
06369253;952297200000;1.0
06525316;952383600000;1.0
06414323;952642800000;1.0
06435015;953074800000;1.0
06320655;953074800000;1.0
06738338;953161200000;1.0
06417515;953247600000;1.0
06448766;953506800000;1.0
06559457;953766000000;1.0
06624913;954108000000;1.0
06642529;954194400000;1.0
06515282;954194400000;1.0
06465795;954194400000;1.0
06479817;954194400000;1.0
06452161;954194400000;1.0
06544893;954280800000;1.0
06552556;954367200000;1.0
06339955;954453600000;1.0
06441371;954712800000;1.0
06217843;954712800000;1.0
06452170;955058400000;1.0
06325904;955490400000;1.0
06535474;955576800000;1.0
06453263;955576800000;1.0
06545276;955663200000;1.0
06929934;955922400000;1.0
06410923;955922400000;1.0
06570163;955922400000;1.0
06891171;956095200000;1.0
06425189;956181600000;1.0
06646267;956527200000;1.0
06727911;956527200000;1.0
06448553;956613600000;1.0
06479820;956613600000;1.0
06677595;956613600000;1.0
06455847;956700000000;1.0
06190062;956700000000;1.0
06489792;956700000000;1.0
06597639;956786400000;1.0
06583634;956786400000;1.0
06452174;956786400000;1.0
06265718;956872800000;1.0
06452892;957132000000;1.0
06486654;957218400000;1.0
06841142;957218400000;1.0
06306779;957304800000;1.0
06580072;957304800000;1.0
06633034;957391200000;1.0
06274323;957477600000;1.0
06541784;957823200000;1.0
06515296;958082400000;1.0
06423967;958082400000;1.0
06469288;958341600000;1.0
06411111;958341600000;1.0
06470738;958514400000;1.0
06445197;958514400000;1.0
06552339;958514400000;1.0
06573369;958600800000;1.0
06490913;958600800000;1.0
06573508;958687200000;1.0
06710888;959032800000;1.0
06700670;959032800000;1.0
06396064;959119200000;1.0
06396063;959119200000;1.0
06586733;959205600000;1.0
06419985;959292000000;1.0
06565720;959724000000;1.0
06383286;959724000000;1.0
06466895;959724000000;1.0
06521896;959810400000;1.0
06700852;959896800000;1.0
06410929;959896800000;1.0
06818891;960501600000;1.0
06888137;960933600000;1.0
06693282;961365600000;1.0
06319643;961365600000;1.0
06507474;961365600000;1.0
06627887;961452000000;1.0
06331238;961711200000;1.0
06627908;961970400000;1.0
06528780;961970400000;1.0
06303402;962056800000;1.0
06407559;962143200000;1.0
06529793;962143200000;1.0
06621079;962229600000;1.0
06508979;962316000000;1.0
06573498;962316000000;1.0
06573497;962316000000;1.0
06459283;962316000000;1.0
06407384;962748000000;1.0
06459082;962920800000;1.0
06538249;962920800000;1.0
06444991;963957600000;1.0
06515274;964044000000;1.0
06452171;964389600000;1.0
06768117;964476000000;1.0
06881954;964562400000;1.0
06404207;964994400000;1.0
06627885;965253600000;1.0
06528785;965253600000;1.0
06509969;965944800000;1.0
06437943;965944800000;1.0
06555830;966290400000;1.0
06657192;966463200000;1.0
06566885;967154400000;1.0
06392978;967500000000;1.0
06573525;967586400000;1.0
06542455;967586400000;1.0
06583413;967586400000;1.0
06864479;967672800000;1.0
06545274;967759200000;1.0
06605810;968104800000;1.0
06274876;968277600000;1.0
06555816;968277600000;1.0
06590210;968364000000;1.0
06515277;968364000000;1.0
06465782;968364000000;1.0
06229138;968364000000;1.0
06242734;968364000000;1.0
06627903;968623200000;1.0
06232597;968623200000;1.0
06685639;968623200000;1.0
06504151;968796000000;1.0
06583411;968796000000;1.0
06476390;968968800000;1.0
06566650;969228000000;1.0
06462339;969400800000;1.0
06768556;969400800000;1.0
06597185;969400800000;1.0
06866801;969573600000;1.0
06388268;969919200000;1.0
06703623;970005600000;1.0
06455860;970178400000;1.0
06630667;970178400000;1.0
06262962;970524000000;1.0
06269067;970524000000;1.0
06519221;970783200000;1.0
06605344;971215200000;1.0
06552336;971215200000;1.0
06552340;971301600000;1.0
06521889;971388000000;1.0
06408122;971388000000;1.0
06552337;971388000000;1.0
06676814;971388000000;1.0
06617595;971647200000;1.0
06509569;971733600000;1.0
06563112;972597600000;1.0
06461528;972597600000;1.0
06566654;972597600000;1.0
06614027;973724400000;1.0
06408123;973724400000;1.0
06553546;973724400000;1.0
06621065;973724400000;1.0
06460261;974329200000;1.0
06580069;974329200000;1.0
06462346;975279600000;1.0
06559662;975279600000;1.0
06723987;975538800000;1.0
06507552;975625200000;1.0
06749776;975884400000;1.0
06354133;975884400000;1.0
06566655;975884400000;1.0
06884999;975884400000;1.0
06545273;975884400000;1.0
06389886;976057200000;1.0
06674890;976489200000;1.0
06407558;976834800000;1.0
06504164;977180400000;1.0
06706427;977266800000;1.0
06639224;977439600000;1.0
06464600;977958000000;1.0
06287880;978044400000;1.0
06559458;978562800000;1.0
06571612;978562800000;1.0
06608306;978908400000;1.0
06583410;978908400000;1.0
06861651;979254000000;1.0
06590208;979858800000;1.0
06949756;979858800000;1.0
06765201;979858800000;1.0
06580852;979858800000;1.0
06544889;980290800000;1.0
06787772;980377200000;1.0
06510120;980895600000;1.0
06617599;980895600000;1.0
06920088;980895600000;1.0
06664540;981500400000;1.0
06518571;981759600000;1.0
06677581;982105200000;1.0
06977375;982537200000;1.0
06661004;982710000000;1.0
06627888;982882800000;1.0
06562633;983142000000;1.0
06635869;983142000000;1.0
06528359;983228400000;1.0
06528786;983314800000;1.0
06735163;983487600000;1.0
06933512;983487600000;1.0
06437562;984006000000;1.0
06612160;984092400000;1.0
06458206;984092400000;1.0
06617761;984092400000;1.0
06667467;984351600000;1.0
06771012;984351600000;1.0
06604295;984438000000;1.0
06515898;984438000000;1.0
06583412;984783600000;1.0
06605941;985042800000;1.0
06710339;985215600000;1.0
06593583;985215600000;1.0
06541779;985215600000;1.0
06576293;985557600000;1.0
06465965;985903200000;1.0
06576910;986421600000;1.0
06495826;986853600000;1.0
06794296;986853600000;1.0
06744708;986940000000;1.0
06759655;986940000000;1.0
06616784;986940000000;1.0
06631227;986940000000;1.0
06567168;986940000000;1.0
06906450;987026400000;1.0
06545495;987458400000;1.0
06744030;987544800000;1.0
06946654;987976800000;1.0
06639218;988236000000;1.0
06943349;988322400000;1.0
06473384;988322400000;1.0
06736705;988322400000;1.0
06720556;988840800000;1.0
06724718;989186400000;1.0
06521921;989272800000;1.0
06563321;989445600000;1.0
06610980;989532000000;1.0
06737880;989791200000;1.0
06683320;989964000000;1.0
06762056;989964000000;1.0
06507017;989964000000;1.0
06576900;990136800000;1.0
06617569;990396000000;1.0
06448096;990568800000;1.0
06420722;990568800000;1.0
06827979;990655200000;1.0
06713761;990655200000;1.0
06493065;991173600000;1.0
06670611;991173600000;1.0
06559924;991173600000;1.0
06816806;991260000000;1.0
06767696;991605600000;1.0
06960765;991951200000;1.0
06683306;992210400000;1.0
06894272;992210400000;1.0
06388249;992210400000;1.0
06666075;992383200000;1.0
06734438;992469600000;1.0
06552338;992469600000;1.0
06515489;992469600000;1.0
06710337;992901600000;1.0
06791108;992988000000;1.0
06630307;993074400000;1.0
06576894;993420000000;1.0
06677584;993420000000;1.0
06429439;993506400000;1.0
06593040;993506400000;1.0
06614540;993679200000;1.0
06458605;993679200000;1.0
06635871;993679200000;1.0
06624412;994024800000;1.0
06653631;994370400000;1.0
06747265;994888800000;1.0
06862921;994975200000;1.0
06509670;995234400000;1.0
06445107;995407200000;1.0
06614022;995580000000;1.0
06466039;995580000000;1.0
06627884;995839200000;1.0
06873747;995839200000;1.0
06630666;996098400000;1.0
06861648;996530400000;1.0
06548810;996616800000;1.0
06690007;996703200000;1.0
06552331;997048800000;1.0
06664532;997221600000;1.0
06473351;997308000000;1.0
06921578;997480800000;1.0
06586885;998258400000;1.0
06441897;998949600000;1.0
06545491;998949600000;1.0
06703612;998949600000;1.0
06570390;999036000000;1.0
06613593;999208800000;1.0
06433102;999554400000;1.0
06978215;999554400000;1.0
06614243;999640800000;1.0
06756584;1000245600000;1.0
06834158;1000332000000;1.0
06690008;1000418400000;1.0
06716409;1000764000000;1.0
06721051;1000850400000;1.0
06649919;1000936800000;1.0
06781125;1001282400000;1.0
06504365;1001541600000;1.0
06740876;1001541600000;1.0
06834537;1001541600000;1.0
06714892;1001628000000;1.0
06693288;1001973600000;1.0
06630668;1002146400000;1.0
06790509;1002146400000;1.0
06715318;1002578400000;1.0
06555362;1002664800000;1.0
06762402;1002751200000;1.0
06730906;1003096800000;1.0
06818907;1003183200000;1.0
06710338;1003269600000;1.0
06888135;1003356000000;1.0
06642538;1003874400000;1.0
06583619;1003960800000;1.0
06838667;1004047200000;1.0
06656662;1004047200000;1.0
06835534;1004047200000;1.0
06617579;1004310000000;1.0
06642726;1004396400000;1.0
06855929;1004655600000;1.0
06593152;1004655600000;1.0
06813574;1005001200000;1.0
06669256;1005087600000;1.0
06946655;1005087600000;1.0
06710331;1005087600000;1.0
06936826;1005087600000;1.0
06654703;1005174000000;1.0
06784425;1005260400000;1.0
06605811;1005260400000;1.0
06809324;1006124400000;1.0
06703613;1006124400000;1.0
06657221;1006210800000;1.0
06856473;1006297200000;1.0
06755075;1006297200000;1.0
06670610;1006729200000;1.0
06926927;1006729200000;1.0
06898037;1006815600000;1.0
06617597;1007074800000;1.0
06684676;1007074800000;1.0
06831282;1007074800000;1.0
06917140;1007334000000;1.0
06614227;1007334000000;1.0
06930316;1007334000000;1.0
06504152;1007334000000;1.0
06756236;1007420400000;1.0
06708556;1007506800000;1.0
06959108;1007593200000;1.0
06980937;1007679600000;1.0
06892432;1007679600000;1.0
06580073;1008111600000;1.0
06753518;1008111600000;1.0
06559459;1008111600000;1.0
06828800;1008198000000;1.0
06596992;1008284400000;1.0
06646261;1008802800000;1.0
06867407;1009321200000;1.0
06566897;1009407600000;1.0
06900575;1009494000000;1.0
06448543;1009926000000;1.0
06580070;1010444400000;1.0
06890772;1010530800000;1.0
06763322;1010530800000;1.0
06452307;1010703600000;1.0
06680474;1010962800000;1.0
06703626;1011049200000;1.0
06791097;1011135600000;1.0
06787798;1011222000000;1.0
06838675;1011308400000;1.0
06642512;1011740400000;1.0
06566653;1011740400000;1.0
06950296;1011913200000;1.0
06872958;1012172400000;1.0
06667099;1012258800000;1.0
06787770;1012345200000;1.0
06850323;1012431600000;1.0
06621080;1012518000000;1.0
06862142;1012950000000;1.0
06710340;1013122800000;1.0
06703615;1013554800000;1.0
06512237;1013727600000;1.0
06737331;1014073200000;1.0
06797953;1014332400000;1.0
06603239;1014591600000;1.0
06710341;1014678000000;1.0
06573511;1014764400000;1.0
06987265;1014764400000;1.0
06823723;1014850800000;1.0
06891390;1014850800000;1.0
06570170;1014850800000;1.0
06674074;1014937200000;1.0
06750450;1015282800000;1.0
06787768;1015455600000;1.0
06816570;1015455600000;1.0
06923044;1015455600000;1.0
06611140;1015542000000;1.0
06779387;1015887600000;1.0
06909983;1015974000000;1.0
06875981;1016751600000;1.0
06717142;1016751600000;1.0
06686590;1017010800000;1.0
06822246;1017183600000;1.0
06791081;1017183600000;1.0
06743645;1017270000000;1.0
06785445;1017270000000;1.0
06893884;1017270000000;1.0
06987570;1017270000000;1.0
06746566;1017356400000;1.0
06955078;1017612000000;1.0
06878935;1017784800000;1.0
06919564;1017957600000;1.0
06746144;1018216800000;1.0
06567770;1018303200000;1.0
06798513;1018476000000;1.0
06696362;1018562400000;1.0
06750447;1018562400000;1.0
06694805;1018908000000;1.0
06646263;1018908000000;1.0
06521466;1018994400000;1.0
06777675;1019080800000;1.0
06914441;1020031200000;1.0
06734425;1020117600000;1.0
06912892;1020117600000;1.0
06717143;1020117600000;1.0
06810354;1020636000000;1.0
06816451;1020636000000;1.0
06918286;1020808800000;1.0
06646733;1020895200000;1.0
06730905;1021586400000;1.0
06851301;1021932000000;1.0
06649894;1021932000000;1.0
06627889;1022018400000;1.0
06719602;1022191200000;1.0
06707041;1022623200000;1.0
06774361;1022709600000;1.0
06924481;1022709600000;1.0
06661009;1022796000000;1.0
06737646;1023141600000;1.0
06734426;1023832800000;1.0
06753524;1023832800000;1.0
06621082;1023919200000;1.0
06952651;1024264800000;1.0
06985425;1024524000000;1.0
06858843;1024610400000;1.0
06825467;1024956000000;1.0
06586734;1025215200000;1.0
06670612;1025474400000;1.0
06748794;1025992800000;1.0
06946656;1026252000000;1.0
06836373;1026424800000;1.0
06745618;1026424800000;1.0
06646262;1026684000000;1.0
06730907;1026770400000;1.0
06869480;1026856800000;1.0
06871527;1026856800000;1.0
06797952;1027634400000;1.0
06705154;1027634400000;1.0
06759653;1027634400000;1.0
06787769;1027634400000;1.0
06748795;1027634400000;1.0
06967074;1027893600000;1.0
06781126;1027980000000;1.0
06784414;1028152800000;1.0
06642520;1028152800000;1.0
06654114;1028498400000;1.0
06885445;1028498400000;1.0
06669121;1028844000000;1.0
06715346;1029189600000;1.0
06762397;1029276000000;1.0
06570164;1029276000000;1.0
06734428;1029362400000;1.0
06667477;1029794400000;1.0
06889113;1030053600000;1.0
06884981;1030053600000;1.0
06953930;1030399200000;1.0
06639400;1030399200000;1.0
06854648;1031004000000;1.0
06777656;1031695200000;1.0
06777688;1032127200000;1.0
06927569;1032127200000;1.0
06670615;1032300000000;1.0
06825475;1032386400000;1.0
06614029;1032732000000;1.0
06777674;1032732000000;1.0
06621575;1032732000000;1.0
06797965;1032818400000;1.0
06917043;1033336800000;1.0
06697317;1033423200000;1.0
06747279;1033596000000;1.0
06930308;1033596000000;1.0
06943350;1034028000000;1.0
06677586;1034028000000;1.0
06586753;1034632800000;1.0
06650129;1034805600000;1.0
06951695;1034805600000;1.0
06844549;1034892000000;1.0
06734451;1035237600000;1.0
06833546;1035237600000;1.0
06921896;1035410400000;1.0
06839646;1035496800000;1.0
06787771;1035496800000;1.0
06723997;1035496800000;1.0
06785615;1035846000000;1.0
06800913;1036364400000;1.0
06753533;1036364400000;1.0
06900446;1036450800000;1.0
06812461;1036623600000;1.0
06869807;1036710000000;1.0
06936981;1036710000000;1.0
06894790;1037055600000;1.0
06653632;1037228400000;1.0
06822260;1037660400000;1.0
06819588;1037660400000;1.0
06903348;1037833200000;1.0
06777676;1037833200000;1.0
06893966;1038351600000;1.0
06717144;1038351600000;1.0
06888145;1038870000000;1.0
06720564;1039042800000;1.0
06856145;1039129200000;1.0
06772620;1039388400000;1.0
06787779;1039388400000;1.0
06986280;1039561200000;1.0
06888150;1039561200000;1.0
06674076;1039647600000;1.0
06882745;1040252400000;1.0
06744058;1040338800000;1.0
06780513;1040338800000;1.0
06768113;1040857200000;1.0
06979406;1040857200000;1.0
06677587;1040943600000;1.0
06822247;1041202800000;1.0
06753525;1041289200000;1.0
06847907;1041289200000;1.0
06913982;1041462000000;1.0
06683308;1041807600000;1.0
06877365;1042066800000;1.0
06881947;1042066800000;1.0
06864488;1042153200000;1.0
06875274;1042412400000;1.0
06759654;1042671600000;1.0
06886395;1042671600000;1.0
06720553;1042758000000;1.0
06953939;1043103600000;1.0
06822232;1043362800000;1.0
06912193;1043881200000;1.0
06765203;1043967600000;1.0
06653633;1044226800000;1.0
06855928;1044313200000;1.0
06667475;1044918000000;1.0
06809316;1044918000000;1.0
06924480;1045090800000;1.0
06803584;1045177200000;1.0
06899943;1045177200000;1.0
06865927;1045522800000;1.0
06925860;1045782000000;1.0
06919556;1046041200000;1.0
06734437;1046127600000;1.0
06730908;1046214000000;1.0
06788993;1046646000000;1.0
06670624;1046991600000;1.0
06958124;1047250800000;1.0
06770879;1047423600000;1.0
06761618;1047510000000;1.0
06815678;1047942000000;1.0
06777637;1047942000000;1.0
06765204;1047942000000;1.0
06932504;1048460400000;1.0
06823724;1048546800000;1.0
06734429;1048546800000;1.0
06828566;1048546800000;1.0
06924482;1048546800000;1.0
06797954;1048806000000;1.0
06984822;1049234400000;1.0
06805390;1049407200000;1.0
06740877;1049407200000;1.0
06768114;1049925600000;1.0
06737647;1050530400000;1.0
06912893;1050530400000;1.0
06762415;1050616800000;1.0
06756590;1051048800000;1.0
06897442;1051221600000;1.0
06744057;1051740000000;1.0
06943417;1051740000000;1.0
06700121;1051740000000;1.0
06803582;1051826400000;1.0
06703850;1052258400000;1.0
06812462;1052431200000;1.0
06841775;1052776800000;1.0
06904791;1052863200000;1.0
06740888;1052863200000;1.0
06909092;1052949600000;1.0
06968730;1053036000000;1.0
06770868;1053295200000;1.0
06859760;1053381600000;1.0
06780766;1053468000000;1.0
06805942;1054245600000;1.0
06897443;1054504800000;1.0
06949490;1055109600000;1.0
06713743;1055109600000;1.0
06984589;1055455200000;1.0
06771418;1055800800000;1.0
06835438;1055800800000;1.0
06821603;1055800800000;1.0
06777677;1055887200000;1.0
06903338;1056060000000;1.0
06960766;1056060000000;1.0
06765205;1056405600000;1.0
06924488;1056492000000;1.0
06797955;1056578400000;1.0
06815676;1056578400000;1.0
06894287;1056578400000;1.0
06803571;1056578400000;1.0
06891159;1056924000000;1.0
06803572;1057010400000;1.0
06897441;1057183200000;1.0
06861649;1057528800000;1.0
06880389;1057528800000;1.0
06894277;1057615200000;1.0
06967328;1057701600000;1.0
06803573;1057788000000;1.0
06809306;1057788000000;1.0
06803570;1057874400000;1.0
06878936;1058306400000;1.0
06911832;1058306400000;1.0
06838676;1058738400000;1.0
06928863;1058824800000;1.0
06893986;1058824800000;1.0
06844550;1059429600000;1.0
06809319;1059516000000;1.0
06852969;1060207200000;1.0
06930313;1060293600000;1.0
06940069;1060552800000;1.0
06914249;1060725600000;1.0
06847038;1061330400000;1.0
06833550;1061330400000;1.0
06867443;1061762400000;1.0
06919563;1062021600000;1.0
06905760;1062108000000;1.0
06956211;1062972000000;1.0
06841777;1063749600000;1.0
06777678;1063749600000;1.0
06969853;1063836000000;1.0
06972412;1063836000000;1.0
06906538;1064872800000;1.0
06838668;1065132000000;1.0
06812460;1065477600000;1.0
06936818;1065650400000;1.0
06987277;1065736800000;1.0
06956210;1066168800000;1.0
06784426;1066255200000;1.0
06867429;1066341600000;1.0
06924484;1066773600000;1.0
06958477;1067468400000;1.0
06897458;1067468400000;1.0
06828571;1067814000000;1.0
06872944;1067900400000;1.0
06794663;1067900400000;1.0
06841776;1067986800000;1.0
06897444;1068073200000;1.0
06885000;1068073200000;1.0
06933499;1068159600000;1.0
06897445;1068591600000;1.0
06881970;1069282800000;1.0
06972405;1069369200000;1.0
06818902;1070406000000;1.0
06931917;1070578800000;1.0
06979821;1070924400000;1.0
06930502;1071010800000;1.0
06870169;1071097200000;1.0
06960763;1071615600000;1.0
06930317;1072134000000;1.0
06858089;1072134000000;1.0
06855974;1072220400000;1.0
06945100;1072652400000;1.0
06963067;1073257200000;1.0
06985223;1073343600000;1.0
06982427;1073862000000;1.0
06951129;1073862000000;1.0
06924489;1073948400000;1.0
06900443;1074034800000;1.0
06872936;1074639600000;1.0
07730547;1074812400000;1.0
06977376;1076281200000;1.0
06878937;1076367600000;1.0
06900581;1076454000000;1.0
06828554;1077750000000;1.0
06930307;1077836400000;1.0
06812449;1078873200000;1.0
06803558;1078873200000;1.0
06927400;1079046000000;1.0
06935167;1079305200000;1.0
06858845;1079391600000;1.0
06930309;1080255600000;1.0
06855931;1080856800000;1.0
06885001;1081202400000;1.0
06949744;1082066400000;1.0
06943043;1082930400000;1.0
06936816;1083103200000;1.0
07657947;1083880800000;1.0
06943351;1084140000000;1.0
06965112;1084226400000;1.0
06869810;1084312800000;1.0
06885012;1085349600000;1.0
06936819;1086127200000;1.0
06975129;1086559200000;1.0
06952014;1086732000000;1.0
06943352;1087164000000;1.0
06979823;1087164000000;1.0
06888138;1087423200000;1.0
06864482;1088114400000;1.0
06927391;1088460000000;1.0
06979824;1089151200000;1.0
06977377;1090879200000;1.0
06901800;1095631200000;1.0
07697382;1095976800000;1.0
06956212;1097704800000;1.0
07655923;1099954800000;1.0
06951130;1103238000000;1.0
06969847;1108076400000;1.0
07663102;1108594800000;1.0
06982419;1113170400000;1.0
07735357;1113948000000;1.0
07553335;1114120800000;1.0
07772552;1118959200000;1.0
07578853;1120168800000;1.0
07703147;1120168800000;1.0
07559261;1126044000000;1.0
07694346;1128031200000;1.0
07810166;1128031200000;1.0
07694347;1130364000000;1.0
07618465;1132354800000;1.0
07849515;1132614000000;1.0
07696996;1133737200000;1.0
07617720;1135206000000;1.0
07735146;1138230000000;1.0
07810382;1139526000000;1.0
07770232;1142463600000;1.0
07572300;1143068400000;1.0
07550747;1144015200000;1.0
07823215;1147384800000;1.0
07841016;1148335200000;1.0
07769201;1150149600000;1.0
07765607;1150322400000;1.0
07748260;1152655200000;1.0
07748052;1152741600000;1.0
07775086;1157061600000;1.0
07775087;1157407200000;1.0
07735147;1160431200000;1.0
07770439;1161036000000;1.0
07659509;1162249200000;1.0
07605368;1163026800000;1.0
07637960;1163545200000;1.0
07644447;1163718000000;1.0
07861316;1165532400000;1.0
07566873;1166050800000;1.0
07631547;1166396400000;1.0
07591858;1168902000000;1.0
07638767;1169161200000;1.0
07765606;1169766000000;1.0
07690047;1169766000000;1.0
07574932;1170198000000;1.0
07823470;1172098800000;1.0
07841015;1172617200000;1.0
07761255;1172790000000;1.0
07569112;1173999600000;1.0
07788732;1174518000000;1.0
07663103;1174604400000;1.0
07814566;1177020000000;1.0
07631548;1177020000000;1.0
07608842;1177538400000;1.0
07609048;1177970400000;1.0
07712354;1178229600000;1.0
07690046;1178834400000;1.0
07566888;1179871200000;1.0
07718962;1180389600000;1.0
07784107;1180648800000;1.0
07735358;1181858400000;1.0
07569077;1181858400000;1.0
07597717;1182722400000;1.0
07858935;1182981600000;1.0
07823216;1186005600000;1.0
07770231;1186005600000;1.0
07588605;1186437600000;1.0
07796493;1186696800000;1.0
07635392;1187042400000;1.0
07797757;1187042400000;1.0
07608820;1188252000000;1.0
07621964;1188511200000;1.0
07723681;1192140000000;1.0
07709791;1192399200000;1.0
07553334;1193090400000;1.0
07737414;1193349600000;1.0
07856665;1195081200000;1.0
07610797;1195167600000;1.0
07804067;1196895600000;1.0
07854016;1197932400000;1.0
07745206;1201561200000;1.0
07745782;1204066800000;1.0
07834315;1204498800000;1.0
07836757;1205881200000;1.0
07707647;1209333600000;1.0
07721347;1211407200000;1.0
07855361;1212098400000;1.0
07675034;1212098400000;1.0
07849516;1218060000000;1.0
07814565;1219788000000;1.0
07793356;1221084000000;1.0
07818816;1222812000000;1.0
07825378;1227135600000;1.0
07854015;1227481200000;1.0
07861315;1228950000000;1.0
