id;ts;originality
03896103;-144205200000;1.0
03886134;13302000000;1.0
03880823;20300400000;1.0
03873511;37839600000;1.0
03878185;41641200000;1.0
03879371;53910000000;1.0
03887538;59353200000;1.0
03956260;61167600000;1.0
03907762;62636400000;1.0
03875207;70758000000;1.0
03899298;71794800000;1.0
03862110;72572400000;1.0
04128540;75596400000;1.0
03888836;76028400000;1.0
03974135;76806000000;1.0
03875136;76892400000;1.0
03872074;77842800000;1.0
03912711;78966000000;1.0
03888838;79570800000;1.0
03934008;79916400000;1.0
03867365;80780400000;1.0
03862928;83804400000;1.0
03862114;85100400000;1.0
03867257;85878000000;1.0
03876698;86223600000;1.0
03864325;90457200000;1.0
03892726;92271600000;1.0
03864481;93135600000;1.0
03903068;94172400000;1.0
03869549;97714800000;1.0
03873509;98492400000;1.0
03907763;98665200000;1.0
03886133;99010800000;1.0
03897551;99788400000;1.0
03984390;99874800000;1.0
03868358;99874800000;1.0
03870694;100825200000;1.0
03907764;103158000000;1.0
03884896;104454000000;1.0
03907755;104972400000;1.0
03907676;106182000000;1.0
03953415;106182000000;1.0
03948821;107996400000;1.0
03863008;108601200000;1.0
03888837;110070000000;1.0
03907765;110156400000;1.0
03862925;110674800000;1.0
03953594;113526000000;1.0
03883499;113612400000;1.0
03873510;114217200000;1.0
03862111;114217200000;1.0
03906031;114390000000;1.0
03869437;114735600000;1.0
03950348;116118000000;1.0
03883498;116204400000;1.0
03862113;117154800000;1.0
03880825;117759600000;1.0
03875138;117932400000;1.0
03862927;118018800000;1.0
03864482;118450800000;1.0
03914412;119142000000;1.0
03917825;119228400000;1.0
03883496;120178800000;1.0
03891615;120351600000;1.0
03883500;120697200000;1.0
03883497;120697200000;1.0
03884897;120697200000;1.0
03960834;121042800000;1.0
03891696;121042800000;1.0
03931141;122166000000;1.0
03880826;122598000000;1.0
03898329;122598000000;1.0
03886137;122684400000;1.0
03929756;122684400000;1.0
03903069;123462000000;1.0
03891614;123894000000;1.0
03886132;124326000000;1.0
03917578;124326000000;1.0
03882098;126399600000;1.0
03922262;126745200000;1.0
03987014;127004400000;1.0
03953416;127350000000;1.0
03892723;129164400000;1.0
03915949;129855600000;1.0
03917824;130460400000;1.0
03867269;131670000000;1.0
03901872;132361200000;1.0
03947569;132447600000;1.0
03960828;132966000000;1.0
03910872;132966000000;1.0
03914205;133138800000;1.0
03978035;133570800000;1.0
03943119;133657200000;1.0
04159980;133743600000;1.0
03896105;134002800000;1.0
03886135;134780400000;1.0
03937694;134953200000;1.0
03891616;135385200000;1.0
03926937;135471600000;1.0
03912807;135471600000;1.0
03920627;137113200000;1.0
03923771;137372400000;1.0
03923770;137372400000;1.0
03923769;137372400000;1.0
03925345;137372400000;1.0
03923772;137718000000;1.0
03994871;138236400000;1.0
03896104;138409200000;1.0
03904594;140223600000;1.0
03915946;140914800000;1.0
03917580;140914800000;1.0
03917579;140914800000;1.0
03947575;141001200000;1.0
04046633;141865200000;1.0
03951741;142038000000;1.0
03890437;142210800000;1.0
03951939;142470000000;1.0
03954975;142642800000;1.0
03915947;142729200000;1.0
03953418;143074800000;1.0
03937819;143679600000;1.0
03917581;144543600000;1.0
03915948;144889200000;1.0
03926938;145494000000;1.0
03927204;146271600000;1.0
03944590;146962800000;1.0
03996268;147394800000;1.0
03953417;147481200000;1.0
03988307;147654000000;1.0
03929758;148172400000;1.0
04072668;149468400000;1.0
03963691;150332400000;1.0
03980631;150332400000;1.0
03956219;150678000000;1.0
04186194;151628400000;1.0
03928306;151628400000;1.0
03985617;152233200000;1.0
04041155;152233200000;1.0
03992365;152406000000;1.0
03988308;152751600000;1.0
03937695;152751600000;1.0
03928308;152751600000;1.0
03928307;152751600000;1.0
03929759;152751600000;1.0
04272432;153529200000;1.0
03933782;153615600000;1.0
03940380;154306800000;1.0
04010261;154566000000;1.0
03948876;155257200000;1.0
03957963;155257200000;1.0
03960830;155343600000;1.0
03950517;155516400000;1.0
03988309;156466800000;1.0
04113714;157935600000;1.0
03971736;159490800000;1.0
03931140;160009200000;1.0
03933784;160009200000;1.0
03975365;160009200000;1.0
03975366;160700400000;1.0
03976770;161218800000;1.0
04105602;161218800000;1.0
03973006;162169200000;1.0
03972859;163119600000;1.0
04001199;164415600000;1.0
03971737;164847600000;1.0
04086196;165193200000;1.0
03941763;165193200000;1.0
04010149;166057200000;1.0
04130554;166143600000;1.0
04039519;166662000000;1.0
04171412;166921200000;1.0
03998799;166921200000;1.0
04058512;167871600000;1.0
03972773;167958000000;1.0
04014992;168044400000;1.0
03989821;168044400000;1.0
04013788;168044400000;1.0
04120852;168649200000;1.0
04062746;168649200000;1.0
04005063;169340400000;1.0
04003884;169426800000;1.0
04016259;170031600000;1.0
04002738;170636400000;1.0
04081530;171068400000;1.0
04014861;171586800000;1.0
04018726;171759600000;1.0
04010125;171759600000;1.0
04000259;172105200000;1.0
04005194;172710000000;1.0
03998795;172710000000;1.0
03997516;173055600000;1.0
03948725;173487600000;1.0
04020157;174006000000;1.0
04008209;174265200000;1.0
04018754;174697200000;1.0
04018753;174697200000;1.0
04490291;174783600000;1.0
04010260;175734000000;1.0
04016258;176425200000;1.0
04024248;176598000000;1.0
04055524;176943600000;1.0
04338305;176943600000;1.0
04013628;177202800000;1.0
04041022;177289200000;1.0
04032633;177548400000;1.0
04035485;177548400000;1.0
04053460;177548400000;1.0
04002740;177807600000;1.0
04077949;177894000000;1.0
03988304;178153200000;1.0
04181650;178153200000;1.0
04051237;178412400000;1.0
04055553;178844400000;1.0
04062815;180572400000;1.0
04158052;183164400000;1.0
04075191;183337200000;1.0
04033940;184978800000;1.0
04018914;185065200000;1.0
04028318;185151600000;1.0
04021387;185583600000;1.0
04006152;186188400000;1.0
04013791;186793200000;1.0
03992530;187225200000;1.0
04011182;187398000000;1.0
04133805;187916400000;1.0
04033941;188002800000;1.0
03991041;188089200000;1.0
04029642;188175600000;1.0
04029772;188521200000;1.0
04064236;188521200000;1.0
04107158;189039600000;1.0
04125606;189039600000;1.0
04113858;190249200000;1.0
04016148;190854000000;1.0
04024121;191545200000;1.0
04171299;191545200000;1.0
04112090;191804400000;1.0
03997517;191804400000;1.0
04012345;191804400000;1.0
04212797;192063600000;1.0
04012367;192322800000;1.0
04071622;192841200000;1.0
04242238;193014000000;1.0
04031071;194482800000;1.0
04031072;194482800000;1.0
04031069;194482800000;1.0
04031070;194482800000;1.0
04035348;194482800000;1.0
04034082;194482800000;1.0
04011207;195087600000;1.0
04062816;195346800000;1.0
04105651;195692400000;1.0
04038222;195865200000;1.0
04076659;195865200000;1.0
04089821;197071200000;1.0
04128638;197503200000;1.0
04372884;197762400000;1.0
04041023;198280800000;1.0
04116949;198885600000;1.0
04061626;199576800000;1.0
04086221;199922400000;1.0
04071510;200008800000;1.0
04065412;200268000000;1.0
04028319;200268000000;1.0
04144228;200268000000;1.0
04271068;200786400000;1.0
04054558;201736800000;1.0
04089946;202946400000;1.0
04059693;203292000000;1.0
04161521;203551200000;1.0
04038282;203551200000;1.0
04043994;204328800000;1.0
04043993;204328800000;1.0
04058513;204328800000;1.0
04062835;204328800000;1.0
04132746;205711200000;1.0
04061608;206056800000;1.0
04108726;206229600000;1.0
04100275;206748000000;1.0
04071440;206834400000;1.0
04102877;207352800000;1.0
04061607;207352800000;1.0
04091087;207352800000;1.0
04059694;207784800000;1.0
04110434;207871200000;1.0
04086220;208389600000;1.0
04092304;208389600000;1.0
04125492;208476000000;1.0
04083967;209599200000;1.0
04066634;210290400000;1.0
04081533;210376800000;1.0
04065566;210895200000;1.0
04091093;210981600000;1.0
04067774;211413600000;1.0
04087418;211586400000;1.0
04087417;211586400000;1.0
04085096;211586400000;1.0
04075189;211586400000;1.0
04066635;212018400000;1.0
04073890;212277600000;1.0
04174385;213577200000;1.0
04101649;213577200000;1.0
04086136;214095600000;1.0
04108985;215218800000;1.0
04087419;215996400000;1.0
04087416;215996400000;1.0
04075194;218934000000;1.0
04101721;218934000000;1.0
04093609;219020400000;1.0
04111923;220489200000;1.0
04086219;220489200000;1.0
04128541;220489200000;1.0
04061737;220489200000;1.0
04167557;221698800000;1.0
04081433;221958000000;1.0
04138394;222649200000;1.0
04128543;222908400000;1.0
04066749;222908400000;1.0
04093610;223513200000;1.0
04108846;223599600000;1.0
04093574;223686000000;1.0
04087390;223686000000;1.0
04079127;224204400000;1.0
04137224;224290800000;1.0
04371463;224982000000;1.0
04127542;225500400000;1.0
04162941;226278000000;1.0
04081434;226882800000;1.0
04317770;226882800000;1.0
04096237;227142000000;1.0
04098777;227142000000;1.0
04098782;227142000000;1.0
04098781;227142000000;1.0
04075190;227142000000;1.0
04077952;227401200000;1.0
04110438;227746800000;1.0
04117118;228351600000;1.0
04105603;228351600000;1.0
04098779;229125600000;1.0
04110321;229125600000;1.0
04133782;229212000000;1.0
04093611;229212000000;1.0
04101537;229212000000;1.0
04118483;230335200000;1.0
04107298;230421600000;1.0
04100117;230421600000;1.0
04100274;230508000000;1.0
04102878;231026400000;1.0
04118481;231112800000;1.0
04301045;231372000000;1.0
04120951;231976800000;1.0
04115374;232063200000;1.0
04123425;232149600000;1.0
04100153;232149600000;1.0
04159263;232149600000;1.0
04128663;232581600000;1.0
04320117;233272800000;1.0
04124703;233445600000;1.0
04097471;233445600000;1.0
04122090;233877600000;1.0
04190496;234050400000;1.0
04123523;234136800000;1.0
04119493;234136800000;1.0
04355112;234396000000;1.0
04124577;235000800000;1.0
04111924;235000800000;1.0
04075192;235000800000;1.0
04101538;235000800000;1.0
04139504;235260000000;1.0
04127540;235260000000;1.0
04127536;235260000000;1.0
04127537;235260000000;1.0
04127530;235260000000;1.0
04127531;235260000000;1.0
04127532;235260000000;1.0
04127533;235260000000;1.0
04127538;235260000000;1.0
04127539;235260000000;1.0
04127523;235260000000;1.0
04127524;235260000000;1.0
04127525;235260000000;1.0
04127526;235260000000;1.0
04127520;235260000000;1.0
04127521;235260000000;1.0
04127522;235260000000;1.0
04127529;235260000000;1.0
04127517;235260000000;1.0
04127518;235260000000;1.0
04127519;235260000000;1.0
04127541;235260000000;1.0
04113713;235260000000;1.0
04312857;235260000000;1.0
04167508;235346400000;1.0
04259234;235605600000;1.0
04143032;235605600000;1.0
04117117;235692000000;1.0
04101536;235864800000;1.0
04110322;236210400000;1.0
04129560;236383200000;1.0
04104371;236469600000;1.0
04196122;236556000000;1.0
04220637;237765600000;1.0
04118482;238370400000;1.0
04118380;238629600000;1.0
04179337;238888800000;1.0
04105652;239580000000;1.0
04160025;239839200000;1.0
04115554;241653600000;1.0
04103004;241653600000;1.0
04465625;242344800000;1.0
04104267;242344800000;1.0
04108987;242863200000;1.0
04126606;243468000000;1.0
04164571;243640800000;1.0
04168263;243813600000;1.0
04264491;244681200000;1.0
04143133;244681200000;1.0
04183848;244681200000;1.0
04159981;244767600000;1.0
04116768;244940400000;1.0
04145337;245372400000;1.0
04231923;245545200000;1.0
04103005;246150000000;1.0
04186188;246582000000;1.0
04185089;246582000000;1.0
04188264;247186800000;1.0
04272524;247186800000;1.0
04261887;247705200000;1.0
04148787;247791600000;1.0
04189605;247964400000;1.0
04134972;248050800000;1.0
04175122;248396400000;1.0
04207232;248482800000;1.0
04180500;248482800000;1.0
04176009;248914800000;1.0
04207311;249692400000;1.0
04139526;249778800000;1.0
04140767;249778800000;1.0
04438103;249865200000;1.0
04203802;250124400000;1.0
04183849;250383600000;1.0
04183909;250729200000;1.0
04122077;250815600000;1.0
04152425;251074800000;1.0
04148878;251679600000;1.0
04190575;252025200000;1.0
04172130;252198000000;1.0
04177261;252284400000;1.0
04124578;252630000000;1.0
04154727;252889200000;1.0
04116950;253753200000;1.0
04116951;254358000000;1.0
04130514;255913200000;1.0
04330465;257641200000;1.0
04251628;258678000000;1.0
04148785;258764400000;1.0
04347242;259369200000;1.0
04162248;260748000000;1.0
04204990;261180000000;1.0
04225487;261266400000;1.0
04193915;261266400000;1.0
04159979;261698400000;1.0
04363877;261784800000;1.0
04183910;261871200000;1.0
04148886;262303200000;1.0
04152322;262562400000;1.0
04377482;262562400000;1.0
04166113;262994400000;1.0
04220641;263080800000;1.0
04370265;264031200000;1.0
04235771;264031200000;1.0
04210636;264204000000;1.0
04301065;264808800000;1.0
04213968;265845600000;1.0
04215199;265845600000;1.0
04411994;266104800000;1.0
04210581;266191200000;1.0
04195018;266709600000;1.0
04167448;266796000000;1.0
04180501;266796000000;1.0
04148788;267055200000;1.0
04148786;267660000000;1.0
04218439;267660000000;1.0
04165312;267660000000;1.0
04182707;267832800000;1.0
04146612;267919200000;1.0
04162142;267919200000;1.0
04223016;267919200000;1.0
04203975;268005600000;1.0
04198398;268869600000;1.0
04179433;268956000000;1.0
04209442;268956000000;1.0
04221777;269128800000;1.0
04206199;269215200000;1.0
04216141;269647200000;1.0
04217268;269733600000;1.0
04162307;269820000000;1.0
04239680;270079200000;1.0
04244944;270079200000;1.0
04238401;270079200000;1.0
04185096;270684000000;1.0
04275153;270943200000;1.0
04278596;271375200000;1.0
04187852;271893600000;1.0
04211769;272152800000;1.0
04199499;272757600000;1.0
04189426;273362400000;1.0
04187295;273880800000;1.0
04186198;273880800000;1.0
04215037;273880800000;1.0
04161522;273967200000;1.0
04181717;273967200000;1.0
04252795;274312800000;1.0
04230696;274312800000;1.0
04237045;274312800000;1.0
04199568;274485600000;1.0
04238481;274658400000;1.0
04202802;276130800000;1.0
04215038;277340400000;1.0
04208403;277340400000;1.0
04277393;277340400000;1.0
04232006;277599600000;1.0
04218638;278550000000;1.0
04395399;278722800000;1.0
04191753;279154800000;1.0
04212795;279759600000;1.0
04213969;279759600000;1.0
04219468;279759600000;1.0
04232008;280105200000;1.0
04226856;280364400000;1.0
04192798;280364400000;1.0
04199501;280364400000;1.0
04199500;280364400000;1.0
04178371;280969200000;1.0
04225588;281055600000;1.0
04235881;281574000000;1.0
04211693;281833200000;1.0
04187217;281919600000;1.0
04178284;282178800000;1.0
04185010;282265200000;1.0
04250085;282956400000;1.0
04221705;282956400000;1.0
04322499;283129200000;1.0
04212796;284770800000;1.0
04220565;285462000000;1.0
04190647;286153200000;1.0
04190646;286153200000;1.0
04256735;286412400000;1.0
04192875;286758000000;1.0
04355025;287103600000;1.0
04223017;287276400000;1.0
04215039;287881200000;1.0
04438029;288399600000;1.0
04256736;288486000000;1.0
04235942;288486000000;1.0
04225579;288918000000;1.0
04191754;289004400000;1.0
04253998;289782000000;1.0
04201771;290041200000;1.0
04190648;290127600000;1.0
04215111;290214000000;1.0
04215112;290214000000;1.0
04213895;291250800000;1.0
04242186;291337200000;1.0
04226857;291596400000;1.0
04228158;291596400000;1.0
04228155;291596400000;1.0
04228157;291596400000;1.0
04209441;291596400000;1.0
04224316;291596400000;1.0
04223021;291596400000;1.0
04223019;291596400000;1.0
04223020;291596400000;1.0
04294754;292024800000;1.0
04247543;292456800000;1.0
04224199;292456800000;1.0
04244945;293061600000;1.0
04237119;293234400000;1.0
04294923;293666400000;1.0
04391800;294012000000;1.0
04237046;294012000000;1.0
04229438;294876000000;1.0
04282325;294876000000;1.0
04228147;295048800000;1.0
04238390;295048800000;1.0
04204991;295480800000;1.0
04290943;295740000000;1.0
04225472;296776800000;1.0
04209426;296776800000;1.0
04256559;296863200000;1.0
04244946;297900000000;1.0
04234571;297900000000;1.0
04258152;297986400000;1.0
04258151;297986400000;1.0
04251438;298159200000;1.0
04235772;298677600000;1.0
04257773;299368800000;1.0
04263255;299368800000;1.0
04242256;299455200000;1.0
04252715;299714400000;1.0
04216127;299973600000;1.0
04216128;299973600000;1.0
04230617;299973600000;1.0
04342832;299973600000;1.0
04261883;300319200000;1.0
04246400;300664800000;1.0
04242329;301010400000;1.0
04238391;301096800000;1.0
04231925;301528800000;1.0
04237047;301874400000;1.0
04221682;302738400000;1.0
04244947;303343200000;1.0
04312943;304293600000;1.0
04264492;304812000000;1.0
04254106;305762400000;1.0
04272433;306626400000;1.0
04265884;306972000000;1.0
04356119;306972000000;1.0
04285857;307144800000;1.0
04283328;307580400000;1.0
04377515;307580400000;1.0
04261884;307580400000;1.0
04310517;308271600000;1.0
04287185;308271600000;1.0
04261885;308444400000;1.0
04288431;308530800000;1.0
04261979;308790000000;1.0
04254024;308876400000;1.0
04254023;308876400000;1.0
04305872;309135600000;1.0
04276375;309394800000;1.0
04285858;310086000000;1.0
04235886;310172400000;1.0
04277394;310172400000;1.0
04396606;310604400000;1.0
04704362;310604400000;1.0
04366246;310604400000;1.0
04356270;310604400000;1.0
04339537;310690800000;1.0
04280953;310863600000;1.0
04371625;311295600000;1.0
04287045;311295600000;1.0
04311640;311295600000;1.0
04313911;311295600000;1.0
04250086;311814000000;1.0
04263282;311900400000;1.0
04254107;312505200000;1.0
04327072;312505200000;1.0
04261888;312505200000;1.0
04273704;313023600000;1.0
04297346;313369200000;1.0
04250087;313628400000;1.0
04265808;314233200000;1.0
04251439;314233200000;1.0
04253997;314233200000;1.0
04283330;314233200000;1.0
04283329;314233200000;1.0
04303592;316220400000;1.0
04304715;316652400000;1.0
04415491;316652400000;1.0
04401659;316652400000;1.0
04331592;316825200000;1.0
04302386;316825200000;1.0
04530901;318466800000;1.0
04276206;319071600000;1.0
04275001;319158000000;1.0
04342671;319762800000;1.0
04271152;319849200000;1.0
04369178;319935600000;1.0
04314998;320022000000;1.0
04387088;320281200000;1.0
04267102;320626800000;1.0
04692459;320886000000;1.0
04337194;320886000000;1.0
04289851;320886000000;1.0
04288549;320886000000;1.0
04692458;321058800000;1.0
04360458;321145200000;1.0
04350764;321490800000;1.0
04316890;321490800000;1.0
04261886;321750000000;1.0
04341698;321836400000;1.0
04339426;322182000000;1.0
04357421;322700400000;1.0
04353821;322700400000;1.0
04470926;322786800000;1.0
04309340;323305200000;1.0
04323559;323305200000;1.0
04327085;323305200000;1.0
04382920;323478000000;1.0
04339534;323478000000;1.0
04293455;323906400000;1.0
04338397;324252000000;1.0
04339427;324511200000;1.0
04327075;324511200000;1.0
04292313;324597600000;1.0
04368190;324770400000;1.0
04316836;325288800000;1.0
04318904;325461600000;1.0
04426324;325720800000;1.0
04368192;325807200000;1.0
04690936;326066400000;1.0
04734420;326066400000;1.0
04310514;326325600000;1.0
04307083;326584800000;1.0
04301066;326584800000;1.0
04340675;327016800000;1.0
04261980;327276000000;1.0
04321260;327794400000;1.0
04291022;327880800000;1.0
04593098;328226400000;1.0
04301245;328399200000;1.0
04317815;328744800000;1.0
04692437;329004000000;1.0
04390526;329090400000;1.0
04288432;329090400000;1.0
04351764;329349600000;1.0
04315913;329349600000;1.0
04282143;329695200000;1.0
04316891;329781600000;1.0
04297276;329954400000;1.0
04377517;329954400000;1.0
04277395;329954400000;1.0
04298523;330040800000;1.0
04355104;330040800000;1.0
04318905;330559200000;1.0
04269827;330559200000;1.0
04317771;330559200000;1.0
04328214;330732000000;1.0
04742048;330904800000;1.0
04382290;331164000000;1.0
04351828;331164000000;1.0
04284537;331423200000;1.0
04326054;331941600000;1.0
04289690;331941600000;1.0
04318847;332114400000;1.0
04304692;332373600000;1.0
04293481;333237600000;1.0
04311639;333324000000;1.0
04314991;333324000000;1.0
04341761;333324000000;1.0
04290944;333842400000;1.0
04310456;335397600000;1.0
04304716;336002400000;1.0
04320054;336002400000;1.0
04320052;336002400000;1.0
04320053;336002400000;1.0
04322338;336002400000;1.0
04287120;336002400000;1.0
04289692;336002400000;1.0
04315853;336088800000;1.0
04301151;337816800000;1.0
04336187;338421600000;1.0
04401656;338421600000;1.0
04343795;338680800000;1.0
04346083;338680800000;1.0
04351829;338767200000;1.0
04362717;338940000000;1.0
04363800;339116400000;1.0
04310518;339202800000;1.0
04331661;339375600000;1.0
04377570;339375600000;1.0
04354966;339375600000;1.0
04323560;339634800000;1.0
04341767;339634800000;1.0
04305852;340844400000;1.0
04322339;340844400000;1.0
04322340;340844400000;1.0
04374764;340930800000;1.0
04369174;341190000000;1.0
04322341;341449200000;1.0
04331593;341794800000;1.0
04322342;341794800000;1.0
04316892;342054000000;1.0
04349544;342831600000;1.0
04331594;343004400000;1.0
04374828;343263600000;1.0
04309343;343954800000;1.0
04314936;344473200000;1.0
04350627;344646000000;1.0
04337247;344818800000;1.0
04369179;344818800000;1.0
04308181;345078000000;1.0
04434095;345423600000;1.0
04358439;345682800000;1.0
04330466;345769200000;1.0
04322343;345942000000;1.0
04322406;345942000000;1.0
04394443;345942000000;1.0
04320118;346287600000;1.0
04358586;346374000000;1.0
04563305;347670000000;1.0
04388304;348274800000;1.0
04358440;348879600000;1.0
04414204;348879600000;1.0
04681871;348966000000;1.0
04339440;349052400000;1.0
04349466;349484400000;1.0
04333875;350089200000;1.0
04336186;350521200000;1.0
04343898;350607600000;1.0
04406889;350607600000;1.0
04368150;350694000000;1.0
04328135;350780400000;1.0
04414150;351730800000;1.0
04370317;352940400000;1.0
04342751;352940400000;1.0
04351762;353026800000;1.0
04350628;354236400000;1.0
04367225;354236400000;1.0
04397842;354751200000;1.0
04378428;354751200000;1.0
04376765;354837600000;1.0
04327178;354837600000;1.0
04348386;354924000000;1.0
04455290;355010400000;1.0
04370266;355096800000;1.0
04341768;355096800000;1.0
04426378;355615200000;1.0
04360516;355960800000;1.0
04385505;356047200000;1.0
04409208;356652000000;1.0
04351763;356911200000;1.0
04390527;357343200000;1.0
04393050;357343200000;1.0
04428941;357429600000;1.0
04396607;357516000000;1.0
04382921;357516000000;1.0
04382080;358380000000;1.0
04415546;358466400000;1.0
04369137;358552800000;1.0
04361553;358984800000;1.0
04407965;359244000000;1.0
04353822;359676000000;1.0
04443431;359762400000;1.0
04399124;360194400000;1.0
04395400;360194400000;1.0
04366148;360280800000;1.0
04388305;360367200000;1.0
04382081;361144800000;1.0
04377574;361144800000;1.0
04404133;361144800000;1.0
04409140;361404000000;1.0
04427657;361576800000;1.0
04410511;361663200000;1.0
04354967;362354400000;1.0
04598065;362700000000;1.0
04389342;362786400000;1.0
04632780;363564000000;1.0
04405607;363564000000;1.0
04374060;363996000000;1.0
04406890;364082400000;1.0
04376766;364773600000;1.0
04386074;365032800000;1.0
04361673;365032800000;1.0
04407794;365637600000;1.0
04424207;365810400000;1.0
04358386;366242400000;1.0
04452904;366501600000;1.0
04415492;366501600000;1.0
04440863;366501600000;1.0
04634677;367624800000;1.0
04405608;367711200000;1.0
04353823;368143200000;1.0
04396542;368316000000;1.0
04406832;368316000000;1.0
04407745;368920800000;1.0
04440678;369439200000;1.0
04369138;369439200000;1.0
04397844;369525600000;1.0
04380535;370044000000;1.0
04456748;370216800000;1.0
04474851;370825200000;1.0
04371466;371257200000;1.0
04371465;371257200000;1.0
04451455;371257200000;1.0
04374765;371257200000;1.0
04384994;371343600000;1.0
04412988;371430000000;1.0
04375513;371430000000;1.0
04374062;371862000000;1.0
04496658;371862000000;1.0
04382923;371948400000;1.0
04472379;372466800000;1.0
04457864;372639600000;1.0
04370312;372898800000;1.0
04376760;372898800000;1.0
04460502;373244400000;1.0
04448715;373503600000;1.0
04393201;373676400000;1.0
04497799;374108400000;1.0
04420424;374108400000;1.0
04400316;374367600000;1.0
04719177;374367600000;1.0
04399125;374713200000;1.0
04390528;374713200000;1.0
04395403;374713200000;1.0
04497729;374972400000;1.0
04384995;375058800000;1.0
04436815;375663600000;1.0
04666847;376009200000;1.0
04431589;376182000000;1.0
04409209;376268400000;1.0
04493794;376700400000;1.0
04377516;376786800000;1.0
04407746;377132400000;1.0
04401658;377391600000;1.0
04430326;377823600000;1.0
04456592;377910000000;1.0
04389343;377996400000;1.0
04474761;378169200000;1.0
04410512;378342000000;1.0
04410513;378342000000;1.0
04388234;378342000000;1.0
04411890;378342000000;1.0
04409141;378428400000;1.0
04474757;378428400000;1.0
04384996;379119600000;1.0
04427659;379119600000;1.0
04416871;379551600000;1.0
04416820;379724400000;1.0
04426325;379897200000;1.0
04409210;379897200000;1.0
04415557;380156400000;1.0
04416870;380156400000;1.0
04423038;380242800000;1.0
04394519;380242800000;1.0
04476050;380329200000;1.0
04399066;380329200000;1.0
04431635;380329200000;1.0
04663290;380415600000;1.0
04478744;380761200000;1.0
04407948;381711600000;1.0
04447538;381711600000;1.0
04388306;381970800000;1.0
04388307;382057200000;1.0
04397780;382316400000;1.0
04388235;382316400000;1.0
04401593;382316400000;1.0
04391747;382316400000;1.0
04430266;382662000000;1.0
04465668;383353200000;1.0
04459226;383526000000;1.0
04382922;383785200000;1.0
04435385;383871600000;1.0
04427660;383958000000;1.0
04624926;383958000000;1.0
04666836;383958000000;1.0
04400377;384130800000;1.0
04416874;384130800000;1.0
04415667;384390000000;1.0
04601980;384476400000;1.0
04604359;384476400000;1.0
04440753;384994800000;1.0
04459225;385254000000;1.0
04386075;385340400000;1.0
04446235;385599600000;1.0
04645740;385686000000;1.0
04438030;386287200000;1.0
04474754;386287200000;1.0
04710463;386373600000;1.0
04401759;387064800000;1.0
04419347;387064800000;1.0
04443367;387064800000;1.0
04396605;387410400000;1.0
04618598;387410400000;1.0
04423034;388792800000;1.0
04440692;388792800000;1.0
04457917;389224800000;1.0
04388236;389311200000;1.0
04499188;389397600000;1.0
04652639;389484000000;1.0
04415493;389916000000;1.0
04507230;390002400000;1.0
04423037;390088800000;1.0
04725582;390088800000;1.0
04458078;390088800000;1.0
04801580;390088800000;1.0
04863855;390175200000;1.0
04395404;390175200000;1.0
04415558;390434400000;1.0
04428942;390434400000;1.0
04444758;390434400000;1.0
04421744;390520800000;1.0
04587046;390520800000;1.0
04430327;390520800000;1.0
04446128;390520800000;1.0
04422967;390607200000;1.0
04504584;390607200000;1.0
04537713;390607200000;1.0
04666890;390693600000;1.0
04396543;390780000000;1.0
04399067;390780000000;1.0
04438208;391298400000;1.0
04511652;391903200000;1.0
04447356;391989600000;1.0
04439425;392248800000;1.0
04425269;392248800000;1.0
04427582;392335200000;1.0
04431740;392335200000;1.0
04462941;392508000000;1.0
04430466;392508000000;1.0
04656249;392508000000;1.0
04462991;392594400000;1.0
04428938;392594400000;1.0
04485039;392594400000;1.0
04474762;392853600000;1.0
04392997;393026400000;1.0
04546082;393112800000;1.0
04451456;393458400000;1.0
04456593;393544800000;1.0
04461725;393804000000;1.0
04503142;393804000000;1.0
04430265;394236000000;1.0
04439359;394408800000;1.0
04543329;394754400000;1.0
04582800;395272800000;1.0
04818694;395964000000;1.0
04559311;396050400000;1.0
04481138;396050400000;1.0
04476299;396482400000;1.0
04444759;396482400000;1.0
04454121;396568800000;1.0
04512980;396655200000;1.0
04487763;396655200000;1.0
04466918;396741600000;1.0
04462942;396828000000;1.0
04517294;396828000000;1.0
04425437;396828000000;1.0
04427661;396828000000;1.0
04571421;396828000000;1.0
04431739;396828000000;1.0
04563424;396828000000;1.0
04520016;397087200000;1.0
04517686;397260000000;1.0
04404135;397692000000;1.0
04599311;398037600000;1.0
04485102;398296800000;1.0
04615974;398383200000;1.0
04443434;398469600000;1.0
04461761;398901600000;1.0
04464358;399506400000;1.0
04563423;399765600000;1.0
04499780;399765600000;1.0
04478826;399852000000;1.0
04530904;399852000000;1.0
04470971;399852000000;1.0
04576745;400370400000;1.0
04422968;400716000000;1.0
04517181;400888800000;1.0
04480030;400888800000;1.0
04490289;400975200000;1.0
04416988;401061600000;1.0
04487726;401407200000;1.0
04493934;401493600000;1.0
04423242;401666400000;1.0
04469632;401666400000;1.0
04444681;401666400000;1.0
04489061;401929200000;1.0
04492650;401929200000;1.0
04461723;402102000000;1.0
04468383;402102000000;1.0
04617384;402102000000;1.0
04591552;402102000000;1.0
04535058;402274800000;1.0
04483793;402534000000;1.0
04563352;402534000000;1.0
04529695;402706800000;1.0
04457866;403830000000;1.0
04517303;403916400000;1.0
04427827;403916400000;1.0
04461724;404089200000;1.0
04451394;404348400000;1.0
04476051;404434800000;1.0
04478726;404434800000;1.0
04443368;404953200000;1.0
04775622;404953200000;1.0
04479941;405212400000;1.0
04444682;405212400000;1.0
04451395;405558000000;1.0
04473554;405558000000;1.0
04436874;405730800000;1.0
04439545;405730800000;1.0
04704256;405730800000;1.0
04448717;405903600000;1.0
04444683;406335600000;1.0
04543252;406508400000;1.0
04487764;406854000000;1.0
04505852;407372400000;1.0
04666839;407545200000;1.0
04452775;407718000000;1.0
04639456;407718000000;1.0
04410514;407977200000;1.0
04514584;408236400000;1.0
04476116;408322800000;1.0
04439360;408322800000;1.0
04476117;408754800000;1.0
04466919;408841200000;1.0
04457867;408927600000;1.0
04603120;409186800000;1.0
04472304;409186800000;1.0
04481190;409273200000;1.0
04686191;409359600000;1.0
04500700;409446000000;1.0
04545931;410396400000;1.0
04515891;410482800000;1.0
04491577;410569200000;1.0
04529595;411260400000;1.0
04782135;411260400000;1.0
04472381;411692400000;1.0
04711843;412383600000;1.0
04554101;412556400000;1.0
04440904;412815600000;1.0
04650661;412902000000;1.0
04528189;413074800000;1.0
04460576;413074800000;1.0
04569908;413074800000;1.0
04504586;413074800000;1.0
04738927;413074800000;1.0
04489062;413161200000;1.0
04558006;413161200000;1.0
04762708;413161200000;1.0
04533494;413679600000;1.0
04503035;414025200000;1.0
04590168;414025200000;1.0
04501733;414198000000;1.0
04469679;414198000000;1.0
04472382;414802800000;1.0
04661454;415234800000;1.0
04415630;415234800000;1.0
04695470;415234800000;1.0
04532207;415494000000;1.0
04414149;415580400000;1.0
04526716;415580400000;1.0
04581169;415839600000;1.0
04510082;415839600000;1.0
04473497;415839600000;1.0
04711844;416012400000;1.0
04639512;416185200000;1.0
04460503;416530800000;1.0
04533631;417394800000;1.0
04605512;417394800000;1.0
04504414;417650400000;1.0
04481191;417823200000;1.0
04474765;417996000000;1.0
04517119;418255200000;1.0
04504415;418255200000;1.0
04495097;418255200000;1.0
04497731;418255200000;1.0
04442031;418341600000;1.0
04766075;418514400000;1.0
04543340;418514400000;1.0
04816567;418600800000;1.0
04481139;419032800000;1.0
04489163;419119200000;1.0
04599306;419205600000;1.0
04425428;419464800000;1.0
04482486;419637600000;1.0
04659696;419810400000;1.0
04424242;420069600000;1.0
04755465;420069600000;1.0
04595676;420156000000;1.0
04588684;420156000000;1.0
04499080;420156000000;1.0
04479897;420242400000;1.0
04508657;420415200000;1.0
04526888;420415200000;1.0
04585740;420760800000;1.0
04554351;420933600000;1.0
04478827;421279200000;1.0
04483794;421365600000;1.0
04578217;421538400000;1.0
04545932;421624800000;1.0
04518711;421884000000;1.0
04472305;421970400000;1.0
04820638;422143200000;1.0
04667014;422229600000;1.0
04455303;422575200000;1.0
04745051;422834400000;1.0
04574079;422834400000;1.0
04546079;423180000000;1.0
04508645;423439200000;1.0
04699897;423525600000;1.0
04505897;423698400000;1.0
04558033;423698400000;1.0
04521334;424044000000;1.0
04593017;424389600000;1.0
04485099;424476000000;1.0
04722899;424908000000;1.0
04555403;425253600000;1.0
04490363;425253600000;1.0
04510241;425253600000;1.0
04552922;425253600000;1.0
04470974;425512800000;1.0
04698330;425512800000;1.0
04474766;425512800000;1.0
04514330;425599200000;1.0
04478828;425599200000;1.0
04652525;425599200000;1.0
04514331;425685600000;1.0
04552867;426204000000;1.0
04469680;426290400000;1.0
04530838;426463200000;1.0
04559324;426895200000;1.0
04536395;426981600000;1.0
04496521;427068000000;1.0
04745124;427500000000;1.0
04539155;427586400000;1.0
04540564;427672800000;1.0
04485100;427672800000;1.0
04643969;427932000000;1.0
04606857;428104800000;1.0
04505893;428536800000;1.0
04451396;428536800000;1.0
04565785;428536800000;1.0
04512923;429141600000;1.0
04693973;429400800000;1.0
04686282;429487200000;1.0
04490364;429487200000;1.0
04481192;429487200000;1.0
04579840;429487200000;1.0
04683292;429487200000;1.0
04486415;429746400000;1.0
04518527;429832800000;1.0
04474767;429832800000;1.0
04496543;430005600000;1.0
04597900;430351200000;1.0
04625015;430956000000;1.0
04610976;430956000000;1.0
04460501;431042400000;1.0
04504471;431647200000;1.0
04535897;431647200000;1.0
04497801;431647200000;1.0
04535169;432165600000;1.0
04477441;432338400000;1.0
04477440;432338400000;1.0
04675297;432338400000;1.0
04517290;432770400000;1.0
04589882;432770400000;1.0
04605413;432770400000;1.0
04604284;432856800000;1.0
04681848;432856800000;1.0
04617149;432943200000;1.0
04510132;433029600000;1.0
04598066;433116000000;1.0
04572800;433116000000;1.0
04525300;433116000000;1.0
04727028;433724400000;1.0
04528133;433983600000;1.0
04495178;434242800000;1.0
04732864;434242800000;1.0
04525465;434329200000;1.0
04598840;434674800000;1.0
04485101;434674800000;1.0
04585756;434761200000;1.0
04551445;434934000000;1.0
04493795;435193200000;1.0
04473555;435193200000;1.0
04487765;435193200000;1.0
04504467;435538800000;1.0
04587218;435538800000;1.0
04497732;435538800000;1.0
04497802;435538800000;1.0
04537715;435538800000;1.0
04569967;435798000000;1.0
04518586;435884400000;1.0
04522813;436057200000;1.0
04757006;436143600000;1.0
04663437;436402800000;1.0
04536397;436402800000;1.0
04474693;436402800000;1.0
04491579;436489200000;1.0
04530920;437007600000;1.0
04587233;437007600000;1.0
04672032;437180400000;1.0
04650761;437180400000;1.0
04569926;437612400000;1.0
04612302;437612400000;1.0
04582821;437785200000;1.0
04505853;437958000000;1.0
04578079;438303600000;1.0
04595677;438390000000;1.0
04492651;438390000000;1.0
04508644;438562800000;1.0
04499081;438822000000;1.0
04547370;438908400000;1.0
04663280;439167600000;1.0
04537716;439426800000;1.0
04499082;439426800000;1.0
04642334;439426800000;1.0
04551270;439426800000;1.0
04886663;440031600000;1.0
04695623;440031600000;1.0
04558008;440118000000;1.0
04561673;440118000000;1.0
04530837;440290800000;1.0
04504469;440290800000;1.0
04792602;440377200000;1.0
04495179;440377200000;1.0
04534881;440636400000;1.0
04518584;440722800000;1.0
04543211;440809200000;1.0
04783441;440809200000;1.0
04620971;440895600000;1.0
04549986;440982000000;1.0
04740461;441327600000;1.0
04663294;442191600000;1.0
04496544;442537200000;1.0
04528132;442796400000;1.0
04569907;443055600000;1.0
04725550;443314800000;1.0
04596819;443660400000;1.0
04703004;443746800000;1.0
04714696;443919600000;1.0
04716109;444265200000;1.0
04621073;444351600000;1.0
04482487;444351600000;1.0
04551273;444351600000;1.0
04562175;444610800000;1.0
04713332;444870000000;1.0
04518528;444870000000;1.0
04830962;445129200000;1.0
04508711;445215600000;1.0
04670258;445215600000;1.0
04792520;445734000000;1.0
04487718;445734000000;1.0
04581168;445820400000;1.0
04558036;445820400000;1.0
04605642;446338800000;1.0
04619914;446338800000;1.0
04496545;446425200000;1.0
04855238;446684400000;1.0
04665160;446943600000;1.0
04670393;446943600000;1.0
04614793;447030000000;1.0
04605643;447030000000;1.0
04507235;447289200000;1.0
04745069;447375600000;1.0
04721673;447375600000;1.0
04585585;447462000000;1.0
04481193;447462000000;1.0
04481194;447462000000;1.0
04496397;447462000000;1.0
04599231;447634800000;1.0
04599230;447634800000;1.0
04493796;447980400000;1.0
04658018;447980400000;1.0
04507389;448239600000;1.0
04758511;448239600000;1.0
04590178;448239600000;1.0
04650855;448498800000;1.0
04695542;448498800000;1.0
04645827;448498800000;1.0
04725549;448844400000;1.0
04590003;448844400000;1.0
04551372;448844400000;1.0
04637981;449100000000;1.0
04636491;449186400000;1.0
04661473;449186400000;1.0
04665052;449186400000;1.0
04668663;449186400000;1.0
04711951;449359200000;1.0
04600705;449359200000;1.0
04612365;449704800000;1.0
04533654;449877600000;1.0
04663310;449877600000;1.0
04636463;449964000000;1.0
04636490;450050400000;1.0
04537878;450050400000;1.0
04661471;450396000000;1.0
04534897;450396000000;1.0
04666884;450396000000;1.0
04770445;450482400000;1.0
04769326;450568800000;1.0
04511504;450568800000;1.0
04510085;450568800000;1.0
04514332;450914400000;1.0
04547488;450914400000;1.0
04548924;450914400000;1.0
04548925;450914400000;1.0
04552701;450914400000;1.0
04720454;451087200000;1.0
04613586;451173600000;1.0
04784949;451173600000;1.0
04618600;451173600000;1.0
04603114;451260000000;1.0
04610847;451519200000;1.0
04596789;451605600000;1.0
04663436;451605600000;1.0
04695543;451605600000;1.0
04493830;451778400000;1.0
04515920;452124000000;1.0
04736017;452124000000;1.0
04537772;452296800000;1.0
04508712;452469600000;1.0
04552864;452469600000;1.0
04695545;452728800000;1.0
04668770;452815200000;1.0
04548923;452901600000;1.0
04602006;452901600000;1.0
04649191;452988000000;1.0
04522752;452988000000;1.0
04659692;453074400000;1.0
04594329;453333600000;1.0
04665053;453333600000;1.0
04643988;453420000000;1.0
04530836;453592800000;1.0
04528190;453679200000;1.0
04701416;453679200000;1.0
04569927;453938400000;1.0
04578335;453938400000;1.0
04585586;454024800000;1.0
04652443;454024800000;1.0
04560505;454024800000;1.0
04673566;454197600000;1.0
04760025;454629600000;1.0
04629695;454888800000;1.0
04548926;455407200000;1.0
04694071;455493600000;1.0
04547489;455752800000;1.0
04569791;456012000000;1.0
04569792;456012000000;1.0
04581165;456012000000;1.0
04752576;456012000000;1.0
04757012;456012000000;1.0
04758514;456012000000;1.0
04732973;456012000000;1.0
04610816;456098400000;1.0
04500452;456357600000;1.0
04632979;456357600000;1.0
04582639;456357600000;1.0
04743589;456357600000;1.0
04784948;456357600000;1.0
04689398;456530400000;1.0
04678751;456530400000;1.0
04642333;456530400000;1.0
04808703;456616800000;1.0
04584195;456616800000;1.0
04753795;456703200000;1.0
04793995;456703200000;1.0
04537879;456703200000;1.0
04738844;456703200000;1.0
04738845;456962400000;1.0
04567162;457048800000;1.0
04542124;457048800000;1.0
04707357;457048800000;1.0
04598064;457135200000;1.0
04639435;457135200000;1.0
04629723;457135200000;1.0
04767709;457221600000;1.0
04747825;457308000000;1.0
04692511;457653600000;1.0
04760023;457653600000;1.0
04552866;457826400000;1.0
04859765;457912800000;1.0
04636489;457912800000;1.0
04529594;458344800000;1.0
04539312;458344800000;1.0
04552865;458344800000;1.0
04618599;458431200000;1.0
04617290;458431200000;1.0
04617377;458431200000;1.0
04590004;458431200000;1.0
04599305;458776800000;1.0
04575495;458863200000;1.0
04618578;458863200000;1.0
04743553;458949600000;1.0
04608364;459122400000;1.0
04565805;459122400000;1.0
04707358;459381600000;1.0
04557864;459640800000;1.0
04585757;459727200000;1.0
04694072;459727200000;1.0
04537880;459727200000;1.0
04639332;460159200000;1.0
04650788;460159200000;1.0
04559323;460245600000;1.0
04775660;460245600000;1.0
04656250;460591200000;1.0
04711847;460764000000;1.0
04654419;460764000000;1.0
04681930;460936800000;1.0
04659694;461196000000;1.0
04647656;461282400000;1.0
04667017;461368800000;1.0
04601852;461368800000;1.0
04628044;461455200000;1.0
04713445;461541600000;1.0
04643989;461541600000;1.0
04681856;461800800000;1.0
04769239;461887200000;1.0
04647653;462060000000;1.0
04751064;462060000000;1.0
04735800;462060000000;1.0
04686281;462146400000;1.0
04607023;462405600000;1.0
04753879;462405600000;1.0
04543349;462492000000;1.0
04636492;462578400000;1.0
04594409;462664800000;1.0
04626524;462664800000;1.0
04716217;462751200000;1.0
04734491;462751200000;1.0
04684620;463096800000;1.0
04732859;463183200000;1.0
04777240;463356000000;1.0
04565804;463356000000;1.0
04652552;463615200000;1.0
04680276;463615200000;1.0
04596674;463701600000;1.0
04719180;463874400000;1.0
04867973;463874400000;1.0
04603121;463960800000;1.0
04769237;464479200000;1.0
04652550;464565600000;1.0
04537717;464565600000;1.0
04622312;464824800000;1.0
04563442;464824800000;1.0
04605514;464824800000;1.0
04540513;464911200000;1.0
04658021;464911200000;1.0
04722895;464911200000;1.0
04686284;464997600000;1.0
04762786;465084000000;1.0
04738921;465084000000;1.0
04751287;465170400000;1.0
04588585;465170400000;1.0
04680262;465778800000;1.0
04609725;466124400000;1.0
04550099;466124400000;1.0
04605641;466124400000;1.0
04769328;466383600000;1.0
04639333;466383600000;1.0
04530787;466815600000;1.0
04798787;466815600000;1.0
04762706;466815600000;1.0
04568666;466902000000;1.0
04596790;466902000000;1.0
04537770;466902000000;1.0
04585587;466988400000;1.0
04578219;466988400000;1.0
04619915;466988400000;1.0
04623715;467247600000;1.0
04745056;467334000000;1.0
04668661;467334000000;1.0
04605515;467420400000;1.0
04824850;467852400000;1.0
04808537;467938800000;1.0
04873190;468025200000;1.0
04638047;468025200000;1.0
04623716;468111600000;1.0
04659804;468111600000;1.0
04691006;468198000000;1.0
04623714;468543600000;1.0
04626525;468630000000;1.0
04708871;468716400000;1.0
04608251;468802800000;1.0
04609643;469148400000;1.0
04690916;469148400000;1.0
04613676;469234800000;1.0
04816397;469234800000;1.0
04636560;469407600000;1.0
04829051;469407600000;1.0
04699877;469753200000;1.0
04604237;469753200000;1.0
04654302;469839600000;1.0
04657894;469839600000;1.0
04604378;469839600000;1.0
04657893;470271600000;1.0
04752583;470530800000;1.0
04751077;470617200000;1.0
04703008;470617200000;1.0
05484887;470617200000;1.0
04609641;470876400000;1.0
04650674;470876400000;1.0
04629724;470876400000;1.0
04569794;471049200000;1.0
04629784;471049200000;1.0
04604238;471481200000;1.0
04594187;471567600000;1.0
04629781;471567600000;1.0
04659805;471567600000;1.0
04623282;471654000000;1.0
04597901;471826800000;1.0
04652548;472086000000;1.0
04644055;472086000000;1.0
04544500;472172400000;1.0
04582789;472172400000;1.0
04758656;472258800000;1.0
04647552;472345200000;1.0
04647553;472345200000;1.0
04629782;472431600000;1.0
04853332;472431600000;1.0
04711845;472690800000;1.0
04691009;472863600000;1.0
04721671;472863600000;1.0
04745060;473036400000;1.0
04751181;473295600000;1.0
04638046;474073200000;1.0
04677195;474246000000;1.0
04871835;474505200000;1.0
04714611;475196400000;1.0
04652628;475196400000;1.0
04722922;475196400000;1.0
04649130;475282800000;1.0
04714683;475455600000;1.0
04769235;475714800000;1.0
04745182;475974000000;1.0
04632981;476060400000;1.0
04769061;476319600000;1.0
04637997;476319600000;1.0
04847080;476406000000;1.0
04675189;476665200000;1.0
04666885;476665200000;1.0
04775624;476665200000;1.0
04659691;476665200000;1.0
04701441;476924400000;1.0
04762914;476924400000;1.0
04597967;477010800000;1.0
04761371;477010800000;1.0
04638045;477615600000;1.0
04725668;477788400000;1.0
04677193;477874800000;1.0
04652630;477874800000;1.0
04690898;478134000000;1.0
04801542;478134000000;1.0
04663309;478306800000;1.0
04657891;478306800000;1.0
04656158;478306800000;1.0
04675381;478393200000;1.0
04659693;478393200000;1.0
04863857;478479600000;1.0
04774175;478479600000;1.0
04832959;478738800000;1.0
04736023;478738800000;1.0
04683136;478911600000;1.0
04711848;478998000000;1.0
04755462;479343600000;1.0
04595674;479516400000;1.0
04662282;479516400000;1.0
04645828;479689200000;1.0
04600531;479948400000;1.0
04604236;479948400000;1.0
04606856;479948400000;1.0
04804746;480034800000;1.0
04639434;480034800000;1.0
04624943;480121200000;1.0
04745179;480121200000;1.0
04628043;480207600000;1.0
04691008;480553200000;1.0
04631211;480553200000;1.0
04631270;480553200000;1.0
04783415;480726000000;1.0
04780401;480812400000;1.0
04622386;480812400000;1.0
04639509;480812400000;1.0
04801537;480898800000;1.0
04645755;481413600000;1.0
04623640;481759200000;1.0
04611737;481759200000;1.0
04708929;481759200000;1.0
04645830;481759200000;1.0
04851349;481932000000;1.0
04650763;482104800000;1.0
04672107;482364000000;1.0
04686283;482450400000;1.0
04668662;482536800000;1.0
04788178;482536800000;1.0
04593073;483055200000;1.0
04656248;483055200000;1.0
04873312;483228000000;1.0
04650787;483228000000;1.0
04569789;483314400000;1.0
04656247;483314400000;1.0
04642332;483314400000;1.0
04611054;483573600000;1.0
04585755;483573600000;1.0
04743554;483746400000;1.0
04677064;483832800000;1.0
04769233;483919200000;1.0
04722999;483919200000;1.0
04764593;484264800000;1.0
04764504;484351200000;1.0
04622389;484437600000;1.0
04661472;484437600000;1.0
04771000;484524000000;1.0
04670541;484524000000;1.0
04727079;484783200000;1.0
04828994;484783200000;1.0
04657892;484783200000;1.0
04742003;484869600000;1.0
04666829;484956000000;1.0
04709011;484956000000;1.0
04587045;485042400000;1.0
04661111;485128800000;1.0
04652551;485128800000;1.0
04666888;485128800000;1.0
04645759;485128800000;1.0
04594188;485388000000;1.0
04684624;485388000000;1.0
04782022;485560800000;1.0
04634682;485647200000;1.0
04649132;485733600000;1.0
04694070;486079200000;1.0
04640911;486165600000;1.0
04865982;486165600000;1.0
04659660;486597600000;1.0
04766068;486770400000;1.0
04621135;486856800000;1.0
04650854;486856800000;1.0
04658016;486943200000;1.0
04626523;487202400000;1.0
04614731;487202400000;1.0
04698208;487202400000;1.0
04604239;487288800000;1.0
04568490;487375200000;1.0
04751177;487461600000;1.0
04806473;487461600000;1.0
04693993;487461600000;1.0
04624944;487548000000;1.0
04777243;487548000000;1.0
04792525;487807200000;1.0
04665055;487807200000;1.0
04612366;487807200000;1.0
04614517;487807200000;1.0
04622387;487980000000;1.0
04762791;488066400000;1.0
04631191;488066400000;1.0
04845196;488412000000;1.0
04663435;488412000000;1.0
04729989;488757600000;1.0
04705777;488757600000;1.0
04689402;489016800000;1.0
04831120;489189600000;1.0
04652629;489189600000;1.0
04680260;489189600000;1.0
04707541;489621600000;1.0
04670419;489621600000;1.0
04774085;489708000000;1.0
04737462;489794400000;1.0
04833127;489967200000;1.0
04758428;490226400000;1.0
04666886;490399200000;1.0
04622223;491090400000;1.0
04743445;491090400000;1.0
04853333;491176800000;1.0
04677063;491522400000;1.0
04650765;491522400000;1.0
04652459;491608800000;1.0
04672054;491695200000;1.0
04686101;491781600000;1.0
04668769;491781600000;1.0
04649131;492127200000;1.0
04710778;492213600000;1.0
04795804;492213600000;1.0
04647654;492300000000;1.0
04780530;492300000000;1.0
04786718;492300000000;1.0
04689397;492645600000;1.0
04639433;492818400000;1.0
04643987;492818400000;1.0
04806492;492904800000;1.0
04652627;492991200000;1.0
04629783;493250400000;1.0
04751284;493336800000;1.0
04840897;493336800000;1.0
04668397;493423200000;1.0
04842996;493509600000;1.0
04670540;493596000000;1.0
04673732;493855200000;1.0
04716150;493855200000;1.0
04719200;493855200000;1.0
04693992;493855200000;1.0
04721775;493855200000;1.0
04672106;494114400000;1.0
04689318;494114400000;1.0
04785080;494114400000;1.0
04689396;494200800000;1.0
04719294;494805600000;1.0
04803156;495237600000;1.0
04727138;495237600000;1.0
04742157;495410400000;1.0
04855224;495410400000;1.0
04713331;495669600000;1.0
04719289;495669600000;1.0
04816561;495756000000;1.0
04711877;495842400000;1.0
04722840;495928800000;1.0
04727137;496015200000;1.0
04870017;496015200000;1.0
04721672;496015200000;1.0
04698418;496015200000;1.0
04728609;496360800000;1.0
04596675;496447200000;1.0
04855231;496447200000;1.0
04727036;496620000000;1.0
04861718;496620000000;1.0
04658022;496620000000;1.0
04665157;496882800000;1.0
04694069;496882800000;1.0
04777127;496882800000;1.0
04644054;496969200000;1.0
04703035;497055600000;1.0
04784941;497055600000;1.0
04772685;497055600000;1.0
04740587;497142000000;1.0
04562176;497142000000;1.0
04639510;497228400000;1.0
04758507;497228400000;1.0
04703039;497660400000;1.0
04632978;498178800000;1.0
04704451;498178800000;1.0
04812554;498265200000;1.0
04680338;498351600000;1.0
04709010;498438000000;1.0
04732972;498697200000;1.0
04705778;498783600000;1.0
04742154;498870000000;1.0
04786719;498956400000;1.0
04681761;498956400000;1.0
04617261;499042800000;1.0
04683291;499302000000;1.0
04677197;499474800000;1.0
04782043;499561200000;1.0
04693718;499561200000;1.0
04737487;499561200000;1.0
04703106;499906800000;1.0
04696915;499906800000;1.0
04757364;499993200000;1.0
04675382;500079600000;1.0
04693998;500166000000;1.0
04707468;500252400000;1.0
04622388;500598000000;1.0
04661470;500598000000;1.0
04639511;500598000000;1.0
04703011;500598000000;1.0
04665804;500598000000;1.0
04772557;500598000000;1.0
04766205;500684400000;1.0
04684645;501116400000;1.0
04687758;501202800000;1.0
04693994;501202800000;1.0
04725645;501462000000;1.0
04731439;501462000000;1.0
04742155;501807600000;1.0
04684623;501807600000;1.0
04771121;501894000000;1.0
04760130;502326000000;1.0
04703107;502412400000;1.0
04717658;502412400000;1.0
04713366;502498800000;1.0
04677192;502498800000;1.0
04691007;502671600000;1.0
04794168;503017200000;1.0
04704450;503103600000;1.0
04695562;503103600000;1.0
04716149;503276400000;1.0
04687759;503535600000;1.0
04687760;503535600000;1.0
04728725;503881200000;1.0
04658014;503881200000;1.0
04687839;504140400000;1.0
04697002;504140400000;1.0
04699898;504399600000;1.0
04728639;505004400000;1.0
04843011;505090800000;1.0
04861717;505350000000;1.0
04728638;505436400000;1.0
04822731;505609200000;1.0
04861708;505609200000;1.0
04683221;505609200000;1.0
04668669;505695600000;1.0
04720483;506127600000;1.0
04753927;506646000000;1.0
04687740;506646000000;1.0
04826763;506646000000;1.0
04713367;506732400000;1.0
04810645;507164400000;1.0
04749690;507164400000;1.0
04753873;507769200000;1.0
04701499;507769200000;1.0
04628045;507769200000;1.0
04772547;507769200000;1.0
04680382;507769200000;1.0
04725580;507942000000;1.0
04746648;507942000000;1.0
04695622;507942000000;1.0
04698419;507942000000;1.0
04755380;508028400000;1.0
04849349;508028400000;1.0
04771036;508374000000;1.0
04816566;508374000000;1.0
04687840;508460400000;1.0
04757134;508633200000;1.0
05831022;509065200000;1.0
04795803;509151600000;1.0
04743679;509583600000;1.0
04839293;509583600000;1.0
04617376;509583600000;1.0
04808536;509842800000;1.0
04865970;509929200000;1.0
04868113;510188400000;1.0
04762820;510188400000;1.0
04749780;510274800000;1.0
04806523;510447600000;1.0
04703033;510534000000;1.0
04749687;510793200000;1.0
04771123;510879600000;1.0
04705684;511138800000;1.0
04665016;511743600000;1.0
04762717;511743600000;1.0
04816396;512089200000;1.0
04870015;512175600000;1.0
04768607;512175600000;1.0
04731357;512175600000;1.0
04716147;512262000000;1.0
04705846;512262000000;1.0
04751180;512348400000;1.0
04725577;512348400000;1.0
04769327;512348400000;1.0
04738928;512604000000;1.0
04752601;512690400000;1.0
04709014;512690400000;1.0
04735896;512776800000;1.0
04755592;512863200000;1.0
04822606;513208800000;1.0
04761375;513208800000;1.0
04737578;513208800000;1.0
04855407;513381600000;1.0
04868112;513554400000;1.0
04751215;513900000000;1.0
04719199;513986400000;1.0
04684621;513986400000;1.0
04684716;513986400000;1.0
04658015;513986400000;1.0
04698327;514159200000;1.0
04684622;514159200000;1.0
04843006;514418400000;1.0
04665161;514418400000;1.0
04748494;514418400000;1.0
04818769;514764000000;1.0
04745101;514764000000;1.0
04861588;515023200000;1.0
04703034;515023200000;1.0
04800119;515023200000;1.0
04729985;515196000000;1.0
04919930;515282400000;1.0
04746728;515628000000;1.0
04732969;515628000000;1.0
04865974;515714400000;1.0
04753883;515800800000;1.0
04721704;515973600000;1.0
04871670;516232800000;1.0
04732971;516578400000;1.0
04696286;517096800000;1.0
04772584;517183200000;1.0
04757048;517615200000;1.0
04745055;517615200000;1.0
04861869;517701600000;1.0
04670542;517701600000;1.0
04755558;517788000000;1.0
04719288;518047200000;1.0
04810779;518133600000;1.0
04701440;518392800000;1.0
04753984;518652000000;1.0
04853220;518738400000;1.0
04789702;518911200000;1.0
04732970;518997600000;1.0
04698442;518997600000;1.0
04771131;519256800000;1.0
04734400;519256800000;1.0
04711952;519343200000;1.0
04772553;519343200000;1.0
04703054;519602400000;1.0
04749688;519602400000;1.0
04835251;519861600000;1.0
04717715;519861600000;1.0
04757013;520120800000;1.0
04803261;520207200000;1.0
04801612;520725600000;1.0
04758551;521157600000;1.0
04777239;521330400000;1.0
04791100;521762400000;1.0
04840935;521848800000;1.0
04735651;521935200000;1.0
04753928;522021600000;1.0
04705886;522280800000;1.0
04777241;522280800000;1.0
04740499;522885600000;1.0
05162111;523058400000;1.0
04742045;523058400000;1.0
04746729;523058400000;1.0
04801575;523058400000;1.0
04783524;523144800000;1.0
04760053;523144800000;1.0
04749685;523231200000;1.0
04752585;523576800000;1.0
04743677;523576800000;1.0
04732890;523576800000;1.0
04818698;523663200000;1.0
04767742;523663200000;1.0
04769361;523749600000;1.0
04719781;523749600000;1.0
04709012;523749600000;1.0
04728640;524095200000;1.0
04816565;524095200000;1.0
04766073;524268000000;1.0
04761398;524700000000;1.0
04680283;524872800000;1.0
04786684;524959200000;1.0
04731440;525304800000;1.0
04694073;525304800000;1.0
04772549;525391200000;1.0
04767743;525477600000;1.0
04783523;525477600000;1.0
04677125;525650400000;1.0
04742156;525650400000;1.0
04704692;525996000000;1.0
04696913;525996000000;1.0
04801684;525996000000;1.0
04810780;526168800000;1.0
04725578;526255200000;1.0
04689401;526600800000;1.0
04753881;526687200000;1.0
04775743;526687200000;1.0
04748232;526773600000;1.0
04717714;526860000000;1.0
04871663;527205600000;1.0
04749781;527464800000;1.0
04826613;527724000000;1.0
04768631;527810400000;1.0
04845080;528069600000;1.0
04861710;528069600000;1.0
04851512;528069600000;1.0
04737580;528069600000;1.0
04774431;528332400000;1.0
04724229;528418800000;1.0
04743584;529023600000;1.0
04704359;529196400000;1.0
04828990;529282800000;1.0
05618913;529628400000;1.0
04766109;529887600000;1.0
04866039;529887600000;1.0
04757049;530146800000;1.0
04717670;530146800000;1.0
04774320;530146800000;1.0
04745102;530319600000;1.0
04782139;530406000000;1.0
04734399;530406000000;1.0
04740588;530924400000;1.0
04766110;531097200000;1.0
04717696;531097200000;1.0
04870006;531442800000;1.0
04711879;531702000000;1.0
04806336;531702000000;1.0
04816442;531702000000;1.0
04699977;531961200000;1.0
04837306;531961200000;1.0
04840785;531961200000;1.0
04736022;532134000000;1.0
04833072;532220400000;1.0
04745177;532220400000;1.0
05075211;532306800000;1.0
04721776;532306800000;1.0
04816441;532306800000;1.0
04812557;532566000000;1.0
04716148;532652400000;1.0
04810492;532738800000;1.0
04800085;532825200000;1.0
04720484;532825200000;1.0
04743585;532911600000;1.0
04851211;533257200000;1.0
04755591;533516400000;1.0
04764475;533775600000;1.0
04782136;533775600000;1.0
04871716;533948400000;1.0
04758550;533948400000;1.0
04766108;534034800000;1.0
04749686;534034800000;1.0
04804742;534121200000;1.0
04698328;534121200000;1.0
04728726;534380400000;1.0
04849351;534380400000;1.0
04748154;534380400000;1.0
04818527;534466800000;1.0
05451521;534466800000;1.0
04816449;534466800000;1.0
04784988;534639600000;1.0
04868119;534639600000;1.0
04707356;534726000000;1.0
04845075;534985200000;1.0
04849407;534985200000;1.0
04735933;534985200000;1.0
04784950;535071600000;1.0
04798789;535158000000;1.0
04780313;535244400000;1.0
04851341;535330800000;1.0
04740500;535676400000;1.0
04782042;535676400000;1.0
04868171;535676400000;1.0
04764595;535762800000;1.0
04772586;536281200000;1.0
04839283;536281200000;1.0
04798885;536367600000;1.0
04794103;536540400000;1.0
04758552;536540400000;1.0
04871717;536972400000;1.0
04704380;536972400000;1.0
04849408;536972400000;1.0
04766069;537058800000;1.0
04845076;537145200000;1.0
04833071;537145200000;1.0
04772686;537145200000;1.0
04771037;537490800000;1.0
04861755;537577200000;1.0
04735799;537577200000;1.0
04863900;537663600000;1.0
04748119;537663600000;1.0
04866040;537663600000;1.0
05051496;537750000000;1.0
04839465;538095600000;1.0
04804743;538873200000;1.0
04861707;539218800000;1.0
04790988;539391600000;1.0
04778846;539391600000;1.0
04863905;539391600000;1.0
04758584;539478000000;1.0
04801577;539478000000;1.0
04879212;539910000000;1.0
04769336;540082800000;1.0
04761469;540169200000;1.0
04794169;540601200000;1.0
04837303;541206000000;1.0
04835252;541292400000;1.0
04798821;541638000000;1.0
04810777;541810800000;1.0
04818748;541983600000;1.0
04870159;541983600000;1.0
04754018;542242800000;1.0
06107465;542329200000;1.0
04794150;542415600000;1.0
04798886;542502000000;1.0
04839343;542588400000;1.0
04797472;543106800000;1.0
04749782;543106800000;1.0
04812559;543452400000;1.0
04835255;543711600000;1.0
04808701;544053600000;1.0
04847081;544053600000;1.0
04826957;544053600000;1.0
04816438;544226400000;1.0
04746649;544312800000;1.0
04835253;544399200000;1.0
04757133;544658400000;1.0
04853871;544658400000;1.0
04761470;545004000000;1.0
04749691;545263200000;1.0
04849359;545349600000;1.0
04764590;545954400000;1.0
04764591;545954400000;1.0
04820804;545954400000;1.0
04745178;546040800000;1.0
04818432;546472800000;1.0
04760052;546559200000;1.0
04833166;546818400000;1.0
04812442;547077600000;1.0
04824936;547250400000;1.0
04775661;547250400000;1.0
04795740;547336800000;1.0
04829052;547423200000;1.0
04767753;547682400000;1.0
04810693;547682400000;1.0
05512455;547682400000;1.0
04764503;547855200000;1.0
04824937;547941600000;1.0
04835138;548287200000;1.0
04812556;548287200000;1.0
04835139;548373600000;1.0
04816443;548373600000;1.0
04833125;548546400000;1.0
04798827;548546400000;1.0
04810692;548546400000;1.0
04748116;548546400000;1.0
04923964;548632800000;1.0
04845195;548632800000;1.0
04863899;548632800000;1.0
04837304;548632800000;1.0
04814432;548632800000;1.0
04816513;548632800000;1.0
04764589;548978400000;1.0
04771124;548978400000;1.0
04748233;549151200000;1.0
04808702;549496800000;1.0
04801685;549496800000;1.0
04801536;549583200000;1.0
04798823;549669600000;1.0
04783412;549669600000;1.0
04855405;550101600000;1.0
04784987;550274400000;1.0
04857637;550447200000;1.0
04839344;550447200000;1.0
05157106;550706400000;1.0
04801613;550879200000;1.0
04867974;551311200000;1.0
04866160;551397600000;1.0
04820691;551484000000;1.0
04767628;551916000000;1.0
05133961;551916000000;1.0
04810491;552175200000;1.0
04837203;552607200000;1.0
04810648;552693600000;1.0
04816559;552693600000;1.0
04845077;552780000000;1.0
04758655;552780000000;1.0
04801456;552780000000;1.0
04855406;552866400000;1.0
04816444;552866400000;1.0
04767842;553298400000;1.0
04851385;553298400000;1.0
04762913;553298400000;1.0
04751216;553384800000;1.0
04816560;553384800000;1.0
04789661;553471200000;1.0
04800191;553471200000;1.0
04751083;553730400000;1.0
04782137;553989600000;1.0
04824667;554421600000;1.0
04844895;554594400000;1.0
04829053;554680800000;1.0
04870008;554940000000;1.0
04839169;555026400000;1.0
04868286;555112800000;1.0
04853219;555199200000;1.0
04851334;555544800000;1.0
04957739;555804000000;1.0
04876089;555890400000;1.0
04774087;555890400000;1.0
04851388;556149600000;1.0
04855285;556149600000;1.0
04870160;556322400000;1.0
04797469;556495200000;1.0
04857634;556754400000;1.0
04835254;556754400000;1.0
04866161;556754400000;1.0
04868287;556754400000;1.0
04839464;556840800000;1.0
04876243;557013600000;1.0
04757050;557100000000;1.0
04748153;557532000000;1.0
05019387;558050400000;1.0
04843064;558309600000;1.0
04822608;558568800000;1.0
04870161;559519200000;1.0
04778877;559954800000;1.0
04778878;559954800000;1.0
04771122;560041200000;1.0
04801614;560041200000;1.0
04839357;560127600000;1.0
04765903;560473200000;1.0
04882145;560559600000;1.0
04851387;561078000000;1.0
04814342;561942000000;1.0
04863903;562201200000;1.0
04868125;562374000000;1.0
04801579;562806000000;1.0
05116725;562978800000;1.0
04774319;563410800000;1.0
04851386;563756400000;1.0
04833152;564361200000;1.0
04778784;564620400000;1.0
04855409;564620400000;1.0
04769445;564706800000;1.0
04935235;565311600000;1.0
04801574;565398000000;1.0
04843146;565484400000;1.0
04857508;565484400000;1.0
04835256;565484400000;1.0
04810691;566089200000;1.0
04774322;566089200000;1.0
04774228;566089200000;1.0
04822773;566953200000;1.0
04774318;567126000000;1.0
04782044;568249200000;1.0
05206344;568854000000;1.0
04801576;569545200000;1.0
04847325;569631600000;1.0
04851509;570754800000;1.0
04870023;571273200000;1.0
04847201;571359600000;1.0
05217861;571618800000;1.0
04863850;571964400000;1.0
04772684;572137200000;1.0
04855486;572223600000;1.0
05110906;572655600000;1.0
04976958;572655600000;1.0
04861726;573951600000;1.0
04804650;574470000000;1.0
05652338;574470000000;1.0
04786631;574642800000;1.0
04859736;574902000000;1.0
04812555;574988400000;1.0
04822774;576194400000;1.0
04870055;576453600000;1.0
04853330;577576800000;1.0
05510462;577922400000;1.0
04859600;578008800000;1.0
04810778;579132000000;1.0
05112808;579218400000;1.0
05180811;579477600000;1.0
04870013;579909600000;1.0
05198533;580341600000;1.0
05135912;580687200000;1.0
04859654;581119200000;1.0
04843063;581724000000;1.0
04855303;581896800000;1.0
04861864;582156000000;1.0
04853371;582933600000;1.0
05028425;584229600000;1.0
05030449;585439200000;1.0
04866038;585525600000;1.0
05102872;587340000000;1.0
05185147;587944800000;1.0
05157110;588031200000;1.0
04864017;588290400000;1.0
05019386;588808800000;1.0
05508176;590018400000;1.0
05208218;590623200000;1.0
05217705;590882400000;1.0
05229496;592095600000;1.0
04997647;593737200000;1.0
04861756;593823600000;1.0
04853331;596847600000;1.0
05116942;597020400000;1.0
05268359;597279600000;1.0
05162497;597625200000;1.0
04853463;597970800000;1.0
05196524;600044400000;1.0
04861865;601513200000;1.0
04983387;601513200000;1.0
05023077;601599600000;1.0
05026686;602290800000;1.0
05104977;602895600000;1.0
05187156;604796400000;1.0
05223423;607298400000;1.0
05214132;608335200000;1.0
05166322;609112800000;1.0
05204259;609544800000;1.0
05225193;611964000000;1.0
05061786;612050400000;1.0
05206343;612655200000;1.0
05204258;612741600000;1.0
05109119;613087200000;1.0
05128242;614210400000;1.0
05183804;614556000000;1.0
05470947;614815200000;1.0
05397695;615074400000;1.0
05128450;615160800000;1.0
05141924;615160800000;1.0
05114711;616284000000;1.0
05071761;616716000000;1.0
05175098;617580000000;1.0
05114845;618616800000;1.0
05185431;618789600000;1.0
05112806;619135200000;1.0
05177189;619394400000;1.0
04957737;619653600000;1.0
05164370;619912800000;1.0
05242902;621036000000;1.0
05157112;621813600000;1.0
05218092;622854000000;1.0
05200176;623631600000;1.0
05138036;626914800000;1.0
05130414;628383600000;1.0
05140103;628470000000;1.0
06248574;629506800000;1.0
05180812;630198000000;1.0
05122448;632012400000;1.0
05281704;632703600000;1.0
05278285;633826800000;1.0
05349058;634258800000;1.0
05116815;634258800000;1.0
05149785;635554800000;1.0
05280106;635986800000;1.0
05304637;637282800000;1.0
05430016;637801200000;1.0
05109111;638146800000;1.0
05187153;638661600000;1.0
05132111;639784800000;1.0
05618788;640562400000;1.0
05633150;640562400000;1.0
05189019;640821600000;1.0
05087562;640994400000;1.0
05093233;640994400000;1.0
05130417;641426400000;1.0
05122376;642204000000;1.0
05128447;643500000000;1.0
05091366;644450400000;1.0
05112944;645141600000;1.0
05328898;646005600000;1.0
05169932;646437600000;1.0
05087561;646524000000;1.0
05326558;646610400000;1.0
05149778;646956000000;1.0
05849694;648079200000;1.0
05116818;650152800000;1.0
05273886;651448800000;1.0
05378805;651880800000;1.0
05175097;652917600000;1.0
05142025;654127200000;1.0
05223605;656031600000;1.0
05196512;658018800000;1.0
05112809;659055600000;1.0
05081028;659142000000;1.0
05217953;659919600000;1.0
05310727;659919600000;1.0
05310882;659919600000;1.0
05177188;660178800000;1.0
05356772;660351600000;1.0
05242810;660524400000;1.0
05229490;661647600000;1.0
05114918;661647600000;1.0
05134121;663807600000;1.0
05219990;665017200000;1.0
05171835;665190000000;1.0
05372933;666313200000;1.0
05114843;667436400000;1.0
05304541;668905200000;1.0
05585344;669250800000;1.0
05574132;670802400000;1.0
05290917;670802400000;1.0
05229489;671407200000;1.0
05126322;671752800000;1.0
05234907;672444000000;1.0
05198421;672616800000;1.0
05416195;672876000000;1.0
05214031;673480800000;1.0
05239059;673826400000;1.0
05350574;674085600000;1.0
05169833;674776800000;1.0
05389536;674949600000;1.0
05198349;674949600000;1.0
05235036;675640800000;1.0
05258492;675900000000;1.0
05190922;675986400000;1.0
05262521;676245600000;1.0
05166316;676504800000;1.0
05245009;676850400000;1.0
05190873;677455200000;1.0
05403586;677800800000;1.0
05428129;678924000000;1.0
05198536;679528800000;1.0
05248667;679788000000;1.0
05153176;680824800000;1.0
05116947;681688800000;1.0
05414071;682898400000;1.0
05252558;683244000000;1.0
05247070;685317600000;1.0
05236898;685317600000;1.0
05192745;685576800000;1.0
05169763;685663200000;1.0
05238922;686185200000;1.0
05317010;687049200000;1.0
05240832;687567600000;1.0
05430018;687654000000;1.0
05164484;687999600000;1.0
05429939;688172400000;1.0
05354676;688258800000;1.0
05175251;688690800000;1.0
05350835;689295600000;1.0
05439688;689900400000;1.0
05300629;690073200000;1.0
05238821;690591600000;1.0
05443815;691196400000;1.0
05773574;691196400000;1.0
05391704;691196400000;1.0
05256554;691628400000;1.0
05312902;691974000000;1.0
05288931;691974000000;1.0
05364757;692406000000;1.0
05182204;692406000000;1.0
05376370;692838000000;1.0
05977068;692838000000;1.0
05192742;693010800000;1.0
05192538;694393200000;1.0
05319071;695343600000;1.0
05245010;695602800000;1.0
05250421;695602800000;1.0
05210181;696121200000;1.0
05372809;696812400000;1.0
05371184;697244400000;1.0
05338724;697762800000;1.0
05273744;697762800000;1.0
05279822;698454000000;1.0
05506339;698626800000;1.0
05202419;699231600000;1.0
05643876;699663600000;1.0
05349055;699836400000;1.0
05258493;700700400000;1.0
05364771;702597600000;1.0
05290920;703375200000;1.0
05618789;703720800000;1.0
05243030;704066400000;1.0
05252718;704325600000;1.0
05250517;704930400000;1.0
05286847;706226400000;1.0
05212154;706226400000;1.0
05683688;707263200000;1.0
05218091;707954400000;1.0
05614404;708127200000;1.0
05244791;709164000000;1.0
05278146;709768800000;1.0
05464756;709941600000;1.0
05359034;710028000000;1.0
05516656;710546400000;1.0
05378814;710632800000;1.0
05310657;710978400000;1.0
05236903;710978400000;1.0
05231012;711583200000;1.0
05338833;711842400000;1.0
05569601;713397600000;1.0
05328835;714607200000;1.0
05352576;714607200000;1.0
05348940;715471200000;1.0
05441935;715471200000;1.0
05252464;715557600000;1.0
05376544;715903200000;1.0
05374518;717634800000;1.0
05376639;717807600000;1.0
05328988;718326000000;1.0
05364781;718585200000;1.0
05399345;719017200000;1.0
05260189;719103600000;1.0
05359035;719449200000;1.0
05232912;720399600000;1.0
05360788;721350000000;1.0
05444151;721868400000;1.0
05462925;722214000000;1.0
05707864;722473200000;1.0
05320940;722646000000;1.0
05824778;723078000000;1.0
05360728;723164400000;1.0
05734019;724028400000;1.0
05321124;724633200000;1.0
05298603;724892400000;1.0
05747324;724892400000;1.0
05362853;724978800000;1.0
05451570;725670000000;1.0
05367064;727052400000;1.0
05296468;727570800000;1.0
06214969;727916400000;1.0
05420243;728002800000;1.0
05595884;728175600000;1.0
05679548;728607600000;1.0
05349051;728780400000;1.0
05371005;729126000000;1.0
05420026;729471600000;1.0
05371193;729471600000;1.0
05976851;729817200000;1.0
05308835;729903600000;1.0
05389613;729990000000;1.0
05344774;730422000000;1.0
05378804;732236400000;1.0
05484732;732754800000;1.0
05714467;733100400000;1.0
05420252;734306400000;1.0
05686416;735516000000;1.0
05373089;735775200000;1.0
05595739;736725600000;1.0
05491086;737330400000;1.0
05393870;738453600000;1.0
05637488;738885600000;1.0
05374620;739144800000;1.0
05349053;739663200000;1.0
05631154;739663200000;1.0
05585462;739749600000;1.0
05370870;739749600000;1.0
05493006;740181600000;1.0
05461034;740354400000;1.0
05661007;740959200000;1.0
05500355;740959200000;1.0
05288852;741477600000;1.0
05359039;742168800000;1.0
05494895;743292000000;1.0
05461142;743292000000;1.0
05399669;743637600000;1.0
05350671;744847200000;1.0
05573924;745192800000;1.0
05596072;745884000000;1.0
05470970;746834400000;1.0
05476922;748648800000;1.0
05801056;749775600000;1.0
05397772;750639600000;1.0
05519114;751849200000;1.0
05863540;751849200000;1.0
05492813;752108400000;1.0
05482709;752713200000;1.0
05516512;752713200000;1.0
05548061;755132400000;1.0
05585259;755564400000;1.0
05510458;755823600000;1.0
05408040;755823600000;1.0
05385889;755996400000;1.0
05573935;758847600000;1.0
05750652;759106800000;1.0
05489430;759452400000;1.0
05688506;759625200000;1.0
06258556;759711600000;1.0
06274551;760230000000;1.0
05521156;760230000000;1.0
05674977;760402800000;1.0
05585475;760489200000;1.0
05672684;760489200000;1.0
05487898;760575600000;1.0
05550214;760834800000;1.0
05512660;760834800000;1.0
05482708;761785200000;1.0
05629176;762044400000;1.0
05869278;762390000000;1.0
05604091;762476400000;1.0
05985654;762649200000;1.0
05578708;763081200000;1.0
05512457;763686000000;1.0
05698518;764978400000;1.0
05583209;765669600000;1.0
05663060;765669600000;1.0
05856456;765669600000;1.0
05599906;766188000000;1.0
05651963;766447200000;1.0
05633263;767311200000;1.0
05648464;767916000000;1.0
05688511;768175200000;1.0
05652217;768434400000;1.0
05637480;768693600000;1.0
05639638;768693600000;1.0
05760000;768780000000;1.0
05643754;769816800000;1.0
05494663;770508000000;1.0
06287816;770853600000;1.0
06123916;771458400000;1.0
05576290;772408800000;1.0
05789203;772668000000;1.0
05601826;772927200000;1.0
05563121;772927200000;1.0
05601973;774309600000;1.0
06664367;774741600000;1.0
05871956;774828000000;1.0
05543496;775087200000;1.0
05834586;775087200000;1.0
05986068;775346400000;1.0
05571893;776037600000;1.0
06001968;777074400000;1.0
05514650;778111200000;1.0
05700905;778370400000;1.0
05583025;778975200000;1.0
05604293;779320800000;1.0
05633227;779320800000;1.0
05446130;779407200000;1.0
05514651;779666400000;1.0
05516757;779666400000;1.0
05846935;779925600000;1.0
05512661;779925600000;1.0
05493007;780271200000;1.0
05627156;780271200000;1.0
05616494;781311600000;1.0
05677419;781830000000;1.0
05795569;781916400000;1.0
05831000;781916400000;1.0
05556939;782002800000;1.0
05686577;782348400000;1.0
05747339;782434800000;1.0
05550041;782434800000;1.0
05591827;782607600000;1.0
05633230;782953200000;1.0
05605884;783385200000;1.0
05516756;783558000000;1.0
05556836;783644400000;1.0
05552528;783817200000;1.0
05693779;784249200000;1.0
05998153;784249200000;1.0
05696083;784422000000;1.0
05736509;784422000000;1.0
05773411;784767600000;1.0
05965694;784940400000;1.0
05707629;785113200000;1.0
05895646;785545200000;1.0
05849869;785977200000;1.0
05525591;786236400000;1.0
05529984;786322800000;1.0
05665346;786495600000;1.0
05643877;786582000000;1.0
05516759;786841200000;1.0
05663292;787186800000;1.0
05763578;787532400000;1.0
05457046;788050800000;1.0
06066503;789606000000;1.0
05691368;789778800000;1.0
05693530;789778800000;1.0
06143866;790470000000;1.0
05656596;791420400000;1.0
05665870;791506800000;1.0
05840687;791679600000;1.0
05681719;791938800000;1.0
05891680;792198000000;1.0
05552521;792370800000;1.0
05843705;793321200000;1.0
05618696;793407600000;1.0
05606022;793753200000;1.0
05847078;794185200000;1.0
05834244;794185200000;1.0
05863893;794185200000;1.0
05880256;794185200000;1.0
05831008;794444400000;1.0
06013626;794530800000;1.0
06204020;794703600000;1.0
06211142;794790000000;1.0
05792450;795049200000;1.0
05767067;796514400000;1.0
05766581;796514400000;1.0
05874075;796600800000;1.0
05731408;797464800000;1.0
05792460;797464800000;1.0
05569755;798069600000;1.0
05780444;798328800000;1.0
05668108;798328800000;1.0
06103224;798415200000;1.0
06117422;798415200000;1.0
06146851;798415200000;1.0
05767069;798674400000;1.0
05532340;798760800000;1.0
05693612;799192800000;1.0
05700911;800229600000;1.0
05703043;800229600000;1.0
05679772;800488800000;1.0
05807991;800575200000;1.0
05756458;800575200000;1.0
05705609;800575200000;1.0
05723585;800661600000;1.0
06287566;800834400000;1.0
05543497;801093600000;1.0
05889156;801266400000;1.0
05783666;801352800000;1.0
06362319;801439200000;1.0
05714314;801439200000;1.0
06818616;801439200000;1.0
06420531;801871200000;1.0
05744450;802044000000;1.0
05834598;802303200000;1.0
05861476;802303200000;1.0
05788969;802303200000;1.0
05563044;802303200000;1.0
06013506;802303200000;1.0
06018036;802303200000;1.0
05833942;802389600000;1.0
05753618;802389600000;1.0
05820845;802389600000;1.0
06114142;802389600000;1.0
06221577;802389600000;1.0
06010704;802389600000;1.0
05861485;802389600000;1.0
06143523;802389600000;1.0
05945506;802389600000;1.0
06028168;802389600000;1.0
06017523;802389600000;1.0
05736391;802389600000;1.0
05817486;802389600000;1.0
05977306;802389600000;1.0
05858347;802389600000;1.0
06440424;802476000000;1.0
06322779;802476000000;1.0
05849866;802476000000;1.0
05888974;802476000000;1.0
05571790;802476000000;1.0
05952298;802476000000;1.0
06271346;802476000000;1.0
05759818;802476000000;1.0
06787336;802476000000;1.0
05955423;802476000000;1.0
05744446;802476000000;1.0
05861150;802476000000;1.0
05968904;802476000000;1.0
05811391;802476000000;1.0
06303123;802476000000;1.0
05958879;802476000000;1.0
05989836;802476000000;1.0
06099843;802476000000;1.0
05602095;803426400000;1.0
05698516;803426400000;1.0
05846936;803772000000;1.0
05661129;804117600000;1.0
05696089;804376800000;1.0
05650492;804636000000;1.0
05597571;804895200000;1.0
05654174;805068000000;1.0
05723165;805327200000;1.0
06120989;806623200000;1.0
05869448;809301600000;1.0
05622703;809906400000;1.0
05834592;811720800000;1.0
05871742;811983600000;1.0
05773582;812761200000;1.0
05861160;813279600000;1.0
05998580;813538800000;1.0
05696232;813711600000;1.0
05681723;815612400000;1.0
05730984;815698800000;1.0
05874227;815958000000;1.0
05614195;815958000000;1.0
05910481;816217200000;1.0
05627267;816217200000;1.0
05670625;816217200000;1.0
05989804;816303600000;1.0
05610278;816735600000;1.0
05677149;817167600000;1.0
05891998;818031600000;1.0
05789552;818031600000;1.0
05985834;819241200000;1.0
05844074;819327600000;1.0
05627155;819414000000;1.0
05708135;819932400000;1.0
05840857;820191600000;1.0
06030945;821142000000;1.0
05821334;822610800000;1.0
05801145;823820400000;1.0
06174995;825030000000;1.0
05786325;826498800000;1.0
06372206;826844400000;1.0
05866683;828054000000;1.0
05696082;829692000000;1.0
05888963;829778400000;1.0
05883224;829864800000;1.0
06218364;830469600000;1.0
05750509;830815200000;1.0
05948889;832629600000;1.0
05650495;833061600000;1.0
05932703;834098400000;1.0
05756328;835308000000;1.0
05900235;836517600000;1.0
05854216;838159200000;1.0
05849283;839973600000;1.0
05939386;840751200000;1.0
05861379;840751200000;1.0
05646245;840751200000;1.0
05646244;841960800000;1.0
05831015;842392800000;1.0
05668105;842824800000;1.0
05854395;843516000000;1.0
05871740;843688800000;1.0
06001606;844034400000;1.0
05840846;844380000000;1.0
05670365;844552800000;1.0
06747125;844639200000;1.0
05981697;844725600000;1.0
05792746;846457200000;1.0
05827826;847062000000;1.0
05965699;847234800000;1.0
05994104;847407600000;1.0
05912161;847926000000;1.0
05910483;848012400000;1.0
06034061;849654000000;1.0
05792466;850431600000;1.0
05898030;850777200000;1.0
06159934;851036400000;1.0
06174857;851900400000;1.0
05936068;855529200000;1.0
06238915;855702000000;1.0
06010700;856479600000;1.0
06268479;858121200000;1.0
06034062;858207600000;1.0
05916569;859330800000;1.0
05883073;860018400000;1.0
05925730;860709600000;1.0
05922573;861055200000;1.0
05877276;862178400000;1.0
05889144;862351200000;1.0
05804190;862524000000;1.0
05814486;862956000000;1.0
05990276;863128800000;1.0
06355774;863128800000;1.0
06103500;863388000000;1.0
05844084;864338400000;1.0
06255281;864770400000;1.0
05824771;864943200000;1.0
05777073;864943200000;1.0
06504007;865548000000;1.0
05869449;865893600000;1.0
05986059;866152800000;1.0
06395707;867276000000;1.0
06210927;867621600000;1.0
06063901;868572000000;1.0
05985640;869176800000;1.0
06028176;869176800000;1.0
05876730;870904800000;1.0
05919903;871941600000;1.0
05989839;871941600000;1.0
06180604;872028000000;1.0
06001965;872028000000;1.0
06576231;874015200000;1.0
06222022;874360800000;1.0
05977298;874879200000;1.0
06015883;875052000000;1.0
06011010;875138400000;1.0
06046166;875484000000;1.0
05945511;875743200000;1.0
06139832;875829600000;1.0
05985613;876088800000;1.0
06316000;877298400000;1.0
06106805;878166000000;1.0
06132720;879721200000;1.0
06335424;880412400000;1.0
06054556;880671600000;1.0
05989548;882399600000;1.0
06312686;882831600000;1.0
06001960;882831600000;1.0
05914106;884905200000;1.0
05952461;885250800000;1.0
06069233;885769200000;1.0
06375955;887238000000;1.0
06228838;887583600000;1.0
06479254;887929200000;1.0
05998376;888188400000;1.0
06007804;888188400000;1.0
06136563;888274800000;1.0
06057292;888274800000;1.0
06103699;888447600000;1.0
06066482;889743600000;1.0
06153581;890953200000;1.0
06130204;891813600000;1.0
07118750;892591200000;1.0
06051390;896133600000;1.0
06084071;897343200000;1.0
06160093;897516000000;1.0
05935932;897602400000;1.0
06444645;898120800000;1.0
06107021;898293600000;1.0
06479630;898466400000;1.0
06261549;899244000000;1.0
06495661;900972000000;1.0
06348446;901836000000;1.0
06251866;902181600000;1.0
06297357;902354400000;1.0
06599719;902440800000;1.0
06423827;903304800000;1.0
06265534;903564000000;1.0
06051685;904687200000;1.0
06268482;907279200000;1.0
06171592;907538400000;1.0
06133422;912380400000;1.0
07074761;912985200000;1.0
06274712;914367600000;1.0
06809178;915750000000;1.0
06716817;916786800000;1.0
06908619;916873200000;1.0
06319897;917823600000;1.0
06130203;917996400000;1.0
06573363;918774000000;1.0
07005290;919638000000;1.0
06455499;919724400000;1.0
06414114;919810800000;1.0
06613887;919897200000;1.0
06127528;923004000000;1.0
06475988;926287200000;1.0
06517844;926632800000;1.0
06153587;927496800000;1.0
06355681;927756000000;1.0
06406705;928360800000;1.0
06919314;929311200000;1.0
06774218;929656800000;1.0
07115268;929656800000;1.0
06420518;930002400000;1.0
06579850;930261600000;1.0
06756357;931212000000;1.0
06872803;931384800000;1.0
06313272;931471200000;1.0
06835818;931903200000;1.0
06664370;931989600000;1.0
06846803;932680800000;1.0
06890531;933199200000;1.0
06565854;934322400000;1.0
06472369;934495200000;1.0
06344192;935359200000;1.0
06235874;935618400000;1.0
06268339;935618400000;1.0
06783764;936050400000;1.0
06458764;936309600000;1.0
06287794;937260000000;1.0
06660840;937519200000;1.0
06184351;938124000000;1.0
06306663;938469600000;1.0
06323179;939938400000;1.0
06228836;940197600000;1.0
06733997;940888800000;1.0
06943233;941061600000;1.0
06759216;941756400000;1.0
07012130;942015600000;1.0
06846667;942102000000;1.0
06262235;942879600000;1.0
06326463;943830000000;1.0
07129329;944434800000;1.0
06703486;944694000000;1.0
06998116;945039600000;1.0
06764683;945039600000;1.0
06214798;946854000000;1.0
06579715;948150000000;1.0
06294652;948150000000;1.0
06458365;948236400000;1.0
06391633;948409200000;1.0
06326462;948927600000;1.0
07704958;952038000000;1.0
06500929;952297200000;1.0
06635743;952642800000;1.0
07090834;955317600000;1.0
06555343;956095200000;1.0
06982247;957564000000;1.0
06808706;957736800000;1.0
06713052;957823200000;1.0
06624289;959810400000;1.0
07022669;960415200000;1.0
07569660;960501600000;1.0
06586390;961192800000;1.0
06571199;961538400000;1.0
07001993;961624800000;1.0
06426329;961711200000;1.0
06579967;962229600000;1.0
06730486;964735200000;1.0
06489297;964994400000;1.0
06333305;965167200000;1.0
06884423;965772000000;1.0
06776984;966463200000;1.0
06642353;969400800000;1.0
06538106;969573600000;1.0
06677442;972860400000;1.0
06673897;972946800000;1.0
06632621;975020400000;1.0
06750321;975279600000;1.0
06608028;975279600000;1.0
06693079;975366000000;1.0
06693078;975366000000;1.0
06680298;975366000000;1.0
06683053;975366000000;1.0
06632794;975366000000;1.0
06620789;975366000000;1.0
06713451;975366000000;1.0
06767722;975366000000;1.0
06653449;975625200000;1.0
06512014;976662000000;1.0
06617423;977266800000;1.0
06841657;977353200000;1.0
06562946;977439600000;1.0
06849597;977958000000;1.0
07041787;978044400000;1.0
06458761;980118000000;1.0
06486302;980290800000;1.0
06693083;981932400000;1.0
06824659;982191600000;1.0
06887845;982278000000;1.0
07285618;983833200000;1.0
07300772;984092400000;1.0
06696414;984438000000;1.0
06902908;984524400000;1.0
07001729;984524400000;1.0
06887670;984524400000;1.0
06906175;984697200000;1.0
06906174;984697200000;1.0
06966992;984956400000;1.0
06809177;985816800000;1.0
06962978;986940000000;1.0
06344314;987026400000;1.0
06893843;987112800000;1.0
06743778;987976800000;1.0
06559289;987976800000;1.0
06673769;989445600000;1.0
06800492;990655200000;1.0
07597886;994370400000;1.0
06841532;996530400000;1.0
06746668;998344800000;1.0
07148034;1000159200000;1.0
06770744;1000850400000;1.0
06762280;1001368800000;1.0
06521599;1002664800000;1.0
06784154;1004569200000;1.0
07144579;1006902000000;1.0
06638503;1006902000000;1.0
06878813;1008025200000;1.0
07128913;1008025200000;1.0
06863891;1010530800000;1.0
07118749;1010962800000;1.0
06683060;1014591600000;1.0
07189689;1016146800000;1.0
06849600;1017010800000;1.0
07071165;1017957600000;1.0
07214768;1018216800000;1.0
06790448;1020808800000;1.0
06902720;1020981600000;1.0
06867191;1022191200000;1.0
07012132;1025215200000;1.0
06919080;1026338400000;1.0
07141262;1026424800000;1.0
06800280;1029880800000;1.0
06930086;1031695200000;1.0
07402558;1031781600000;1.0
07094755;1032904800000;1.0
07166693;1034546400000;1.0
07674769;1034632800000;1.0
06989367;1036105200000;1.0
07169894;1036364400000;1.0
07258997;1037833200000;1.0
06936475;1038783600000;1.0
07271242;1040166000000;1.0
06995135;1042758000000;1.0
07041635;1043708400000;1.0
06977242;1043708400000;1.0
07220558;1046646000000;1.0
07001982;1049061600000;1.0
07432243;1049666400000;1.0
07147856;1050012000000;1.0
07531522;1050271200000;1.0
06930097;1050876000000;1.0
07700562;1058911200000;1.0
RE039496;1060812000000;1.0
07247703;1061416800000;1.0
07378234;1061935200000;1.0
07037707;1062626400000;1.0
07176292;1063231200000;1.0
07331920;1064959200000;1.0
07214367;1067209200000;1.0
07385027;1073343600000;1.0
07208486;1078268400000;1.0
07235543;1078268400000;1.0
07192944;1078268400000;1.0
07553930;1078441200000;1.0
07446173;1079391600000;1.0
07125842;1081116000000;1.0
07345020;1083880800000;1.0
07084245;1084312800000;1.0
07268118;1085522400000;1.0
07285533;1086300000000;1.0
07834258;1088546400000;1.0
07763704;1088719200000;1.0
07378390;1090188000000;1.0
07326782;1093212000000;1.0
07122634;1094767200000;1.0
07402407;1094767200000;1.0
07285534;1102287600000;1.0
07115562;1105398000000;1.0
07605121;1106521200000;1.0
07338770;1108076400000;1.0
07722880;1109286000000;1.0
07674604;1110841200000;1.0
07491490;1115848800000;1.0
07585836;1115935200000;1.0
RE039887;1117663200000;1.0
07795399;1118959200000;1.0
07544662;1123192800000;1.0
07807397;1124402400000;1.0
07238511;1126044000000;1.0
07192920;1126562400000;1.0
07439347;1129154400000;1.0
07449445;1129672800000;1.0
07566447;1129759200000;1.0
07790675;1130364000000;1.0
07414105;1130364000000;1.0
07226910;1130450400000;1.0
07632819;1130713200000;1.0
07125702;1133132400000;1.0
07785579;1140994800000;1.0
07384916;1142377200000;1.0
07785588;1156197600000;1.0
07407938;1160431200000;1.0
07544655;1163718000000;1.0
07642244;1164927600000;1.0
07485446;1172012400000;1.0
07705119;1181080800000;1.0
07381556;1182981600000;1.0
07812126;1204585200000;1.0
07741289;1208815200000;1.0
07459442;1208988000000;1.0
07732413;1208988000000;1.0
07799339;1209506400000;1.0
07855175;1215727200000;1.0
