id;ts;originality
03866791;74905200000;1.0
03895407;111711600000;1.0
03889837;128214000000;1.0
03899107;145494000000;1.0
03972130;149727600000;1.0
03962745;154220400000;1.0
03988908;175388400000;1.0
04009598;186188400000;1.0
04024599;189039600000;1.0
04035927;195260400000;1.0
04119116;200181600000;1.0
04040140;201132000000;1.0
04068340;203724000000;1.0
04085877;222476400000;1.0
04145002;223513200000;1.0
04159554;231717600000;1.0
04129954;236901600000;1.0
04190181;255913200000;1.0
04206340;266709600000;1.0
04225814;271634400000;1.0
04209875;271634400000;1.0
04213250;277945200000;1.0
04203537;280018800000;1.0
04199835;287622000000;1.0
04249090;293407200000;1.0
04257789;297554400000;1.0
04237572;298159200000;1.0
04247013;301874400000;1.0
04300087;301874400000;1.0
04269571;303429600000;1.0
04288886;304207200000;1.0
04267869;309654000000;1.0
04366367;311468400000;1.0
04307588;319849200000;1.0
04300296;322354800000;1.0
04328899;326325600000;1.0
04297761;330818400000;1.0
04318478;331336800000;1.0
04360949;332373600000;1.0
04368747;342918000000;1.0
04372448;344473200000;1.0
04429817;355010400000;1.0
04366593;356565600000;1.0
04422247;362613600000;1.0
04436217;376268400000;1.0
04484399;397346400000;1.0
04444213;405903600000;1.0
04446706;408754800000;1.0
04458705;409791600000;1.0
04457042;409791600000;1.0
04496826;414025200000;1.0
04630625;420415200000;1.0
04517705;423352800000;1.0
04490878;423784800000;1.0
04541142;427672800000;1.0
04542551;433724400000;1.0
04531307;441327600000;1.0
04559665;447030000000;1.0
04573237;450396000000;1.0
04554700;461455200000;1.0
04571772;465170400000;1.0
04621390;466124400000;1.0
04680948;474159600000;1.0
04688340;474678000000;1.0
04594801;475282800000;1.0
04592471;481240800000;1.0
04644606;481759200000;1.0
04703872;482536800000;1.0
04583260;484783200000;1.0
04589150;485042400000;1.0
04640028;486079200000;1.0
04617693;497142000000;1.0
04670701;501116400000;1.0
04728016;504486000000;1.0
04654924;504831600000;1.0
04697687;506127600000;1.0
04678485;507164400000;1.0
04631934;508546800000;1.0
04686736;509151600000;1.0
04662947;511570800000;1.0
04732431;517010400000;1.0
04653713;521676000000;1.0
04689905;522885600000;1.0
04718441;522885600000;1.0
04757567;523490400000;1.0
04734017;523749600000;1.0
04798613;525996000000;1.0
04905341;527292000000;1.0
04768254;528332400000;1.0
04842001;530406000000;1.0
04770712;537663600000;1.0
04724574;543106800000;1.0
04826539;550965600000;1.0
04825501;555026400000;1.0
04918290;558568800000;1.0
04779365;559346400000;1.0
04802265;560041200000;1.0
04748993;560732400000;1.0
04773114;562806000000;1.0
04761850;564015600000;1.0
04951346;565830000000;1.0
04852759;573260400000;1.0
04854537;576453600000;1.0
04832206;577317600000;1.0
04830200;581032800000;1.0
04910828;583624800000;1.0
04876762;585525600000;1.0
04879784;587080800000;1.0
04903421;598230000000;1.0
04856139;602290800000;1.0
05035586;608940000000;1.0
04956892;610149600000;1.0
04958403;611359200000;1.0
04969272;613692000000;1.0
05105485;615074400000;1.0
05024361;615679200000;1.0
04979316;621640800000;1.0
05144716;623545200000;1.0
05005251;624841200000;1.0
04993105;625359600000;1.0
05000209;626569200000;1.0
04955106;632530800000;1.0
05020186;633135600000;1.0
05054160;633222000000;1.0
04961245;634172400000;1.0
04984328;638488800000;1.0
05070574;639698400000;1.0
05146647;641772000000;1.0
05056245;646524000000;1.0
05033659;647128800000;1.0
05076304;651794400000;1.0
05056187;652053600000;1.0
05012934;653522400000;1.0
05095573;654300000000;1.0
05064455;656809200000;1.0
05095576;659833200000;1.0
05123266;660351600000;1.0
05161319;661647600000;1.0
05142802;664671600000;1.0
05109990;668127600000;1.0
05060341;668386800000;1.0
05116219;668732400000;1.0
05115822;669423600000;1.0
05086917;669596400000;1.0
05186193;671061600000;1.0
05183279;671148000000;1.0
05157805;671666400000;1.0
05121843;672876000000;1.0
05114146;677714400000;1.0
05114019;682639200000;1.0
05205013;683157600000;1.0
05183280;687049200000;1.0
05168598;692319600000;1.0
05195563;694911600000;1.0
05158184;694998000000;1.0
05253493;698367600000;1.0
05145499;698626800000;1.0
05265318;705708000000;1.0
05210960;716421600000;1.0
05318190;717285600000;1.0
05390433;726361200000;1.0
05267371;730076400000;1.0
05318056;732236400000;1.0
05404611;738885600000;1.0
05423437;741909600000;1.0
05410775;743205600000;1.0
05365632;749257200000;1.0
05392484;754786800000;1.0
05487203;758242800000;1.0
05421542;765410400000;1.0
05419000;768434400000;1.0
05473790;768693600000;1.0
05426810;769644000000;1.0
05547087;771199200000;1.0
05509167;772149600000;1.0
05507068;772236000000;1.0
05504970;772408800000;1.0
05440777;773359200000;1.0
05437074;775087200000;1.0
05461752;781830000000;1.0
05493751;783903600000;1.0
05546628;784767600000;1.0
05548865;786754800000;1.0
05555592;786754800000;1.0
05488749;787186800000;1.0
05491862;787446000000;1.0
05479673;787964400000;1.0
05594975;792630000000;1.0
05617605;792889200000;1.0
05509169;801266400000;1.0
05570068;801439200000;1.0
05653818;803858400000;1.0
05491868;804117600000;1.0
05586357;805327200000;1.0
05513770;805327200000;1.0
05540501;811634400000;1.0
05809608;811983600000;1.0
05875509;815094000000;1.0
05680668;818377200000;1.0
05709005;820105200000;1.0
05850663;823647600000;1.0
05702195;824338800000;1.0
05692316;826153200000;1.0
05665169;827362800000;1.0
05826297;830210400000;1.0
05615441;833925600000;1.0
05632099;836776800000;1.0
05713097;838764000000;1.0
05724695;841269600000;1.0
05783918;847234800000;1.0
05791006;852678000000;1.0
05875515;854406000000;1.0
05836041;861573600000;1.0
05920947;863733600000;1.0
05799357;864165600000;1.0
05915434;867276000000;1.0
05918341;870300000000;1.0
05836043;871855200000;1.0
05813084;876434400000;1.0
06000137;878166000000;1.0
05896616;878511600000;1.0
05966772;879116400000;1.0
05781957;879721200000;1.0
05806134;882486000000;1.0
06000091;882745200000;1.0
05822825;883090800000;1.0
05971201;885423600000;1.0
05996163;889138800000;1.0
06126756;892418400000;1.0
05920944;894232800000;1.0
06018836;894405600000;1.0
05920946;896047200000;1.0
05857234;896565600000;1.0
06062389;897429600000;1.0
05967342;901663200000;1.0
05996161;903391200000;1.0
05983435;903391200000;1.0
06462564;903650400000;1.0
06466037;903650400000;1.0
06009590;903909600000;1.0
06061862;904255200000;1.0
06170112;907279200000;1.0
06195831;910134000000;1.0
06243911;912726000000;1.0
06062397;914194800000;1.0
06199241;916095600000;1.0
06243906;917218800000;1.0
06067686;917478000000;1.0
06036388;918687600000;1.0
05987694;918774000000;1.0
06735840;920502000000;1.0
06125497;921798000000;1.0
06182324;922230000000;1.0
06148466;923522400000;1.0
06313049;925423200000;1.0
06105196;926373600000;1.0
06253454;928879200000;1.0
06216306;934495200000;1.0
06240594;935100000000;1.0
06305047;936655200000;1.0
06254691;939074400000;1.0
06233780;940370400000;1.0
06161246;943916400000;1.0
06237225;945903600000;1.0
D0505526;949359600000;1.0
06397427;951692400000;1.0
06477733;952988400000;1.0
06513192;959292000000;1.0
06431392;965340000000;1.0
07124465;968968800000;1.0
06470574;971733600000;1.0
06574825;974415600000;1.0
06598257;979081200000;1.0
06470526;979599600000;1.0
06629331;980204400000;1.0
06543069;983833200000;1.0
06601262;986853600000;1.0
D0503836;986940000000;1.0
06622340;994975200000;1.0
06463619;995320800000;1.0
D0506046;997653600000;1.0
06718852;1004310000000;1.0
D0524499;1005778800000;1.0
06643888;1007593200000;1.0
D0526754;1008889200000;1.0
06561391;1009407600000;1.0
D0521200;1011308400000;1.0
06871377;1011308400000;1.0
06679948;1011740400000;1.0
06643892;1016060400000;1.0
06973695;1019685600000;1.0
06846789;1019772000000;1.0
D0528720;1020808800000;1.0
D0510467;1022536800000;1.0
06854910;1028498400000;1.0
D0501590;1030658400000;1.0
06634035;1031004000000;1.0
D0518263;1034028000000;1.0
D0521201;1034892000000;1.0
D0504987;1036364400000;1.0
D0602215;1036364400000;1.0
06671978;1037142000000;1.0
06915921;1040857200000;1.0
D0509035;1040943600000;1.0
07174227;1040943600000;1.0
06978506;1041894000000;1.0
D0517758;1042412400000;1.0
06651288;1043103600000;1.0
D0507385;1045522800000;1.0
D0518264;1045609200000;1.0
D0507852;1045782000000;1.0
D0502578;1045782000000;1.0
D0532569;1046041200000;1.0
D0522702;1046041200000;1.0
RE039388;1046214000000;1.0
D0507853;1046214000000;1.0
D0508155;1046818800000;1.0
D0515761;1046905200000;1.0
D0509034;1048633200000;1.0
07318247;1048719600000;1.0
D0505527;1049061600000;1.0
D0507408;1049061600000;1.0
D0518935;1049148000000;1.0
D0501691;1049407200000;1.0
D0548415;1049752800000;1.0
D0547511;1049752800000;1.0
07103936;1050012000000;1.0
D0519280;1050012000000;1.0
D0516262;1050012000000;1.0
D0506047;1050530400000;1.0
D0510647;1050530400000;1.0
D0502789;1050530400000;1.0
D0520696;1050616800000;1.0
D0514766;1050876000000;1.0
D0523199;1050962400000;1.0
D0515263;1050962400000;1.0
D0518261;1051048800000;1.0
D0538494;1051048800000;1.0
D0505234;1052258400000;1.0
D0510783;1052431200000;1.0
D0510782;1052863200000;1.0
D0501969;1052949600000;1.0
D0547067;1053036000000;1.0
D0501065;1053036000000;1.0
D0506045;1053295200000;1.0
D0524496;1053295200000;1.0
D0528719;1053295200000;1.0
D0502298;1053295200000;1.0
D0501966;1053295200000;1.0
06732402;1053468000000;1.0
D0520207;1053468000000;1.0
D0514764;1053468000000;1.0
D0505235;1053554400000;1.0
D0507855;1053554400000;1.0
D0520698;1053554400000;1.0
07069616;1053640800000;1.0
D0514265;1053986400000;1.0
D0516263;1053986400000;1.0
D0519689;1054072800000;1.0
D0512191;1054072800000;1.0
D0511031;1054072800000;1.0
D0511403;1054072800000;1.0
D0501585;1054072800000;1.0
D0510164;1054504800000;1.0
D0501963;1054677600000;1.0
D0501586;1054677600000;1.0
D0538987;1055368800000;1.0
06796000;1055455200000;1.0
D0502580;1055541600000;1.0
07174599;1055973600000;1.0
D0521705;1056578400000;1.0
D0513341;1056924000000;1.0
D0548417;1057096800000;1.0
D0504199;1057528800000;1.0
D0506070;1057528800000;1.0
D0507086;1057528800000;1.0
D0500644;1057528800000;1.0
D0504198;1057788000000;1.0
D0503253;1057788000000;1.0
06833034;1057788000000;1.0
D0507686;1058824800000;1.0
D0502790;1058997600000;1.0
D0504750;1059602400000;1.0
D0508759;1060034400000;1.0
D0511032;1060034400000;1.0
07418760;1060034400000;1.0
D0506584;1060207200000;1.0
D0501692;1060207200000;1.0
D0545011;1060293600000;1.0
D0509333;1060552800000;1.0
D0524002;1060812000000;1.0
D0514757;1061157600000;1.0
07137168;1061244000000;1.0
D0509634;1061503200000;1.0
D0502579;1061503200000;1.0
D0512530;1061762400000;1.0
07207460;1061935200000;1.0
D0513102;1062540000000;1.0
07028366;1063144800000;1.0
D0502295;1063231200000;1.0
D0511873;1063317600000;1.0
D0511872;1063317600000;1.0
D0513444;1063317600000;1.0
D0518260;1063663200000;1.0
D0503540;1063663200000;1.0
D0509033;1063663200000;1.0
D0509364;1064181600000;1.0
06971138;1064181600000;1.0
D0525004;1064181600000;1.0
D0545974;1064268000000;1.0
D0519251;1064440800000;1.0
D0525402;1064959200000;1.0
D0503251;1065132000000;1.0
D0503250;1065391200000;1.0
D0509334;1065650400000;1.0
D0507387;1065736800000;1.0
D0506043;1066082400000;1.0
D0508952;1066082400000;1.0
D0511626;1066082400000;1.0
D0501282;1066082400000;1.0
D0509930;1066168800000;1.0
D0515261;1066168800000;1.0
D0504548;1066255200000;1.0
D0510465;1066773600000;1.0
D0508608;1066860000000;1.0
D0501967;1066860000000;1.0
D0502299;1066946400000;1.0
D0503252;1067382000000;1.0
D0541498;1067382000000;1.0
D0515759;1067382000000;1.0
D0506608;1067554800000;1.0
D0508152;1067554800000;1.0
D0502297;1067554800000;1.0
D0501964;1067554800000;1.0
D0505761;1067814000000;1.0
D0503835;1067986800000;1.0
D0506856;1067986800000;1.0
D0506041;1067986800000;1.0
D0511233;1067986800000;1.0
D0502324;1067986800000;1.0
D0502002;1067986800000;1.0
D0501728;1067986800000;1.0
D0501971;1067986800000;1.0
D0504986;1068073200000;1.0
D0514267;1068505200000;1.0
D0541500;1068591600000;1.0
D0509332;1068678000000;1.0
D0508153;1069110000000;1.0
D0522190;1069110000000;1.0
D0546510;1069196400000;1.0
D0506298;1069282800000;1.0
D0503316;1069369200000;1.0
D0506855;1069628400000;1.0
D0525403;1069628400000;1.0
D0515258;1069628400000;1.0
D0522202;1069974000000;1.0
D0531773;1070578800000;1.0
D0527154;1070578800000;1.0
D0549536;1071010800000;1.0
D0514760;1071010800000;1.0
D0504985;1071097200000;1.0
D0506297;1071097200000;1.0
D0507088;1071097200000;1.0
D0515760;1071183600000;1.0
D0501965;1071442800000;1.0
D0514755;1072047600000;1.0
06877181;1072738800000;1.0
D0520844;1072825200000;1.0
D0514817;1072825200000;1.0
D0525405;1072998000000;1.0
D0516759;1072998000000;1.0
D0501587;1073257200000;1.0
D0509933;1073430000000;1.0
D0513101;1073516400000;1.0
D0530051;1073862000000;1.0
D0518607;1073948400000;1.0
D0506585;1073948400000;1.0
D0530050;1073948400000;1.0
D0502577;1073948400000;1.0
D0518265;1074121200000;1.0
D0524501;1074121200000;1.0
D0524003;1074121200000;1.0
D0509935;1074207600000;1.0
D0517264;1074553200000;1.0
D0517760;1074553200000;1.0
D0511231;1074639600000;1.0
D0504777;1075158000000;1.0
D0515821;1075158000000;1.0
D0518613;1075244400000;1.0
D0505759;1075417200000;1.0
D0517327;1075849200000;1.0
D0510161;1075849200000;1.0
D0507087;1075935600000;1.0
06922865;1075935600000;1.0
D0513351;1075935600000;1.0
D0509331;1076022000000;1.0
D0509931;1076022000000;1.0
D0514759;1076022000000;1.0
D0518254;1076281200000;1.0
D0518255;1076281200000;1.0
D0506044;1076454000000;1.0
D0520688;1076626800000;1.0
D0525752;1076626800000;1.0
D0541496;1076626800000;1.0
D0554313;1076626800000;1.0
D0547510;1076972400000;1.0
D0541501;1076972400000;1.0
D0506586;1077058800000;1.0
D0506048;1077058800000;1.0
D0508154;1077058800000;1.0
D0508593;1077145200000;1.0
07210188;1077231600000;1.0
D0510162;1077231600000;1.0
D0525003;1077490800000;1.0
D0502300;1077490800000;1.0
D0501970;1077490800000;1.0
D0501588;1077490800000;1.0
D0507388;1077750000000;1.0
D0531367;1077836400000;1.0
D0533324;1077836400000;1.0
D0508151;1077836400000;1.0
D0537590;1077836400000;1.0
D0539997;1077836400000;1.0
07730570;1077836400000;1.0
D0502301;1077836400000;1.0
D0571968;1078182000000;1.0
D0536496;1078182000000;1.0
D0561962;1078182000000;1.0
D0561961;1078182000000;1.0
D0555855;1078182000000;1.0
D0529676;1078182000000;1.0
D0554817;1078182000000;1.0
D0556969;1078268400000;1.0
06892419;1078268400000;1.0
07080952;1078268400000;1.0
D0521698;1078354800000;1.0
D0510466;1078441200000;1.0
D0505760;1078700400000;1.0
D0507085;1078700400000;1.0
D0502581;1078700400000;1.0
D0512544;1078786800000;1.0
D0515255;1078786800000;1.0
D0520203;1078873200000;1.0
D0545514;1078959600000;1.0
D0535072;1078959600000;1.0
D0520206;1078959600000;1.0
D0524495;1079046000000;1.0
D0503999;1079305200000;1.0
D0526752;1079305200000;1.0
D0502296;1079305200000;1.0
D0515752;1079305200000;1.0
D0530049;1079391600000;1.0
D0510165;1079391600000;1.0
D0528723;1079391600000;1.0
D0518928;1079478000000;1.0
D0501283;1079478000000;1.0
D0501589;1079478000000;1.0
D0517757;1079650800000;1.0
D0506049;1079650800000;1.0
D0509633;1079650800000;1.0
D0509934;1079650800000;1.0
D0523597;1079650800000;1.0
D0537216;1079650800000;1.0
D0528721;1079650800000;1.0
D0507384;1079910000000;1.0
D0520196;1079910000000;1.0
D0506857;1080082800000;1.0
D0505528;1080082800000;1.0
D0510163;1080082800000;1.0
D0502792;1080082800000;1.0
D0502791;1080082800000;1.0
D0524999;1080169200000;1.0
D0521699;1080597600000;1.0
D0537584;1080597600000;1.0
D0502788;1080856800000;1.0
D0568017;1080856800000;1.0
D0509632;1081375200000;1.0
D0518609;1081461600000;1.0
D0549906;1081461600000;1.0
D0512545;1081720800000;1.0
D0507389;1081807200000;1.0
D0516257;1081807200000;1.0
D0549907;1081893600000;1.0
D0507854;1081980000000;1.0
D0509932;1081980000000;1.0
D0511597;1081980000000;1.0
D0520699;1082325600000;1.0
D0558420;1082930400000;1.0
D0513099;1083016800000;1.0
D0502302;1083016800000;1.0
D0504749;1083103200000;1.0
D0575469;1083103200000;1.0
D0503020;1083189600000;1.0
D0530867;1083189600000;1.0
D0530868;1083189600000;1.0
D0501968;1083189600000;1.0
D0522198;1083276000000;1.0
D0519255;1083621600000;1.0
D0519249;1083794400000;1.0
D0522192;1083794400000;1.0
D0538988;1083794400000;1.0
D0515753;1083794400000;1.0
D0564161;1084226400000;1.0
D0517393;1084485600000;1.0
D0517895;1084485600000;1.0
D0511601;1084485600000;1.0
D0513813;1084744800000;1.0
D0549908;1084831200000;1.0
D0520197;1084831200000;1.0
D0511871;1084831200000;1.0
D0525401;1084831200000;1.0
D0519352;1084917600000;1.0
07363678;1084917600000;1.0
D0518614;1085004000000;1.0
D0518929;1085004000000;1.0
D0518257;1085004000000;1.0
D0521703;1085004000000;1.0
D0564157;1085004000000;1.0
D0535073;1085349600000;1.0
D0521196;1085349600000;1.0
D0534700;1085349600000;1.0
D0518250;1085522400000;1.0
D0514756;1085522400000;1.0
D0516258;1085522400000;1.0
D0545520;1085608800000;1.0
D0544162;1085695200000;1.0
D0524998;1085695200000;1.0
D0506042;1086040800000;1.0
D0507386;1086040800000;1.0
D0538984;1086040800000;1.0
D0518936;1086127200000;1.0
D0523596;1086127200000;1.0
D0527852;1086127200000;1.0
D0516757;1086127200000;1.0
D0518615;1086213600000;1.0
D0553315;1086213600000;1.0
D0527505;1086300000000;1.0
D0513100;1086300000000;1.0
D0515754;1086300000000;1.0
D0518932;1086559200000;1.0
D0518252;1086559200000;1.0
D0514266;1086559200000;1.0
D0526750;1086645600000;1.0
D0515259;1086645600000;1.0
D0558945;1086818400000;1.0
D0508586;1086818400000;1.0
D0533690;1086818400000;1.0
D0537995;1087164000000;1.0
D0547512;1087250400000;1.0
D0502001;1087250400000;1.0
D0534323;1087509600000;1.0
D0553819;1087941600000;1.0
D0549909;1088028000000;1.0
D0554316;1088460000000;1.0
D0519688;1088546400000;1.0
D0533323;1088632800000;1.0
D0512567;1088632800000;1.0
D0506299;1088719200000;1.0
D0525002;1088719200000;1.0
D0522195;1089064800000;1.0
D0515756;1089151200000;1.0
D0529244;1089151200000;1.0
D0518258;1089324000000;1.0
D0538486;1089324000000;1.0
D0558937;1089583200000;1.0
D0544668;1089583200000;1.0
D0554815;1089583200000;1.0
D0559490;1089669600000;1.0
D0511234;1089669600000;1.0
D0527500;1089669600000;1.0
D0555316;1089669600000;1.0
D0515262;1089669600000;1.0
D0510464;1089756000000;1.0
D0533692;1089928800000;1.0
D0521199;1089928800000;1.0
D0538490;1089928800000;1.0
D0511598;1089928800000;1.0
D0547508;1090188000000;1.0
D0518937;1090360800000;1.0
D0506050;1090447200000;1.0
D0505762;1090447200000;1.0
D0519694;1090533600000;1.0
D0518610;1090965600000;1.0
D0531369;1091138400000;1.0
D0513443;1091138400000;1.0
D0547513;1091484000000;1.0
D0509929;1092088800000;1.0
D0529245;1092088800000;1.0
D0519250;1092175200000;1.0
D0520692;1092175200000;1.0
D0515757;1092175200000;1.0
D0515755;1092175200000;1.0
D0518927;1092348000000;1.0
D0530462;1092348000000;1.0
D0509936;1092348000000;1.0
D0546511;1092693600000;1.0
D0505525;1092866400000;1.0
D0511232;1092866400000;1.0
D0519253;1092952800000;1.0
D0516763;1092952800000;1.0
D0519690;1093298400000;1.0
D0511358;1093298400000;1.0
D0529243;1093298400000;1.0
D0519254;1093384800000;1.0
D0522196;1093384800000;1.0
D0521704;1093384800000;1.0
D0520199;1093384800000;1.0
D0523197;1093384800000;1.0
D0553316;1093471200000;1.0
D0555854;1093471200000;1.0
D0509107;1093903200000;1.0
D0511869;1093903200000;1.0
D0525000;1093989600000;1.0
D0517754;1094076000000;1.0
D0530871;1094162400000;1.0
D0519693;1094162400000;1.0
D0538495;1094162400000;1.0
D0518612;1094594400000;1.0
D0518930;1094594400000;1.0
D0518931;1094594400000;1.0
D0545012;1094594400000;1.0
D0532940;1094594400000;1.0
D0532566;1094594400000;1.0
D0511599;1094594400000;1.0
D0518611;1094680800000;1.0
D0518933;1094680800000;1.0
D0512543;1094680800000;1.0
D0513097;1094680800000;1.0
D0513548;1094680800000;1.0
D0516259;1094680800000;1.0
D0518259;1095026400000;1.0
D0548906;1095026400000;1.0
D0520693;1095026400000;1.0
D0512192;1095112800000;1.0
D0518249;1095199200000;1.0
D0517755;1095199200000;1.0
D0512802;1095199200000;1.0
D0526101;1095199200000;1.0
D0510781;1095199200000;1.0
D0513098;1095199200000;1.0
D0515260;1095285600000;1.0
D0522199;1095372000000;1.0
D0559486;1095631200000;1.0
D0547551;1095631200000;1.0
D0549417;1095631200000;1.0
D0563067;1095631200000;1.0
D0539496;1095631200000;1.0
D0518143;1095717600000;1.0
D0520198;1095804000000;1.0
D0523193;1095976800000;1.0
D0511600;1095976800000;1.0
D0528714;1095976800000;1.0
D0517254;1096236000000;1.0
D0519252;1096236000000;1.0
D0515257;1096236000000;1.0
D0520312;1096322400000;1.0
D0522701;1096581600000;1.0
D0518262;1096927200000;1.0
D0576368;1097013600000;1.0
D0511033;1097013600000;1.0
D0519695;1097100000000;1.0
D0514758;1097100000000;1.0
D0544665;1097532000000;1.0
D0535069;1097532000000;1.0
D0514761;1097532000000;1.0
D0523600;1097618400000;1.0
D0525399;1097618400000;1.0
D0537996;1097704800000;1.0
D0506587;1097791200000;1.0
D0544163;1097791200000;1.0
D0517261;1098136800000;1.0
D0530471;1098136800000;1.0
D0522200;1098136800000;1.0
D0521701;1098136800000;1.0
D0520690;1098136800000;1.0
D0539494;1098223200000;1.0
D0564721;1098223200000;1.0
D0525404;1098309600000;1.0
D0519698;1098655200000;1.0
D0512803;1098741600000;1.0
D0516762;1098828000000;1.0
D0549914;1098914400000;1.0
D0527854;1099000800000;1.0
D0511230;1099263600000;1.0
D0527507;1099263600000;1.0
D0517260;1099350000000;1.0
D0534699;1099350000000;1.0
D0512193;1099350000000;1.0
D0513649;1099350000000;1.0
D0513648;1099350000000;1.0
D0516761;1099350000000;1.0
D0523599;1099436400000;1.0
07140580;1099522800000;1.0
D0548908;1099522800000;1.0
D0508760;1099522800000;1.0
D0515758;1099609200000;1.0
D0511870;1099868400000;1.0
D0568018;1099868400000;1.0
D0518253;1099954800000;1.0
D0533320;1100127600000;1.0
D0521695;1100214000000;1.0
D0519696;1100473200000;1.0
D0522194;1100473200000;1.0
07437794;1100473200000;1.0
D0537219;1100473200000;1.0
D0526102;1100473200000;1.0
D0525755;1100473200000;1.0
D0511198;1100473200000;1.0
07367078;1101078000000;1.0
D0521696;1101250800000;1.0
D0520694;1101250800000;1.0
D0516760;1101250800000;1.0
D0541502;1101250800000;1.0
D0534325;1101682800000;1.0
D0548413;1101855600000;1.0
D0546509;1102287600000;1.0
D0531774;1102374000000;1.0
D0521697;1102374000000;1.0
07134163;1102374000000;1.0
D0527855;1102374000000;1.0
D0544164;1102460400000;1.0
D0509964;1102978800000;1.0
D0511046;1102978800000;1.0
D0522191;1103065200000;1.0
D0541997;1103065200000;1.0
D0517759;1103151600000;1.0
D0514765;1103151600000;1.0
D0531766;1103238000000;1.0
D0563615;1103583600000;1.0
D0514763;1103583600000;1.0
D0524004;1103670000000;1.0
D0515256;1103756400000;1.0
D0524497;1104102000000;1.0
D0548414;1104274800000;1.0
D0513924;1104274800000;1.0
D0582117;1104879600000;1.0
D0582118;1104879600000;1.0
D0582119;1104879600000;1.0
D0528254;1104879600000;1.0
D0544161;1105052400000;1.0
D0551410;1105052400000;1.0
D0528717;1105052400000;1.0
D0534697;1105311600000;1.0
D0520205;1105398000000;1.0
D0523194;1105398000000;1.0
D0521137;1105657200000;1.0
D0520127;1105657200000;1.0
D0543324;1105743600000;1.0
D0545515;1106002800000;1.0
D0570558;1106002800000;1.0
D0527152;1106002800000;1.0
D0532166;1106089200000;1.0
06978556;1106089200000;1.0
D0536492;1106262000000;1.0
D0553815;1106262000000;1.0
D0529248;1106262000000;1.0
D0545021;1106521200000;1.0
D0519697;1106521200000;1.0
D0533695;1106521200000;1.0
D0552817;1106521200000;1.0
07370384;1106780400000;1.0
D0523195;1106780400000;1.0
D0545516;1106866800000;1.0
D0544667;1106866800000;1.0
D0552812;1106866800000;1.0
D0554309;1106866800000;1.0
D0549414;1107126000000;1.0
D0523196;1107126000000;1.0
D0537589;1107212400000;1.0
D0552318;1107212400000;1.0
D0595022;1107212400000;1.0
D0555314;1107212400000;1.0
D0524502;1107298800000;1.0
D0522700;1107730800000;1.0
D0519699;1107817200000;1.0
D0516765;1107817200000;1.0
D0529249;1107817200000;1.0
D0533691;1108076400000;1.0
D0532567;1108076400000;1.0
D0525001;1108076400000;1.0
D0526748;1108422000000;1.0
D0534326;1108594800000;1.0
D0523192;1108594800000;1.0
D0583520;1109199600000;1.0
D0604917;1109286000000;1.0
D0518248;1109545200000;1.0
D0528255;1109545200000;1.0
D0527503;1109545200000;1.0
D0527504;1109545200000;1.0
D0566360;1109545200000;1.0
D0516764;1109631600000;1.0
D0515762;1109631600000;1.0
D0517753;1109718000000;1.0
D0521700;1109718000000;1.0
D0541495;1109804400000;1.0
D0520195;1110841200000;1.0
D0523598;1110841200000;1.0
D0528715;1110841200000;1.0
D0530473;1110927600000;1.0
D0533698;1110927600000;1.0
D0529246;1110927600000;1.0
D0529672;1110927600000;1.0
D0542484;1111014000000;1.0
D0530472;1111014000000;1.0
D0529247;1111100400000;1.0
D0531770;1111359600000;1.0
D0545519;1111359600000;1.0
D0519282;1111359600000;1.0
D0533976;1111359600000;1.0
D0524498;1111359600000;1.0
D0525400;1111359600000;1.0
D0528256;1111532400000;1.0
D0532945;1111705200000;1.0
D0537217;1111705200000;1.0
D0517256;1112047200000;1.0
D0531366;1112047200000;1.0
D0525754;1112047200000;1.0
D0516260;1112047200000;1.0
D0520204;1112133600000;1.0
D0537992;1112220000000;1.0
D0526751;1112220000000;1.0
D0528718;1112220000000;1.0
D0529670;1112220000000;1.0
D0530464;1112565600000;1.0
D0527501;1112565600000;1.0
D0529671;1112565600000;1.0
D0522197;1112911200000;1.0
D0535794;1112911200000;1.0
D0520202;1112911200000;1.0
D0520201;1112911200000;1.0
D0520695;1112911200000;1.0
D0578264;1112911200000;1.0
D0552312;1112911200000;1.0
D0516261;1112911200000;1.0
07203988;1113170400000;1.0
D0571069;1113343200000;1.0
D0545019;1113343200000;1.0
D0564164;1113343200000;1.0
D0517252;1113429600000;1.0
D0516758;1113429600000;1.0
D0531764;1113516000000;1.0
D0549911;1113516000000;1.0
D0520689;1113861600000;1.0
D0545022;1114034400000;1.0
D0526753;1114380000000;1.0
D0550913;1114380000000;1.0
D0517253;1114466400000;1.0
D0524494;1114466400000;1.0
D0514762;1114466400000;1.0
07418761;1114466400000;1.0
D0520200;1114639200000;1.0
D0524500;1114639200000;1.0
D0524000;1114639200000;1.0
D0581118;1114725600000;1.0
D0549913;1114725600000;1.0
D0566918;1114725600000;1.0
D0529669;1114725600000;1.0
D0530869;1114984800000;1.0
D0521198;1114984800000;1.0
D0537591;1114984800000;1.0
D0521195;1115071200000;1.0
D0534696;1115071200000;1.0
D0539491;1115071200000;1.0
D0536147;1115157600000;1.0
D0520193;1115157600000;1.0
D0538496;1115157600000;1.0
D0520701;1115244000000;1.0
D0520700;1115244000000;1.0
D0538497;1115244000000;1.0
D0537997;1115244000000;1.0
D0526100;1115244000000;1.0
D0526454;1115244000000;1.0
D0551820;1115244000000;1.0
D0572873;1115330400000;1.0
D0532568;1115330400000;1.0
D0538983;1115330400000;1.0
D0528253;1115330400000;1.0
D0557471;1115589600000;1.0
D0530466;1115589600000;1.0
D0536494;1115589600000;1.0
D0536493;1115589600000;1.0
D0536495;1115589600000;1.0
D0522193;1115589600000;1.0
D0536847;1115589600000;1.0
D0521702;1115589600000;1.0
D0538985;1115589600000;1.0
D0537220;1115589600000;1.0
D0548913;1115676000000;1.0
D0547017;1115676000000;1.0
D0527506;1115676000000;1.0
D0526755;1115762400000;1.0
D0536848;1115848800000;1.0
D0530465;1115935200000;1.0
D0548911;1115935200000;1.0
D0533700;1116367200000;1.0
D0532943;1116367200000;1.0
D0531771;1116799200000;1.0
D0519247;1116972000000;1.0
D0533693;1117058400000;1.0
D0546515;1117490400000;1.0
D0548418;1117490400000;1.0
D0569567;1117490400000;1.0
D0518251;1117749600000;1.0
D0519248;1117749600000;1.0
D0548901;1117749600000;1.0
D0520194;1117749600000;1.0
D0536144;1118008800000;1.0
D0519691;1118095200000;1.0
D0533321;1118095200000;1.0
D0521197;1118095200000;1.0
D0549467;1118095200000;1.0
D0519256;1118181600000;1.0
D0547514;1118181600000;1.0
07343639;1118181600000;1.0
D0519692;1118268000000;1.0
D0524493;1118268000000;1.0
D0553794;1118613600000;1.0
D0518608;1118786400000;1.0
D0518256;1118786400000;1.0
D0517255;1118786400000;1.0
D0517257;1118786400000;1.0
D0530467;1118872800000;1.0
D0548899;1118872800000;1.0
D0572869;1118959200000;1.0
D0532944;1118959200000;1.0
D0535070;1118959200000;1.0
D0559477;1119391200000;1.0
D0535782;1119391200000;1.0
D0538989;1119391200000;1.0
D0553318;1119391200000;1.0
D0554305;1119391200000;1.0
D0548976;1119477600000;1.0
D0522189;1119477600000;1.0
D0517263;1119564000000;1.0
D0517262;1119564000000;1.0
D0517258;1119564000000;1.0
D0517259;1119564000000;1.0
D0517756;1119564000000;1.0
D0532167;1119909600000;1.0
D0551402;1119909600000;1.0
D0528711;1119909600000;1.0
D0527499;1119909600000;1.0
D0527151;1119909600000;1.0
D0521694;1120168800000;1.0
D0520687;1120168800000;1.0
D0518934;1120687200000;1.0
D0562514;1120687200000;1.0
D0560864;1120773600000;1.0
D0537994;1121205600000;1.0
D0541497;1121205600000;1.0
D0582618;1121292000000;1.0
D0546010;1121292000000;1.0
D0545018;1121292000000;1.0
D0551406;1121292000000;1.0
D0551407;1121292000000;1.0
D0550414;1121292000000;1.0
D0552799;1121292000000;1.0
D0552815;1121292000000;1.0
D0552313;1121292000000;1.0
D0533977;1121378400000;1.0
D0520697;1121378400000;1.0
D0552806;1121378400000;1.0
D0542488;1121637600000;1.0
D0546519;1121637600000;1.0
D0531768;1121637600000;1.0
D0530468;1121637600000;1.0
D0532168;1121637600000;1.0
D0544156;1121724000000;1.0
D0534324;1121724000000;1.0
D0532169;1121724000000;1.0
07458127;1121983200000;1.0
D0538493;1121983200000;1.0
D0537579;1121983200000;1.0
D0537580;1121983200000;1.0
D0537581;1121983200000;1.0
D0537582;1121983200000;1.0
D0552351;1121983200000;1.0
D0546513;1122328800000;1.0
D0547554;1122328800000;1.0
D0537588;1122328800000;1.0
D0565821;1122415200000;1.0
D0530469;1122847200000;1.0
D0530470;1122847200000;1.0
D0533696;1122847200000;1.0
D0532170;1122933600000;1.0
D0522201;1122933600000;1.0
D0539996;1122933600000;1.0
D0550415;1123020000000;1.0
D0547912;1123106400000;1.0
D0539993;1123106400000;1.0
D0575916;1123192800000;1.0
D0575016;1123192800000;1.0
D0538488;1123452000000;1.0
D0538489;1123452000000;1.0
D0524001;1123452000000;1.0
D0523595;1123452000000;1.0
D0527853;1123452000000;1.0
D0539495;1123538400000;1.0
D0569063;1123624800000;1.0
D0532562;1123711200000;1.0
D0544287;1123797600000;1.0
D0536850;1123797600000;1.0
D0535071;1123797600000;1.0
D0573321;1124402400000;1.0
D0540994;1124402400000;1.0
D0549415;1124834400000;1.0
D0553317;1124834400000;1.0
D0596362;1124920800000;1.0
D0548907;1124920800000;1.0
D0549910;1124920800000;1.0
D0563614;1124920800000;1.0
D0537578;1124920800000;1.0
D0537583;1124920800000;1.0
D0565266;1124920800000;1.0
D0539493;1124920800000;1.0
D0564158;1124920800000;1.0
D0566351;1124920800000;1.0
D0541996;1124920800000;1.0
D0523198;1125439200000;1.0
D0523601;1125439200000;1.0
D0536849;1125525600000;1.0
D0537221;1125525600000;1.0
D0537587;1125525600000;1.0
D0531765;1125612000000;1.0
D0570570;1125612000000;1.0
D0531370;1125612000000;1.0
D0563069;1125612000000;1.0
D0525753;1125698400000;1.0
D0549915;1126044000000;1.0
D0520686;1126044000000;1.0
07757336;1126044000000;1.0
D0541399;1126130400000;1.0
D0555306;1126130400000;1.0
D0538487;1126216800000;1.0
D0567463;1126216800000;1.0
D0535792;1126476000000;1.0
D0520691;1126476000000;1.0
D0524551;1126476000000;1.0
D0523594;1126476000000;1.0
D0565267;1126476000000;1.0
D0574568;1126562400000;1.0
D0537585;1126648800000;1.0
D0539492;1126648800000;1.0
D0532171;1126735200000;1.0
D0535793;1126735200000;1.0
D0537215;1126735200000;1.0
D0543322;1127253600000;1.0
D0527153;1127340000000;1.0
D0581121;1127944800000;1.0
D0528722;1127944800000;1.0
D0547954;1128290400000;1.0
D0604467;1128290400000;1.0
D0544159;1128463200000;1.0
D0535074;1128549600000;1.0
D0543668;1128636000000;1.0
D0543325;1128636000000;1.0
D0545511;1128636000000;1.0
D0544660;1128636000000;1.0
D0541499;1128636000000;1.0
D0542989;1128981600000;1.0
D0533699;1128981600000;1.0
D0547014;1128981600000;1.0
D0528716;1128981600000;1.0
D0529674;1128981600000;1.0
D0529673;1128981600000;1.0
D0548904;1129068000000;1.0
D0587416;1129068000000;1.0
D0532165;1129154400000;1.0
D0542494;1129240800000;1.0
D0542992;1129240800000;1.0
D0531772;1129240800000;1.0
D0531368;1129240800000;1.0
D0530870;1129240800000;1.0
D0536851;1129240800000;1.0
D0552818;1129240800000;1.0
D0566911;1129586400000;1.0
D0543318;1129672800000;1.0
D0559480;1129845600000;1.0
D0559479;1129845600000;1.0
D0535446;1129845600000;1.0
D0534701;1130191200000;1.0
D0555309;1130191200000;1.0
D0544213;1130364000000;1.0
07540056;1130713200000;1.0
D0537576;1130713200000;1.0
D0550906;1130713200000;1.0
D0528712;1130886000000;1.0
D0529242;1130886000000;1.0
D0552314;1130972400000;1.0
D0552315;1130972400000;1.0
D0555312;1131404400000;1.0
D0574565;1131922800000;1.0
D0552813;1131922800000;1.0
D0547627;1132182000000;1.0
D0552814;1132182000000;1.0
D0536176;1132268400000;1.0
D0537586;1132527600000;1.0
D0527502;1132527600000;1.0
D0531775;1132614000000;1.0
D0531371;1132614000000;1.0
D0530474;1132614000000;1.0
D0530872;1132614000000;1.0
D0577872;1132614000000;1.0
D0579614;1132614000000;1.0
D0590558;1132614000000;1.0
D0546011;1132700400000;1.0
D0532946;1132700400000;1.0
D0600865;1132700400000;1.0
D0577871;1132700400000;1.0
D0539490;1132700400000;1.0
D0531372;1133218800000;1.0
D0530873;1133218800000;1.0
D0549409;1133218800000;1.0
D0538990;1133218800000;1.0
D0552316;1133218800000;1.0
D0540498;1133218800000;1.0
D0560323;1133305200000;1.0
D0560322;1133305200000;1.0
D0574117;1133305200000;1.0
D0529675;1133305200000;1.0
D0542991;1133391600000;1.0
D0547069;1133478000000;1.0
D0554318;1133737200000;1.0
D0532564;1133910000000;1.0
D0528713;1133996400000;1.0
D0532948;1134082800000;1.0
D0544670;1134342000000;1.0
D0569064;1134428400000;1.0
D0556966;1134514800000;1.0
D0542492;1134514800000;1.0
D0556402;1134601200000;1.0
D0530052;1134601200000;1.0
D0545010;1134946800000;1.0
D0532565;1134946800000;1.0
D0549407;1134946800000;1.0
D0556403;1135033200000;1.0
D0545008;1135119600000;1.0
D0561412;1135119600000;1.0
D0555847;1135119600000;1.0
D0558415;1135206000000;1.0
D0549413;1135206000000;1.0
D0538986;1135206000000;1.0
D0550417;1135206000000;1.0
D0552317;1135638000000;1.0
D0533694;1136329200000;1.0
D0526453;1136415600000;1.0
D0527150;1136415600000;1.0
D0534115;1136502000000;1.0
D0534475;1136502000000;1.0
D0586960;1136502000000;1.0
D0532741;1136502000000;1.0
D0549894;1136674800000;1.0
D0542985;1136761200000;1.0
D0558409;1136847600000;1.0
D0543669;1136847600000;1.0
D0539994;1136847600000;1.0
D0531767;1136934000000;1.0
D0537218;1137020400000;1.0
D0544158;1137538800000;1.0
D0548412;1137538800000;1.0
D0548905;1137538800000;1.0
D0550911;1137538800000;1.0
D0532947;1137711600000;1.0
D0578719;1137711600000;1.0
D0591020;1137711600000;1.0
D0542990;1137970800000;1.0
D0536491;1137970800000;1.0
D0533697;1138057200000;1.0
D0559483;1138143600000;1.0
D0532563;1138230000000;1.0
D0537593;1138230000000;1.0
D0537594;1138230000000;1.0
D0546512;1138575600000;1.0
D0541493;1138575600000;1.0
D0531769;1138662000000;1.0
D0538491;1138662000000;1.0
D0544659;1138748400000;1.0
D0548914;1138748400000;1.0
D0613472;1138748400000;1.0
D0553810;1138748400000;1.0
D0541494;1138748400000;1.0
D0551811;1138834800000;1.0
D0549896;1139266800000;1.0
D0549899;1139266800000;1.0
D0549898;1139266800000;1.0
D0549897;1139266800000;1.0
D0549902;1139266800000;1.0
D0558410;1139439600000;1.0
D0584466;1139439600000;1.0
D0532942;1139526000000;1.0
D0554813;1139612400000;1.0
D0542988;1139785200000;1.0
D0530460;1139958000000;1.0
D0530048;1139958000000;1.0
D0532941;1139958000000;1.0
D0611213;1140130800000;1.0
D0537255;1140476400000;1.0
07784145;1140649200000;1.0
D0548411;1140994800000;1.0
D0551816;1140994800000;1.0
D0551815;1140994800000;1.0
D0552311;1140994800000;1.0
D0554317;1140994800000;1.0
D0544656;1141081200000;1.0
D0536903;1141081200000;1.0
D0549900;1141081200000;1.0
D0602663;1141081200000;1.0
D0560047;1141599600000;1.0
D0562517;1141599600000;1.0
D0550914;1141599600000;1.0
D0552819;1141599600000;1.0
D0555856;1141599600000;1.0
D0545013;1141686000000;1.0
D0544658;1141686000000;1.0
D0549901;1141686000000;1.0
D0578720;1141686000000;1.0
D0552820;1141686000000;1.0
D0569065;1141686000000;1.0
D0544662;1141772400000;1.0
D0547505;1141772400000;1.0
D0536145;1141858800000;1.0
D0563064;1141858800000;1.0
D0576360;1141858800000;1.0
D0539995;1141858800000;1.0
D0558412;1141945200000;1.0
D0558413;1141945200000;1.0
D0546008;1141945200000;1.0
D0546009;1141945200000;1.0
D0545513;1141945200000;1.0
D0558944;1141945200000;1.0
D0544661;1141945200000;1.0
D0544664;1141945200000;1.0
D0544663;1141945200000;1.0
D0547506;1141945200000;1.0
D0547507;1141945200000;1.0
D0538498;1141945200000;1.0
D0562511;1141945200000;1.0
D0552816;1141945200000;1.0
D0546006;1142463600000;1.0
D0537595;1142550000000;1.0
D0551404;1142550000000;1.0
D0551817;1142550000000;1.0
D0576369;1142809200000;1.0
D0576370;1142809200000;1.0
D0560045;1142982000000;1.0
D0533322;1143068400000;1.0
D0536143;1143068400000;1.0
D0550416;1143068400000;1.0
D0530461;1143154800000;1.0
D0561963;1143154800000;1.0
D0534698;1143154800000;1.0
D0542487;1143410400000;1.0
D0547915;1143410400000;1.0
D0547015;1143410400000;1.0
D0537991;1143410400000;1.0
D0541491;1143410400000;1.0
D0558418;1143496800000;1.0
D0542486;1143583200000;1.0
D0542986;1143583200000;1.0
D0542987;1143583200000;1.0
D0544157;1143583200000;1.0
D0571517;1143583200000;1.0
D0552309;1143583200000;1.0
D0540499;1143583200000;1.0
D0556410;1143669600000;1.0
D0541492;1143669600000;1.0
D0555304;1143669600000;1.0
D0554306;1143669600000;1.0
D0530463;1144015200000;1.0
D0553820;1144101600000;1.0
D0564230;1144274400000;1.0
D0542493;1144360800000;1.0
D0575468;1144360800000;1.0
D0588319;1144360800000;1.0
D0580118;1144360800000;1.0
D0562509;1144620000000;1.0
D0558941;1145224800000;1.0
D0573763;1145224800000;1.0
D0573764;1145311200000;1.0
D0547737;1145311200000;1.0
D0547911;1145570400000;1.0
D0571965;1145829600000;1.0
D0548416;1146434400000;1.0
D0544160;1146780000000;1.0
D0542485;1147039200000;1.0
D0542489;1147039200000;1.0
D0548410;1147039200000;1.0
D0548900;1147039200000;1.0
D0547913;1147039200000;1.0
D0547914;1147039200000;1.0
D0549895;1147039200000;1.0
D0556409;1147212000000;1.0
D0555858;1147212000000;1.0
D0565822;1147384800000;1.0
D0555303;1147903200000;1.0
D0553309;1147989600000;1.0
D0543667;1148248800000;1.0
D0564166;1148248800000;1.0
D0567458;1148248800000;1.0
D0543671;1148335200000;1.0
D0543672;1148335200000;1.0
D0538991;1148335200000;1.0
D0555853;1148335200000;1.0
D0547068;1148940000000;1.0
D0560865;1148940000000;1.0
D0551819;1148940000000;1.0
D0556407;1149026400000;1.0
D0543323;1149112800000;1.0
D0536843;1149112800000;1.0
D0536842;1149112800000;1.0
D0536846;1149112800000;1.0
D0536845;1149112800000;1.0
D0536844;1149112800000;1.0
D0536146;1149112800000;1.0
D0538492;1149112800000;1.0
D0558938;1149458400000;1.0
D0547916;1149544800000;1.0
D0532570;1149544800000;1.0
D0550410;1149544800000;1.0
D0550412;1149544800000;1.0
D0553310;1149631200000;1.0
D0546007;1149717600000;1.0
07627924;1150149600000;1.0
D0570062;1150236000000;1.0
D0544666;1150236000000;1.0
D0575011;1150236000000;1.0
D0550418;1150322400000;1.0
D0551405;1150668000000;1.0
D0557469;1150927200000;1.0
D0557470;1150927200000;1.0
D0556962;1150927200000;1.0
D0556398;1150927200000;1.0
D0555849;1150927200000;1.0
D0555305;1150927200000;1.0
D0555307;1150927200000;1.0
D0556399;1151013600000;1.0
D0548902;1151013600000;1.0
D0548903;1151013600000;1.0
D0537577;1151013600000;1.0
D0569062;1151272800000;1.0
D0549408;1151445600000;1.0
D0550910;1151445600000;1.0
D0550908;1151445600000;1.0
D0550909;1151445600000;1.0
D0545518;1151532000000;1.0
D0561959;1151532000000;1.0
D0558070;1151618400000;1.0
D0545014;1151618400000;1.0
D0545016;1151618400000;1.0
D0545015;1151618400000;1.0
D0545017;1151618400000;1.0
D0547016;1151618400000;1.0
D0562667;1151877600000;1.0
D0537993;1151877600000;1.0
D0538048;1152050400000;1.0
D0543315;1152136800000;1.0
D0537637;1152136800000;1.0
D0543319;1152223200000;1.0
D0595912;1152223200000;1.0
D0546516;1152223200000;1.0
D0547018;1152223200000;1.0
D0580117;1152223200000;1.0
D0544310;1152655200000;1.0
D0590559;1152655200000;1.0
07325270;1152655200000;1.0
D0561413;1152741600000;1.0
D0549904;1152828000000;1.0
D0549903;1152828000000;1.0
D0542490;1153087200000;1.0
D0572872;1153087200000;1.0
D0550907;1153087200000;1.0
D0552807;1153087200000;1.0
D0568021;1153087200000;1.0
D0543670;1153173600000;1.0
D0556963;1153260000000;1.0
D0556400;1153260000000;1.0
D0537592;1153260000000;1.0
D0551401;1153260000000;1.0
D0566359;1153260000000;1.0
D0555850;1153260000000;1.0
D0586970;1153432800000;1.0
D0569564;1153692000000;1.0
D0577168;1153778400000;1.0
D0570559;1153864800000;1.0
D0551818;1153864800000;1.0
D0559482;1153951200000;1.0
D0551813;1154037600000;1.0
D0551812;1154037600000;1.0
D0551814;1154037600000;1.0
D0543320;1154383200000;1.0
D0543321;1154383200000;1.0
D0556394;1154383200000;1.0
D0571964;1154383200000;1.0
D0549893;1154383200000;1.0
D0549404;1154383200000;1.0
D0554307;1154383200000;1.0
D0541998;1154469600000;1.0
D0572420;1154642400000;1.0
D0552827;1154901600000;1.0
D0558942;1154988000000;1.0
D0550413;1154988000000;1.0
D0556964;1155247200000;1.0
D0545512;1155679200000;1.0
D0548910;1155765600000;1.0
D0548909;1155765600000;1.0
D0542491;1155852000000;1.0
D0542035;1155852000000;1.0
D0549905;1155852000000;1.0
D0571967;1156111200000;1.0
D0565819;1156111200000;1.0
D0539992;1156197600000;1.0
D0545517;1156370400000;1.0
D0553813;1156370400000;1.0
D0553312;1156370400000;1.0
D0555308;1156370400000;1.0
D0572421;1156456800000;1.0
D0568567;1156456800000;1.0
D0584868;1156716000000;1.0
D0584867;1156716000000;1.0
D0609871;1156716000000;1.0
D0546518;1156802400000;1.0
D0544165;1156802400000;1.0
D0563613;1156802400000;1.0
D0562515;1156802400000;1.0
D0593720;1156802400000;1.0
D0556968;1156888800000;1.0
D0551412;1156888800000;1.0
D0560868;1156975200000;1.0
D0554814;1156975200000;1.0
D0568008;1156975200000;1.0
D0591920;1157061600000;1.0
D0545020;1157407200000;1.0
D0566361;1157407200000;1.0
D0582120;1157493600000;1.0
D0567460;1157580000000;1.0
D0587868;1157666400000;1.0
07555802;1157666400000;1.0
D0552810;1157666400000;1.0
D0552310;1157666400000;1.0
D0549405;1157925600000;1.0
D0553812;1158012000000;1.0
D0553811;1158012000000;1.0
D0553311;1158012000000;1.0
D0552811;1158012000000;1.0
D0554308;1158012000000;1.0
D0558943;1158098400000;1.0
D0573765;1158098400000;1.0
D0559478;1158184800000;1.0
D0545009;1158184800000;1.0
D0544657;1158184800000;1.0
D0565818;1158184800000;1.0
D0540497;1158184800000;1.0
D0556960;1158271200000;1.0
D0559484;1158271200000;1.0
D0559485;1158271200000;1.0
D0565812;1158271200000;1.0
D0565811;1158271200000;1.0
D0564153;1158271200000;1.0
D0564150;1158271200000;1.0
D0564152;1158271200000;1.0
D0564151;1158271200000;1.0
D0564149;1158271200000;1.0
D0564148;1158271200000;1.0
D0555846;1158616800000;1.0
D0595964;1158703200000;1.0
D0561419;1158703200000;1.0
D0577167;1158703200000;1.0
D0556967;1158789600000;1.0
D0563618;1158789600000;1.0
D0581114;1158876000000;1.0
D0599968;1158876000000;1.0
D0585170;1158876000000;1.0
D0558940;1158876000000;1.0
D0573319;1158876000000;1.0
D0566913;1158876000000;1.0
D0569066;1158876000000;1.0
D0568010;1158876000000;1.0
D0547509;1159135200000;1.0
D0563068;1159135200000;1.0
D0565271;1159308000000;1.0
D0578260;1159308000000;1.0
D0569568;1159308000000;1.0
D0561958;1159480800000;1.0
D0597272;1159740000000;1.0
D0550409;1159912800000;1.0
D0553814;1159912800000;1.0
D0553313;1159912800000;1.0
D0553314;1159912800000;1.0
D0597714;1159999200000;1.0
D0588314;1159999200000;1.0
D0582111;1160085600000;1.0
D0565814;1160085600000;1.0
D0578259;1160085600000;1.0
D0564156;1160085600000;1.0
D0566352;1160085600000;1.0
D0561414;1160172000000;1.0
D0546517;1160344800000;1.0
D0549412;1160431200000;1.0
D0549411;1160431200000;1.0
D0550912;1160431200000;1.0
D0558414;1160604000000;1.0
D0556965;1160604000000;1.0
D0546013;1160690400000;1.0
D0551413;1161036000000;1.0
D0550915;1161036000000;1.0
D0550916;1161036000000;1.0
D0561418;1161208800000;1.0
D0558411;1161554400000;1.0
D0544669;1161554400000;1.0
D0586519;1161554400000;1.0
D0550411;1161554400000;1.0
D0573760;1161640800000;1.0
D0599066;1161900000000;1.0
D0551408;1161900000000;1.0
D0564154;1161900000000;1.0
D0556961;1162249200000;1.0
D0556408;1162249200000;1.0
D0557465;1162335600000;1.0
D0557466;1162335600000;1.0
D0596814;1162422000000;1.0
D0571969;1162422000000;1.0
D0561415;1162422000000;1.0
D0551411;1162422000000;1.0
D0556401;1162854000000;1.0
D0547950;1162854000000;1.0
D0568012;1162854000000;1.0
D0568011;1162854000000;1.0
D0563063;1162940400000;1.0
D0556396;1163026800000;1.0
D0574567;1163026800000;1.0
D0557467;1163372400000;1.0
D0556956;1163372400000;1.0
D0556957;1163372400000;1.0
D0570560;1163372400000;1.0
D0562510;1163372400000;1.0
D0562507;1163372400000;1.0
D0557468;1163458800000;1.0
D0562508;1163458800000;1.0
D0560869;1163545200000;1.0
D0555310;1163545200000;1.0
D0557472;1163718000000;1.0
D0575018;1163718000000;1.0
D0549410;1163718000000;1.0
D0579615;1163718000000;1.0
D0566917;1163718000000;1.0
D0568009;1163718000000;1.0
D0568019;1163977200000;1.0
D0558416;1164322800000;1.0
D0565813;1164668400000;1.0
D0551403;1164668400000;1.0
D0581119;1164841200000;1.0
D0577873;1165186800000;1.0
D0566912;1165359600000;1.0
D0553817;1165532400000;1.0
D0546514;1165791600000;1.0
D0574566;1165791600000;1.0
D0553818;1165878000000;1.0
D0555311;1165878000000;1.0
D0556958;1165964400000;1.0
D0566347;1166050800000;1.0
D0555313;1166050800000;1.0
D0547011;1166137200000;1.0
D0549406;1166137200000;1.0
D0554315;1166137200000;1.0
D0564167;1166482800000;1.0
D0568561;1166569200000;1.0
D0616619;1166655600000;1.0
D0569054;1166655600000;1.0
D0556395;1166742000000;1.0
D0548393;1167174000000;1.0
D0586054;1167260400000;1.0
D0549892;1167260400000;1.0
D0563065;1167260400000;1.0
D0562512;1167260400000;1.0
D0581608;1167778800000;1.0
D0596817;1167865200000;1.0
D0552809;1167865200000;1.0
D0568556;1167951600000;1.0
D0559492;1168210800000;1.0
D0587872;1168210800000;1.0
D0554820;1168210800000;1.0
D0556405;1168297200000;1.0
D0556406;1168470000000;1.0
D0560046;1168470000000;1.0
D0569058;1168470000000;1.0
D0549912;1168556400000;1.0
D0552808;1168556400000;1.0
D0566362;1168556400000;1.0
D0574561;1168988400000;1.0
D0583116;1169074800000;1.0
D0583117;1169074800000;1.0
D0558417;1169074800000;1.0
D0582114;1169074800000;1.0
D0582115;1169074800000;1.0
D0556404;1169074800000;1.0
D0559481;1169074800000;1.0
D0559488;1169074800000;1.0
D0558946;1169074800000;1.0
D0577163;1169074800000;1.0
D0590111;1169074800000;1.0
D0565261;1169074800000;1.0
D0555852;1169074800000;1.0
D0555851;1169074800000;1.0
D0594607;1169161200000;1.0
D0559487;1169420400000;1.0
D0565264;1169593200000;1.0
D0555302;1169593200000;1.0
D0622466;1170025200000;1.0
D0602658;1170025200000;1.0
D0555848;1170025200000;1.0
D0546012;1170111600000;1.0
D0626303;1170111600000;1.0
D0581110;1170198000000;1.0
D0563061;1170198000000;1.0
D0559491;1170284400000;1.0
D0554312;1170284400000;1.0
D0554311;1170284400000;1.0
D0554310;1170284400000;1.0
D0554816;1170284400000;1.0
D0601316;1170370800000;1.0
D0592369;1170457200000;1.0
D0580603;1170716400000;1.0
D0565815;1170802800000;1.0
D0565262;1170802800000;1.0
D0592371;1170802800000;1.0
D0566353;1170802800000;1.0
D0566914;1170802800000;1.0
D0570061;1170889200000;1.0
D0569060;1171321200000;1.0
D0569059;1171321200000;1.0
D0548912;1171926000000;1.0
D0599065;1172185200000;1.0
D0566919;1172185200000;1.0
D0576365;1172444400000;1.0
D0565263;1172444400000;1.0
D0573759;1172530800000;1.0
D0564159;1172530800000;1.0
D0566915;1172530800000;1.0
D0554818;1172530800000;1.0
D0568563;1172530800000;1.0
D0575467;1172617200000;1.0
D0566355;1172617200000;1.0
D0566354;1172617200000;1.0
D0570561;1172790000000;1.0
D0563066;1172790000000;1.0
D0567459;1172790000000;1.0
D0580115;1172790000000;1.0
D0554314;1172790000000;1.0
D0621113;1173222000000;1.0
D0581116;1173222000000;1.0
D0581117;1173222000000;1.0
D0586056;1173222000000;1.0
D0563620;1173308400000;1.0
D0563619;1173308400000;1.0
D0563070;1173308400000;1.0
D0562519;1173308400000;1.0
D0597271;1173394800000;1.0
D0574116;1173394800000;1.0
D0551409;1173394800000;1.0
D0566357;1173394800000;1.0
D0566358;1173394800000;1.0
D0566356;1173394800000;1.0
D0591919;1173394800000;1.0
D0580608;1173394800000;1.0
D0580116;1173394800000;1.0
D0553319;1173654000000;1.0
D0558419;1173913200000;1.0
D0549416;1173913200000;1.0
D0556959;1174258800000;1.0
D0561960;1174345200000;1.0
D0560319;1174345200000;1.0
D0560318;1174345200000;1.0
D0560320;1174345200000;1.0
D0594615;1174345200000;1.0
D0555315;1174345200000;1.0
D0593267;1174345200000;1.0
D0575914;1174518000000;1.0
D0577169;1174518000000;1.0
D0569061;1174518000000;1.0
D0579160;1174604400000;1.0
D0561416;1174946400000;1.0
D0555857;1174946400000;1.0
D0617064;1175032800000;1.0
D0565269;1175032800000;1.0
D0565820;1175205600000;1.0
D0555860;1175724000000;1.0
D0555859;1175724000000;1.0
D0594616;1175724000000;1.0
D0569067;1175724000000;1.0
D0559489;1175810400000;1.0
D0570058;1175810400000;1.0
D0586962;1175810400000;1.0
D0590114;1175810400000;1.0
D0571068;1176069600000;1.0
D0560321;1176069600000;1.0
D0563616;1176069600000;1.0
D0592367;1176242400000;1.0
D0573863;1176328800000;1.0
D0563612;1176328800000;1.0
D0564147;1176328800000;1.0
D0564146;1176328800000;1.0
D0579611;1176415200000;1.0
D0558939;1177020000000;1.0
D0601766;1177020000000;1.0
D0565817;1177020000000;1.0
D0604466;1177020000000;1.0
D0564143;1177020000000;1.0
D0564142;1177020000000;1.0
D0564141;1177020000000;1.0
D0566916;1177020000000;1.0
D0608960;1177020000000;1.0
D0561957;1177279200000;1.0
D0564720;1177279200000;1.0
D0568555;1177279200000;1.0
D0584017;1177452000000;1.0
D0579612;1177538400000;1.0
D0564165;1177538400000;1.0
D0590560;1177624800000;1.0
D0622920;1178056800000;1.0
D0581613;1178056800000;1.0
D0574563;1178143200000;1.0
D0602664;1178143200000;1.0
D0590117;1178143200000;1.0
D0592819;1178143200000;1.0
D0596813;1178229600000;1.0
D0572874;1178229600000;1.0
D0561964;1178229600000;1.0
D0560048;1178488800000;1.0
D0613017;1178488800000;1.0
D0562518;1178488800000;1.0
D0569068;1178488800000;1.0
D0554819;1178488800000;1.0
D0561956;1178575200000;1.0
D0560863;1178575200000;1.0
D0556397;1178748000000;1.0
D0565816;1178748000000;1.0
D0566349;1178748000000;1.0
D0573320;1178834400000;1.0
D0587414;1178834400000;1.0
D0571513;1178834400000;1.0
D0588761;1178834400000;1.0
D0588316;1178834400000;1.0
D0602661;1178834400000;1.0
D0617511;1178834400000;1.0
D0592817;1178834400000;1.0
D0591467;1178834400000;1.0
D0591015;1178834400000;1.0
D0568013;1178834400000;1.0
D0568565;1178834400000;1.0
D0568564;1178834400000;1.0
D0568562;1178834400000;1.0
D0584869;1179093600000;1.0
D0584465;1179093600000;1.0
D0614373;1179093600000;1.0
D0590115;1179093600000;1.0
D0569563;1179093600000;1.0
D0561417;1179352800000;1.0
D0568557;1179439200000;1.0
D0584866;1179957600000;1.0
D0575915;1180044000000;1.0
D0573761;1180389600000;1.0
D0589663;1180562400000;1.0
D0569055;1180562400000;1.0
D0570562;1180908000000;1.0
D0570564;1180908000000;1.0
D0570565;1180908000000;1.0
D0570568;1180908000000;1.0
D0565260;1180908000000;1.0
D0578261;1180908000000;1.0
D0584464;1181080800000;1.0
D0570060;1181080800000;1.0
D0553816;1181080800000;1.0
D0575463;1181253600000;1.0
D0583115;1181512800000;1.0
D0581115;1181512800000;1.0
D0571512;1181599200000;1.0
D0575014;1181685600000;1.0
D0571067;1181772000000;1.0
D0572871;1181772000000;1.0
D0575917;1181858400000;1.0
D0560867;1181858400000;1.0
D0560866;1181858400000;1.0
D0577166;1181858400000;1.0
D0571514;1182204000000;1.0
D0588317;1182204000000;1.0
D0577165;1182204000000;1.0
D0565265;1182204000000;1.0
D0566350;1182290400000;1.0
D0573921;1182376800000;1.0
D0588315;1182376800000;1.0
D0562506;1182376800000;1.0
D0629987;1182376800000;1.0
D0575911;1182463200000;1.0
D0628351;1182463200000;1.0
D0564162;1182636000000;1.0
D0576773;1182808800000;1.0
D0562513;1182895200000;1.0
D0571066;1183068000000;1.0
D0571065;1183068000000;1.0
D0570566;1183068000000;1.0
D0591921;1183068000000;1.0
D0586057;1183327200000;1.0
D0579164;1183413600000;1.0
D0584870;1183586400000;1.0
D0568566;1183586400000;1.0
D0562516;1183672800000;1.0
D0613473;1183845600000;1.0
D0571064;1183932000000;1.0
D0573762;1183932000000;1.0
D0613010;1183932000000;1.0
D0564719;1183932000000;1.0
D0564155;1183932000000;1.0
D0563062;1184018400000;1.0
D0565809;1184018400000;1.0
D0619773;1184191200000;1.0
D0564160;1184536800000;1.0
D0564163;1184709600000;1.0
D0611211;1184796000000;1.0
D0590557;1184882400000;1.0
D0578717;1184882400000;1.0
D0567462;1184882400000;1.0
D0567461;1184882400000;1.0
D0580605;1184882400000;1.0
D0568020;1184882400000;1.0
D0571063;1185141600000;1.0
D0594163;1185141600000;1.0
D0581609;1185228000000;1.0
D0585608;1185228000000;1.0
D0611210;1185228000000;1.0
D0574564;1185400800000;1.0
D0563617;1185400800000;1.0
D0576366;1185400800000;1.0
D0576771;1185746400000;1.0
D0601317;1185746400000;1.0
D0576363;1185746400000;1.0
D0568016;1185746400000;1.0
D0568015;1185746400000;1.0
D0570563;1185832800000;1.0
D0570567;1185832800000;1.0
D0570569;1185832800000;1.0
D0564145;1185919200000;1.0
D0564144;1185919200000;1.0
D0574668;1186005600000;1.0
D0563611;1186005600000;1.0
D0578262;1186092000000;1.0
D0586058;1186351200000;1.0
D0590552;1186351200000;1.0
07490383;1186437600000;1.0
D0584459;1186610400000;1.0
D0587865;1186610400000;1.0
D0586958;1186610400000;1.0
D0571509;1186610400000;1.0
D0571511;1186610400000;1.0
D0571510;1186610400000;1.0
D0612559;1186696800000;1.0
D0587418;1186696800000;1.0
D0568007;1186696800000;1.0
D0568559;1186696800000;1.0
D0568558;1186696800000;1.0
D0568560;1186696800000;1.0
D0565810;1187042400000;1.0
D0579159;1187042400000;1.0
D0578715;1187042400000;1.0
D0576703;1187128800000;1.0
D0579616;1187128800000;1.0
D0584871;1187215200000;1.0
D0587864;1187301600000;1.0
D0586059;1187301600000;1.0
D0571963;1187301600000;1.0
D0603568;1187301600000;1.0
D0569057;1187301600000;1.0
D0584021;1187388000000;1.0
D0581615;1187647200000;1.0
D0582619;1188165600000;1.0
D0566348;1188165600000;1.0
D0566910;1188165600000;1.0
D0579163;1188252000000;1.0
D0580610;1188252000000;1.0
D0579162;1188338400000;1.0
D0611664;1188424800000;1.0
D0575013;1188511200000;1.0
D0584462;1188856800000;1.0
D0569056;1188856800000;1.0
D0583118;1188943200000;1.0
D0587866;1188943200000;1.0
D0575912;1188943200000;1.0
D0575019;1188943200000;1.0
D0613921;1188943200000;1.0
D0575015;1189029600000;1.0
D0579613;1189548000000;1.0
D0622017;1189720800000;1.0
D0602660;1189980000000;1.0
D0581106;1190066400000;1.0
D0571062;1190066400000;1.0
D0568014;1190152800000;1.0
D0575516;1190239200000;1.0
D0580607;1190239200000;1.0
D0581618;1190325600000;1.0
D0585612;1190325600000;1.0
D0575017;1190325600000;1.0
D0604470;1190325600000;1.0
D0582617;1190671200000;1.0
D0582113;1190671200000;1.0
D0582112;1190671200000;1.0
D0581610;1190671200000;1.0
D0581611;1190671200000;1.0
D0581607;1190671200000;1.0
D0575466;1190671200000;1.0
D0575465;1190671200000;1.0
D0590554;1190671200000;1.0
D0590553;1190671200000;1.0
D0574562;1190844000000;1.0
D0578716;1190844000000;1.0
D0577164;1191276000000;1.0
D0586964;1191448800000;1.0
D0577474;1191448800000;1.0
D0609992;1191967200000;1.0
D0581111;1192140000000;1.0
D0579610;1192140000000;1.0
D0581108;1192399200000;1.0
D0595913;1192485600000;1.0
D0581616;1192485600000;1.0
D0584463;1192485600000;1.0
D0577473;1192485600000;1.0
D0604919;1192485600000;1.0
D0578263;1192485600000;1.0
D0586680;1192658400000;1.0
D0588313;1193176800000;1.0
D0581612;1193263200000;1.0
D0607169;1193263200000;1.0
D0591466;1193263200000;1.0
D0613015;1193612400000;1.0
D0576772;1193958000000;1.0
D0584460;1194217200000;1.0
D0584461;1194217200000;1.0
D0593263;1194303600000;1.0
D0593718;1194303600000;1.0
07849551;1194390000000;1.0
D0588312;1194476400000;1.0
D0592815;1194476400000;1.0
D0591915;1194476400000;1.0
D0583114;1194908400000;1.0
D0577472;1194908400000;1.0
D0570059;1194994800000;1.0
D0593264;1194994800000;1.0
D0589664;1195081200000;1.0
D0581619;1195513200000;1.0
D0584019;1195599600000;1.0
D0617517;1195599600000;1.0
D0591468;1195599600000;1.0
D0581113;1196031600000;1.0
D0572418;1196031600000;1.0
D0571516;1196031600000;1.0
D0606718;1196031600000;1.0
D0569566;1196031600000;1.0
D0569565;1196031600000;1.0
D0596818;1196118000000;1.0
D0615715;1196377200000;1.0
D0570063;1196636400000;1.0
D0612114;1196722800000;1.0
D0619317;1196722800000;1.0
D0585611;1196809200000;1.0
D0585616;1196809200000;1.0
D0585610;1196809200000;1.0
D0612706;1196809200000;1.0
D0586967;1196809200000;1.0
D0586965;1196809200000;1.0
D0586968;1196809200000;1.0
D0586963;1196809200000;1.0
D0586961;1196809200000;1.0
D0586055;1196809200000;1.0
D0581109;1196895600000;1.0
D0611667;1196895600000;1.0
D0592816;1196895600000;1.0
D0576367;1197241200000;1.0
D0591465;1197241200000;1.0
D0614375;1197500400000;1.0
D0588766;1197500400000;1.0
D0590555;1197500400000;1.0
D0579161;1197500400000;1.0
D0571515;1197586800000;1.0
D0580611;1197586800000;1.0
D0580114;1197586800000;1.0
D0585166;1197846000000;1.0
D0577869;1197932400000;1.0
D0581621;1198018800000;1.0
D0580606;1198018800000;1.0
D0609869;1198105200000;1.0
D0572422;1198191600000;1.0
D0593269;1198191600000;1.0
D0579165;1198623600000;1.0
D0582109;1198710000000;1.0
D0584022;1198710000000;1.0
D0608964;1198710000000;1.0
D0584015;1199228400000;1.0
D0600866;1199228400000;1.0
D0580609;1199314800000;1.0
D0609421;1199833200000;1.0
D0613918;1200006000000;1.0
D0589220;1200265200000;1.0
D0575913;1200351600000;1.0
D0576361;1200351600000;1.0
D0597715;1200524400000;1.0
D0596815;1200610800000;1.0
D0582110;1200610800000;1.0
D0581112;1200610800000;1.0
D0593266;1200610800000;1.0
D0577162;1200870000000;1.0
D0589442;1200956400000;1.0
D0589661;1200956400000;1.0
D0577470;1200956400000;1.0
D0596816;1201129200000;1.0
D0572870;1201129200000;1.0
D0572419;1201129200000;1.0
D0571966;1201129200000;1.0
D0577471;1201129200000;1.0
D0577469;1201129200000;1.0
D0576362;1201129200000;1.0
D0605371;1201129200000;1.0
D0586512;1201474800000;1.0
D0588318;1201474800000;1.0
D0592370;1201474800000;1.0
D0599516;1201561200000;1.0
D0585168;1201561200000;1.0
D0585169;1201561200000;1.0
D0600870;1201561200000;1.0
D0576364;1201561200000;1.0
D0624264;1201647600000;1.0
D0616537;1201647600000;1.0
D0587871;1201734000000;1.0
D0624263;1201820400000;1.0
D0619316;1201820400000;1.0
D0574115;1202079600000;1.0
D0581620;1202166000000;1.0
D0590112;1202166000000;1.0
D0577161;1202252400000;1.0
D0587417;1202425200000;1.0
D0575464;1202425200000;1.0
D0575012;1202425200000;1.0
D0598618;1202770800000;1.0
D0598619;1202770800000;1.0
D0598620;1202770800000;1.0
D0595017;1202770800000;1.0
D0610759;1203030000000;1.0
D0589662;1203030000000;1.0
D0620215;1203030000000;1.0
D0611665;1203289200000;1.0
D0593270;1203375600000;1.0
D0589667;1203548400000;1.0
D0588768;1203634800000;1.0
D0586966;1203980400000;1.0
D0588767;1204066800000;1.0
D0578718;1204066800000;1.0
D0582108;1204585200000;1.0
D0577870;1204585200000;1.0
D0581107;1204671600000;1.0
D0622921;1204844400000;1.0
D0585617;1204844400000;1.0
D0587419;1204844400000;1.0
D0575918;1204844400000;1.0
D0602662;1204844400000;1.0
D0590562;1204844400000;1.0
D0605820;1205103600000;1.0
D0597267;1205190000000;1.0
D0597268;1205190000000;1.0
D0598615;1205190000000;1.0
D0598617;1205190000000;1.0
D0598170;1205190000000;1.0
D0598169;1205190000000;1.0
D0594612;1205190000000;1.0
D0588763;1205276400000;1.0
D0588765;1205276400000;1.0
D0588764;1205276400000;1.0
D0590113;1205362800000;1.0
D0599067;1205449200000;1.0
D0585167;1205449200000;1.0
D0587413;1205449200000;1.0
D0588759;1205449200000;1.0
D0593268;1205449200000;1.0
D0592818;1205708400000;1.0
D0610319;1205881200000;1.0
D0600411;1205967600000;1.0
D0585164;1206399600000;1.0
D0588769;1206486000000;1.0
D0586969;1206658800000;1.0
D0583521;1206914400000;1.0
D0586515;1206914400000;1.0
D0580113;1206914400000;1.0
D0581614;1207000800000;1.0
D0584018;1207087200000;1.0
D0587873;1207173600000;1.0
D0607621;1207173600000;1.0
D0591916;1207173600000;1.0
D0583119;1207260000000;1.0
D0581120;1207260000000;1.0
D0599514;1207260000000;1.0
D0595466;1207260000000;1.0
D0580119;1207519200000;1.0
D0599521;1207778400000;1.0
D0589222;1207864800000;1.0
D0629984;1207864800000;1.0
D0599063;1208124000000;1.0
D0624719;1208124000000;1.0
D0612556;1208124000000;1.0
D0589223;1208124000000;1.0
D0613011;1208124000000;1.0
D0601314;1208124000000;1.0
D0608512;1208124000000;1.0
D0589215;1208210400000;1.0
D0581617;1208296800000;1.0
D0584016;1208296800000;1.0
D0582620;1208383200000;1.0
D0580604;1208728800000;1.0
D0599513;1208901600000;1.0
D0587415;1208901600000;1.0
D0600869;1208901600000;1.0
D0602217;1208901600000;1.0
D0602216;1208901600000;1.0
D0594609;1208901600000;1.0
D0594608;1208901600000;1.0
D0586516;1208988000000;1.0
D0586517;1208988000000;1.0
D0586518;1208988000000;1.0
D0601768;1208988000000;1.0
D0594166;1209074400000;1.0
D0594165;1209074400000;1.0
D0586053;1209333600000;1.0
D0601315;1209333600000;1.0
D0582104;1209506400000;1.0
D0582105;1209506400000;1.0
D0581606;1209506400000;1.0
D0580612;1209592800000;1.0
D0586513;1209679200000;1.0
D0600868;1209679200000;1.0
D0603117;1209679200000;1.0
D0585609;1209938400000;1.0
D0599510;1210024800000;1.0
D0620662;1210024800000;1.0
D0590116;1210111200000;1.0
D0591017;1210111200000;1.0
D0586959;1210284000000;1.0
D0625058;1210370400000;1.0
D0582106;1210629600000;1.0
D0594614;1210629600000;1.0
D0594613;1210629600000;1.0
D0594610;1210716000000;1.0
D0582107;1210802400000;1.0
D0585165;1210802400000;1.0
D0584865;1210802400000;1.0
D0607163;1210802400000;1.0
D0624261;1210888800000;1.0
D0586060;1210888800000;1.0
D0586514;1210888800000;1.0
D0616621;1211234400000;1.0
D0596361;1211407200000;1.0
D0596360;1211407200000;1.0
D0614370;1211407200000;1.0
D0600419;1211407200000;1.0
D0600418;1211407200000;1.0
D0588762;1211407200000;1.0
D0591016;1211407200000;1.0
D0620659;1211407200000;1.0
D0597717;1211493600000;1.0
D0587867;1211493600000;1.0
D0614368;1211839200000;1.0
D0613470;1211839200000;1.0
D0595020;1211839200000;1.0
D0612557;1212012000000;1.0
D0614824;1212012000000;1.0
D0588770;1212012000000;1.0
D0618874;1212098400000;1.0
D0600421;1212357600000;1.0
D0590561;1212357600000;1.0
D0596358;1212444000000;1.0
D0588771;1212444000000;1.0
D0591469;1212444000000;1.0
D0589668;1212530400000;1.0
D0586061;1212616800000;1.0
D0595019;1212616800000;1.0
D0599072;1212703200000;1.0
D0599515;1212962400000;1.0
D0583519;1212962400000;1.0
D0589219;1212962400000;1.0
D0594611;1212962400000;1.0
D0594162;1212962400000;1.0
D0611652;1213048800000;1.0
D0613008;1213048800000;1.0
D0597716;1213135200000;1.0
D0599064;1213308000000;1.0
D0598173;1213308000000;1.0
D0598172;1213308000000;1.0
D0617063;1213308000000;1.0
D0610320;1213567200000;1.0
D0589221;1213567200000;1.0
D0590556;1213567200000;1.0
D0610753;1213740000000;1.0
D0594164;1213740000000;1.0
D0587869;1213826400000;1.0
D0599519;1214172000000;1.0
D0589666;1214258400000;1.0
D0601767;1214258400000;1.0
D0606716;1214344800000;1.0
D0582116;1214863200000;1.0
D0597713;1214949600000;1.0
D0594617;1215122400000;1.0
D0621116;1215468000000;1.0
D0610763;1215468000000;1.0
D0590118;1215554400000;1.0
D0591018;1215554400000;1.0
D0589665;1215727200000;1.0
D0603570;1215727200000;1.0
D0617516;1215986400000;1.0
D0613471;1216072800000;1.0
D0629983;1216072800000;1.0
D0594618;1216072800000;1.0
D0595911;1216159200000;1.0
D0629988;1216591200000;1.0
D0629989;1216591200000;1.0
D0584020;1216677600000;1.0
D0616163;1216936800000;1.0
D0595464;1216936800000;1.0
D0608062;1216936800000;1.0
D0597711;1217196000000;1.0
D0599512;1217196000000;1.0
D0599511;1217196000000;1.0
D0587870;1217196000000;1.0
D0604468;1217196000000;1.0
D0607620;1217196000000;1.0
D0592368;1217196000000;1.0
D0592365;1217196000000;1.0
D0596408;1217282400000;1.0
D0588758;1217541600000;1.0
D0598616;1218060000000;1.0
D0597751;1218146400000;1.0
D0592593;1218146400000;1.0
D0595509;1218578400000;1.0
D0585614;1218578400000;1.0
D0585613;1218578400000;1.0
D0585615;1218578400000;1.0
D0603569;1218578400000;1.0
D0589218;1218664800000;1.0
D0598171;1219183200000;1.0
D0600415;1219183200000;1.0
D0589217;1219356000000;1.0
D0589216;1219356000000;1.0
D0588757;1219356000000;1.0
D0617066;1219356000000;1.0
D0617068;1219356000000;1.0
D0602218;1219356000000;1.0
D0618414;1219356000000;1.0
D0592364;1219356000000;1.0
D0591917;1219356000000;1.0
D0591918;1219356000000;1.0
D0595465;1219356000000;1.0
D0613920;1219615200000;1.0
D0595021;1219615200000;1.0
D0595908;1219701600000;1.0
D0606268;1219788000000;1.0
D0593262;1219788000000;1.0
D0592366;1219960800000;1.0
D0612117;1220392800000;1.0
D0615716;1220392800000;1.0
D0605819;1220392800000;1.0
D0606715;1220565600000;1.0
D0591019;1220824800000;1.0
D0614821;1220911200000;1.0
D0602665;1220997600000;1.0
D0618403;1220997600000;1.0
D0612115;1221429600000;1.0
D0612116;1221429600000;1.0
D0598168;1221516000000;1.0
D0588760;1221516000000;1.0
D0605370;1221688800000;1.0
D0593717;1221688800000;1.0
D0615259;1222034400000;1.0
D0625521;1222120800000;1.0
D0595909;1222207200000;1.0
D0591014;1222207200000;1.0
D0599967;1222380000000;1.0
D0613912;1222380000000;1.0
D0602666;1222380000000;1.0
D0603116;1222380000000;1.0
D0620651;1222725600000;1.0
D0617065;1222812000000;1.0
D0601320;1222812000000;1.0
D0601319;1222812000000;1.0
D0601318;1222812000000;1.0
D0604918;1222812000000;1.0
D0590110;1222984800000;1.0
D0618405;1223330400000;1.0
D0618404;1223330400000;1.0
D0620648;1223416800000;1.0
D0608064;1223416800000;1.0
D0600416;1223503200000;1.0
D0604471;1223589600000;1.0
D0606720;1223589600000;1.0
D0591464;1223848800000;1.0
D0621114;1224021600000;1.0
D0599071;1224021600000;1.0
D0615266;1224021600000;1.0
D0610762;1224108000000;1.0
D0615717;1224108000000;1.0
D0613012;1224453600000;1.0
D0622016;1224626400000;1.0
D0612990;1224626400000;1.0
D0600871;1224626400000;1.0
D0602659;1224712800000;1.0
D0603114;1224712800000;1.0
D0600512;1225062000000;1.0
D0619312;1225148400000;1.0
D0599068;1225321200000;1.0
D0604464;1225321200000;1.0
D0607164;1225407600000;1.0
D0595462;1225839600000;1.0
D0609867;1226012400000;1.0
D0607622;1226271600000;1.0
D0597719;1226530800000;1.0
D0597718;1226530800000;1.0
D0597269;1226530800000;1.0
D0597270;1226530800000;1.0
D0603115;1226530800000;1.0
D0610760;1226617200000;1.0
D0614822;1226617200000;1.0
D0615267;1226617200000;1.0
D0608965;1226617200000;1.0
D0595461;1226876400000;1.0
D0595914;1226962800000;1.0
D0595018;1226962800000;1.0
D0595463;1226962800000;1.0
D0602220;1227135600000;1.0
D0613013;1227222000000;1.0
D0616161;1227481200000;1.0
D0609916;1227481200000;1.0
D0593719;1227567600000;1.0
D0595910;1228086000000;1.0
D0599969;1228086000000;1.0
D0593265;1228172400000;1.0
D0590563;1228258800000;1.0
D0600417;1228345200000;1.0
D0604465;1228345200000;1.0
D0595460;1228690800000;1.0
D0599520;1229036400000;1.0
D0629492;1229295600000;1.0
D0629491;1229295600000;1.0
D0610764;1229382000000;1.0
D0598614;1229382000000;1.0
D0611208;1229382000000;1.0
D0617513;1229554800000;1.0
D0618406;1229641200000;1.0
D0617510;1229641200000;1.0
D0596359;1229900400000;1.0
D0602219;1229986800000;1.0
D0615257;1230505200000;1.0
D0599073;1230591600000;1.0
D0599508;1231282800000;1.0
D0599601;1231369200000;1.0
D0611215;1231369200000;1.0
D0619318;1231369200000;1.0
D0600810;1231801200000;1.0
D0607170;1231801200000;1.0
D0599518;1232060400000;1.0
D0599517;1232060400000;1.0
D0600420;1232406000000;1.0
D0613014;1232492400000;1.0
D0613469;1232665200000;1.0
D0601769;1232665200000;1.0
D0629577;1232924400000;1.0
D0618869;1232924400000;1.0
D0600867;1233097200000;1.0
D0610318;1233270000000;1.0
D0610317;1233270000000;1.0
D0610758;1233270000000;1.0
D0610757;1233270000000;1.0
D0612558;1233270000000;1.0
D0611206;1233270000000;1.0
D0611207;1233270000000;1.0
D0611666;1233270000000;1.0
D0617961;1233270000000;1.0
D0620653;1233270000000;1.0
D0597712;1233874800000;1.0
D0599509;1233874800000;1.0
D0628352;1233874800000;1.0
D0628756;1233874800000;1.0
D0615260;1233874800000;1.0
D0619315;1233874800000;1.0
D0618873;1233874800000;1.0
D0618410;1233874800000;1.0
D0618408;1233874800000;1.0
D0617962;1233874800000;1.0
D0617963;1233874800000;1.0
D0603571;1233874800000;1.0
D0607168;1233874800000;1.0
D0607166;1233874800000;1.0
D0607167;1233874800000;1.0
D0607165;1233874800000;1.0
D0620216;1233874800000;1.0
D0617964;1234134000000;1.0
D0607162;1234134000000;1.0
D0607161;1234134000000;1.0
D0599069;1234220400000;1.0
D0612119;1234220400000;1.0
D0604920;1234220400000;1.0
D0600025;1234306800000;1.0
D0615261;1234393200000;1.0
D0622458;1234911600000;1.0
D0622459;1234911600000;1.0
D0609870;1235343600000;1.0
D0609420;1235343600000;1.0
D0615262;1235430000000;1.0
D0616167;1235516400000;1.0
D0609413;1235516400000;1.0
D0607624;1236207600000;1.0
D0624260;1236726000000;1.0
D0607160;1236726000000;1.0
D0609868;1236726000000;1.0
D0614823;1236898800000;1.0
D0622460;1237330800000;1.0
D0622461;1237330800000;1.0
D0625482;1237330800000;1.0
D0609416;1237330800000;1.0
D0609415;1237330800000;1.0
D0609414;1237330800000;1.0
D0622462;1237417200000;1.0
D0621108;1237417200000;1.0
D0621109;1237417200000;1.0
D0609417;1237417200000;1.0
D0606269;1237503600000;1.0
D0609866;1237503600000;1.0
D0609419;1237503600000;1.0
D0609418;1237503600000;1.0
D0608513;1237503600000;1.0
D0608514;1237935600000;1.0
D0614369;1238108400000;1.0
D0611668;1238364000000;1.0
D0609917;1238364000000;1.0
D0620654;1238364000000;1.0
D0604469;1238536800000;1.0
D0617515;1238709600000;1.0
D0620208;1239228000000;1.0
D0626302;1239746400000;1.0
D0611212;1239746400000;1.0
D0607623;1239746400000;1.0
D0599070;1239832800000;1.0
D0617965;1239832800000;1.0
D0626711;1239919200000;1.0
D0610765;1240351200000;1.0
D0624266;1240524000000;1.0
D0611214;1240524000000;1.0
D0609921;1240524000000;1.0
D0609920;1240524000000;1.0
D0609919;1240524000000;1.0
D0609918;1240524000000;1.0
D0623809;1240869600000;1.0
D0602657;1240956000000;1.0
D0602214;1240956000000;1.0
D0608511;1240956000000;1.0
D0608063;1240956000000;1.0
D0622465;1241042400000;1.0
D0615719;1241042400000;1.0
D0621566;1241388000000;1.0
D0624716;1241474400000;1.0
D0613922;1241560800000;1.0
D0619770;1241560800000;1.0
D0617518;1241647200000;1.0
D0608068;1241647200000;1.0
D0611209;1242079200000;1.0
D0608066;1242338400000;1.0
D0614366;1242770400000;1.0
D0613916;1242770400000;1.0
D0627528;1242770400000;1.0
D0615720;1242770400000;1.0
D0607619;1242770400000;1.0
D0606267;1242770400000;1.0
D0621110;1242943200000;1.0
D0621567;1243375200000;1.0
D0608067;1243375200000;1.0
07752701;1243461600000;1.0
D0624255;1243548000000;1.0
D0629168;1243548000000;1.0
D0613467;1243548000000;1.0
D0613466;1243548000000;1.0
D0616162;1243548000000;1.0
D0612120;1243893600000;1.0
D0619772;1243893600000;1.0
D0608515;1243893600000;1.0
D0623369;1244066400000;1.0
D0614372;1244066400000;1.0
D0614371;1244066400000;1.0
D0621564;1244152800000;1.0
D0624717;1244152800000;1.0
D0629981;1244152800000;1.0
D0618870;1244152800000;1.0
D0623798;1244584800000;1.0
D0626709;1244584800000;1.0
D0604916;1244671200000;1.0
D0611669;1245016800000;1.0
D0617966;1245016800000;1.0
D0610761;1245362400000;1.0
D0622919;1245621600000;1.0
D0624265;1245708000000;1.0
D0608963;1245794400000;1.0
D0608962;1245794400000;1.0
D0608961;1245794400000;1.0
D0616620;1245967200000;1.0
D0608065;1245967200000;1.0
D0612118;1246226400000;1.0
D0620649;1246312800000;1.0
D0627121;1246485600000;1.0
D0606270;1246572000000;1.0
D0623371;1247004000000;1.0
D0620210;1247090400000;1.0
D0620209;1247436000000;1.0
D0622914;1247522400000;1.0
D0622915;1247522400000;1.0
D0627118;1247781600000;1.0
D0619774;1248040800000;1.0
D0606717;1248213600000;1.0
D0621565;1248386400000;1.0
D0618302;1248386400000;1.0
D0613919;1248645600000;1.0
D0605821;1248645600000;1.0
D0624262;1248732000000;1.0
D0629575;1248818400000;1.0
D0628755;1248904800000;1.0
D0622018;1248991200000;1.0
D0617067;1248991200000;1.0
D0613917;1249250400000;1.0
D0616168;1249423200000;1.0
D0613009;1249596000000;1.0
D0628349;1249855200000;1.0
D0618871;1249855200000;1.0
D0617512;1249855200000;1.0
D0616164;1249941600000;1.0
D0616165;1249941600000;1.0
D0616166;1249941600000;1.0
D0617967;1249941600000;1.0
D0610321;1250200800000;1.0
D0615264;1250460000000;1.0
D0618864;1250460000000;1.0
D0618863;1250460000000;1.0
D0609341;1250546400000;1.0
D0614367;1250719200000;1.0
D0629982;1250719200000;1.0
D0624718;1250805600000;1.0
D0622457;1251064800000;1.0
D0614374;1251064800000;1.0
D0613468;1251151200000;1.0
D0619769;1251151200000;1.0
D0606719;1251410400000;1.0
D0624258;1251669600000;1.0
D0615718;1251756000000;1.0
D0618409;1251756000000;1.0
D0622922;1252447200000;1.0
D0623367;1253052000000;1.0
D0617069;1253224800000;1.0
D0620663;1253570400000;1.0
D0626708;1253743200000;1.0
D0618411;1253743200000;1.0
D0620652;1253743200000;1.0
D0624256;1253829600000;1.0
D0623811;1253829600000;1.0
D0623810;1253829600000;1.0
D0626710;1253829600000;1.0
D0625061;1253829600000;1.0
D0627116;1253829600000;1.0
D0615258;1253829600000;1.0
D0618413;1254348000000;1.0
D0618412;1254348000000;1.0
D0617514;1254520800000;1.0
D0623372;1254607200000;1.0
D0620217;1254693600000;1.0
D0620655;1254693600000;1.0
D0618981;1255298400000;1.0
D0622467;1255557600000;1.0
D0622469;1255557600000;1.0
D0624259;1255557600000;1.0
D0613016;1255557600000;1.0
D0615265;1255557600000;1.0
D0627119;1255644000000;1.0
D0620661;1255644000000;1.0
D0620660;1255644000000;1.0
D0619319;1255903200000;1.0
D0628757;1256162400000;1.0
D0615263;1256162400000;1.0
D0618867;1256162400000;1.0
D0623812;1256511600000;1.0
D0618868;1256598000000;1.0
D0624720;1256684400000;1.0
D0622463;1257116400000;1.0
D0624257;1257116400000;1.0
D0619311;1257116400000;1.0
D0620658;1257116400000;1.0
D0620657;1257289200000;1.0
D0627942;1257462000000;1.0
D0619313;1257462000000;1.0
D0619771;1257462000000;1.0
D0618872;1257462000000;1.0
D0618865;1257462000000;1.0
D0620211;1257462000000;1.0
D0629980;1257807600000;1.0
D0625064;1258066800000;1.0
D0623373;1258326000000;1.0
D0623813;1258326000000;1.0
D0622464;1258671600000;1.0
D0623368;1258671600000;1.0
D0620214;1259103600000;1.0
D0623814;1259881200000;1.0
D0624721;1260140400000;1.0
D0627117;1260140400000;1.0
D0618407;1260140400000;1.0
D0621107;1260831600000;1.0
D0621115;1261004400000;1.0
D0627941;1261004400000;1.0
D0625891;1261090800000;1.0
D0621112;1261522800000;1.0
D0627532;1261522800000;1.0
D0621563;1262127600000;1.0
D0619314;1262127600000;1.0
D0620213;1262127600000;1.0
D0620212;1262127600000;1.0
D0620656;1262127600000;1.0
D0622918;1262214000000;1.0
D0617960;1262646000000;1.0
D0625062;1262732400000;1.0
D0625060;1262732400000;1.0
D0625059;1262732400000;1.0
D0625477;1262732400000;1.0
D0625892;1262818800000;1.0
D0629985;1262818800000;1.0
D0620882;1263250800000;1.0
D0618866;1263337200000;1.0
D0620650;1263337200000;1.0
D0629576;1264028400000;1.0
D0629578;1264546800000;1.0
D0625063;1264633200000;1.0
D0625108;1264633200000;1.0
D0622916;1264719600000;1.0
D0626299;1264719600000;1.0
D0625889;1264719600000;1.0
D0625476;1264719600000;1.0
D0622468;1265065200000;1.0
D0625890;1265065200000;1.0
D0622456;1265238000000;1.0
D0626300;1265238000000;1.0
D0625475;1265238000000;1.0
D0629167;1265670000000;1.0
D0623816;1265842800000;1.0
D0627940;1265842800000;1.0
D0621111;1265929200000;1.0
D0629170;1265929200000;1.0
D0623815;1267138800000;1.0
D0627120;1267138800000;1.0
D0623366;1267570800000;1.0
D0623363;1267570800000;1.0
D0623365;1267570800000;1.0
D0623364;1267570800000;1.0
D0624254;1267657200000;1.0
D0624253;1267657200000;1.0
D0629979;1267743600000;1.0
D0622917;1268089200000;1.0
D0626301;1268089200000;1.0
D0625480;1268089200000;1.0
D0625481;1268089200000;1.0
D0622019;1268262000000;1.0
D0627530;1268262000000;1.0
D0627531;1268262000000;1.0
D0627529;1268348400000;1.0
D0627115;1268607600000;1.0
D0627114;1268607600000;1.0
D0627938;1268780400000;1.0
D0627937;1268780400000;1.0
D0627939;1269385200000;1.0
D0623370;1270072800000;1.0
D0625478;1271368800000;1.0
D0625479;1271368800000;1.0
D0629986;1271973600000;1.0
D0629990;1272319200000;1.0
D0627943;1273096800000;1.0
D0629171;1273528800000;1.0
D0627718;1275861600000;1.0
D0629169;1276725600000;1.0
D0628350;1278453600000;1.0
D0628961;1279749600000;1.0
D0629991;1283810400000;1.0
D0629574;1285106400000;1.0
